[name]
unknown

[dist]
# distance from previous block
# <min> <max>
3	7

[block]
# block no. 0 follows, 28 sequences, length 10
# corresponding to MSA columns:
# 7-16
name=unknown_A
#
# <colnr> <probs for GDERKNQSTAVLIFYWHMCP>
#	G	D	E	R	K	N	Q	S	T	A	V	L	I	F	Y	W	H	M	C	P
0	0.05737	0.04185	0.18269	0.01538	0.02230	0.06833	0.03900	0.06470	0.05135	0.12669	0.01615	0.01710	0.01187	0.00700	0.00640	0.00186	0.00789	0.00550	0.00496	0.25160
1	0.56788	0.01670	0.01709	0.01396	0.01891	0.07776	0.11726	0.02296	0.01424	0.05899	0.01178	0.01376	0.00896	0.00681	0.00547	0.00225	0.00739	0.00491	0.00449	0.00843
2	0.01355	0.00678	0.00678	0.00678	0.00847	0.00678	0.00508	0.01694	0.01524	0.02710	0.02371	0.02710	0.01863	0.00847	0.00508	0.00169	0.00339	0.00678	0.78489	0.00678
3	0.55845	0.08080	0.01516	0.01144	0.01613	0.07193	0.00948	0.08241	0.04990	0.03120	0.01188	0.01320	0.00926	0.00710	0.00507	0.00216	0.00661	0.00445	0.00472	0.00864
4	0.01355	0.00678	0.00678	0.00678	0.00847	0.00678	0.00508	0.01694	0.01524	0.02710	0.02371	0.02710	0.01863	0.00847	0.00508	0.00169	0.00339	0.00678	0.78489	0.00678
5	0.01643	0.01616	0.02932	0.12594	0.39588	0.01625	0.16325	0.02111	0.01686	0.02356	0.08726	0.02244	0.01732	0.00741	0.00766	0.00227	0.00901	0.00765	0.00404	0.01019
6	0.01971	0.01820	0.13727	0.01708	0.02066	0.01719	0.01577	0.02285	0.01464	0.19741	0.01646	0.04673	0.01326	0.01087	0.01534	0.00270	0.36183	0.00692	0.00486	0.04026
7	0.01723	0.03298	0.56973	0.02027	0.03009	0.01612	0.06527	0.02475	0.01622	0.11719	0.01531	0.01691	0.01054	0.00715	0.00707	0.00230	0.01021	0.00584	0.00393	0.01091
8	0.02201	0.11625	0.02172	0.01656	0.06140	0.01821	0.01298	0.10142	0.09353	0.20344	0.02265	0.02306	0.06250	0.01007	0.01093	0.00240	0.17747	0.00715	0.00593	0.01031
9	0.01528	0.08371	0.50697	0.01833	0.02692	0.07013	0.02199	0.02207	0.01646	0.02307	0.10999	0.02047	0.01770	0.00804	0.00696	0.00221	0.00967	0.00632	0.00383	0.00991

[dist]
# distance from previous block
# <min> <max>
0	1

[block]
# block no. 1 follows, 28 sequences, length 22
# corresponding to MSA columns:
# 18-39
name=unknown_B
#
# <colnr> <probs for GDERKNQSTAVLIFYWHMCP>
#	G	D	E	R	K	N	Q	S	T	A	V	L	I	F	Y	W	H	M	C	P
0	0.11543	0.00919	0.01080	0.01047	0.01285	0.00896	0.00771	0.01837	0.04936	0.15998	0.07290	0.33842	0.08091	0.05873	0.00970	0.00286	0.00496	0.01379	0.00688	0.00773
1	0.01957	0.01597	0.01900	0.08654	0.13029	0.05698	0.01378	0.10997	0.25195	0.08820	0.04631	0.06232	0.04717	0.00989	0.00746	0.00234	0.00710	0.00837	0.00627	0.01053
2	0.32346	0.01745	0.01541	0.01311	0.01758	0.08646	0.01050	0.23432	0.07193	0.03375	0.01921	0.06060	0.04942	0.00926	0.00632	0.00226	0.00696	0.00677	0.00580	0.00945
3	0.40404	0.01318	0.01282	0.01092	0.01494	0.01434	0.00865	0.10549	0.01634	0.14922	0.01676	0.02115	0.01360	0.12423	0.04369	0.00343	0.00690	0.00608	0.00560	0.00864
4	0.01584	0.02294	0.29062	0.02289	0.16648	0.01450	0.06217	0.04615	0.01754	0.06442	0.10501	0.02764	0.09365	0.00921	0.00751	0.00229	0.00835	0.00803	0.00474	0.01001
5	0.01344	0.15014	0.01330	0.00835	0.01021	0.01113	0.00622	0.01521	0.01320	0.01973	0.02075	0.03268	0.02010	0.31579	0.01835	0.00391	0.00576	0.00780	0.30767	0.00628
6	0.00886	0.00633	0.00843	0.01012	0.01054	0.00590	0.00675	0.01012	0.01392	0.01856	0.04006	0.73979	0.04808	0.02277	0.00928	0.00295	0.00422	0.02066	0.00675	0.00590
7	0.01106	0.00918	0.01380	0.24765	0.02408	0.01048	0.01171	0.01352	0.01364	0.01815	0.02722	0.38124	0.03029	0.06096	0.04854	0.00349	0.04934	0.01386	0.00509	0.00668
8	0.16066	0.05074	0.12973	0.01839	0.11164	0.01743	0.01484	0.20290	0.02012	0.03108	0.01367	0.01543	0.01048	0.00699	0.00620	0.00196	0.00755	0.00530	0.00482	0.17005
9	0.01282	0.01283	0.06433	0.01452	0.01737	0.05164	0.09531	0.01618	0.01343	0.01896	0.01849	0.02644	0.01658	0.07391	0.43430	0.00812	0.01546	0.00759	0.07447	0.00724
10	0.00883	0.00721	0.00784	0.00827	0.01027	0.00622	0.00613	0.01064	0.01604	0.01954	0.06479	0.20606	0.52680	0.01939	0.00882	0.00261	0.00397	0.05371	0.00675	0.00612
11	0.02142	0.35222	0.09905	0.01631	0.02199	0.27580	0.04854	0.02444	0.01709	0.01864	0.01154	0.01353	0.00975	0.00683	0.00580	0.00180	0.01009	0.00467	0.03142	0.00908
12	0.01086	0.00896	0.01234	0.05244	0.11128	0.00868	0.00957	0.01384	0.03990	0.02127	0.12163	0.32573	0.20155	0.01713	0.00855	0.00259	0.00497	0.01522	0.00629	0.00719
13	0.01759	0.30899	0.26664	0.01537	0.02318	0.02066	0.01690	0.07324	0.01656	0.02264	0.01223	0.01403	0.00979	0.00651	0.00579	0.00178	0.00840	0.00469	0.00364	0.15139
14	0.28351	0.01521	0.01817	0.05557	0.17908	0.01642	0.01316	0.12554	0.05296	0.10525	0.01608	0.01763	0.01200	0.00753	0.00620	0.00220	0.00685	0.00583	0.05075	0.01006
15	0.00950	0.00740	0.00862	0.00831	0.01037	0.00652	0.00623	0.01218	0.01870	0.02470	0.40484	0.06161	0.36188	0.01652	0.00858	0.00236	0.00355	0.01417	0.00742	0.00652
16	0.01448	0.01307	0.01940	0.45280	0.03751	0.01593	0.01692	0.02249	0.16467	0.02131	0.01863	0.02582	0.01516	0.01135	0.04386	0.00299	0.03844	0.05206	0.00444	0.00866
17	0.24135	0.01093	0.01224	0.01041	0.01422	0.01082	0.00834	0.02332	0.01805	0.25582	0.24358	0.03095	0.03188	0.01027	0.00682	0.00223	0.00497	0.00825	0.04657	0.00899
18	0.00948	0.00668	0.00827	0.00918	0.00965	0.00635	0.00591	0.01048	0.01332	0.01771	0.07110	0.43559	0.07992	0.26054	0.01836	0.00424	0.00508	0.01662	0.00604	0.00547
19	0.02715	0.03464	0.02060	0.01873	0.02247	0.71536	0.01404	0.02903	0.02060	0.01779	0.01124	0.01311	0.00936	0.00749	0.00655	0.00187	0.01311	0.00468	0.00375	0.00843
20	0.01890	0.03190	0.48037	0.01940	0.02851	0.01875	0.02255	0.23858	0.02157	0.03056	0.01450	0.01604	0.01025	0.00751	0.00703	0.00226	0.00984	0.00576	0.00446	0.01128
21	0.01641	0.11028	0.02777	0.02138	0.07579	0.04957	0.23751	0.02352	0.14738	0.02267	0.02213	0.17129	0.02076	0.01047	0.00779	0.00239	0.00848	0.01011	0.00498	0.00932

[dist]
# distance from previous block
# <min> <max>
0	1

[block]
# block no. 2 follows, 28 sequences, length 18
# corresponding to MSA columns:
# 41-58
name=unknown_C
#
# <colnr> <probs for GDERKNQSTAVLIFYWHMCP>
#	G	D	E	R	K	N	Q	S	T	A	V	L	I	F	Y	W	H	M	C	P
0	0.01582	0.10644	0.09411	0.06706	0.01970	0.10981	0.01223	0.07420	0.04026	0.02422	0.18966	0.03560	0.15972	0.01136	0.00739	0.00218	0.00708	0.00921	0.00558	0.00837
1	0.01515	0.01300	0.01642	0.04307	0.01865	0.01246	0.02900	0.05757	0.06284	0.02494	0.10607	0.06101	0.02117	0.00907	0.00863	0.00185	0.09174	0.00723	0.00512	0.39499
2	0.49321	0.02258	0.12458	0.01346	0.01879	0.17774	0.01234	0.02340	0.01475	0.02765	0.01085	0.01268	0.00843	0.00694	0.00536	0.00217	0.00817	0.00434	0.00410	0.00846
3	0.02495	0.07325	0.04821	0.01607	0.02169	0.02155	0.01367	0.53330	0.05878	0.04047	0.01868	0.06247	0.01467	0.00940	0.00720	0.00220	0.00775	0.00726	0.00678	0.01164
4	0.26920	0.01160	0.01215	0.01021	0.01433	0.01182	0.00828	0.05265	0.01706	0.26383	0.02085	0.02102	0.01473	0.00812	0.00576	0.00208	0.00526	0.00605	0.23572	0.00930
5	0.11642	0.01627	0.02441	0.28357	0.28139	0.04543	0.05713	0.04976	0.01626	0.02371	0.01307	0.01758	0.01031	0.00692	0.00694	0.00227	0.00900	0.00620	0.00375	0.00962
6	0.12072	0.01374	0.01638	0.06758	0.14858	0.04240	0.01230	0.05967	0.14167	0.02534	0.02792	0.18223	0.08807	0.01212	0.00745	0.00244	0.00645	0.01037	0.00563	0.00895
7	0.00994	0.00790	0.00899	0.00874	0.01090	0.00724	0.00654	0.01367	0.06432	0.02411	0.31647	0.09712	0.36438	0.01664	0.00854	0.00242	0.00375	0.01426	0.00729	0.00678
8	0.01011	0.00698	0.00794	0.00817	0.00850	0.00679	0.00485	0.01049	0.01170	0.01533	0.03094	0.14578	0.10414	0.56374	0.03000	0.00597	0.00628	0.01250	0.00499	0.00481
9	0.01690	0.01616	0.02753	0.21947	0.53288	0.01698	0.02177	0.02135	0.01603	0.02242	0.01348	0.01835	0.01105	0.00668	0.00721	0.00223	0.00891	0.00647	0.00350	0.01063
10	0.01861	0.01492	0.01902	0.10595	0.06342	0.01450	0.03208	0.16194	0.06697	0.05773	0.04367	0.01930	0.01450	0.00729	0.00659	0.00179	0.00687	0.00608	0.00532	0.33348
11	0.01038	0.00779	0.01168	0.01168	0.01298	0.00909	0.00909	0.01298	0.01168	0.01687	0.01947	0.02856	0.01817	0.05452	0.71573	0.01168	0.01947	0.00779	0.00389	0.00649
12	0.09098	0.30280	0.17651	0.01568	0.02224	0.14822	0.01565	0.10872	0.01827	0.02367	0.01191	0.01350	0.00957	0.00697	0.00582	0.00192	0.00922	0.00471	0.00389	0.00974
13	0.01940	0.28565	0.25314	0.01813	0.02556	0.11944	0.08096	0.07797	0.01763	0.02213	0.01228	0.01432	0.00971	0.00682	0.00626	0.00198	0.00994	0.00516	0.00359	0.00996
14	0.01373	0.01292	0.02180	0.72707	0.05006	0.01615	0.02019	0.01857	0.01453	0.01857	0.01292	0.01938	0.00969	0.00727	0.00727	0.00242	0.00969	0.00646	0.00323	0.00807
15	0.00886	0.00633	0.00843	0.01012	0.01054	0.00590	0.00675	0.01012	0.01392	0.01856	0.04006	0.73979	0.04808	0.02277	0.00928	0.00295	0.00422	0.02066	0.00675	0.00590
16	0.02375	0.17893	0.02424	0.04006	0.02178	0.07042	0.01323	0.39171	0.06544	0.03429	0.01720	0.05574	0.01392	0.00887	0.00677	0.00209	0.00802	0.00670	0.00596	0.01088
17	0.05153	0.18113	0.32368	0.01628	0.02410	0.05953	0.01804	0.07980	0.01709	0.02384	0.01514	0.01675	0.03878	0.00726	0.00623	0.00197	0.00886	0.00536	0.00385	0.10078

[dist]
# distance from previous block
# <min> <max>
6	11

[block]
# block no. 3 follows, 28 sequences, length 6
# corresponding to MSA columns:
# 77-82
name=unknown_D
#
# <colnr> <probs for GDERKNQSTAVLIFYWHMCP>
#	G	D	E	R	K	N	Q	S	T	A	V	L	I	F	Y	W	H	M	C	P
0	0.13136	0.29397	0.02368	0.01241	0.01735	0.05162	0.01088	0.11518	0.01916	0.10405	0.13329	0.02153	0.02092	0.00854	0.00608	0.00196	0.00680	0.00632	0.00546	0.00943
1	0.01792	0.52683	0.24690	0.01502	0.02265	0.02505	0.01694	0.02216	0.01495	0.01895	0.01102	0.01281	0.00929	0.00643	0.00536	0.00179	0.00870	0.00435	0.00310	0.00977
2	0.01867	0.04573	0.01676	0.01300	0.01724	0.07536	0.01044	0.06714	0.11512	0.08091	0.02022	0.02140	0.04245	0.00856	0.00824	0.00192	0.08907	0.00630	0.10489	0.23658
3	0.01502	0.03500	0.62038	0.02377	0.11672	0.01693	0.02628	0.02293	0.01550	0.02311	0.01313	0.01568	0.00950	0.00685	0.00694	0.00228	0.01047	0.00551	0.00314	0.01084
4	0.00886	0.00633	0.00843	0.01012	0.01054	0.00590	0.00675	0.01012	0.01392	0.01856	0.04006	0.73979	0.04808	0.02277	0.00928	0.00295	0.00422	0.02066	0.00675	0.00590
5	0.00929	0.00696	0.00870	0.00975	0.01098	0.00637	0.00710	0.01116	0.01554	0.02014	0.10261	0.41915	0.21960	0.02061	0.00914	0.00282	0.00434	0.10275	0.00684	0.00615

[dist]
# distance from previous block
# <min> <max>
0	11

[block]
# block no. 4 follows, 28 sequences, length 7
# corresponding to MSA columns:
# 94-100
name=unknown_E
#
# <colnr> <probs for GDERKNQSTAVLIFYWHMCP>
#	G	D	E	R	K	N	Q	S	T	A	V	L	I	F	Y	W	H	M	C	P
0	0.05798	0.01529	0.01859	0.01524	0.01882	0.01749	0.01250	0.21252	0.06603	0.17659	0.06751	0.02227	0.01768	0.01262	0.04834	0.00298	0.19376	0.00720	0.00635	0.01026
1	0.02455	0.02286	0.02343	0.01881	0.02325	0.18474	0.07116	0.35141	0.02547	0.03231	0.01436	0.01635	0.01105	0.00891	0.01013	0.00231	0.13678	0.00625	0.00541	0.01044
2	0.00910	0.00668	0.00811	0.00912	0.00992	0.00616	0.00606	0.01027	0.01392	0.01801	0.04449	0.46908	0.18809	0.14909	0.01401	0.00356	0.00460	0.01770	0.00633	0.00569
3	0.01235	0.01069	0.01191	0.01180	0.01300	0.05795	0.00862	0.03642	0.04230	0.01973	0.05998	0.32518	0.10673	0.10079	0.05057	0.00369	0.10181	0.01401	0.00576	0.00672
4	0.01123	0.00756	0.00931	0.00913	0.01109	0.00674	0.00674	0.01367	0.01798	0.07680	0.31935	0.20487	0.24411	0.01715	0.00863	0.00248	0.00389	0.01496	0.00744	0.00687
5	0.00921	0.00739	0.00822	0.00801	0.01020	0.00640	0.00601	0.01163	0.01803	0.02311	0.30053	0.06424	0.46719	0.01711	0.00858	0.00239	0.00359	0.01454	0.00721	0.00640
6	0.41387	0.02306	0.01572	0.01394	0.01825	0.30388	0.01092	0.08098	0.01763	0.02767	0.01121	0.01283	0.00887	0.00722	0.00558	0.00209	0.00890	0.00447	0.00443	0.00849

[dist]
# distance from previous block
# <min> <max>
1	4

[block]
# block no. 5 follows, 28 sequences, length 61
# corresponding to MSA columns:
# 105-165
name=unknown_F
#
# <colnr> <probs for GDERKNQSTAVLIFYWHMCP>
#	G	D	E	R	K	N	Q	S	T	A	V	L	I	F	Y	W	H	M	C	P
0	0.05109	0.07801	0.13080	0.25453	0.05375	0.01785	0.01705	0.04248	0.21377	0.02437	0.01791	0.02014	0.01354	0.00791	0.00686	0.00230	0.00813	0.00649	0.02322	0.00980
1	0.05604	0.01633	0.07720	0.01519	0.01997	0.01530	0.05480	0.25437	0.02203	0.12271	0.02086	0.08926	0.01724	0.01752	0.12868	0.00390	0.00955	0.00813	0.04093	0.00998
2	0.01566	0.01214	0.01435	0.01098	0.01608	0.01019	0.00872	0.08026	0.01858	0.05322	0.19652	0.02616	0.02666	0.00837	0.00649	0.00155	0.00514	0.00700	0.00576	0.47615
3	0.03975	0.01403	0.01547	0.01672	0.10236	0.08836	0.01108	0.09993	0.06697	0.08802	0.02959	0.31112	0.05759	0.01443	0.00798	0.00250	0.00652	0.01252	0.00628	0.00876
4	0.01929	0.05019	0.10752	0.08537	0.29468	0.01879	0.04874	0.13072	0.01874	0.05596	0.01428	0.01758	0.01120	0.00772	0.00893	0.00230	0.08655	0.00637	0.00429	0.01078
5	0.01051	0.00740	0.00957	0.00960	0.01121	0.00681	0.00718	0.01333	0.01856	0.04256	0.43660	0.19664	0.11999	0.01706	0.00880	0.00252	0.00393	0.06346	0.00755	0.00672
6	0.01870	0.08842	0.02850	0.11201	0.48881	0.09645	0.02021	0.02261	0.01662	0.02189	0.01298	0.01699	0.01087	0.00665	0.00689	0.00210	0.00917	0.00603	0.00353	0.01059
7	0.00875	0.00693	0.00788	0.00858	0.01015	0.00606	0.00608	0.01039	0.01556	0.01945	0.07727	0.35253	0.40439	0.02015	0.00888	0.00266	0.00390	0.01753	0.00678	0.00606
8	0.01044	0.00758	0.01061	0.01061	0.01154	0.00851	0.00775	0.01229	0.01137	0.01608	0.02045	0.03397	0.02052	0.25098	0.52248	0.01036	0.01593	0.00858	0.00404	0.00590
9	0.02267	0.01217	0.01594	0.01508	0.08129	0.01148	0.01090	0.09198	0.04414	0.32483	0.12098	0.03681	0.12745	0.01147	0.00778	0.00233	0.00587	0.03881	0.00767	0.01033
10	0.02592	0.15205	0.02362	0.01749	0.02184	0.53521	0.01376	0.08933	0.02092	0.02034	0.01164	0.01328	0.00964	0.00740	0.00631	0.00185	0.01173	0.00473	0.00398	0.00895
11	0.01704	0.12948	0.02626	0.42348	0.08558	0.04865	0.06295	0.08260	0.01702	0.02159	0.01302	0.01765	0.01009	0.00712	0.00692	0.00223	0.00948	0.00614	0.00367	0.00905
12	0.01625	0.05318	0.37776	0.01803	0.02651	0.08183	0.06151	0.02221	0.01587	0.02253	0.01284	0.01520	0.00979	0.00645	0.00647	0.00189	0.00943	0.00516	0.00353	0.23355
13	0.01994	0.25438	0.11495	0.01719	0.02222	0.13826	0.04446	0.08153	0.05387	0.02162	0.01249	0.01494	0.01042	0.00825	0.00969	0.00218	0.15488	0.00539	0.00386	0.00949
14	0.00944	0.00681	0.00819	0.00890	0.00964	0.00637	0.00583	0.01059	0.01386	0.01819	0.09065	0.36019	0.15494	0.24205	0.01758	0.00407	0.00493	0.01609	0.00613	0.00556
15	0.02021	0.67953	0.03654	0.01285	0.01903	0.02817	0.01257	0.08397	0.01662	0.01984	0.01081	0.01221	0.00962	0.00646	0.00491	0.00161	0.00780	0.00414	0.00351	0.00962
16	0.01041	0.00698	0.00798	0.00814	0.00818	0.00694	0.00463	0.01053	0.01089	0.01452	0.02454	0.11349	0.02849	0.67581	0.03436	0.00666	0.00678	0.01153	0.00463	0.00455
17	0.04308	0.02247	0.15508	0.01683	0.02317	0.02007	0.01567	0.43299	0.09895	0.03816	0.01867	0.04906	0.01422	0.00904	0.00723	0.00227	0.00807	0.00703	0.00636	0.01156
18	0.02207	0.34689	0.02749	0.01461	0.01984	0.15532	0.01261	0.09723	0.16106	0.05344	0.01607	0.01642	0.01278	0.00763	0.00600	0.00191	0.00831	0.00539	0.00485	0.01008
19	0.00925	0.00724	0.00838	0.00840	0.01030	0.00637	0.00618	0.01159	0.01767	0.02298	0.29712	0.15754	0.37560	0.01772	0.00868	0.00246	0.00366	0.01528	0.00721	0.00637
20	0.04974	0.11645	0.27417	0.08292	0.02725	0.07257	0.04924	0.06459	0.01603	0.02232	0.01255	0.01593	0.00996	0.00992	0.04034	0.00272	0.11459	0.00565	0.00356	0.00950
21	0.01975	0.41015	0.09647	0.01361	0.01945	0.05196	0.01316	0.02514	0.10194	0.09486	0.07385	0.01915	0.01699	0.00785	0.00594	0.00190	0.00750	0.00579	0.00474	0.00983
22	0.01406	0.01130	0.01441	0.01467	0.06829	0.01186	0.03184	0.05012	0.20522	0.02587	0.18103	0.13508	0.03606	0.10623	0.01177	0.00306	0.00570	0.03879	0.02622	0.00842
23	0.01596	0.02058	0.18625	0.02091	0.13803	0.04416	0.04662	0.02484	0.17513	0.02578	0.13189	0.02521	0.02290	0.00872	0.00727	0.00219	0.00764	0.00756	0.00518	0.08318
24	0.01460	0.01100	0.01248	0.00952	0.01449	0.00878	0.00751	0.01788	0.01513	0.02475	0.01629	0.01883	0.01322	0.00635	0.00529	0.00127	0.00476	0.00508	0.24781	0.54497
25	0.01494	0.01181	0.01304	0.01154	0.01476	0.01237	0.00898	0.13235	0.19982	0.03016	0.26028	0.04432	0.18955	0.01329	0.00804	0.00235	0.00489	0.01120	0.00743	0.00887
26	0.01552	0.01699	0.03610	0.02659	0.03258	0.01592	0.54148	0.02069	0.01652	0.02235	0.01971	0.16160	0.01833	0.00941	0.00872	0.00255	0.01067	0.01096	0.00428	0.00904
27	0.01909	0.02835	0.36932	0.02217	0.11318	0.01868	0.02134	0.21498	0.07004	0.03033	0.01562	0.01716	0.01137	0.00760	0.00709	0.00226	0.00931	0.00606	0.00468	0.01137
28	0.00912	0.00666	0.00848	0.00954	0.01039	0.00613	0.00651	0.01074	0.01513	0.02015	0.14567	0.52145	0.12925	0.05211	0.01028	0.00296	0.00415	0.01841	0.00684	0.00602
29	0.01923	0.32463	0.19857	0.01987	0.08888	0.04930	0.07390	0.10383	0.01792	0.02331	0.01252	0.01462	0.01003	0.00676	0.00619	0.00196	0.00920	0.00526	0.00374	0.01027
30	0.00895	0.00654	0.00843	0.00972	0.01049	0.00602	0.00662	0.01048	0.01482	0.01963	0.10258	0.60200	0.12384	0.02157	0.00914	0.00284	0.00409	0.01938	0.00686	0.00602
31	0.01535	0.01079	0.01281	0.01067	0.01475	0.00952	0.00843	0.03608	0.07704	0.10748	0.19498	0.03925	0.14483	0.01148	0.00737	0.00200	0.00487	0.03760	0.00665	0.24804
32	0.01551	0.02334	0.27545	0.01787	0.02581	0.01452	0.11610	0.02288	0.08416	0.02407	0.01494	0.01709	0.01140	0.00652	0.00664	0.00188	0.00844	0.00575	0.00407	0.30356
33	0.01943	0.74891	0.03809	0.01244	0.01866	0.02876	0.01244	0.02177	0.01477	0.01710	0.01011	0.01166	0.00933	0.00622	0.00466	0.00155	0.00777	0.00389	0.00311	0.00933
34	0.01178	0.00746	0.00951	0.00942	0.01034	0.00751	0.00638	0.01259	0.01224	0.05997	0.02769	0.10742	0.08333	0.34417	0.18838	0.07130	0.00928	0.01074	0.00491	0.00560
35	0.01544	0.01410	0.01920	0.01665	0.01699	0.01920	0.01376	0.01738	0.01194	0.01939	0.01234	0.01812	0.01134	0.01188	0.02015	0.00289	0.58741	0.00644	0.15765	0.00772
36	0.79588	0.01406	0.01068	0.00956	0.01406	0.01631	0.00787	0.02137	0.01237	0.03261	0.01012	0.01181	0.00787	0.00675	0.00450	0.00225	0.00562	0.00394	0.00450	0.00787
37	0.02604	0.01705	0.01904	0.01499	0.02026	0.01820	0.01225	0.41363	0.10308	0.17950	0.05238	0.02388	0.04649	0.00959	0.00741	0.00224	0.00699	0.00755	0.00765	0.01177
38	0.01002	0.00732	0.00877	0.00852	0.00984	0.00687	0.00593	0.01203	0.01627	0.02200	0.32895	0.05435	0.18480	0.24046	0.04939	0.00420	0.00532	0.01257	0.00645	0.00594
39	0.01266	0.10354	0.32019	0.01465	0.02063	0.01342	0.01613	0.01746	0.01551	0.02136	0.08264	0.20252	0.10508	0.01274	0.00757	0.00239	0.00737	0.01078	0.00482	0.00853
40	0.01415	0.01354	0.01670	0.01527	0.01629	0.08153	0.01224	0.01628	0.01231	0.01721	0.01478	0.02211	0.01394	0.03359	0.37587	0.00740	0.29902	0.00693	0.00360	0.00725
41	0.01786	0.01657	0.01822	0.01750	0.12061	0.09383	0.01183	0.07511	0.06168	0.02504	0.01554	0.04920	0.01330	0.00715	0.00626	0.00160	0.00695	0.00586	0.00469	0.43117
42	0.00891	0.00642	0.00844	0.00995	0.01052	0.00596	0.00670	0.01029	0.01433	0.01907	0.07051	0.67867	0.07887	0.02222	0.00922	0.00290	0.00416	0.02009	0.00680	0.00596
43	0.08452	0.01888	0.02580	0.03438	0.46091	0.06925	0.01885	0.15050	0.01995	0.02836	0.01394	0.01702	0.01122	0.00701	0.00694	0.00215	0.00859	0.00615	0.00440	0.01115
44	0.01462	0.00992	0.01244	0.04370	0.01481	0.00992	0.00866	0.11768	0.02121	0.07729	0.41164	0.10336	0.04907	0.06081	0.01011	0.00264	0.00492	0.01188	0.00740	0.00792
45	0.02159	0.01557	0.01736	0.07298	0.02132	0.04578	0.01209	0.15970	0.27740	0.14984	0.07398	0.05698	0.02245	0.01010	0.00748	0.00235	0.00668	0.00834	0.00717	0.01083
46	0.01867	0.01737	0.02876	0.11637	0.48600	0.01791	0.07449	0.10501	0.01862	0.02594	0.01415	0.01821	0.01138	0.00682	0.00733	0.00222	0.00897	0.00666	0.00403	0.01110
47	0.00996	0.00679	0.00811	0.00871	0.00886	0.00664	0.00524	0.01041	0.01176	0.01569	0.02902	0.29446	0.03415	0.48711	0.02711	0.00559	0.00604	0.01417	0.00524	0.00494
48	0.01652	0.01513	0.02635	0.14538	0.22643	0.01552	0.17695	0.02221	0.07947	0.05204	0.01790	0.04411	0.01533	0.10133	0.01142	0.00295	0.00899	0.00812	0.00435	0.00949
49	0.14540	0.13884	0.02169	0.01636	0.02059	0.50354	0.01284	0.02675	0.01844	0.01999	0.01089	0.01269	0.00913	0.00718	0.00595	0.00188	0.01114	0.00445	0.00377	0.00848
50	0.01085	0.00749	0.00975	0.00930	0.01105	0.00687	0.00693	0.01399	0.01981	0.05067	0.58850	0.11912	0.08701	0.01554	0.00860	0.00235	0.00361	0.01374	0.00787	0.00693
51	0.02317	0.05076	0.08416	0.01778	0.02329	0.15753	0.06252	0.30086	0.11524	0.03221	0.01799	0.04953	0.01418	0.00881	0.00720	0.00220	0.00909	0.00697	0.00577	0.01074
52	0.01731	0.14700	0.02151	0.01492	0.01826	0.10558	0.07382	0.08866	0.01702	0.02230	0.01884	0.13046	0.01804	0.01585	0.09274	0.00334	0.07784	0.00837	0.09987	0.00827
53	0.00897	0.00651	0.00847	0.00982	0.01052	0.00601	0.00666	0.01049	0.01475	0.01965	0.10503	0.62337	0.09952	0.02169	0.00916	0.00285	0.00410	0.01954	0.00687	0.00601
54	0.02247	0.01265	0.01518	0.01283	0.01712	0.01277	0.01019	0.03223	0.27920	0.30823	0.13422	0.03219	0.05669	0.01065	0.00759	0.00235	0.00548	0.00891	0.00812	0.01091
55	0.00912	0.00678	0.00857	0.00990	0.01089	0.00623	0.00704	0.01074	0.01480	0.01915	0.04706	0.52300	0.18585	0.02154	0.00922	0.00289	0.00438	0.09006	0.00674	0.00604
56	0.01251	0.01075	0.01501	0.01374	0.01440	0.01363	0.01082	0.01444	0.01216	0.01789	0.08052	0.02885	0.02084	0.13209	0.28808	0.00688	0.28837	0.00815	0.00408	0.00679
57	0.01039	0.00705	0.00802	0.00806	0.00828	0.00695	0.00468	0.01070	0.01150	0.01531	0.06005	0.08035	0.05911	0.64267	0.03304	0.00642	0.00659	0.01137	0.00480	0.00467
58	0.01722	0.03472	0.04666	0.01210	0.01702	0.01232	0.01007	0.15157	0.01895	0.05580	0.01990	0.13002	0.01807	0.01067	0.02602	0.00206	0.00627	0.00781	0.08322	0.31952
59	0.15887	0.05529	0.18111	0.01645	0.02288	0.01831	0.07655	0.22472	0.04928	0.03225	0.01563	0.01721	0.01157	0.00761	0.00649	0.00218	0.00807	0.00596	0.07932	0.01023
60	0.02471	0.09733	0.06712	0.01987	0.08339	0.37549	0.01518	0.12821	0.04929	0.05264	0.01394	0.01531	0.01091	0.00760	0.00663	0.00198	0.01065	0.00536	0.00455	0.00985

[dist]
# distance from previous block
# <min> <max>
0	3

[block]
# block no. 6 follows, 28 sequences, length 41
# corresponding to MSA columns:
# 169-209
name=unknown_G
#
# <colnr> <probs for GDERKNQSTAVLIFYWHMCP>
#	G	D	E	R	K	N	Q	S	T	A	V	L	I	F	Y	W	H	M	C	P
0	0.14284	0.26679	0.16595	0.01825	0.09371	0.12617	0.01602	0.05463	0.01651	0.02296	0.01161	0.01361	0.00946	0.00678	0.00578	0.00196	0.00894	0.00472	0.00367	0.00963
1	0.06259	0.01711	0.12258	0.05064	0.02319	0.01394	0.14324	0.04943	0.08501	0.02504	0.01814	0.02379	0.01495	0.07054	0.00937	0.00252	0.00782	0.02585	0.11288	0.12136
2	0.01471	0.01211	0.01306	0.01209	0.01481	0.04172	0.00917	0.08392	0.22295	0.02844	0.26277	0.16056	0.06602	0.01395	0.00813	0.00244	0.00513	0.01205	0.00730	0.00867
3	0.01702	0.02192	0.21584	0.05663	0.29156	0.05023	0.04280	0.02147	0.01580	0.05448	0.01656	0.02011	0.04039	0.00933	0.00949	0.08714	0.00904	0.00655	0.00379	0.00985
4	0.00880	0.00697	0.00793	0.00854	0.01016	0.00609	0.00608	0.01052	0.01580	0.01982	0.10022	0.32770	0.40594	0.01987	0.00886	0.00264	0.00387	0.01726	0.00683	0.00609
5	0.01275	0.01032	0.01516	0.28607	0.02646	0.01202	0.01237	0.05446	0.01413	0.01895	0.03898	0.03003	0.01826	0.20878	0.20472	0.00607	0.01134	0.00808	0.00410	0.00693
6	0.01038	0.00779	0.01168	0.01168	0.01298	0.00909	0.00909	0.01298	0.01168	0.01687	0.01947	0.02856	0.01817	0.05452	0.71573	0.01168	0.01947	0.00779	0.00389	0.00649
7	0.00861	0.00730	0.00743	0.00753	0.00986	0.00612	0.00560	0.01041	0.01641	0.01957	0.07166	0.10945	0.65802	0.01867	0.00863	0.00248	0.00371	0.01566	0.00675	0.00612
8	0.64101	0.01410	0.01373	0.12392	0.02071	0.01636	0.03640	0.02100	0.01290	0.03002	0.01075	0.01332	0.00829	0.00681	0.00510	0.00228	0.00653	0.00452	0.00426	0.00798
9	0.00881	0.00649	0.00827	0.00969	0.01043	0.00594	0.00655	0.01017	0.01434	0.01873	0.04538	0.63382	0.15062	0.02208	0.00917	0.00287	0.00413	0.01982	0.00675	0.00594
10	0.01402	0.01277	0.02099	0.49552	0.15575	0.01484	0.01831	0.01850	0.01543	0.02071	0.06602	0.02383	0.03828	0.00813	0.00729	0.00233	0.00852	0.00728	0.04302	0.00845
11	0.79588	0.01406	0.01068	0.00956	0.01406	0.01631	0.00787	0.02137	0.01237	0.03261	0.01012	0.01181	0.00787	0.00675	0.00450	0.00225	0.00562	0.00394	0.00450	0.00787
12	0.01445	0.01871	0.17391	0.21351	0.13515	0.01492	0.07777	0.02078	0.05699	0.02364	0.15287	0.02585	0.02270	0.00866	0.00757	0.00233	0.00848	0.00788	0.00451	0.00931
13	0.33588	0.01373	0.01375	0.01134	0.01589	0.01443	0.00913	0.13786	0.01780	0.08708	0.05819	0.01985	0.01535	0.04608	0.05009	0.00285	0.00682	0.00588	0.00552	0.13247
14	0.01855	0.01508	0.01894	0.09697	0.02298	0.01686	0.05231	0.23951	0.17055	0.03049	0.02411	0.18026	0.02196	0.01197	0.00862	0.00251	0.04201	0.01016	0.00631	0.00988
15	0.10502	0.06928	0.02161	0.01978	0.10168	0.30360	0.06112	0.05636	0.01905	0.02340	0.09174	0.02301	0.01846	0.00877	0.00691	0.00212	0.00961	0.04505	0.00460	0.00881
16	0.01309	0.01181	0.01633	0.01436	0.01696	0.05345	0.08526	0.01715	0.05693	0.02025	0.07798	0.09012	0.02315	0.03175	0.34288	0.00674	0.04393	0.00900	0.00469	0.06416
17	0.01653	0.01632	0.02898	0.04936	0.02846	0.01598	0.34538	0.07872	0.10729	0.02605	0.07228	0.02788	0.08787	0.00875	0.00807	0.00233	0.00898	0.00905	0.00513	0.05658
18	0.01835	0.01449	0.02183	0.41424	0.12923	0.01654	0.01795	0.09399	0.07527	0.10162	0.01675	0.02026	0.01225	0.00774	0.00727	0.00234	0.00862	0.00672	0.00474	0.00979
19	0.19100	0.01910	0.04842	0.20089	0.25006	0.13024	0.01741	0.02229	0.01573	0.02344	0.01228	0.01607	0.00981	0.00691	0.00650	0.00220	0.00904	0.00557	0.00371	0.00932
20	0.02332	0.01049	0.01405	0.01139	0.01554	0.00917	0.00913	0.02639	0.02049	0.41725	0.28444	0.03572	0.03716	0.01111	0.00772	0.00222	0.00509	0.00943	0.00843	0.04147
21	0.01029	0.00743	0.00972	0.00914	0.01086	0.00686	0.00686	0.01372	0.02058	0.02915	0.69536	0.05430	0.06859	0.01486	0.00857	0.00229	0.00343	0.01315	0.00800	0.00686
22	0.01823	0.30096	0.12250	0.01633	0.02220	0.06238	0.10350	0.04776	0.01715	0.05298	0.09271	0.02153	0.04442	0.00835	0.00727	0.00204	0.03934	0.00666	0.00436	0.00933
23	0.02387	0.01275	0.01558	0.01300	0.01746	0.01273	0.01037	0.03313	0.25911	0.35588	0.13461	0.03028	0.02751	0.01024	0.00754	0.00233	0.00559	0.00856	0.00827	0.01119
24	0.01385	0.01200	0.01423	0.01537	0.10101	0.05543	0.01019	0.02060	0.14873	0.02798	0.43612	0.04179	0.04856	0.01236	0.00804	0.00228	0.00516	0.01080	0.00705	0.00845
25	0.01038	0.00779	0.01168	0.01168	0.01298	0.00909	0.00909	0.01298	0.01168	0.01687	0.01947	0.02856	0.01817	0.05452	0.71573	0.01168	0.01947	0.00779	0.00389	0.00649
26	0.01458	0.03760	0.70688	0.02072	0.03146	0.01688	0.02686	0.02302	0.01535	0.02302	0.01304	0.01535	0.00921	0.00691	0.00691	0.00230	0.01074	0.00537	0.00307	0.01074
27	0.02159	0.01168	0.01458	0.01207	0.01590	0.01126	0.00959	0.15225	0.02288	0.27265	0.27619	0.08547	0.03792	0.01212	0.00791	0.00230	0.00537	0.01029	0.00812	0.00985
28	0.01747	0.01604	0.01938	0.13467	0.12410	0.07875	0.03467	0.10999	0.15908	0.02683	0.10181	0.02962	0.09648	0.00998	0.00756	0.00230	0.00749	0.00850	0.00569	0.00960
29	0.01775	0.01284	0.01535	0.01110	0.01743	0.00984	0.00893	0.02092	0.01595	0.12755	0.01532	0.01655	0.01187	0.00593	0.00568	0.00126	0.00551	0.00477	0.00502	0.67045
30	0.02442	0.02653	0.01861	0.01669	0.02056	0.44585	0.01270	0.03086	0.17711	0.08037	0.06057	0.02002	0.01689	0.00865	0.00695	0.00207	0.01017	0.00628	0.00533	0.00939
31	0.06511	0.01048	0.01218	0.01064	0.01427	0.00958	0.00828	0.05007	0.04612	0.12263	0.10879	0.15308	0.15435	0.01327	0.00756	0.00222	0.00498	0.03595	0.00663	0.16382
32	0.02574	0.07143	0.02249	0.02032	0.14250	0.07796	0.01411	0.27166	0.02419	0.19523	0.01865	0.01980	0.01369	0.03942	0.00828	0.00233	0.00806	0.00654	0.00630	0.01131
33	0.01716	0.46408	0.02718	0.01104	0.01539	0.02068	0.00980	0.01886	0.01379	0.04596	0.01485	0.02310	0.01487	0.22690	0.01447	0.00321	0.00739	0.00605	0.00380	0.04143
34	0.01868	0.01853	0.02543	0.02058	0.02292	0.07200	0.12224	0.11750	0.01624	0.02269	0.01169	0.01653	0.01019	0.01067	0.01764	0.00282	0.45415	0.00663	0.00391	0.00895
35	0.01595	0.02676	0.35185	0.02997	0.26589	0.01678	0.10455	0.02240	0.01606	0.02324	0.01475	0.02015	0.01188	0.00732	0.00737	0.00232	0.00999	0.03854	0.00351	0.01069
36	0.01924	0.01656	0.01791	0.01475	0.01865	0.10272	0.05734	0.24448	0.05843	0.03309	0.29526	0.03266	0.03546	0.01096	0.00781	0.00222	0.00695	0.00925	0.00688	0.00939
37	0.05600	0.01442	0.01707	0.04595	0.10516	0.09291	0.05110	0.04733	0.04374	0.06858	0.02891	0.22051	0.09840	0.01272	0.00769	0.00235	0.00696	0.01110	0.00559	0.06352
38	0.15893	0.01810	0.07302	0.01496	0.03776	0.07403	0.01247	0.17361	0.05096	0.13662	0.05053	0.05132	0.06080	0.00981	0.00776	0.00230	0.04355	0.00744	0.00609	0.00993
39	0.04933	0.15336	0.41773	0.01765	0.02617	0.06036	0.02047	0.04278	0.01667	0.10979	0.01444	0.01571	0.01040	0.00714	0.00647	0.00214	0.00952	0.00530	0.00405	0.01050
40	0.03926	0.04811	0.06342	0.03086	0.01868	0.01461	0.04759	0.11642	0.07932	0.06225	0.13487	0.13586	0.07677	0.01259	0.00947	0.00247	0.08210	0.01037	0.00610	0.00889

[dist]
# distance from previous block
# <min> <max>
6	11

# created by:
# /home/berkeley/.conda/envs/busco_data_prod/bin/msa2prfl.pl pipeline/OGs_align_augustus/5794/68852.fs
