[name]
unknown

[dist]
# distance from previous block
# <min> <max>
0	48

[block]
# block no. 0 follows, 32 sequences, length 31
# corresponding to MSA columns:
# 48-78
name=unknown_A
#
# <colnr> <probs for GDERKNQSTAVLIFYWHMCP>
#	G	D	E	R	K	N	Q	S	T	A	V	L	I	F	Y	W	H	M	C	P
0	0.01428	0.07805	0.01766	0.01409	0.03818	0.03449	0.10075	0.04528	0.10792	0.06051	0.16573	0.12409	0.08873	0.01197	0.00745	0.00225	0.00598	0.06885	0.00582	0.00793
1	0.01869	0.05820	0.13153	0.01370	0.01885	0.01300	0.04877	0.12143	0.04511	0.19278	0.08210	0.11934	0.02114	0.00959	0.00681	0.00205	0.00647	0.00816	0.00584	0.07643
2	0.12497	0.07993	0.01665	0.10268	0.04708	0.04329	0.01091	0.12540	0.14778	0.02460	0.01822	0.07206	0.01626	0.09626	0.00947	0.00261	0.00664	0.02320	0.00491	0.02705
3	0.05343	0.00860	0.01102	0.01055	0.01223	0.03546	0.05547	0.01192	0.01311	0.01793	0.05716	0.35622	0.11403	0.01731	0.01093	0.14098	0.00511	0.01288	0.00515	0.05051
4	0.14961	0.01071	0.01143	0.01044	0.01315	0.03840	0.00800	0.08109	0.04274	0.11714	0.09201	0.16327	0.07434	0.05708	0.09737	0.00350	0.00680	0.00963	0.00579	0.00749
5	0.01779	0.01624	0.07966	0.01484	0.01862	0.08591	0.05872	0.09960	0.06190	0.11785	0.02055	0.11406	0.01871	0.03976	0.00995	0.00245	0.09550	0.06926	0.00523	0.05339
6	0.10528	0.01796	0.04447	0.06125	0.07494	0.15882	0.01250	0.10243	0.07738	0.02328	0.01401	0.01749	0.01158	0.05033	0.00977	0.00231	0.11204	0.00564	0.05860	0.03993
7	0.01536	0.01505	0.02371	0.16505	0.37640	0.05526	0.07738	0.01987	0.04629	0.02050	0.01608	0.07771	0.01454	0.00804	0.00701	0.00217	0.00816	0.03850	0.00379	0.00913
8	0.01694	0.01971	0.08382	0.05500	0.30404	0.16717	0.01671	0.02093	0.04277	0.02004	0.04402	0.01967	0.05240	0.00800	0.00850	0.00210	0.09917	0.00630	0.00371	0.00898
9	0.00896	0.00684	0.00822	0.00788	0.00969	0.00610	0.00591	0.01162	0.01772	0.02389	0.49553	0.05508	0.28845	0.01484	0.00792	0.00216	0.00325	0.01283	0.00699	0.00610
10	0.01119	0.00721	0.00911	0.00843	0.01019	0.00660	0.00622	0.01373	0.01741	0.08577	0.49972	0.04834	0.11989	0.11345	0.01130	0.00271	0.00386	0.01155	0.00691	0.00641
11	0.00899	0.00673	0.00834	0.00817	0.00977	0.00608	0.00604	0.01159	0.01744	0.02378	0.49199	0.13570	0.21009	0.01531	0.00799	0.00222	0.00330	0.01340	0.00699	0.00608
12	0.01468	0.01468	0.02055	0.01762	0.01762	0.02055	0.01468	0.01615	0.01028	0.01615	0.00881	0.01468	0.00881	0.01174	0.02202	0.00294	0.75191	0.00587	0.00294	0.00734
13	0.01391	0.01193	0.01391	0.00994	0.01590	0.00894	0.00795	0.01690	0.01391	0.02186	0.01193	0.01391	0.00994	0.00497	0.00497	0.00099	0.00497	0.00398	0.00398	0.80521
14	0.00987	0.00848	0.00865	0.00831	0.01092	0.00810	0.00632	0.01538	0.16892	0.02032	0.05898	0.05583	0.56505	0.01525	0.00769	0.00227	0.00382	0.01271	0.00636	0.00676
15	0.00989	0.00730	0.00940	0.00857	0.01054	0.00656	0.00647	0.01303	0.01855	0.02646	0.65660	0.04694	0.05862	0.01295	0.00765	0.00201	0.00332	0.01142	0.00709	0.07662
16	0.00848	0.00606	0.00814	0.00969	0.01022	0.00571	0.00676	0.00987	0.01315	0.01747	0.03681	0.68048	0.04371	0.02073	0.00865	0.00277	0.00416	0.09539	0.00622	0.00553
17	0.00818	0.00584	0.00779	0.00934	0.00973	0.00545	0.00623	0.00934	0.01285	0.01713	0.03698	0.75981	0.04438	0.02102	0.00856	0.00273	0.00389	0.01908	0.00623	0.00545
18	0.13012	0.01802	0.01877	0.01456	0.01977	0.02004	0.01202	0.60943	0.02887	0.04067	0.01521	0.01542	0.01086	0.00781	0.00637	0.00202	0.00709	0.00572	0.00637	0.01086
19	0.00906	0.00684	0.00836	0.00798	0.00975	0.00614	0.00599	0.01181	0.01796	0.02444	0.53614	0.05418	0.24751	0.01464	0.00792	0.00215	0.00323	0.01270	0.00706	0.00614
20	0.01213	0.00744	0.00981	0.00889	0.01093	0.00678	0.00678	0.01522	0.01902	0.11625	0.63044	0.04664	0.05735	0.01303	0.00777	0.00211	0.00349	0.01145	0.00750	0.00698
21	0.01794	0.76823	0.03516	0.01148	0.01722	0.02655	0.01148	0.02009	0.01363	0.01579	0.00933	0.01076	0.00861	0.00574	0.00431	0.00144	0.00718	0.00359	0.00287	0.00861
22	0.01468	0.01468	0.02055	0.01762	0.01762	0.02055	0.01468	0.01615	0.01028	0.01615	0.00881	0.01468	0.00881	0.01174	0.02202	0.00294	0.75191	0.00587	0.00294	0.00734
23	0.01026	0.00819	0.01208	0.01169	0.01273	0.01001	0.00922	0.01254	0.01072	0.01565	0.01675	0.02481	0.01571	0.04519	0.64236	0.00974	0.11565	0.00701	0.00351	0.00617
24	0.02183	0.02563	0.02074	0.01788	0.02175	0.47030	0.10371	0.06365	0.08286	0.01995	0.01490	0.01991	0.01273	0.00804	0.00669	0.00199	0.01058	0.06440	0.00418	0.00827
25	0.01267	0.01193	0.02013	0.74806	0.04621	0.01491	0.01863	0.01714	0.01342	0.01714	0.01193	0.01789	0.00894	0.00671	0.00671	0.00224	0.00894	0.00596	0.00298	0.00745
26	0.01319	0.00974	0.05106	0.01006	0.01289	0.00812	0.03502	0.04746	0.01696	0.10775	0.21828	0.13523	0.16094	0.01274	0.00723	0.00214	0.00450	0.01103	0.12845	0.00724
27	0.02626	0.01057	0.01434	0.01129	0.01580	0.00920	0.00920	0.02896	0.01917	0.59624	0.15576	0.02793	0.02533	0.00932	0.00697	0.00208	0.00523	0.00775	0.00813	0.01047
28	0.01877	0.04027	0.02779	0.09727	0.25763	0.01749	0.19167	0.19409	0.01946	0.04878	0.01403	0.01700	0.01068	0.00656	0.00692	0.00208	0.00868	0.00644	0.00432	0.01008
29	0.67106	0.05779	0.01240	0.01000	0.01416	0.10373	0.00820	0.02061	0.01247	0.02763	0.00947	0.01104	0.00751	0.00628	0.00439	0.00200	0.00614	0.00371	0.00400	0.00740
30	0.01858	0.01484	0.01585	0.01380	0.01788	0.01687	0.01086	0.12391	0.58281	0.06747	0.02577	0.02373	0.01907	0.00892	0.00681	0.00223	0.00561	0.00734	0.00689	0.01077

[dist]
# distance from previous block
# <min> <max>
0	1

[block]
# block no. 1 follows, 32 sequences, length 14
# corresponding to MSA columns:
# 80-93
name=unknown_B
#
# <colnr> <probs for GDERKNQSTAVLIFYWHMCP>
#	G	D	E	R	K	N	Q	S	T	A	V	L	I	F	Y	W	H	M	C	P
0	0.02282	0.10047	0.02297	0.01928	0.12446	0.10856	0.03658	0.37042	0.05057	0.05692	0.01487	0.01576	0.01115	0.00733	0.00641	0.00193	0.00802	0.00570	0.00534	0.01043
1	0.01464	0.01393	0.02368	0.39478	0.38413	0.01542	0.01961	0.01887	0.01435	0.01953	0.01227	0.01725	0.00979	0.00634	0.00668	0.00211	0.00846	0.00597	0.00315	0.00904
2	0.01267	0.01193	0.02013	0.74806	0.04621	0.01491	0.01863	0.01714	0.01342	0.01714	0.01193	0.01789	0.00894	0.00671	0.00671	0.00224	0.00894	0.00596	0.00298	0.00745
3	0.00950	0.00686	0.00897	0.00844	0.01002	0.00633	0.00633	0.01266	0.01899	0.02691	0.71879	0.05012	0.06331	0.01372	0.00791	0.00211	0.00317	0.01213	0.00739	0.00633
4	0.00918	0.00667	0.00864	0.00852	0.00992	0.00614	0.00625	0.01190	0.01769	0.02468	0.56175	0.17968	0.09343	0.01521	0.00803	0.00223	0.00331	0.01350	0.00712	0.00614
5	0.81159	0.01298	0.00986	0.00882	0.01298	0.01505	0.00727	0.01972	0.01142	0.03010	0.00934	0.01090	0.00727	0.00623	0.00415	0.00208	0.00519	0.00363	0.00415	0.00727
6	0.01805	0.01293	0.01407	0.01245	0.01615	0.01437	0.00974	0.03264	0.52170	0.12697	0.02649	0.02472	0.01951	0.00882	0.00654	0.00216	0.00508	0.00729	0.11015	0.01017
7	0.00814	0.00631	0.00742	0.00820	0.00946	0.00559	0.00575	0.00965	0.01423	0.01809	0.08720	0.42230	0.33592	0.01889	0.00826	0.00249	0.00364	0.01659	0.00629	0.00559
8	0.00818	0.00584	0.00779	0.00934	0.00973	0.00545	0.00623	0.00934	0.01285	0.01713	0.03698	0.75981	0.04438	0.02102	0.00856	0.00273	0.00389	0.01908	0.00623	0.00545
9	0.81159	0.01298	0.00986	0.00882	0.01298	0.01505	0.00727	0.01972	0.01142	0.03010	0.00934	0.01090	0.00727	0.00623	0.00415	0.00208	0.00519	0.00363	0.00415	0.00727
10	0.01381	0.03252	0.65230	0.01853	0.02779	0.01570	0.02326	0.02280	0.08932	0.02199	0.01369	0.01534	0.00979	0.00667	0.00642	0.00214	0.00942	0.00524	0.00326	0.00999
11	0.01338	0.00995	0.01334	0.01477	0.11739	0.01016	0.00967	0.01837	0.11790	0.08294	0.20970	0.08167	0.10563	0.05950	0.05583	0.00304	0.03299	0.03001	0.00595	0.00779
12	0.01385	0.04251	0.01506	0.01197	0.01526	0.03438	0.06982	0.10115	0.09251	0.04286	0.09073	0.04106	0.33101	0.01245	0.00828	0.00221	0.05107	0.01029	0.00582	0.00771
13	0.23850	0.33917	0.08877	0.01229	0.01774	0.05926	0.01173	0.09773	0.04175	0.02374	0.01108	0.01233	0.00900	0.00639	0.00491	0.00179	0.00709	0.00419	0.00384	0.00871

[dist]
# distance from previous block
# <min> <max>
0	1

[block]
# block no. 2 follows, 32 sequences, length 82
# corresponding to MSA columns:
# 95-176
name=unknown_C
#
# <colnr> <probs for GDERKNQSTAVLIFYWHMCP>
#	G	D	E	R	K	N	Q	S	T	A	V	L	I	F	Y	W	H	M	C	P
0	0.50061	0.12128	0.05204	0.01104	0.01568	0.06855	0.00970	0.05220	0.07287	0.02705	0.01139	0.01257	0.00893	0.00654	0.00477	0.00198	0.00631	0.00419	0.00420	0.00810
1	0.06008	0.11441	0.31445	0.01656	0.07686	0.01499	0.01643	0.02008	0.04630	0.04884	0.16053	0.02210	0.02093	0.00815	0.00686	0.00205	0.03064	0.00651	0.00429	0.00892
2	0.00961	0.00717	0.00862	0.00857	0.01017	0.00677	0.00626	0.01270	0.07124	0.02136	0.29368	0.16932	0.23968	0.01644	0.00971	0.07961	0.00378	0.01292	0.00638	0.00601
3	0.01468	0.01468	0.02055	0.01762	0.01762	0.02055	0.01468	0.01615	0.01028	0.01615	0.00881	0.01468	0.00881	0.01174	0.02202	0.00294	0.75191	0.00587	0.00294	0.00734
4	0.01064	0.00716	0.00850	0.00814	0.01025	0.00628	0.00611	0.01288	0.01670	0.08937	0.28715	0.12992	0.35123	0.01545	0.00788	0.00224	0.00359	0.01327	0.00683	0.00643
5	0.01694	0.01454	0.01532	0.01371	0.01755	0.01681	0.01068	0.05483	0.69062	0.02848	0.02699	0.02478	0.02022	0.00907	0.00682	0.00227	0.00537	0.00754	0.00682	0.01064
6	0.02506	0.03198	0.01901	0.01729	0.02074	0.73725	0.01296	0.02679	0.01901	0.01642	0.01037	0.01210	0.00864	0.00691	0.00605	0.00173	0.01210	0.00432	0.00346	0.00778
7	0.02464	0.01795	0.01921	0.01482	0.01994	0.01983	0.01221	0.65414	0.03038	0.04113	0.01650	0.01671	0.01180	0.00804	0.00658	0.00198	0.00710	0.00606	0.05992	0.01107
8	0.00967	0.00685	0.00907	0.00907	0.00968	0.00746	0.00625	0.01088	0.01028	0.01431	0.01954	0.03503	0.02054	0.40317	0.38990	0.00867	0.01230	0.00846	0.00383	0.00504
9	0.09267	0.01154	0.01511	0.01169	0.01680	0.01028	0.00965	0.03166	0.01858	0.67119	0.02510	0.02188	0.01586	0.00814	0.00654	0.00208	0.00567	0.00650	0.00797	0.01109
10	0.00868	0.00634	0.00817	0.00875	0.00979	0.00582	0.00616	0.01070	0.01554	0.02114	0.31331	0.41065	0.11465	0.01772	0.00824	0.00244	0.00356	0.01584	0.00669	0.00582
11	0.01391	0.01193	0.01391	0.00994	0.01590	0.00894	0.00795	0.01690	0.01391	0.02186	0.01193	0.01391	0.00994	0.00497	0.00497	0.00099	0.00497	0.00398	0.00398	0.80521
12	0.00976	0.00651	0.00732	0.00732	0.00732	0.00651	0.00407	0.00976	0.00976	0.01301	0.02114	0.04391	0.02439	0.76419	0.03415	0.00651	0.00651	0.00976	0.00407	0.00407
13	0.01389	0.10528	0.66262	0.01839	0.02790	0.01664	0.02351	0.02114	0.01412	0.02072	0.01178	0.01384	0.00851	0.00631	0.00618	0.00206	0.00965	0.00483	0.00284	0.00979
14	0.01346	0.03471	0.72942	0.01912	0.02904	0.01558	0.02479	0.02125	0.01417	0.02125	0.01204	0.01417	0.00850	0.00637	0.00637	0.00212	0.00992	0.00496	0.00283	0.00992
15	0.01768	0.70790	0.03399	0.01197	0.01725	0.02607	0.01174	0.01978	0.01336	0.01582	0.00929	0.01108	0.00863	0.00622	0.00572	0.00156	0.06680	0.00377	0.00288	0.00851
16	0.01808	0.01338	0.01441	0.01168	0.01610	0.03830	0.00931	0.17172	0.13896	0.11328	0.06171	0.02791	0.13858	0.00936	0.00659	0.00187	0.00554	0.00757	0.00614	0.18952
17	0.01627	0.01578	0.02604	0.13929	0.61058	0.03364	0.02013	0.02026	0.01511	0.02112	0.01247	0.01667	0.01034	0.00610	0.00664	0.00202	0.00821	0.00594	0.00328	0.01011
18	0.01939	0.61855	0.03188	0.01266	0.01794	0.17103	0.01178	0.02145	0.01473	0.01592	0.00954	0.01104	0.00862	0.00598	0.00466	0.00149	0.00818	0.00374	0.00299	0.00844
19	0.01409	0.01182	0.01331	0.01016	0.01526	0.01001	0.00808	0.07536	0.07140	0.02345	0.02324	0.02378	0.13401	0.00765	0.00578	0.00140	0.00493	0.00621	0.00483	0.53525
20	0.01663	0.01666	0.01354	0.01326	0.01559	0.25968	0.01000	0.02104	0.12239	0.05076	0.02567	0.26546	0.02640	0.01344	0.00745	0.00233	0.00732	0.09953	0.00545	0.00741
21	0.00910	0.00684	0.00842	0.00802	0.00978	0.00616	0.00602	0.01189	0.01806	0.02468	0.55380	0.05379	0.22970	0.01455	0.00792	0.00215	0.00322	0.01265	0.00709	0.00616
22	0.01133	0.00595	0.00849	0.00849	0.00849	0.00595	0.00552	0.00892	0.00892	0.01189	0.01330	0.02447	0.01386	0.15183	0.02760	0.66631	0.00595	0.00651	0.00311	0.00311
23	0.00965	0.00693	0.00947	0.00947	0.01021	0.00767	0.00674	0.01114	0.01039	0.01460	0.01918	0.03303	0.01967	0.32175	0.47013	0.00916	0.01361	0.00817	0.00377	0.00526
24	0.00876	0.00620	0.00773	0.00851	0.00904	0.00586	0.00556	0.00985	0.01281	0.01712	0.11130	0.43442	0.08178	0.23085	0.01571	0.00370	0.00452	0.01535	0.00575	0.00517
25	0.01794	0.76823	0.03516	0.01148	0.01722	0.02655	0.01148	0.02009	0.01363	0.01579	0.00933	0.01076	0.00861	0.00574	0.00431	0.00144	0.00718	0.00359	0.00287	0.00861
26	0.01629	0.14508	0.02276	0.10335	0.02108	0.02038	0.01426	0.04845	0.01265	0.05401	0.01051	0.01487	0.00931	0.00976	0.01565	0.00251	0.46223	0.00554	0.00338	0.00797
27	0.02370	0.10036	0.02033	0.01627	0.02013	0.55001	0.01260	0.08079	0.07841	0.01942	0.01217	0.01339	0.00987	0.00708	0.00600	0.00177	0.01067	0.00467	0.00395	0.00839
28	0.00959	0.00719	0.01078	0.01078	0.01198	0.00839	0.00839	0.01198	0.01078	0.01558	0.01797	0.02636	0.01677	0.05032	0.73760	0.01078	0.01797	0.00719	0.00359	0.00599
29	0.01515	0.01540	0.01681	0.01513	0.01593	0.14099	0.01204	0.01675	0.01257	0.01712	0.01516	0.14656	0.01577	0.01221	0.01540	0.00257	0.42781	0.00796	0.07167	0.00699
30	0.01394	0.09257	0.63829	0.01898	0.02841	0.01653	0.05842	0.02117	0.01421	0.02082	0.01190	0.01410	0.00860	0.00629	0.00629	0.00208	0.00977	0.00500	0.00287	0.00977
31	0.01836	0.08457	0.02684	0.05576	0.11224	0.21636	0.19101	0.02235	0.04959	0.01892	0.01204	0.01541	0.00991	0.00725	0.00911	0.00212	0.13025	0.00588	0.00343	0.00859
32	0.00987	0.00723	0.00996	0.01131	0.01230	0.00733	0.00904	0.01207	0.01411	0.01865	0.03495	0.36360	0.03973	0.01929	0.00954	0.00293	0.03863	0.36749	0.00605	0.00592
33	0.00970	0.00672	0.00841	0.00841	0.00879	0.00710	0.00543	0.01046	0.01008	0.01382	0.02014	0.03838	0.02199	0.53924	0.25582	0.00785	0.01012	0.00895	0.00392	0.00467
34	0.01472	0.01456	0.01639	0.07556	0.09939	0.13797	0.03180	0.01860	0.07578	0.01922	0.02270	0.17080	0.05191	0.01187	0.00924	0.00235	0.10788	0.06605	0.04566	0.00754
35	0.01081	0.00772	0.01081	0.01236	0.01390	0.00772	0.01081	0.01390	0.01545	0.02008	0.03553	0.07569	0.03862	0.01854	0.00927	0.00309	0.00618	0.67717	0.00618	0.00618
36	0.01078	0.00760	0.00832	0.00792	0.00877	0.00758	0.00499	0.06856	0.01258	0.01639	0.02884	0.04512	0.14388	0.57013	0.02726	0.00539	0.00604	0.01020	0.00467	0.00497
37	0.01573	0.01505	0.02565	0.19856	0.57180	0.01571	0.02016	0.01982	0.01486	0.02086	0.01247	0.01689	0.01025	0.00614	0.00666	0.00205	0.00819	0.00598	0.00325	0.00992
38	0.01661	0.01594	0.02724	0.04119	0.72233	0.01594	0.02059	0.02059	0.01528	0.02192	0.01262	0.01661	0.01063	0.00598	0.00664	0.00199	0.00797	0.00598	0.00332	0.01063
39	0.00832	0.00681	0.00734	0.00721	0.00930	0.00583	0.00541	0.01039	0.01622	0.02033	0.23158	0.06094	0.55463	0.01617	0.00793	0.00223	0.00334	0.01365	0.00652	0.00583
40	0.02476	0.03141	0.01931	0.01814	0.04578	0.71151	0.01324	0.02657	0.01888	0.01662	0.01045	0.01226	0.00871	0.00688	0.00607	0.00174	0.01195	0.00438	0.00345	0.00788
41	0.01978	0.01294	0.01475	0.01274	0.01673	0.01392	0.01005	0.03288	0.46072	0.22073	0.08602	0.02657	0.02306	0.00928	0.00690	0.00221	0.00524	0.00774	0.00728	0.01048
42	0.01429	0.01366	0.02172	0.38340	0.29789	0.04026	0.01818	0.01825	0.01438	0.01906	0.01448	0.05802	0.01273	0.00771	0.00687	0.00219	0.00830	0.03666	0.00344	0.00851
43	0.01346	0.03471	0.72942	0.01912	0.02904	0.01558	0.02479	0.02125	0.01417	0.02125	0.01204	0.01417	0.00850	0.00637	0.00637	0.00212	0.00992	0.00496	0.00283	0.00992
44	0.01656	0.01567	0.02365	0.27666	0.40625	0.07307	0.01884	0.02047	0.01512	0.05147	0.01283	0.01696	0.01017	0.00640	0.00662	0.00206	0.00853	0.00588	0.00344	0.00936
45	0.00863	0.00682	0.00777	0.00754	0.00950	0.00596	0.00565	0.01099	0.01696	0.02208	0.36066	0.05807	0.42445	0.01552	0.00792	0.00220	0.00329	0.01325	0.00675	0.00596
46	0.00874	0.00638	0.00822	0.00871	0.00980	0.00586	0.00617	0.01083	0.01578	0.02153	0.34049	0.38346	0.11428	0.01743	0.00822	0.00241	0.00353	0.01557	0.00674	0.00586
47	0.81159	0.01298	0.00986	0.00882	0.01298	0.01505	0.00727	0.01972	0.01142	0.03010	0.00934	0.01090	0.00727	0.00623	0.00415	0.00208	0.00519	0.00363	0.00415	0.00727
48	0.01166	0.00583	0.00874	0.00874	0.00874	0.00583	0.00583	0.00874	0.00874	0.01166	0.01166	0.02040	0.01166	0.02331	0.02622	0.80478	0.00583	0.00583	0.00291	0.00291
49	0.00959	0.00719	0.01078	0.01078	0.01198	0.00839	0.00839	0.01198	0.01078	0.01558	0.01797	0.02636	0.01677	0.05032	0.73760	0.01078	0.01797	0.00719	0.00359	0.00599
50	0.02437	0.01741	0.01889	0.01483	0.01991	0.01916	0.01214	0.52785	0.14822	0.09818	0.01894	0.01823	0.01343	0.00826	0.00674	0.00206	0.00688	0.00637	0.00687	0.01127
51	0.01740	0.01476	0.01557	0.01380	0.01772	0.01702	0.01079	0.08884	0.65588	0.02921	0.02641	0.02432	0.01976	0.00902	0.00682	0.00225	0.00548	0.00746	0.00682	0.01068
52	0.74902	0.01285	0.01032	0.00907	0.01331	0.01464	0.00747	0.02076	0.01204	0.08589	0.01071	0.01186	0.00801	0.00639	0.00436	0.00208	0.00523	0.00388	0.00448	0.00760
53	0.08093	0.01399	0.01562	0.04961	0.01862	0.01343	0.00990	0.19535	0.07430	0.02806	0.01404	0.01534	0.01090	0.00629	0.00559	0.00151	0.00584	0.00488	0.00488	0.43090
54	0.01807	0.05610	0.02365	0.02610	0.30652	0.14005	0.09638	0.04662	0.01689	0.05362	0.07025	0.01936	0.01520	0.00705	0.00651	0.00193	0.00812	0.00635	0.07203	0.00919
55	0.01165	0.00785	0.00868	0.00829	0.01037	0.00764	0.00624	0.01606	0.10302	0.05392	0.15605	0.04443	0.23640	0.07660	0.00924	0.00245	0.00400	0.03399	0.19644	0.00668
56	0.01600	0.01532	0.02613	0.15072	0.61757	0.01578	0.02029	0.02006	0.01499	0.02118	0.01251	0.01681	0.01037	0.00609	0.00665	0.00203	0.00812	0.00598	0.00327	0.01014
57	0.01583	0.01093	0.01314	0.01084	0.01506	0.00964	0.00869	0.07649	0.04781	0.12205	0.06363	0.09715	0.05773	0.01012	0.00662	0.00183	0.00515	0.08745	0.00573	0.33412
58	0.02450	0.01763	0.01849	0.01500	0.01953	0.19596	0.07693	0.05307	0.10174	0.33087	0.06064	0.02125	0.01693	0.00809	0.00676	0.00203	0.00774	0.00663	0.00632	0.00988
59	0.01794	0.76823	0.03516	0.01148	0.01722	0.02655	0.01148	0.02009	0.01363	0.01579	0.00933	0.01076	0.00861	0.00574	0.00431	0.00144	0.00718	0.00359	0.00287	0.00861
60	0.00869	0.00681	0.00862	0.00938	0.01022	0.00674	0.00665	0.01008	0.01344	0.01765	0.06736	0.51311	0.19814	0.01908	0.00947	0.00261	0.06363	0.01662	0.00601	0.00568
61	0.01373	0.19049	0.35616	0.01530	0.02173	0.01590	0.05180	0.01842	0.01347	0.01852	0.01497	0.02369	0.01378	0.13862	0.01104	0.00282	0.00849	0.05945	0.00335	0.00827
62	0.00799	0.00680	0.00688	0.00686	0.00910	0.00569	0.00514	0.00974	0.01543	0.01845	0.09230	0.06403	0.69508	0.01687	0.00793	0.00226	0.00339	0.01409	0.00627	0.00569
63	0.01695	0.01856	0.02150	0.01826	0.01944	0.17142	0.06007	0.01875	0.01249	0.01656	0.00946	0.01437	0.00887	0.01032	0.01771	0.00264	0.54635	0.00568	0.00308	0.00755
64	0.01346	0.03471	0.72942	0.01912	0.02904	0.01558	0.02479	0.02125	0.01417	0.02125	0.01204	0.01417	0.00850	0.00637	0.00637	0.00212	0.00992	0.00496	0.00283	0.00992
65	0.00823	0.00642	0.00748	0.00803	0.00946	0.00567	0.00571	0.00991	0.01479	0.01887	0.14017	0.34180	0.36318	0.01818	0.00818	0.00243	0.00357	0.01587	0.00638	0.00567
66	0.00970	0.00672	0.00840	0.00840	0.00877	0.00709	0.00541	0.01045	0.01008	0.01381	0.02015	0.03844	0.02202	0.54166	0.25343	0.00784	0.01008	0.00896	0.00392	0.00467
67	0.01214	0.01110	0.01850	0.62017	0.04028	0.01378	0.01686	0.01625	0.01296	0.01687	0.01297	0.01936	0.01030	0.01427	0.13349	0.00372	0.01051	0.00618	0.00309	0.00720
68	0.01608	0.01581	0.02461	0.30576	0.32733	0.06418	0.07316	0.05478	0.01570	0.02075	0.01246	0.01689	0.00986	0.00640	0.00673	0.00209	0.00885	0.00602	0.00338	0.00915
69	0.01025	0.00779	0.01155	0.01127	0.01225	0.00934	0.00878	0.01211	0.01056	0.01530	0.01655	0.02473	0.01557	0.04430	0.60802	0.07770	0.08765	0.00695	0.00347	0.00586
70	0.01449	0.00976	0.01098	0.00989	0.01177	0.01122	0.00782	0.07644	0.09799	0.02531	0.01977	0.02247	0.01564	0.00867	0.00812	0.00192	0.13364	0.00633	0.50034	0.00740
71	0.01508	0.01256	0.01648	0.07107	0.01931	0.01175	0.03174	0.01798	0.01366	0.06740	0.01240	0.01509	0.01011	0.00653	0.00828	0.00154	0.13510	0.00477	0.00399	0.52516
72	0.02316	0.09349	0.02126	0.01626	0.01991	0.34535	0.05225	0.02530	0.01685	0.17171	0.01370	0.01511	0.01050	0.00787	0.00891	0.00202	0.13809	0.00526	0.00437	0.00865
73	0.01443	0.01223	0.01419	0.01018	0.01612	0.00948	0.00817	0.04751	0.01470	0.02278	0.01211	0.01401	0.01000	0.00511	0.00505	0.00104	0.00508	0.00407	0.00410	0.76963
74	0.00841	0.00658	0.00740	0.00764	0.00919	0.00581	0.00543	0.01007	0.01485	0.01883	0.16125	0.20364	0.40833	0.08929	0.01058	0.00274	0.00376	0.01443	0.00621	0.00557
75	0.01007	0.00762	0.01056	0.01031	0.01104	0.00885	0.00761	0.01166	0.01043	0.01484	0.01816	0.03072	0.01842	0.26480	0.46202	0.00881	0.07703	0.00786	0.00368	0.00552
76	0.00881	0.00668	0.00819	0.00882	0.01009	0.00619	0.00633	0.01124	0.03966	0.01992	0.18513	0.38528	0.21329	0.01799	0.00824	0.00249	0.00377	0.04551	0.00649	0.00590
77	0.00822	0.00647	0.00743	0.00791	0.00942	0.00567	0.00566	0.00992	0.01490	0.01891	0.14107	0.30955	0.39506	0.01800	0.00815	0.00241	0.00354	0.01564	0.00638	0.00567
78	0.01009	0.00720	0.00905	0.00848	0.01032	0.00665	0.00640	0.01350	0.03868	0.04558	0.59442	0.05050	0.14609	0.01386	0.00785	0.00213	0.00333	0.01211	0.00725	0.00651
79	0.01975	0.58132	0.03106	0.01295	0.01812	0.20698	0.01186	0.02179	0.01500	0.01595	0.00959	0.01110	0.00862	0.00604	0.00475	0.00151	0.00843	0.00377	0.00302	0.00840
80	0.01120	0.00772	0.00927	0.00846	0.01085	0.00690	0.00646	0.01440	0.04225	0.08356	0.39344	0.04994	0.26717	0.01376	0.00765	0.00211	0.00361	0.01180	0.00692	0.04250
81	0.02028	0.05920	0.05091	0.07804	0.02149	0.24035	0.01337	0.04072	0.15201	0.10290	0.01558	0.01694	0.01200	0.00827	0.00905	0.00214	0.13763	0.00568	0.00457	0.00888

[dist]
# distance from previous block
# <min> <max>
0	6

[block]
# block no. 3 follows, 32 sequences, length 18
# corresponding to MSA columns:
# 183-200
name=unknown_D
#
# <colnr> <probs for GDERKNQSTAVLIFYWHMCP>
#	G	D	E	R	K	N	Q	S	T	A	V	L	I	F	Y	W	H	M	C	P
0	0.06507	0.12330	0.27639	0.02271	0.15312	0.05359	0.13750	0.02089	0.01472	0.02094	0.01282	0.01721	0.01044	0.00664	0.00639	0.00205	0.00910	0.03456	0.00328	0.00929
1	0.01651	0.13345	0.04255	0.04126	0.19521	0.09540	0.09522	0.01967	0.01466	0.05564	0.01471	0.05013	0.01301	0.04097	0.10351	0.00323	0.00961	0.00644	0.00373	0.04507
2	0.01790	0.04436	0.10359	0.01338	0.01758	0.01382	0.01184	0.23288	0.07032	0.10539	0.02430	0.21836	0.02296	0.01208	0.00727	0.00230	0.00634	0.06015	0.00610	0.00909
3	0.05114	0.01762	0.19268	0.01596	0.09618	0.01306	0.01371	0.16141	0.01904	0.02681	0.16781	0.03096	0.14573	0.01006	0.00696	0.00211	0.00641	0.00833	0.00530	0.00871
4	0.01317	0.01025	0.01123	0.01009	0.01228	0.04068	0.00734	0.12852	0.01721	0.02336	0.19649	0.17413	0.03351	0.18802	0.01355	0.00310	0.00539	0.01064	0.00572	0.09534
5	0.01328	0.01125	0.01323	0.00987	0.01522	0.00856	0.00776	0.01606	0.01380	0.02134	0.01471	0.09681	0.01377	0.00675	0.00537	0.00119	0.00485	0.00565	0.00423	0.71633
6	0.01331	0.00924	0.01072	0.00978	0.01251	0.00912	0.00757	0.01984	0.18570	0.10795	0.27655	0.04531	0.22319	0.01295	0.00755	0.00221	0.00413	0.02755	0.00702	0.00779
7	0.01801	0.02279	0.16952	0.02190	0.15092	0.16608	0.09204	0.09927	0.07817	0.02335	0.05105	0.01878	0.01394	0.03550	0.00773	0.00220	0.00900	0.00625	0.00418	0.00933
8	0.09660	0.01189	0.01503	0.01186	0.01680	0.01107	0.00972	0.03190	0.09532	0.58868	0.02507	0.02204	0.01623	0.00821	0.00653	0.00210	0.00562	0.00657	0.00778	0.01097
9	0.00959	0.00719	0.01078	0.01078	0.01198	0.00839	0.00839	0.01198	0.01078	0.01558	0.01797	0.02636	0.01677	0.05032	0.73760	0.01078	0.01797	0.00719	0.00359	0.00599
10	0.00960	0.00717	0.00852	0.00842	0.01000	0.00709	0.00618	0.01245	0.05032	0.01932	0.14923	0.07463	0.25137	0.12104	0.17040	0.00462	0.00705	0.01099	0.06566	0.00593
11	0.02534	0.01665	0.01841	0.01427	0.01935	0.01792	0.01174	0.51771	0.05575	0.16522	0.01873	0.01814	0.01301	0.00813	0.00662	0.00201	0.00678	0.00624	0.04686	0.01112
12	0.00905	0.00680	0.00791	0.00777	0.00925	0.00619	0.00558	0.01100	0.01552	0.02047	0.30731	0.05495	0.28681	0.17892	0.01370	0.00317	0.00410	0.03970	0.00620	0.00559
13	0.01443	0.18927	0.54459	0.01702	0.02584	0.01756	0.02108	0.02078	0.01404	0.02012	0.01146	0.01343	0.00860	0.00617	0.00586	0.00192	0.00908	0.00462	0.00290	0.05123
14	0.01446	0.07259	0.39985	0.02331	0.13017	0.01616	0.16941	0.02060	0.01471	0.02092	0.01485	0.01748	0.04176	0.00661	0.00669	0.00210	0.00947	0.00609	0.00318	0.00956
15	0.01786	0.01196	0.01438	0.01064	0.01628	0.00964	0.00856	0.02175	0.05838	0.18679	0.01628	0.01669	0.01215	0.00600	0.00550	0.00133	0.00516	0.00485	0.00516	0.57065
16	0.01764	0.01628	0.01566	0.01374	0.01717	0.11077	0.01079	0.12767	0.35592	0.02616	0.02776	0.02689	0.11888	0.01004	0.00819	0.00222	0.07118	0.00774	0.00594	0.00935
17	0.02277	0.02040	0.08128	0.01593	0.02080	0.08689	0.01379	0.43228	0.07296	0.05831	0.01555	0.01626	0.01142	0.00829	0.00833	0.00212	0.09059	0.00590	0.00571	0.01043

[dist]
# distance from previous block
# <min> <max>
0	2

[block]
# block no. 4 follows, 32 sequences, length 42
# corresponding to MSA columns:
# 203-233,247-257
name=unknown_E
#
# <colnr> <probs for GDERKNQSTAVLIFYWHMCP>
#	G	D	E	R	K	N	Q	S	T	A	V	L	I	F	Y	W	H	M	C	P
0	0.01545	0.02985	0.03868	0.18144	0.16510	0.01376	0.07213	0.02184	0.13445	0.08808	0.06600	0.04634	0.08020	0.00877	0.00700	0.00217	0.00701	0.00790	0.00490	0.00894
1	0.01077	0.00855	0.00839	0.00853	0.00889	0.06831	0.00521	0.01113	0.01110	0.01404	0.02309	0.17040	0.02666	0.56584	0.02715	0.00542	0.00651	0.01098	0.00440	0.00463
2	0.01461	0.01317	0.02090	0.58478	0.11664	0.01572	0.01815	0.09815	0.01576	0.02063	0.01250	0.01754	0.00942	0.00679	0.00670	0.00218	0.00865	0.00597	0.00346	0.00827
3	0.01410	0.01338	0.02270	0.49169	0.29143	0.01528	0.01934	0.01839	0.01409	0.01888	0.01218	0.01742	0.00956	0.00644	0.00668	0.00215	0.00859	0.00597	0.00310	0.00861
4	0.01692	0.01463	0.01707	0.01776	0.12458	0.01645	0.01211	0.06898	0.54422	0.02787	0.04761	0.02410	0.01992	0.00873	0.00683	0.00221	0.00576	0.00741	0.00631	0.01052
5	0.00976	0.00651	0.00732	0.00732	0.00732	0.00651	0.00407	0.00976	0.00976	0.01301	0.02114	0.04391	0.02439	0.76419	0.03415	0.00651	0.00651	0.00976	0.00407	0.00407
6	0.01171	0.00767	0.00981	0.00954	0.03444	0.00689	0.00691	0.01448	0.01799	0.10470	0.45750	0.04940	0.21599	0.01364	0.00774	0.00214	0.00367	0.01181	0.00707	0.00689
7	0.01491	0.01518	0.02078	0.01769	0.01820	0.05137	0.04397	0.01662	0.01093	0.01636	0.00959	0.01535	0.00930	0.01338	0.05990	0.00328	0.64685	0.00596	0.00301	0.00736
8	0.00988	0.00746	0.00887	0.00840	0.01033	0.00705	0.00634	0.01404	0.07655	0.02488	0.47787	0.05025	0.21042	0.01383	0.00768	0.00214	0.00340	0.01196	0.04213	0.00654
9	0.01742	0.01464	0.01492	0.01125	0.01679	0.10329	0.00893	0.03788	0.01561	0.09864	0.01342	0.01471	0.01054	0.00567	0.00535	0.00123	0.00603	0.00438	0.00445	0.59484
10	0.01438	0.00986	0.01113	0.00977	0.01204	0.01021	0.00736	0.19827	0.01956	0.02785	0.24262	0.07059	0.03289	0.13895	0.01146	0.00276	0.00490	0.00930	0.15885	0.00726
11	0.01677	0.01631	0.07756	0.05441	0.02011	0.01703	0.01280	0.11976	0.40817	0.02697	0.02324	0.02301	0.04662	0.00925	0.00861	0.00230	0.09426	0.00715	0.00578	0.00989
12	0.00885	0.00690	0.00833	0.00855	0.01029	0.00637	0.00658	0.01107	0.01535	0.01984	0.19174	0.11745	0.35328	0.02078	0.09432	0.00338	0.00547	0.09939	0.00615	0.00589
13	0.71772	0.01315	0.01049	0.00939	0.01350	0.01525	0.00766	0.02161	0.09394	0.02986	0.01146	0.01257	0.00883	0.00657	0.00447	0.00210	0.00520	0.00410	0.00447	0.00766
14	0.02960	0.01222	0.01607	0.01232	0.01753	0.01105	0.01018	0.10529	0.02055	0.65249	0.02534	0.02211	0.01604	0.00828	0.00674	0.00207	0.00589	0.00667	0.00813	0.01142
15	0.01193	0.00875	0.01008	0.00954	0.01057	0.00945	0.00645	0.07172	0.09468	0.01793	0.02214	0.09834	0.02344	0.46728	0.07994	0.00551	0.03204	0.00966	0.00473	0.00584
16	0.01372	0.07779	0.68865	0.01868	0.02835	0.01623	0.02401	0.02118	0.01414	0.02093	0.01188	0.01397	0.00851	0.00634	0.00625	0.00208	0.00976	0.00488	0.00284	0.00984
17	0.03010	0.01142	0.01557	0.01194	0.01713	0.00986	0.00986	0.03270	0.01920	0.72698	0.02647	0.02284	0.01661	0.00830	0.00675	0.00208	0.00571	0.00675	0.00830	0.01142
18	0.01346	0.03471	0.72942	0.01912	0.02904	0.01558	0.02479	0.02125	0.01417	0.02125	0.01204	0.01417	0.00850	0.00637	0.00637	0.00212	0.00992	0.00496	0.00283	0.00992
19	0.01416	0.14902	0.62123	0.01793	0.02720	0.01729	0.02272	0.02107	0.01408	0.02040	0.01162	0.01364	0.00852	0.00628	0.00605	0.00202	0.00949	0.00474	0.00284	0.00971
20	0.00950	0.00686	0.00897	0.00844	0.01002	0.00633	0.00633	0.01266	0.01899	0.02691	0.71879	0.05012	0.06331	0.01372	0.00791	0.00211	0.00317	0.01213	0.00739	0.00633
21	0.81159	0.01298	0.00986	0.00882	0.01298	0.01505	0.00727	0.01972	0.01142	0.03010	0.00934	0.01090	0.00727	0.00623	0.00415	0.00208	0.00519	0.00363	0.00415	0.00727
22	0.00915	0.00659	0.00866	0.00868	0.00995	0.00610	0.00630	0.01178	0.01736	0.02432	0.53814	0.23816	0.05829	0.01565	0.00809	0.00227	0.00336	0.01397	0.00708	0.00610
23	0.01346	0.03471	0.72942	0.01912	0.02904	0.01558	0.02479	0.02125	0.01417	0.02125	0.01204	0.01417	0.00850	0.00637	0.00637	0.00212	0.00992	0.00496	0.00283	0.00992
24	0.01391	0.01341	0.01849	0.01601	0.01601	0.01836	0.01303	0.01515	0.01020	0.01566	0.01073	0.01924	0.01124	0.12900	0.02391	0.00349	0.63575	0.00648	0.00311	0.00683
25	0.00818	0.00584	0.00779	0.00934	0.00973	0.00545	0.00623	0.00934	0.01285	0.01713	0.03698	0.75981	0.04438	0.02102	0.00856	0.00273	0.00389	0.01908	0.00623	0.00545
26	0.00908	0.00729	0.01154	0.01158	0.01272	0.00681	0.08791	0.01078	0.01320	0.01764	0.03422	0.67222	0.04034	0.01921	0.00849	0.00267	0.00477	0.01776	0.00589	0.00588
27	0.01328	0.01255	0.02123	0.63790	0.15158	0.01507	0.01894	0.01768	0.01371	0.01789	0.01203	0.01769	0.00921	0.00659	0.00670	0.00220	0.00879	0.00597	0.00303	0.00795
28	0.01724	0.65392	0.14335	0.01267	0.01906	0.02484	0.01356	0.02027	0.01372	0.01664	0.00975	0.01129	0.00859	0.00584	0.00463	0.00154	0.00760	0.00380	0.00286	0.00881
29	0.00909	0.00678	0.00858	0.00952	0.01061	0.00647	0.00689	0.01178	0.05243	0.01946	0.12788	0.46515	0.12456	0.01866	0.00839	0.00261	0.00409	0.09468	0.00641	0.00596
30	0.01568	0.01663	0.08352	0.14880	0.36645	0.01595	0.04833	0.02345	0.16835	0.02242	0.01574	0.01854	0.01233	0.00681	0.00673	0.00212	0.00786	0.00633	0.00400	0.00997
31	0.02522	0.02725	0.01942	0.01662	0.02077	0.48022	0.01289	0.26830	0.02351	0.02570	0.01243	0.01354	0.00964	0.00732	0.00629	0.00183	0.01041	0.00494	0.00463	0.00908
32	0.01995	0.01274	0.01362	0.01148	0.01501	0.07254	0.00907	0.12279	0.09537	0.22018	0.20858	0.02875	0.02817	0.00963	0.00676	0.00201	0.00547	0.00791	0.10091	0.00905
33	0.02107	0.01676	0.02054	0.01617	0.02100	0.01839	0.09283	0.41479	0.17779	0.03443	0.01844	0.01918	0.01372	0.01159	0.06888	0.00284	0.00829	0.00670	0.00608	0.01050
34	0.01563	0.01545	0.07501	0.01350	0.01768	0.01561	0.01133	0.03210	0.58884	0.02660	0.02966	0.02766	0.08217	0.00958	0.00689	0.00226	0.00553	0.00795	0.00644	0.01012
35	0.02390	0.01709	0.01863	0.01453	0.01948	0.01869	0.01191	0.56303	0.06982	0.08057	0.07699	0.01992	0.01666	0.00861	0.00682	0.00204	0.00680	0.00669	0.00687	0.01093
36	0.01708	0.01523	0.01535	0.01382	0.01760	0.04999	0.01073	0.03525	0.67827	0.02753	0.02653	0.02444	0.01994	0.00900	0.00679	0.00225	0.00562	0.00744	0.00667	0.01049
37	0.00876	0.00631	0.00832	0.00974	0.01035	0.00605	0.00681	0.01059	0.03144	0.01763	0.03602	0.63557	0.04240	0.04541	0.00946	0.00288	0.00429	0.09617	0.00617	0.00563
38	0.09154	0.01335	0.01539	0.01215	0.01684	0.01340	0.00995	0.25435	0.02229	0.32841	0.05611	0.02526	0.09243	0.00922	0.00669	0.00208	0.00587	0.00728	0.00715	0.01022
39	0.01752	0.01462	0.01747	0.05310	0.12590	0.01630	0.01251	0.10969	0.44065	0.04769	0.02479	0.02404	0.04811	0.00872	0.00683	0.00219	0.00606	0.00735	0.00611	0.01037
40	0.01732	0.10442	0.02906	0.10848	0.35948	0.01679	0.16330	0.02138	0.01534	0.08040	0.01354	0.01690	0.01062	0.00616	0.00666	0.00202	0.00850	0.00617	0.00367	0.00978
41	0.00908	0.00684	0.00839	0.00801	0.00977	0.00615	0.00600	0.01186	0.01801	0.02458	0.54614	0.05396	0.23742	0.01459	0.00792	0.00215	0.00323	0.01267	0.00708	0.00615

[dist]
# distance from previous block
# <min> <max>
0	12

[block]
# block no. 5 follows, 32 sequences, length 39
# corresponding to MSA columns:
# 270-308
name=unknown_F
#
# <colnr> <probs for GDERKNQSTAVLIFYWHMCP>
#	G	D	E	R	K	N	Q	S	T	A	V	L	I	F	Y	W	H	M	C	P
0	0.23459	0.04600	0.19547	0.01364	0.01945	0.01527	0.03156	0.15375	0.01792	0.10741	0.08839	0.01842	0.01549	0.00761	0.00601	0.00206	0.00689	0.00580	0.00506	0.00921
1	0.02100	0.46151	0.02884	0.01334	0.01869	0.11211	0.01203	0.21720	0.01947	0.02352	0.01141	0.01247	0.00942	0.00655	0.00521	0.00164	0.00784	0.00439	0.00405	0.00932
2	0.01634	0.01591	0.02411	0.03130	0.44801	0.05898	0.07740	0.02193	0.10847	0.02143	0.01545	0.02049	0.01325	0.08660	0.00965	0.00252	0.00801	0.00667	0.00389	0.00962
3	0.00851	0.00644	0.00789	0.00854	0.00980	0.00582	0.00614	0.01036	0.01502	0.01965	0.19037	0.36503	0.25211	0.01813	0.00827	0.00247	0.00371	0.04953	0.00647	0.00574
4	0.02080	0.02134	0.08251	0.03785	0.09507	0.18597	0.01421	0.29249	0.02217	0.02791	0.01712	0.06315	0.04228	0.00871	0.00729	0.00205	0.03800	0.00668	0.00495	0.00946
5	0.02704	0.01468	0.01739	0.01351	0.01865	0.01491	0.01110	0.30358	0.08578	0.38701	0.02234	0.02030	0.01485	0.00827	0.00674	0.00207	0.00635	0.00654	0.00753	0.01134
6	0.00930	0.00612	0.00781	0.00906	0.00980	0.00585	0.00641	0.01105	0.01336	0.01898	0.03388	0.54394	0.03846	0.01818	0.00788	0.00254	0.00398	0.08615	0.16155	0.00568
7	0.10070	0.01602	0.04939	0.11963	0.49261	0.01605	0.01855	0.06749	0.01574	0.02361	0.01241	0.01603	0.01005	0.00625	0.00638	0.00204	0.00782	0.00570	0.00359	0.00992
8	0.01498	0.01184	0.01299	0.01205	0.01502	0.02774	0.00968	0.18434	0.15279	0.02625	0.03508	0.12471	0.15972	0.01390	0.00777	0.00244	0.00564	0.16851	0.00639	0.00816
9	0.00987	0.00635	0.00852	0.00972	0.01051	0.00590	0.00677	0.01126	0.01345	0.06682	0.03616	0.66498	0.04208	0.01998	0.00848	0.00270	0.00416	0.06000	0.00637	0.00591
10	0.04749	0.00934	0.01079	0.00942	0.01254	0.00880	0.00739	0.06097	0.06207	0.18177	0.21114	0.04393	0.28234	0.01274	0.00736	0.00216	0.00430	0.01065	0.00696	0.00786
11	0.10831	0.01722	0.09278	0.08131	0.07051	0.01668	0.01369	0.32751	0.04452	0.03162	0.03459	0.04589	0.01440	0.00918	0.01951	0.00227	0.00733	0.03056	0.02254	0.00961
12	0.01609	0.01589	0.02482	0.22809	0.49756	0.06146	0.01959	0.02007	0.01502	0.02030	0.01229	0.01666	0.01005	0.00623	0.00662	0.00204	0.00849	0.00587	0.00324	0.00960
13	0.00815	0.00595	0.00767	0.00906	0.00966	0.00547	0.00610	0.00938	0.01312	0.01724	0.04046	0.68175	0.12019	0.02057	0.00849	0.00267	0.00384	0.01852	0.00623	0.00547
14	0.03868	0.01677	0.10084	0.08537	0.08997	0.01532	0.17498	0.07577	0.08102	0.11191	0.05876	0.02026	0.01496	0.00848	0.02180	0.00237	0.06174	0.00690	0.00472	0.00938
15	0.01467	0.11764	0.48956	0.01948	0.06408	0.05390	0.06842	0.02080	0.01447	0.02021	0.01298	0.05031	0.01050	0.00697	0.00634	0.00205	0.00941	0.00571	0.00310	0.00941
16	0.00999	0.00799	0.00864	0.00826	0.01067	0.00732	0.00643	0.07403	0.01729	0.02166	0.14543	0.05913	0.51307	0.01587	0.00793	0.00229	0.00396	0.06731	0.00642	0.00632
17	0.01731	0.01550	0.09239	0.06169	0.11423	0.01430	0.01345	0.20052	0.08217	0.07383	0.15131	0.02473	0.02240	0.01241	0.07091	0.00285	0.00765	0.00736	0.00559	0.00939
18	0.01937	0.14716	0.19049	0.01578	0.02170	0.10036	0.08657	0.06387	0.01716	0.16200	0.06501	0.04969	0.01585	0.00787	0.00645	0.00198	0.00814	0.00649	0.00476	0.00931
19	0.00959	0.00719	0.01078	0.01078	0.01198	0.00839	0.00839	0.01198	0.01078	0.01558	0.01797	0.02636	0.01677	0.05032	0.73760	0.01078	0.01797	0.00719	0.00359	0.00599
20	0.00836	0.00601	0.00776	0.00897	0.00952	0.00560	0.00599	0.00960	0.01313	0.01747	0.07916	0.61670	0.08684	0.07828	0.01048	0.00295	0.00402	0.01761	0.00613	0.00541
21	0.11303	0.01945	0.04955	0.04032	0.16491	0.18971	0.09061	0.08052	0.01674	0.02238	0.01654	0.05778	0.05446	0.00820	0.00732	0.00209	0.04712	0.00668	0.00405	0.00857
22	0.21288	0.40224	0.06810	0.01190	0.01730	0.02155	0.01142	0.11873	0.01579	0.02363	0.01143	0.01412	0.00976	0.00670	0.00492	0.00178	0.00685	0.02834	0.00386	0.00868
23	0.01127	0.00731	0.00907	0.00848	0.01059	0.00656	0.00643	0.01380	0.01726	0.10191	0.38178	0.08651	0.25377	0.01592	0.03679	0.00253	0.00415	0.01230	0.00693	0.00664
24	0.01411	0.00782	0.00957	0.00894	0.01148	0.00679	0.00676	0.01602	0.01599	0.21065	0.09307	0.22607	0.31576	0.01542	0.00777	0.00232	0.00413	0.01324	0.00687	0.00722
25	0.09163	0.02593	0.24265	0.01716	0.02354	0.16570	0.05755	0.24655	0.02076	0.02802	0.01289	0.01433	0.00948	0.00698	0.00631	0.00201	0.00919	0.00525	0.00440	0.00968
26	0.62500	0.01586	0.07122	0.01364	0.09425	0.04444	0.01043	0.02023	0.01239	0.02791	0.00997	0.01186	0.00780	0.00624	0.00469	0.00206	0.00617	0.00403	0.00392	0.00788
27	0.01736	0.05996	0.05819	0.14019	0.18901	0.19780	0.03991	0.02273	0.09916	0.02056	0.07676	0.01930	0.01551	0.00740	0.00655	0.00200	0.00860	0.00619	0.00404	0.00881
28	0.00894	0.00706	0.00926	0.06055	0.01290	0.00707	0.00756	0.01096	0.01341	0.01730	0.04115	0.23984	0.26738	0.02563	0.18681	0.00453	0.00769	0.06076	0.00535	0.00585
29	0.01621	0.01758	0.14220	0.01572	0.08156	0.03911	0.01307	0.07480	0.15320	0.05465	0.07782	0.02004	0.01684	0.00733	0.00624	0.00178	0.00649	0.00604	0.00495	0.24436
30	0.05191	0.00896	0.01094	0.00964	0.01274	0.00786	0.00752	0.01588	0.01569	0.10293	0.20939	0.11975	0.06831	0.04177	0.00809	0.00217	0.00457	0.08103	0.00599	0.21485
31	0.02448	0.03086	0.01959	0.01895	0.06967	0.68695	0.01350	0.02636	0.01875	0.01681	0.01053	0.01241	0.00878	0.00685	0.00609	0.00175	0.01181	0.00444	0.00345	0.00798
32	0.01505	0.01254	0.01812	0.01377	0.01854	0.01145	0.12349	0.01895	0.04972	0.08320	0.02024	0.02199	0.08732	0.00942	0.03862	0.00210	0.07536	0.00646	0.00454	0.36913
33	0.07023	0.01827	0.04721	0.04118	0.09556	0.09541	0.01348	0.25801	0.09907	0.11737	0.01645	0.01714	0.01207	0.00789	0.00755	0.00210	0.05945	0.00591	0.00552	0.01012
34	0.00803	0.00680	0.00693	0.00690	0.00912	0.00570	0.00517	0.00981	0.01552	0.01866	0.10754	0.06370	0.67972	0.01679	0.00793	0.00226	0.00338	0.01404	0.00630	0.00570
35	0.00865	0.00670	0.00798	0.00866	0.01021	0.00603	0.00656	0.01057	0.01492	0.01889	0.10396	0.26196	0.35317	0.01816	0.00835	0.00253	0.00403	0.13662	0.00631	0.00575
36	0.01466	0.01054	0.01398	0.01250	0.01466	0.01220	0.01001	0.14825	0.01537	0.07046	0.01723	0.02288	0.01487	0.03506	0.46821	0.00763	0.09265	0.00679	0.00446	0.00757
37	0.01546	0.01434	0.01558	0.01418	0.01707	0.11853	0.05852	0.09165	0.12358	0.02293	0.05082	0.07241	0.09166	0.01285	0.00848	0.00246	0.04319	0.21283	0.00563	0.00783
38	0.00817	0.00617	0.00755	0.00855	0.00955	0.00556	0.00590	0.00959	0.01387	0.01790	0.07924	0.52081	0.24392	0.01948	0.00835	0.00256	0.00371	0.01729	0.00629	0.00556

[dist]
# distance from previous block
# <min> <max>
0	12

[block]
# block no. 6 follows, 32 sequences, length 11
# corresponding to MSA columns:
# 321-331
name=unknown_G
#
# <colnr> <probs for GDERKNQSTAVLIFYWHMCP>
#	G	D	E	R	K	N	Q	S	T	A	V	L	I	F	Y	W	H	M	C	P
0	0.01584	0.01810	0.03959	0.02828	0.03507	0.01697	0.69796	0.02149	0.01584	0.02149	0.01357	0.01810	0.01018	0.00566	0.00792	0.00226	0.01131	0.00792	0.00339	0.00905
1	0.01771	0.40973	0.13878	0.01353	0.01897	0.16946	0.01329	0.02078	0.01546	0.01810	0.09375	0.01623	0.01506	0.00703	0.00542	0.00168	0.00816	0.00497	0.00352	0.00838
2	0.00994	0.00780	0.00871	0.00849	0.01064	0.00720	0.00648	0.07041	0.01707	0.02175	0.17045	0.14066	0.42113	0.01622	0.00798	0.00232	0.00394	0.05605	0.00647	0.00629
3	0.00964	0.00655	0.00780	0.00822	0.00846	0.00649	0.00519	0.01018	0.01090	0.01447	0.02523	0.15575	0.02909	0.56394	0.02735	0.00553	0.00607	0.08997	0.00464	0.00452
4	0.02513	0.02994	0.01919	0.01700	0.02075	0.62646	0.01293	0.13089	0.02095	0.02042	0.01126	0.01272	0.00907	0.00709	0.00615	0.00177	0.01137	0.00459	0.00396	0.00834
5	0.01204	0.00872	0.01067	0.01095	0.01249	0.00887	0.00810	0.15146	0.01699	0.02263	0.03253	0.52703	0.03694	0.01807	0.00827	0.00262	0.00488	0.09366	0.00632	0.00676
6	0.00876	0.00613	0.00786	0.00901	0.00937	0.00587	0.00596	0.00974	0.01220	0.01624	0.03275	0.52887	0.03878	0.21522	0.01530	0.00374	0.00472	0.05869	0.00566	0.00513
7	0.01391	0.01193	0.01391	0.00994	0.01590	0.00894	0.00795	0.01690	0.01391	0.02186	0.01193	0.01391	0.00994	0.00497	0.00497	0.00099	0.00497	0.00398	0.00398	0.80521
