[name]
unknown

[dist]
# distance from previous block
# <min> <max>
0	79

[block]
# block no. 0 follows, 33 sequences, length 237
# corresponding to MSA columns:
# 79-315
name=unknown_A
#
# <colnr> <probs for GDERKNQSTAVLIFYWHMCP>
#	G	D	E	R	K	N	Q	S	T	A	V	L	I	F	Y	W	H	M	C	P
0	0.01602	0.01459	0.01933	0.01649	0.01756	0.01920	0.01376	0.14027	0.01426	0.02078	0.01203	0.01943	0.01144	0.01140	0.01789	0.00273	0.56132	0.05988	0.00380	0.00783
1	0.06799	0.01397	0.02172	0.02892	0.42062	0.01547	0.01624	0.01777	0.01325	0.02009	0.01409	0.10421	0.01370	0.00902	0.01028	0.00227	0.19082	0.00721	0.00356	0.00881
2	0.01243	0.01170	0.01975	0.75282	0.04534	0.01463	0.01828	0.01682	0.01316	0.01682	0.01170	0.01755	0.00878	0.00658	0.00658	0.00219	0.00878	0.00585	0.00293	0.00731
3	0.01527	0.01464	0.02526	0.13338	0.54998	0.01493	0.05659	0.01928	0.01502	0.02118	0.05969	0.01873	0.01362	0.00645	0.00668	0.00201	0.00782	0.00637	0.00348	0.00964
4	0.81514	0.01273	0.00968	0.00866	0.01273	0.01477	0.00713	0.01935	0.01120	0.02954	0.00917	0.01069	0.00713	0.00611	0.00407	0.00204	0.00509	0.00356	0.00407	0.00713
5	0.02257	0.01321	0.06786	0.04631	0.01911	0.01024	0.02969	0.02576	0.01662	0.42165	0.01980	0.01890	0.01330	0.00692	0.00612	0.00174	0.00599	0.00570	0.00615	0.24237
6	0.02325	0.00981	0.01326	0.01065	0.01464	0.00860	0.00860	0.02597	0.01878	0.51282	0.24292	0.03073	0.03054	0.00980	0.00698	0.00205	0.00483	0.00826	0.00787	0.00965
7	0.01566	0.01507	0.02593	0.15277	0.60185	0.01551	0.03745	0.01969	0.01472	0.02076	0.01230	0.01653	0.01016	0.00597	0.00656	0.00200	0.00806	0.00591	0.00321	0.00990
8	0.00802	0.00573	0.00764	0.00917	0.00955	0.00535	0.00611	0.00917	0.01260	0.01681	0.03628	0.76434	0.04354	0.02062	0.00840	0.00267	0.00382	0.01872	0.00611	0.00535
9	0.01243	0.01170	0.01975	0.75282	0.04534	0.01463	0.01828	0.01682	0.01316	0.01682	0.01170	0.01755	0.00878	0.00658	0.00658	0.00219	0.00878	0.00585	0.00293	0.00731
10	0.01919	0.01223	0.01744	0.18152	0.07214	0.01298	0.01278	0.04368	0.01543	0.26198	0.01877	0.02018	0.04468	0.00818	0.00892	0.00208	0.13057	0.00624	0.00510	0.10589
11	0.00964	0.00617	0.00809	0.00910	0.00975	0.00576	0.00610	0.01074	0.01266	0.06391	0.03375	0.62942	0.03940	0.10854	0.01126	0.00307	0.00424	0.01683	0.00599	0.00558
12	0.01760	0.77260	0.03450	0.01126	0.01690	0.02605	0.01126	0.01971	0.01338	0.01549	0.00915	0.01056	0.00845	0.00563	0.00422	0.00141	0.00704	0.00352	0.00282	0.00845
13	0.00954	0.00710	0.01016	0.05904	0.01274	0.00799	0.00773	0.01137	0.01068	0.01492	0.01946	0.08830	0.01986	0.21299	0.46863	0.00841	0.01330	0.00850	0.00380	0.00549
14	0.02256	0.01113	0.01246	0.01027	0.01409	0.06685	0.00822	0.02503	0.01725	0.42918	0.02924	0.02752	0.11108	0.00908	0.00629	0.00193	0.00526	0.00731	0.17615	0.00909
15	0.01320	0.03405	0.73453	0.01876	0.02849	0.01529	0.02432	0.02085	0.01390	0.02085	0.01181	0.01390	0.00834	0.00625	0.00625	0.00208	0.00973	0.00486	0.00278	0.00973
16	0.01532	0.01537	0.02082	0.39006	0.20587	0.10253	0.01714	0.02070	0.08939	0.01900	0.01322	0.01722	0.01035	0.00682	0.00692	0.00210	0.02944	0.00583	0.00347	0.00844
17	0.01530	0.01556	0.02249	0.11244	0.19587	0.06200	0.04801	0.01791	0.01243	0.01761	0.01024	0.01525	0.00915	0.00897	0.01450	0.00247	0.40286	0.00580	0.00303	0.00811
18	0.81514	0.01273	0.00968	0.00866	0.01273	0.01477	0.00713	0.01935	0.01120	0.02954	0.00917	0.01069	0.00713	0.00611	0.00407	0.00204	0.00509	0.00356	0.00407	0.00713
19	0.01075	0.00731	0.01079	0.01055	0.01195	0.00827	0.00819	0.01304	0.01110	0.06289	0.01828	0.02617	0.01668	0.06894	0.67160	0.00988	0.01648	0.00710	0.00385	0.00617
20	0.00853	0.00709	0.00754	0.00755	0.00973	0.00627	0.00580	0.01121	0.04766	0.01910	0.11685	0.06126	0.58253	0.01617	0.00783	0.00228	0.00362	0.06687	0.00623	0.00588
21	0.01458	0.01390	0.02363	0.35598	0.42537	0.01519	0.01935	0.01871	0.01418	0.01943	0.01208	0.01685	0.00970	0.00618	0.00655	0.00206	0.00824	0.00586	0.00311	0.00905
22	0.81514	0.01273	0.00968	0.00866	0.01273	0.01477	0.00713	0.01935	0.01120	0.02954	0.00917	0.01069	0.00713	0.00611	0.00407	0.00204	0.00509	0.00356	0.00407	0.00713
23	0.00847	0.00624	0.00794	0.00849	0.00956	0.00570	0.00599	0.01043	0.01520	0.02054	0.29836	0.39804	0.14599	0.01738	0.00808	0.00238	0.00348	0.01549	0.00654	0.00570
24	0.00899	0.00672	0.00835	0.00794	0.00964	0.00607	0.00596	0.01179	0.01787	0.02458	0.58499	0.05218	0.20236	0.01414	0.00777	0.00210	0.00315	0.01233	0.00701	0.00607
25	0.01631	0.01540	0.02485	0.03614	0.61522	0.01576	0.01866	0.02254	0.12579	0.02246	0.01466	0.01760	0.01196	0.00635	0.00655	0.00200	0.00741	0.00612	0.00380	0.01043
26	0.06032	0.64459	0.03144	0.01163	0.01709	0.04333	0.01120	0.08270	0.01501	0.01862	0.00979	0.01108	0.00863	0.00589	0.00448	0.00150	0.00708	0.00376	0.00324	0.00861
27	0.00778	0.00667	0.00667	0.00667	0.00889	0.00556	0.00500	0.00945	0.01501	0.01778	0.06669	0.06336	0.72490	0.01667	0.00778	0.00222	0.00333	0.01389	0.00611	0.00556
28	0.01004	0.00974	0.05531	0.00996	0.01265	0.00829	0.02787	0.01478	0.10937	0.02064	0.14683	0.10304	0.33278	0.01590	0.03701	0.00262	0.00500	0.06551	0.00596	0.00670
29	0.01467	0.01437	0.01945	0.01676	0.01726	0.01965	0.01387	0.01842	0.10497	0.01742	0.01108	0.01577	0.01018	0.01117	0.01960	0.00279	0.65555	0.00599	0.00339	0.00763
30	0.01760	0.77260	0.03450	0.01126	0.01690	0.02605	0.01126	0.01971	0.01338	0.01549	0.00915	0.01056	0.00845	0.00563	0.00422	0.00141	0.00704	0.00352	0.00282	0.00845
31	0.01511	0.01256	0.01443	0.01044	0.01622	0.01026	0.00840	0.10467	0.01586	0.02401	0.01223	0.01393	0.00994	0.00526	0.00509	0.00110	0.00518	0.00416	0.00424	0.70690
32	0.81514	0.01273	0.00968	0.00866	0.01273	0.01477	0.00713	0.01935	0.01120	0.02954	0.00917	0.01069	0.00713	0.00611	0.00407	0.00204	0.00509	0.00356	0.00407	0.00713
33	0.01243	0.01170	0.01975	0.75282	0.04534	0.01463	0.01828	0.01682	0.01316	0.01682	0.01170	0.01755	0.00878	0.00658	0.00658	0.00219	0.00878	0.00585	0.00293	0.00731
34	0.81514	0.01273	0.00968	0.00866	0.01273	0.01477	0.00713	0.01935	0.01120	0.02954	0.00917	0.01069	0.00713	0.00611	0.00407	0.00204	0.00509	0.00356	0.00407	0.00713
35	0.02722	0.01052	0.01405	0.01096	0.01558	0.00920	0.00899	0.02983	0.01817	0.63698	0.02537	0.02269	0.01637	0.00808	0.00635	0.00197	0.00526	0.00656	0.11533	0.01052
36	0.01365	0.01170	0.01365	0.00975	0.01560	0.00878	0.00780	0.01658	0.01365	0.02145	0.01170	0.01365	0.00975	0.00488	0.00488	0.00098	0.00488	0.00390	0.00390	0.80888
37	0.00831	0.00600	0.00788	0.00898	0.00969	0.00557	0.00621	0.00988	0.01384	0.01861	0.15759	0.58702	0.07807	0.01912	0.00828	0.00256	0.00374	0.03681	0.00631	0.00553
38	0.02637	0.01040	0.01398	0.01096	0.01546	0.00909	0.00896	0.02901	0.01842	0.61331	0.08728	0.02494	0.02039	0.00858	0.00656	0.00200	0.00518	0.00705	0.07170	0.01036
39	0.01427	0.01707	0.13740	0.14233	0.32476	0.01520	0.04011	0.01851	0.01422	0.02034	0.07691	0.01891	0.01431	0.00749	0.00867	0.00216	0.10864	0.00630	0.00345	0.00896
40	0.00879	0.00671	0.00807	0.00773	0.00951	0.00599	0.00580	0.01141	0.01740	0.02346	0.49977	0.05401	0.28828	0.01456	0.00777	0.00212	0.00318	0.01258	0.00686	0.00599
41	0.01930	0.08102	0.07399	0.01275	0.01697	0.04771	0.01109	0.20193	0.04044	0.16116	0.15145	0.08609	0.02405	0.00983	0.00718	0.00205	0.02989	0.00793	0.00607	0.00910
42	0.00957	0.00638	0.00718	0.00718	0.00718	0.00638	0.00399	0.00957	0.00957	0.01276	0.02074	0.04308	0.02393	0.76864	0.03351	0.00638	0.00638	0.00957	0.00399	0.00399
43	0.01307	0.01235	0.02090	0.63495	0.15821	0.01479	0.01860	0.01738	0.01347	0.01760	0.01181	0.01734	0.00905	0.00646	0.00657	0.00215	0.00862	0.00585	0.00298	0.00783
44	0.02017	0.31880	0.02662	0.01941	0.16422	0.26334	0.01367	0.06764	0.01664	0.01866	0.01060	0.01253	0.00905	0.00622	0.00543	0.00165	0.00883	0.00440	0.00335	0.00876
45	0.02136	0.01134	0.01420	0.01143	0.01605	0.01027	0.00930	0.02671	0.13262	0.36567	0.05137	0.02594	0.01896	0.00853	0.00647	0.00190	0.00531	0.06035	0.00672	0.19551
46	0.01114	0.01344	0.13073	0.01218	0.01502	0.06781	0.01104	0.01427	0.01207	0.01644	0.01934	0.02526	0.06160	0.03667	0.51305	0.00791	0.01491	0.00692	0.00356	0.00663
47	0.01651	0.01424	0.02358	0.24294	0.45199	0.01502	0.01857	0.04144	0.01527	0.07750	0.01338	0.01713	0.01044	0.00632	0.00655	0.00203	0.00790	0.00592	0.00366	0.00961
48	0.00942	0.00699	0.01024	0.01024	0.01130	0.00805	0.00781	0.01154	0.01048	0.01503	0.01794	0.02757	0.01720	0.12055	0.67238	0.01016	0.01652	0.00730	0.00357	0.00569
49	0.42187	0.01363	0.01768	0.14409	0.20235	0.01509	0.05869	0.01926	0.01279	0.02477	0.01069	0.01376	0.00844	0.00609	0.00537	0.00205	0.00681	0.00482	0.00362	0.00812
50	0.01186	0.01017	0.01377	0.01728	0.18719	0.01031	0.01031	0.01761	0.16467	0.02087	0.06519	0.27264	0.14452	0.01351	0.00744	0.00230	0.00499	0.01203	0.00559	0.00776
51	0.01818	0.21624	0.15880	0.02251	0.21309	0.20630	0.03648	0.02180	0.01534	0.01844	0.01091	0.01328	0.00902	0.00611	0.00577	0.00178	0.00912	0.00472	0.00309	0.00902
52	0.01521	0.01811	0.14216	0.11028	0.45623	0.01589	0.01989	0.02000	0.03474	0.02058	0.01231	0.01611	0.01003	0.00659	0.00780	0.00209	0.07333	0.00574	0.00321	0.00970
53	0.01353	0.03179	0.63776	0.02001	0.02932	0.01548	0.11882	0.02088	0.01413	0.02088	0.01202	0.01444	0.00857	0.00616	0.00647	0.00210	0.00992	0.00527	0.00286	0.00961
54	0.01109	0.00956	0.01453	0.19174	0.04960	0.01042	0.05331	0.01539	0.08940	0.01853	0.02609	0.37439	0.02795	0.01407	0.00808	0.00248	0.02797	0.04350	0.00503	0.00688
55	0.01026	0.00726	0.00980	0.01090	0.01213	0.00721	0.00901	0.01272	0.01436	0.01889	0.08174	0.08729	0.03736	0.14817	0.01322	0.00353	0.00584	0.49883	0.00579	0.00569
56	0.00898	0.00695	0.00831	0.00793	0.00988	0.00609	0.00591	0.01142	0.01656	0.02235	0.39722	0.11700	0.27518	0.01460	0.00764	0.00210	0.00336	0.01265	0.00655	0.05931
57	0.02954	0.01120	0.01528	0.01171	0.01681	0.00968	0.00968	0.03208	0.01884	0.73213	0.02597	0.02241	0.01630	0.00815	0.00662	0.00204	0.00560	0.00662	0.00815	0.01120
58	0.01160	0.00787	0.00966	0.00885	0.01090	0.00761	0.00675	0.03443	0.07737	0.06425	0.52607	0.04335	0.07756	0.01231	0.00733	0.00204	0.00354	0.01070	0.07089	0.00694
59	0.01320	0.03405	0.73453	0.01876	0.02849	0.01529	0.02432	0.02085	0.01390	0.02085	0.01181	0.01390	0.00834	0.00625	0.00625	0.00208	0.00973	0.00486	0.00278	0.00973
60	0.81514	0.01273	0.00968	0.00866	0.01273	0.01477	0.00713	0.01935	0.01120	0.02954	0.00917	0.01069	0.00713	0.00611	0.00407	0.00204	0.00509	0.00356	0.00407	0.00713
61	0.00975	0.00696	0.00962	0.01114	0.01228	0.00683	0.00911	0.01215	0.01431	0.01874	0.03533	0.30415	0.03977	0.01900	0.00886	0.00291	0.00531	0.46188	0.00608	0.00582
62	0.01139	0.00982	0.01377	0.01265	0.01317	0.01260	0.00995	0.01300	0.01022	0.01509	0.01462	0.02422	0.01463	0.15353	0.34264	0.00687	0.30543	0.00696	0.00335	0.00608
63	0.01661	0.01426	0.01502	0.01344	0.01721	0.01648	0.01048	0.05314	0.69714	0.02792	0.02650	0.02432	0.01986	0.00890	0.00670	0.00223	0.00527	0.00740	0.00670	0.01044
64	0.77833	0.04781	0.01082	0.00878	0.01292	0.01529	0.00732	0.01937	0.01130	0.02889	0.00917	0.01069	0.00719	0.00609	0.00408	0.00201	0.00518	0.00356	0.00402	0.00719
65	0.01554	0.01776	0.03885	0.02775	0.03441	0.01665	0.70366	0.02109	0.01554	0.02109	0.01332	0.01776	0.00999	0.00555	0.00777	0.00222	0.01110	0.00777	0.00333	0.00888
66	0.01041	0.00740	0.00894	0.00864	0.00950	0.00777	0.00584	0.05649	0.01172	0.01579	0.02320	0.03799	0.07692	0.45367	0.23109	0.00695	0.00939	0.00896	0.00420	0.00513
67	0.00864	0.00670	0.00786	0.00757	0.00942	0.00592	0.00568	0.01111	0.01703	0.02260	0.43407	0.05543	0.35451	0.01488	0.00777	0.00214	0.00321	0.01278	0.00675	0.00592
68	0.01246	0.00956	0.01270	0.01168	0.01333	0.01119	0.00916	0.12675	0.01382	0.01947	0.01676	0.02452	0.01547	0.09646	0.49814	0.00812	0.08272	0.00695	0.00401	0.00673
69	0.01175	0.00686	0.00752	0.00729	0.00831	0.00732	0.00523	0.01391	0.01243	0.02085	0.02026	0.02846	0.01802	0.20204	0.01333	0.00288	0.06407	0.00698	0.53682	0.00567
70	0.81514	0.01273	0.00968	0.00866	0.01273	0.01477	0.00713	0.01935	0.01120	0.02954	0.00917	0.01069	0.00713	0.00611	0.00407	0.00204	0.00509	0.00356	0.00407	0.00713
71	0.01547	0.01337	0.01968	0.11183	0.32704	0.01404	0.01485	0.07552	0.12431	0.04293	0.09535	0.02515	0.07518	0.00833	0.00680	0.00206	0.00656	0.00742	0.00480	0.00930
72	0.04284	0.02394	0.10616	0.07370	0.26101	0.30814	0.01681	0.05412	0.01684	0.02010	0.01145	0.01413	0.00922	0.00643	0.00619	0.00189	0.00963	0.00503	0.00341	0.00895
73	0.02939	0.01143	0.01542	0.01182	0.01692	0.01002	0.00977	0.05337	0.01923	0.71030	0.02565	0.02220	0.01613	0.00814	0.00662	0.00204	0.00565	0.00660	0.00810	0.01120
74	0.02047	0.03768	0.04060	0.10315	0.07826	0.06318	0.01270	0.19404	0.07528	0.15408	0.01639	0.01711	0.01189	0.00702	0.00619	0.00183	0.00700	0.00561	0.00529	0.14222
75	0.00808	0.00580	0.00758	0.00898	0.00941	0.00540	0.00597	0.00920	0.01256	0.01666	0.03678	0.70307	0.06983	0.05499	0.00954	0.00283	0.00392	0.01810	0.00601	0.00529
76	0.02162	0.01730	0.01876	0.01511	0.01963	0.10194	0.06648	0.28992	0.18908	0.10984	0.06581	0.02054	0.01686	0.00823	0.00671	0.00204	0.00715	0.00671	0.00620	0.01008
77	0.00891	0.00703	0.00815	0.00765	0.00979	0.00608	0.00577	0.01134	0.01665	0.02215	0.37726	0.05327	0.36053	0.01435	0.00758	0.00207	0.00333	0.01228	0.00651	0.05931
78	0.81514	0.01273	0.00968	0.00866	0.01273	0.01477	0.00713	0.01935	0.01120	0.02954	0.00917	0.01069	0.00713	0.00611	0.00407	0.00204	0.00509	0.00356	0.00407	0.00713
79	0.02459	0.03138	0.01866	0.01696	0.02035	0.74221	0.01272	0.02629	0.01866	0.01611	0.01018	0.01187	0.00848	0.00678	0.00594	0.00170	0.01187	0.00424	0.00339	0.00763
80	0.00978	0.00657	0.00772	0.00743	0.00910	0.00607	0.00557	0.01260	0.01672	0.02430	0.42050	0.04558	0.17601	0.01259	0.00696	0.00196	0.00314	0.01081	0.21052	0.00607
81	0.00818	0.00584	0.00782	0.00935	0.00980	0.00548	0.00639	0.00944	0.01276	0.01698	0.03620	0.72202	0.04319	0.02048	0.00845	0.00270	0.00396	0.05947	0.00611	0.00539
82	0.01365	0.01170	0.01365	0.00975	0.01560	0.00878	0.00780	0.01658	0.01365	0.02145	0.01170	0.01365	0.00975	0.00488	0.00488	0.00098	0.00488	0.00390	0.00390	0.80888
83	0.00835	0.00631	0.00771	0.00817	0.00945	0.00567	0.00582	0.01025	0.01516	0.02005	0.25706	0.33972	0.24783	0.01727	0.00802	0.00236	0.00346	0.01521	0.00646	0.00567
84	0.66475	0.01538	0.01146	0.01011	0.01419	0.10320	0.00818	0.06771	0.01347	0.02874	0.00975	0.01119	0.00757	0.00632	0.00447	0.00199	0.00606	0.00381	0.00417	0.00747
85	0.01632	0.01573	0.02729	0.08285	0.58326	0.01587	0.09196	0.04744	0.01557	0.02197	0.01258	0.01651	0.01031	0.00596	0.00666	0.00200	0.00820	0.00607	0.00338	0.01010
86	0.00992	0.00721	0.00955	0.01057	0.01203	0.00700	0.00880	0.01249	0.01496	0.01946	0.10141	0.10027	0.13183	0.06758	0.01039	0.00304	0.00534	0.45625	0.00604	0.00584
87	0.01365	0.01170	0.01365	0.00975	0.01560	0.00878	0.00780	0.01658	0.01365	0.02145	0.01170	0.01365	0.00975	0.00488	0.00488	0.00098	0.00488	0.00390	0.00390	0.80888
88	0.01320	0.03405	0.73453	0.01876	0.02849	0.01529	0.02432	0.02085	0.01390	0.02085	0.01181	0.01390	0.00834	0.00625	0.00625	0.00208	0.00973	0.00486	0.00278	0.00973
89	0.81514	0.01273	0.00968	0.00866	0.01273	0.01477	0.00713	0.01935	0.01120	0.02954	0.00917	0.01069	0.00713	0.00611	0.00407	0.00204	0.00509	0.00356	0.00407	0.00713
90	0.01760	0.01412	0.01511	0.01336	0.01723	0.01609	0.01045	0.06155	0.64200	0.07497	0.02630	0.02407	0.01949	0.00884	0.00669	0.00221	0.00532	0.00733	0.00679	0.01050
91	0.00876	0.00655	0.00814	0.00807	0.00958	0.00592	0.00593	0.01123	0.01683	0.02291	0.46494	0.17063	0.20559	0.01535	0.00787	0.00220	0.00327	0.01347	0.00681	0.00592
92	0.00995	0.00700	0.00824	0.00776	0.00986	0.00614	0.00588	0.01234	0.01696	0.06933	0.37097	0.05401	0.36827	0.01460	0.00770	0.00214	0.00338	0.01248	0.00678	0.00624
93	0.02001	0.01327	0.01413	0.01141	0.01517	0.01435	0.00924	0.40772	0.02369	0.05459	0.01839	0.01952	0.01363	0.00782	0.00579	0.00180	0.00551	0.00603	0.32879	0.00915
94	0.02328	0.02172	0.01734	0.01455	0.01856	0.30626	0.01144	0.32009	0.02335	0.05110	0.01465	0.01562	0.01104	0.00743	0.00606	0.00181	0.00848	0.00530	0.11284	0.00909
95	0.00896	0.00614	0.00771	0.00833	0.00934	0.00572	0.00586	0.01097	0.01469	0.02072	0.23749	0.40906	0.09071	0.01652	0.00766	0.00231	0.00348	0.01471	0.11390	0.00572
96	0.01320	0.03405	0.73453	0.01876	0.02849	0.01529	0.02432	0.02085	0.01390	0.02085	0.01181	0.01390	0.00834	0.00625	0.00625	0.00208	0.00973	0.00486	0.00278	0.00973
97	0.07782	0.02751	0.48236	0.06647	0.02618	0.04502	0.02044	0.01985	0.01319	0.02026	0.01101	0.01389	0.00833	0.00716	0.00863	0.00220	0.13294	0.00495	0.00293	0.00886
98	0.01529	0.01453	0.02424	0.09387	0.56462	0.01512	0.01868	0.01895	0.01453	0.02054	0.01497	0.02084	0.03381	0.00730	0.00770	0.00210	0.05747	0.04242	0.00345	0.00958
99	0.02014	0.01298	0.03522	0.12456	0.09695	0.01247	0.01216	0.07903	0.09513	0.26635	0.01929	0.02087	0.01410	0.05789	0.00818	0.00223	0.00647	0.00629	0.00565	0.10403
100	0.81514	0.01273	0.00968	0.00866	0.01273	0.01477	0.00713	0.01935	0.01120	0.02954	0.00917	0.01069	0.00713	0.00611	0.00407	0.00204	0.00509	0.00356	0.00407	0.00713
101	0.01876	0.64997	0.03188	0.01221	0.01747	0.14453	0.01151	0.02080	0.01425	0.01559	0.00932	0.01078	0.00845	0.00582	0.00451	0.00146	0.00784	0.00364	0.00291	0.00831
102	0.01243	0.01170	0.01975	0.75282	0.04534	0.01463	0.01828	0.01682	0.01316	0.01682	0.01170	0.01755	0.00878	0.00658	0.00658	0.00219	0.00878	0.00585	0.00293	0.00731
103	0.81514	0.01273	0.00968	0.00866	0.01273	0.01477	0.00713	0.01935	0.01120	0.02954	0.00917	0.01069	0.00713	0.00611	0.00407	0.00204	0.00509	0.00356	0.00407	0.00713
104	0.01659	0.01340	0.01904	0.20848	0.20466	0.01474	0.01471	0.04604	0.23644	0.09299	0.05105	0.02133	0.01604	0.00765	0.00666	0.00212	0.00679	0.00671	0.00503	0.00954
105	0.00810	0.00607	0.00752	0.00844	0.00941	0.00549	0.00584	0.00959	0.01386	0.01808	0.11758	0.51097	0.21740	0.01886	0.00818	0.00250	0.00362	0.01677	0.00623	0.00549
106	0.02619	0.01046	0.01421	0.01115	0.01565	0.00910	0.00910	0.02883	0.01881	0.61538	0.14147	0.02684	0.02388	0.00903	0.00681	0.00204	0.00519	0.00749	0.00800	0.01038
107	0.01470	0.01401	0.02384	0.33502	0.44543	0.01522	0.01941	0.01880	0.01423	0.01957	0.01210	0.01681	0.00974	0.00616	0.00654	0.00205	0.00822	0.00586	0.00312	0.00914
108	0.02233	0.01300	0.01520	0.01272	0.01708	0.01360	0.01016	0.05366	0.39388	0.33276	0.02611	0.02337	0.01819	0.00856	0.00666	0.00214	0.00544	0.00704	0.00732	0.01078
109	0.02533	0.01796	0.01946	0.01492	0.02018	0.01970	0.01232	0.66082	0.03015	0.08743	0.01648	0.01624	0.01153	0.00792	0.00659	0.00198	0.00713	0.00597	0.00669	0.01120
110	0.81514	0.01273	0.00968	0.00866	0.01273	0.01477	0.00713	0.01935	0.01120	0.02954	0.00917	0.01069	0.00713	0.00611	0.00407	0.00204	0.00509	0.00356	0.00407	0.00713
111	0.01711	0.01283	0.01378	0.01201	0.01551	0.01428	0.00944	0.14227	0.40129	0.05741	0.07971	0.02497	0.02127	0.00888	0.00641	0.00205	0.00504	0.00730	0.13888	0.00954
112	0.01007	0.00800	0.01093	0.01075	0.01183	0.02882	0.00825	0.01214	0.01069	0.01510	0.01730	0.02653	0.01656	0.11235	0.62403	0.00960	0.05055	0.00715	0.00354	0.00581
113	0.02888	0.01226	0.01593	0.01222	0.01733	0.01125	0.01009	0.13066	0.02061	0.63105	0.02448	0.02144	0.01555	0.00811	0.00662	0.00203	0.00584	0.00652	0.00792	0.01120
114	0.01408	0.01205	0.01275	0.01164	0.01488	0.01339	0.00900	0.02805	0.51920	0.02549	0.09048	0.03432	0.16511	0.01085	0.00700	0.00222	0.00467	0.00910	0.00662	0.00911
115	0.00866	0.00670	0.00789	0.00759	0.00943	0.00593	0.00569	0.01115	0.01708	0.02272	0.44310	0.05524	0.34542	0.01483	0.00777	0.00214	0.00320	0.01276	0.00676	0.00593
116	0.00874	0.00671	0.00800	0.00768	0.00948	0.00597	0.00576	0.01131	0.01727	0.02317	0.47773	0.05449	0.31050	0.01466	0.00777	0.00213	0.00319	0.01265	0.00682	0.00597
117	0.69903	0.01357	0.01116	0.00961	0.01386	0.01560	0.00792	0.12020	0.01411	0.03129	0.01014	0.01145	0.00773	0.00637	0.00444	0.00203	0.00541	0.00391	0.00444	0.00773
118	0.01477	0.01549	0.02619	0.02066	0.02281	0.01903	0.23682	0.01754	0.01184	0.01754	0.01015	0.01549	0.00908	0.00959	0.01714	0.00267	0.51602	0.00641	0.00303	0.00774
119	0.02501	0.01884	0.01972	0.01520	0.02041	0.04278	0.01252	0.68458	0.03057	0.04070	0.01563	0.01568	0.01111	0.00787	0.00657	0.00197	0.00739	0.00587	0.00649	0.01109
120	0.01486	0.31178	0.47128	0.01594	0.02413	0.01934	0.01941	0.02042	0.01370	0.01883	0.01081	0.01264	0.00838	0.00602	0.00549	0.00183	0.00872	0.00436	0.00279	0.00925
121	0.01733	0.72782	0.07694	0.01172	0.01760	0.02540	0.01206	0.01978	0.01341	0.01581	0.00931	0.01076	0.00844	0.00567	0.00435	0.00145	0.00720	0.00360	0.00281	0.00853
122	0.74237	0.01277	0.01017	0.00904	0.01312	0.01471	0.00741	0.02069	0.05416	0.05118	0.01076	0.01190	0.00820	0.00635	0.00431	0.00205	0.00512	0.00389	0.00436	0.00746
123	0.09002	0.01449	0.02050	0.06010	0.36542	0.01534	0.01517	0.08898	0.14638	0.04248	0.06273	0.01966	0.01550	0.00725	0.00642	0.00204	0.00671	0.00637	0.00466	0.00979
124	0.01582	0.01448	0.02253	0.03121	0.48486	0.01512	0.01702	0.04847	0.11118	0.02257	0.01702	0.04441	0.01511	0.00816	0.00753	0.00215	0.04173	0.06669	0.00418	0.00977
125	0.01665	0.01428	0.01504	0.01345	0.01722	0.01650	0.01049	0.05637	0.69385	0.02798	0.02644	0.02428	0.01981	0.00890	0.00670	0.00222	0.00527	0.00739	0.00670	0.01044
126	0.01307	0.01235	0.02090	0.63495	0.15821	0.01479	0.01860	0.01738	0.01347	0.01760	0.01181	0.01734	0.00905	0.00646	0.00657	0.00215	0.00862	0.00585	0.00298	0.00783
127	0.00848	0.00670	0.00763	0.00740	0.00932	0.00585	0.00555	0.01079	0.01665	0.02168	0.36390	0.05695	0.42526	0.01522	0.00777	0.00215	0.00323	0.01300	0.00663	0.00585
128	0.01243	0.01170	0.01975	0.75282	0.04534	0.01463	0.01828	0.01682	0.01316	0.01682	0.01170	0.01755	0.00878	0.00658	0.00658	0.00219	0.00878	0.00585	0.00293	0.00731
129	0.00819	0.00585	0.00784	0.00936	0.00982	0.00550	0.00641	0.00946	0.01277	0.01700	0.03619	0.71844	0.04317	0.02046	0.00845	0.00270	0.00397	0.06292	0.00611	0.00539
130	0.01365	0.01170	0.01365	0.00975	0.01560	0.00878	0.00780	0.01658	0.01365	0.02145	0.01170	0.01365	0.00975	0.00488	0.00488	0.00098	0.00488	0.00390	0.00390	0.80888
131	0.02503	0.01844	0.01976	0.01515	0.02042	0.02042	0.01251	0.70562	0.03095	0.04149	0.01581	0.01581	0.01120	0.00790	0.00659	0.00198	0.00724	0.00593	0.00659	0.01120
132	0.81514	0.01273	0.00968	0.00866	0.01273	0.01477	0.00713	0.01935	0.01120	0.02954	0.00917	0.01069	0.00713	0.00611	0.00407	0.00204	0.00509	0.00356	0.00407	0.00713
133	0.02564	0.01235	0.01708	0.01335	0.01828	0.01165	0.06523	0.03182	0.16589	0.52642	0.02514	0.02249	0.01660	0.00811	0.00673	0.00209	0.00596	0.00689	0.00746	0.01085
134	0.01333	0.01262	0.02136	0.58756	0.20359	0.01486	0.01873	0.01761	0.01359	0.01791	0.01186	0.01726	0.00916	0.00642	0.00657	0.00214	0.00855	0.00585	0.00300	0.00804
135	0.01586	0.01520	0.02594	0.12068	0.65070	0.01553	0.01999	0.01982	0.01478	0.02098	0.01231	0.01644	0.01024	0.00595	0.00652	0.00198	0.00793	0.00586	0.00322	0.01008
136	0.01776	0.01471	0.01560	0.01356	0.01750	0.01681	0.01068	0.15846	0.56727	0.03009	0.04639	0.02370	0.01975	0.00888	0.00671	0.00218	0.00552	0.00730	0.00669	0.01043
137	0.00837	0.00649	0.00762	0.00776	0.00936	0.00574	0.00566	0.01042	0.01576	0.02058	0.28919	0.20657	0.35010	0.01639	0.00791	0.00227	0.00336	0.01422	0.00651	0.00574
138	0.01865	0.14407	0.10663	0.06640	0.10618	0.07383	0.01430	0.23521	0.01954	0.02577	0.01368	0.04894	0.01130	0.00722	0.00602	0.00183	0.00766	0.00566	0.00435	0.08275
139	0.12150	0.01639	0.01770	0.01372	0.01881	0.01772	0.01133	0.49621	0.02629	0.16960	0.01691	0.01643	0.01166	0.00773	0.00629	0.00199	0.00668	0.00577	0.00657	0.01070
140	0.01948	0.01536	0.01966	0.17768	0.02546	0.08628	0.08669	0.16620	0.05074	0.14054	0.01621	0.01843	0.01195	0.01052	0.06077	0.00270	0.04641	0.00621	0.02975	0.00897
141	0.02464	0.01354	0.01576	0.01237	0.01696	0.01382	0.01012	0.30551	0.05087	0.31769	0.02118	0.02010	0.01444	0.00801	0.00631	0.00195	0.00589	0.00630	0.12410	0.01043
142	0.01243	0.01170	0.01975	0.75282	0.04534	0.01463	0.01828	0.01682	0.01316	0.01682	0.01170	0.01755	0.00878	0.00658	0.00658	0.00219	0.00878	0.00585	0.00293	0.00731
143	0.24918	0.01117	0.01286	0.01034	0.01482	0.01079	0.00849	0.02696	0.01623	0.46946	0.02083	0.01930	0.01377	0.00753	0.00572	0.00199	0.00523	0.00572	0.08002	0.00959
144	0.00962	0.00774	0.01069	0.01061	0.01267	0.00718	0.05397	0.01222	0.01532	0.01957	0.11173	0.10199	0.29261	0.01646	0.00835	0.00257	0.00498	0.28965	0.00602	0.00604
145	0.00881	0.00671	0.00809	0.00774	0.00952	0.00599	0.00581	0.01143	0.01742	0.02353	0.50491	0.05390	0.28309	0.01453	0.00777	0.00212	0.00318	0.01257	0.00687	0.00599
146	0.81514	0.01273	0.00968	0.00866	0.01273	0.01477	0.00713	0.01935	0.01120	0.02954	0.00917	0.01069	0.00713	0.00611	0.00407	0.00204	0.00509	0.00356	0.00407	0.00713
147	0.00849	0.00641	0.00764	0.00789	0.00935	0.00574	0.00570	0.01054	0.01552	0.02060	0.27729	0.25148	0.29340	0.01643	0.00785	0.00228	0.00338	0.01433	0.02993	0.00574
148	0.00922	0.00673	0.00866	0.00817	0.00977	0.00617	0.00613	0.01223	0.01839	0.02583	0.68037	0.05012	0.10621	0.01367	0.00777	0.00208	0.00312	0.01204	0.00717	0.00617
149	0.15938	0.01165	0.01447	0.01130	0.01623	0.01081	0.00933	0.04829	0.01791	0.59712	0.02292	0.02029	0.01464	0.00780	0.00620	0.00204	0.00556	0.00610	0.00743	0.01053
150	0.60389	0.01232	0.01118	0.00948	0.01383	0.01340	0.00781	0.02278	0.01326	0.21846	0.01369	0.01384	0.00959	0.00666	0.00476	0.00204	0.00523	0.00439	0.00517	0.00823
151	0.81514	0.01273	0.00968	0.00866	0.01273	0.01477	0.00713	0.01935	0.01120	0.02954	0.00917	0.01069	0.00713	0.00611	0.00407	0.00204	0.00509	0.00356	0.00407	0.00713
152	0.81514	0.01273	0.00968	0.00866	0.01273	0.01477	0.00713	0.01935	0.01120	0.02954	0.00917	0.01069	0.00713	0.00611	0.00407	0.00204	0.00509	0.00356	0.00407	0.00713
153	0.01212	0.01137	0.01888	0.70318	0.04292	0.01402	0.01740	0.01633	0.01329	0.01688	0.01536	0.02060	0.05641	0.00725	0.00666	0.00220	0.00841	0.00639	0.00314	0.00720
154	0.00847	0.00717	0.00739	0.00725	0.00951	0.00633	0.00546	0.01138	0.06191	0.01912	0.11652	0.05964	0.62511	0.01590	0.00771	0.00221	0.00344	0.01331	0.00624	0.00593
155	0.01736	0.73200	0.07298	0.01168	0.01753	0.02546	0.01198	0.01978	0.01341	0.01578	0.00930	0.01074	0.00844	0.00567	0.00434	0.00145	0.00719	0.00359	0.00281	0.00852
156	0.01629	0.01564	0.02672	0.04041	0.72757	0.01564	0.02020	0.02020	0.01499	0.02151	0.01238	0.01629	0.01043	0.00587	0.00652	0.00196	0.00782	0.00587	0.00326	0.01043
157	0.01365	0.01170	0.01365	0.00975	0.01560	0.00878	0.00780	0.01658	0.01365	0.02145	0.01170	0.01365	0.00975	0.00488	0.00488	0.00098	0.00488	0.00390	0.00390	0.80888
158	0.00867	0.00643	0.00819	0.00913	0.01027	0.00595	0.00680	0.01056	0.01442	0.01888	0.13474	0.38561	0.18482	0.01836	0.00833	0.00257	0.00407	0.15029	0.00625	0.00565
159	0.00802	0.00573	0.00764	0.00917	0.00955	0.00535	0.00611	0.00917	0.01260	0.01681	0.03628	0.76434	0.04354	0.02062	0.00840	0.00267	0.00382	0.01872	0.00611	0.00535
160	0.01629	0.01564	0.02672	0.04041	0.72757	0.01564	0.02020	0.02020	0.01499	0.02151	0.01238	0.01629	0.01043	0.00587	0.00652	0.00196	0.00782	0.00587	0.00326	0.01043
161	0.02954	0.01120	0.01528	0.01171	0.01681	0.00968	0.00968	0.03208	0.01884	0.73213	0.02597	0.02241	0.01630	0.00815	0.00662	0.00204	0.00560	0.00662	0.00815	0.01120
162	0.81514	0.01273	0.00968	0.00866	0.01273	0.01477	0.00713	0.01935	0.01120	0.02954	0.00917	0.01069	0.00713	0.00611	0.00407	0.00204	0.00509	0.00356	0.00407	0.00713
163	0.01801	0.01696	0.01436	0.01275	0.01585	0.23174	0.00979	0.07799	0.16620	0.07169	0.25913	0.02830	0.02999	0.00970	0.00682	0.00198	0.00669	0.00783	0.00598	0.00825
164	0.02851	0.01450	0.01609	0.01269	0.01757	0.10904	0.01031	0.08517	0.01979	0.58061	0.02303	0.02046	0.01484	0.00795	0.00653	0.00199	0.00658	0.00624	0.00738	0.01072
165	0.01008	0.00804	0.01187	0.01148	0.01250	0.00983	0.00906	0.01231	0.01051	0.01536	0.01642	0.02432	0.01541	0.04429	0.64564	0.00955	0.11696	0.00688	0.00344	0.00606
166	0.01343	0.01288	0.01796	0.01565	0.01578	0.01763	0.01280	0.01484	0.01009	0.01551	0.01070	0.01821	0.01086	0.08299	0.10165	0.00404	0.60893	0.00624	0.00305	0.00677
167	0.01629	0.01564	0.02672	0.04041	0.72757	0.01564	0.02020	0.02020	0.01499	0.02151	0.01238	0.01629	0.01043	0.00587	0.00652	0.00196	0.00782	0.00587	0.00326	0.01043
168	0.01066	0.00794	0.01121	0.01084	0.01231	0.00915	0.00845	0.06708	0.01218	0.01730	0.01758	0.02557	0.01626	0.06717	0.66299	0.00977	0.01647	0.00704	0.00378	0.00625
169	0.01577	0.01511	0.02578	0.13617	0.63587	0.01551	0.01995	0.01975	0.01474	0.02088	0.01229	0.01646	0.01021	0.00596	0.00653	0.00199	0.00795	0.00586	0.00321	0.01001
170	0.02072	0.00925	0.01245	0.01022	0.01377	0.00817	0.00817	0.02351	0.01875	0.42437	0.33042	0.03408	0.03628	0.01046	0.00712	0.00205	0.00451	0.00893	0.00776	0.00903
171	0.01629	0.01564	0.02672	0.04041	0.72757	0.01564	0.02020	0.02020	0.01499	0.02151	0.01238	0.01629	0.01043	0.00587	0.00652	0.00196	0.00782	0.00587	0.00326	0.01043
172	0.01243	0.01170	0.01975	0.75282	0.04534	0.01463	0.01828	0.01682	0.01316	0.01682	0.01170	0.01755	0.00878	0.00658	0.00658	0.00219	0.00878	0.00585	0.00293	0.00731
173	0.02404	0.03033	0.01919	0.01852	0.06740	0.69388	0.01322	0.02588	0.01841	0.01647	0.01032	0.01217	0.00861	0.00672	0.00597	0.00171	0.01160	0.00435	0.00338	0.00782
174	0.01259	0.00689	0.00778	0.00887	0.06514	0.00689	0.00585	0.01573	0.01390	0.02430	0.02075	0.02389	0.01636	0.00753	0.00475	0.00157	0.00345	0.00611	0.74117	0.00648
175	0.01144	0.00572	0.00858	0.00858	0.00858	0.00572	0.00572	0.00858	0.00858	0.01144	0.01144	0.02001	0.01144	0.02287	0.02573	0.80846	0.00572	0.00572	0.00286	0.00286
176	0.01365	0.01170	0.01365	0.00975	0.01560	0.00878	0.00780	0.01658	0.01365	0.02145	0.01170	0.01365	0.00975	0.00488	0.00488	0.00098	0.00488	0.00390	0.00390	0.80888
177	0.01500	0.01432	0.02438	0.27969	0.49843	0.01530	0.01956	0.01907	0.01438	0.01993	0.01215	0.01672	0.00987	0.00611	0.00654	0.00204	0.00814	0.00586	0.00315	0.00938
178	0.00925	0.00673	0.00870	0.00821	0.00979	0.00618	0.00616	0.01229	0.01847	0.02600	0.69375	0.04983	0.09271	0.01361	0.00777	0.00208	0.00312	0.01200	0.00719	0.00618
179	0.01243	0.01170	0.01975	0.75282	0.04534	0.01463	0.01828	0.01682	0.01316	0.01682	0.01170	0.01755	0.00878	0.00658	0.00658	0.00219	0.00878	0.00585	0.00293	0.00731
180	0.81514	0.01273	0.00968	0.00866	0.01273	0.01477	0.00713	0.01935	0.01120	0.02954	0.00917	0.01069	0.00713	0.00611	0.00407	0.00204	0.00509	0.00356	0.00407	0.00713
181	0.00932	0.00673	0.00880	0.00828	0.00984	0.00621	0.00621	0.01242	0.01863	0.02640	0.72410	0.04918	0.06212	0.01346	0.00776	0.00207	0.00311	0.01191	0.00725	0.00621
182	0.02737	0.01253	0.01583	0.01237	0.01733	0.01191	0.01015	0.12300	0.10314	0.55566	0.02470	0.02178	0.01606	0.00821	0.00662	0.00205	0.00578	0.00662	0.00777	0.01111
183	0.01061	0.00758	0.01061	0.01212	0.01364	0.00758	0.01061	0.01364	0.01515	0.01970	0.03486	0.07426	0.03789	0.01819	0.00909	0.00303	0.00606	0.68326	0.00606	0.00606
184	0.02459	0.03138	0.01866	0.01696	0.02035	0.74221	0.01272	0.02629	0.01866	0.01611	0.01018	0.01187	0.00848	0.00678	0.00594	0.00170	0.01187	0.00424	0.00339	0.00763
185	0.01365	0.01170	0.01365	0.00975	0.01560	0.00878	0.00780	0.01658	0.01365	0.02145	0.01170	0.01365	0.00975	0.00488	0.00488	0.00098	0.00488	0.00390	0.00390	0.80888
186	0.00932	0.00673	0.00880	0.00828	0.00984	0.00621	0.00621	0.01242	0.01863	0.02640	0.72410	0.04918	0.06212	0.01346	0.00776	0.00207	0.00311	0.01191	0.00725	0.00621
187	0.01568	0.44995	0.34032	0.01454	0.02196	0.02135	0.01697	0.02021	0.01360	0.01783	0.01032	0.01202	0.00840	0.00590	0.00511	0.00170	0.00822	0.00411	0.00280	0.00901
188	0.01440	0.01440	0.02016	0.01728	0.01728	0.02016	0.01440	0.01584	0.01008	0.01584	0.00864	0.01440	0.00864	0.01152	0.02160	0.00288	0.75659	0.00576	0.00288	0.00720
189	0.01365	0.01170	0.01365	0.00975	0.01560	0.00878	0.00780	0.01658	0.01365	0.02145	0.01170	0.01365	0.00975	0.00488	0.00488	0.00098	0.00488	0.00390	0.00390	0.80888
190	0.01440	0.01440	0.02016	0.01728	0.01728	0.02016	0.01440	0.01584	0.01008	0.01584	0.00864	0.01440	0.00864	0.01152	0.02160	0.00288	0.75659	0.00576	0.00288	0.00720
191	0.81514	0.01273	0.00968	0.00866	0.01273	0.01477	0.00713	0.01935	0.01120	0.02954	0.00917	0.01069	0.00713	0.00611	0.00407	0.00204	0.00509	0.00356	0.00407	0.00713
192	0.81514	0.01273	0.00968	0.00866	0.01273	0.01477	0.00713	0.01935	0.01120	0.02954	0.00917	0.01069	0.00713	0.00611	0.00407	0.00204	0.00509	0.00356	0.00407	0.00713
193	0.81514	0.01273	0.00968	0.00866	0.01273	0.01477	0.00713	0.01935	0.01120	0.02954	0.00917	0.01069	0.00713	0.00611	0.00407	0.00204	0.00509	0.00356	0.00407	0.00713
194	0.02459	0.03138	0.01866	0.01696	0.02035	0.74221	0.01272	0.02629	0.01866	0.01611	0.01018	0.01187	0.00848	0.00678	0.00594	0.00170	0.01187	0.00424	0.00339	0.00763
195	0.01440	0.01440	0.02016	0.01728	0.01728	0.02016	0.01440	0.01584	0.01008	0.01584	0.00864	0.01440	0.00864	0.01152	0.02160	0.00288	0.75659	0.00576	0.00288	0.00720
196	0.01554	0.01776	0.03885	0.02775	0.03441	0.01665	0.70366	0.02109	0.01554	0.02109	0.01332	0.01776	0.00999	0.00555	0.00777	0.00222	0.01110	0.00777	0.00333	0.00888
197	0.01440	0.01440	0.02016	0.01728	0.01728	0.02016	0.01440	0.01584	0.01008	0.01584	0.00864	0.01440	0.00864	0.01152	0.02160	0.00288	0.75659	0.00576	0.00288	0.00720
198	0.00785	0.00667	0.00677	0.00674	0.00894	0.00559	0.00506	0.00959	0.01517	0.01818	0.09704	0.06270	0.69431	0.01652	0.00778	0.00222	0.00332	0.01380	0.00617	0.00559
199	0.81514	0.01273	0.00968	0.00866	0.01273	0.01477	0.00713	0.01935	0.01120	0.02954	0.00917	0.01069	0.00713	0.00611	0.00407	0.00204	0.00509	0.00356	0.00407	0.00713
200	0.01463	0.01455	0.02094	0.02003	0.10155	0.01963	0.01509	0.01636	0.01066	0.01652	0.00909	0.01463	0.00885	0.01085	0.01981	0.00277	0.66775	0.00577	0.00293	0.00758
201	0.01365	0.01170	0.01365	0.00975	0.01560	0.00878	0.00780	0.01658	0.01365	0.02145	0.01170	0.01365	0.00975	0.00488	0.00488	0.00098	0.00488	0.00390	0.00390	0.80888
202	0.02463	0.01824	0.01953	0.01507	0.02026	0.02023	0.01242	0.67466	0.06256	0.04085	0.01631	0.01621	0.01161	0.00795	0.00659	0.00199	0.00715	0.00600	0.00659	0.01116
203	0.01637	0.01414	0.01489	0.01340	0.01712	0.01637	0.01042	0.03498	0.71568	0.02754	0.02679	0.02456	0.02010	0.00893	0.00670	0.00223	0.00521	0.00744	0.00670	0.01042
204	0.00911	0.00672	0.00851	0.00806	0.00971	0.00612	0.00605	0.01202	0.01814	0.02522	0.63444	0.05111	0.15250	0.01390	0.00777	0.00209	0.00314	0.01218	0.00709	0.00612
205	0.05555	0.01767	0.01935	0.07378	0.02210	0.01973	0.01276	0.62325	0.02874	0.03904	0.01521	0.01574	0.01084	0.00773	0.00649	0.00200	0.00728	0.00583	0.00619	0.01072
206	0.01243	0.01170	0.01975	0.75282	0.04534	0.01463	0.01828	0.01682	0.01316	0.01682	0.01170	0.01755	0.00878	0.00658	0.00658	0.00219	0.00878	0.00585	0.00293	0.00731
207	0.13680	0.07504	0.01681	0.01336	0.01673	0.07754	0.03278	0.19252	0.03834	0.02584	0.01946	0.08842	0.01875	0.01087	0.00771	0.00228	0.05667	0.15685	0.00513	0.00808
208	0.02954	0.01120	0.01528	0.01171	0.01681	0.00968	0.00968	0.03208	0.01884	0.73213	0.02597	0.02241	0.01630	0.00815	0.00662	0.00204	0.00560	0.00662	0.00815	0.01120
209	0.01480	0.01166	0.01377	0.00989	0.01569	0.00884	0.00794	0.01770	0.01403	0.07303	0.01274	0.01429	0.01023	0.00511	0.00500	0.00105	0.00493	0.00410	0.00421	0.75099
210	0.01734	0.01159	0.01403	0.01021	0.01588	0.00898	0.00824	0.02017	0.01486	0.18630	0.01501	0.01568	0.01127	0.00563	0.00528	0.00122	0.00504	0.00453	0.00489	0.62385
211	0.81514	0.01273	0.00968	0.00866	0.01273	0.01477	0.00713	0.01935	0.01120	0.02954	0.00917	0.01069	0.00713	0.00611	0.00407	0.00204	0.00509	0.00356	0.00407	0.00713
212	0.01554	0.01776	0.03885	0.02775	0.03441	0.01665	0.70366	0.02109	0.01554	0.02109	0.01332	0.01776	0.00999	0.00555	0.00777	0.00222	0.01110	0.00777	0.00333	0.00888
213	0.01629	0.01564	0.02672	0.04041	0.72757	0.01564	0.02020	0.02020	0.01499	0.02151	0.01238	0.01629	0.01043	0.00587	0.00652	0.00196	0.00782	0.00587	0.00326	0.01043
214	0.00932	0.00673	0.00880	0.00828	0.00984	0.00621	0.00621	0.01242	0.01863	0.02640	0.72410	0.04918	0.06212	0.01346	0.00776	0.00207	0.00311	0.01191	0.00725	0.00621
215	0.81514	0.01273	0.00968	0.00866	0.01273	0.01477	0.00713	0.01935	0.01120	0.02954	0.00917	0.01069	0.00713	0.00611	0.00407	0.00204	0.00509	0.00356	0.00407	0.00713
216	0.00802	0.00573	0.00764	0.00917	0.00955	0.00535	0.00611	0.00917	0.01260	0.01681	0.03628	0.76434	0.04354	0.02062	0.00840	0.00267	0.00382	0.01872	0.00611	0.00535
217	0.00778	0.00667	0.00667	0.00667	0.00889	0.00556	0.00500	0.00945	0.01501	0.01778	0.06669	0.06336	0.72490	0.01667	0.00778	0.00222	0.00333	0.01389	0.00611	0.00556
218	0.02954	0.01120	0.01528	0.01171	0.01681	0.00968	0.00968	0.03208	0.01884	0.73213	0.02597	0.02241	0.01630	0.00815	0.00662	0.00204	0.00560	0.00662	0.00815	0.01120
219	0.02954	0.01120	0.01528	0.01171	0.01681	0.00968	0.00968	0.03208	0.01884	0.73213	0.02597	0.02241	0.01630	0.00815	0.00662	0.00204	0.00560	0.00662	0.00815	0.01120
220	0.01243	0.01170	0.01975	0.75282	0.04534	0.01463	0.01828	0.01682	0.01316	0.01682	0.01170	0.01755	0.00878	0.00658	0.00658	0.00219	0.00878	0.00585	0.00293	0.00731
221	0.01243	0.01170	0.01975	0.75282	0.04534	0.01463	0.01828	0.01682	0.01316	0.01682	0.01170	0.01755	0.00878	0.00658	0.00658	0.00219	0.00878	0.00585	0.00293	0.00731
222	0.01637	0.01414	0.01489	0.01340	0.01712	0.01637	0.01042	0.03498	0.71568	0.02754	0.02679	0.02456	0.02010	0.00893	0.00670	0.00223	0.00521	0.00744	0.00670	0.01042
223	0.81514	0.01273	0.00968	0.00866	0.01273	0.01477	0.00713	0.01935	0.01120	0.02954	0.00917	0.01069	0.00713	0.00611	0.00407	0.00204	0.00509	0.00356	0.00407	0.00713
224	0.00837	0.00621	0.00861	0.06853	0.01241	0.00609	0.00708	0.00978	0.01265	0.01681	0.03432	0.70473	0.04077	0.01950	0.00826	0.00264	0.00422	0.01769	0.00586	0.00550
225	0.00810	0.00583	0.00768	0.00901	0.00954	0.00541	0.00607	0.00939	0.01310	0.01748	0.08325	0.68879	0.07197	0.01999	0.00834	0.00262	0.00375	0.01807	0.00619	0.00541
226	0.01243	0.01170	0.01975	0.75282	0.04534	0.01463	0.01828	0.01682	0.01316	0.01682	0.01170	0.01755	0.00878	0.00658	0.00658	0.00219	0.00878	0.00585	0.00293	0.00731
227	0.81514	0.01273	0.00968	0.00866	0.01273	0.01477	0.00713	0.01935	0.01120	0.02954	0.00917	0.01069	0.00713	0.00611	0.00407	0.00204	0.00509	0.00356	0.00407	0.00713
228	0.57742	0.01326	0.01198	0.01005	0.01445	0.01470	0.00828	0.11505	0.01516	0.14740	0.01285	0.01333	0.00920	0.00669	0.00484	0.00203	0.00547	0.00439	0.00509	0.00836
229	0.01452	0.01383	0.02351	0.36798	0.41388	0.01517	0.01932	0.01865	0.01415	0.01935	0.01207	0.01687	0.00967	0.00619	0.00655	0.00206	0.00826	0.00586	0.00311	0.00900
230	0.01567	0.01521	0.02636	0.03715	0.62443	0.01505	0.07375	0.01956	0.01503	0.02123	0.01607	0.01954	0.05792	0.00656	0.00670	0.00199	0.00778	0.00655	0.00345	0.00998
231	0.01609	0.01370	0.01759	0.02062	0.23010	0.01464	0.01269	0.07275	0.33350	0.04708	0.02751	0.02708	0.11960	0.00905	0.00679	0.00212	0.00587	0.00778	0.00561	0.00979
232	0.01790	0.01466	0.02115	0.02822	0.42247	0.06196	0.01548	0.02210	0.06332	0.12838	0.01622	0.01990	0.01316	0.05674	0.06692	0.00293	0.00827	0.00630	0.00431	0.00960
233	0.04863	0.01022	0.01624	0.01776	0.15377	0.01009	0.11077	0.01465	0.04091	0.01859	0.02360	0.30460	0.02573	0.15927	0.01254	0.00314	0.00628	0.01168	0.00466	0.00688
234	0.01862	0.09530	0.03901	0.06078	0.18281	0.07785	0.01275	0.04035	0.01717	0.18762	0.17595	0.02414	0.02297	0.00828	0.00652	0.00194	0.00660	0.00699	0.00533	0.00902
235	0.35498	0.04923	0.16614	0.04050	0.19053	0.05722	0.01467	0.02021	0.01325	0.02409	0.01063	0.01297	0.00836	0.00611	0.00530	0.00199	0.00729	0.00449	0.00349	0.00855
236	0.07793	0.11002	0.10030	0.02356	0.28665	0.07430	0.01551	0.06382	0.06297	0.06107	0.03308	0.01755	0.03156	0.00692	0.00607	0.00192	0.00748	0.00569	0.00411	0.00949

[dist]
# distance from previous block
# <min> <max>
0	4

# created by:
# /home/berkeley/.conda/envs/busco_data_prod/bin/msa2prfl.pl pipeline/OGs_align_augustus/5794/68864.fs
