[name]
unknown

[dist]
# distance from previous block
# <min> <max>
0	7

[block]
# block no. 0 follows, 32 sequences, length 50
# corresponding to MSA columns:
# 7-56
name=unknown_A
#
# <colnr> <probs for GDERKNQSTAVLIFYWHMCP>
#	G	D	E	R	K	N	Q	S	T	A	V	L	I	F	Y	W	H	M	C	P
0	0.00831	0.00627	0.00761	0.00861	0.00962	0.00569	0.00601	0.00969	0.01359	0.01739	0.04574	0.47335	0.25264	0.05643	0.00967	0.00279	0.00399	0.05102	0.00612	0.00549
1	0.20346	0.34967	0.06902	0.01112	0.01566	0.01854	0.01036	0.05101	0.01386	0.02109	0.01546	0.16353	0.01569	0.00912	0.00539	0.00192	0.00623	0.00696	0.00404	0.00787
2	0.03729	0.30281	0.19296	0.01692	0.05823	0.05101	0.08514	0.04919	0.01569	0.11259	0.01313	0.01446	0.00998	0.00638	0.00577	0.00184	0.00827	0.00502	0.00386	0.00947
3	0.01124	0.00812	0.00930	0.00862	0.01076	0.00793	0.00657	0.05988	0.07088	0.02585	0.37343	0.04518	0.18959	0.01278	0.00726	0.00207	0.00365	0.01091	0.12914	0.00684
4	0.01104	0.00916	0.04525	0.01038	0.01256	0.00813	0.03135	0.01409	0.01677	0.05825	0.44241	0.07058	0.08724	0.03498	0.07883	0.00312	0.04189	0.01094	0.00630	0.00673
5	0.01468	0.01468	0.02055	0.01762	0.01762	0.02055	0.01468	0.01615	0.01028	0.01615	0.00881	0.01468	0.00881	0.01174	0.02202	0.00294	0.75191	0.00587	0.00294	0.00734
6	0.01752	0.08221	0.15107	0.02534	0.31285	0.01538	0.01704	0.07245	0.01632	0.09337	0.01501	0.05220	0.01231	0.00706	0.00635	0.00192	0.00751	0.00612	0.00415	0.08381
7	0.01649	0.02596	0.32999	0.02742	0.28713	0.09212	0.05166	0.05143	0.01593	0.02193	0.01233	0.01512	0.00951	0.00633	0.00652	0.00204	0.00937	0.00545	0.00328	0.00998
8	0.00976	0.00651	0.00732	0.00732	0.00732	0.00651	0.00407	0.00976	0.00976	0.01301	0.02114	0.04391	0.02439	0.76419	0.03415	0.00651	0.00651	0.00976	0.00407	0.00407
9	0.01863	0.01552	0.02002	0.02290	0.25397	0.01675	0.01416	0.21444	0.23178	0.02983	0.05475	0.02101	0.01676	0.00796	0.00673	0.00208	0.00661	0.00681	0.02878	0.01050
10	0.00962	0.00705	0.01009	0.01009	0.01105	0.00801	0.00752	0.01154	0.01058	0.01506	0.01861	0.02988	0.01830	0.19348	0.59653	0.00993	0.01567	0.00770	0.00369	0.00560
11	0.00891	0.00671	0.00824	0.00812	0.00973	0.00604	0.00599	0.01144	0.01723	0.02333	0.45933	0.14381	0.23553	0.01551	0.00800	0.00223	0.00332	0.01355	0.00693	0.00604
12	0.00983	0.00751	0.01013	0.01021	0.01074	0.00843	0.00733	0.01119	0.01148	0.01602	0.05741	0.24750	0.02814	0.21354	0.22352	0.00595	0.09953	0.01143	0.00460	0.00553
13	0.00824	0.00678	0.00724	0.00719	0.00927	0.00579	0.00537	0.01020	0.01593	0.01978	0.19219	0.08272	0.57308	0.01648	0.00795	0.00225	0.00337	0.01392	0.00645	0.00579
14	0.01702	0.01377	0.01558	0.01141	0.01722	0.01213	0.00924	0.20012	0.01864	0.02734	0.01305	0.01450	0.01033	0.00580	0.00544	0.00127	0.00562	0.00453	0.00471	0.59228
15	0.02050	0.01164	0.01499	0.01222	0.01591	0.01185	0.04010	0.18699	0.01909	0.24251	0.02067	0.02311	0.01557	0.05568	0.15839	0.00402	0.00856	0.00680	0.12233	0.00906
16	0.01769	0.62269	0.03232	0.01259	0.01741	0.02540	0.01203	0.04337	0.01373	0.01678	0.00948	0.01157	0.00874	0.00677	0.00719	0.00169	0.12498	0.00404	0.00302	0.00851
17	0.00929	0.07368	0.06215	0.00829	0.01139	0.00824	0.00728	0.01152	0.01508	0.01822	0.05775	0.05670	0.58320	0.01531	0.00756	0.00221	0.00429	0.03590	0.00569	0.00624
18	0.02387	0.16042	0.02205	0.01596	0.02013	0.49793	0.01267	0.13208	0.02004	0.02040	0.01109	0.01250	0.00908	0.00689	0.00585	0.00172	0.01048	0.00446	0.00387	0.00850
19	0.01904	0.38514	0.09626	0.01448	0.05241	0.04534	0.01306	0.13500	0.06681	0.05870	0.01562	0.01628	0.04127	0.00710	0.00554	0.00176	0.00731	0.00518	0.00426	0.00943
20	0.01578	0.05354	0.13387	0.01860	0.14755	0.01277	0.06270	0.01984	0.01469	0.07019	0.01307	0.01521	0.01025	0.00569	0.00580	0.00154	0.00692	0.00495	0.00388	0.38316
21	0.00908	0.00684	0.00838	0.00800	0.00977	0.00615	0.00600	0.01185	0.01800	0.02454	0.54369	0.05401	0.23988	0.01460	0.00792	0.00215	0.00323	0.01268	0.00708	0.00615
22	0.01497	0.07293	0.29909	0.02750	0.28591	0.01612	0.10664	0.02037	0.01469	0.02096	0.01351	0.05226	0.01129	0.00682	0.00664	0.00208	0.00889	0.00632	0.00326	0.00976
23	0.01243	0.02029	0.34180	0.01457	0.02026	0.01115	0.04799	0.01757	0.01590	0.05560	0.24601	0.11598	0.03112	0.01058	0.00723	0.00220	0.00686	0.00922	0.00501	0.00824
24	0.00989	0.00798	0.01195	0.24848	0.02162	0.00871	0.01034	0.01226	0.01331	0.01756	0.06318	0.41752	0.03264	0.05269	0.00923	0.00274	0.00572	0.04293	0.00513	0.00611
25	0.01551	0.05690	0.21223	0.09467	0.08780	0.01589	0.04679	0.09934	0.16405	0.02467	0.06534	0.02210	0.04928	0.00807	0.00671	0.00212	0.00754	0.00682	0.00467	0.00950
26	0.00976	0.00651	0.00732	0.00732	0.00732	0.00651	0.00407	0.00976	0.00976	0.01301	0.02114	0.04391	0.02439	0.76419	0.03415	0.00651	0.00651	0.00976	0.00407	0.00407
27	0.04704	0.02227	0.20105	0.02236	0.17531	0.05444	0.05485	0.25372	0.02084	0.06302	0.01417	0.01578	0.01041	0.00694	0.00656	0.00204	0.00845	0.00572	0.00464	0.01041
28	0.81159	0.01298	0.00986	0.00882	0.01298	0.01505	0.00727	0.01972	0.01142	0.03010	0.00934	0.01090	0.00727	0.00623	0.00415	0.00208	0.00519	0.00363	0.00415	0.00727
29	0.01697	0.01674	0.09818	0.09434	0.29436	0.01524	0.04069	0.11736	0.07463	0.06058	0.01889	0.05812	0.04772	0.00806	0.00686	0.00212	0.00754	0.00719	0.00456	0.00984
30	0.01346	0.03471	0.72942	0.01912	0.02904	0.01558	0.02479	0.02125	0.01417	0.02125	0.01204	0.01417	0.00850	0.00637	0.00637	0.00212	0.00992	0.00496	0.00283	0.00992
31	0.09131	0.11014	0.14401	0.09434	0.15829	0.08047	0.01530	0.03728	0.01571	0.07937	0.07582	0.01954	0.03607	0.00745	0.00619	0.00198	0.00767	0.00599	0.00417	0.00892
32	0.04804	0.16230	0.06003	0.03605	0.14541	0.12549	0.01440	0.20247	0.01965	0.07208	0.01319	0.01474	0.01022	0.00708	0.00672	0.00192	0.04084	0.00521	0.00447	0.00972
33	0.00976	0.00651	0.00732	0.00732	0.00732	0.00651	0.00407	0.00976	0.00976	0.01301	0.02114	0.04391	0.02439	0.76419	0.03415	0.00651	0.00651	0.00976	0.00407	0.00407
34	0.01403	0.01391	0.02537	0.47405	0.16610	0.01551	0.15707	0.01865	0.01425	0.01889	0.01239	0.01770	0.00950	0.00636	0.00694	0.00220	0.00925	0.00636	0.00313	0.00835
35	0.05681	0.19341	0.13086	0.05349	0.08047	0.15966	0.03344	0.08910	0.01727	0.10627	0.01319	0.01456	0.01000	0.00669	0.00589	0.00187	0.00858	0.00500	0.00412	0.00932
36	0.01241	0.01090	0.03384	0.08466	0.05337	0.01091	0.07993	0.01773	0.12481	0.04464	0.09093	0.32048	0.03056	0.01360	0.00830	0.00244	0.03510	0.01227	0.00554	0.00756
37	0.00877	0.00637	0.00840	0.00980	0.01064	0.00600	0.00719	0.01044	0.01370	0.01792	0.03969	0.53119	0.10945	0.02004	0.00867	0.00277	0.00438	0.17273	0.00622	0.00564
38	0.01792	0.01645	0.01918	0.10346	0.15574	0.13572	0.04375	0.05845	0.14256	0.07077	0.02057	0.02461	0.05090	0.00868	0.00729	0.00215	0.03013	0.05115	0.03151	0.00901
39	0.03984	0.03444	0.02047	0.09244	0.09752	0.06535	0.04361	0.29939	0.08657	0.08991	0.01738	0.02027	0.01331	0.00806	0.00674	0.00210	0.00764	0.03931	0.00558	0.01009
40	0.01436	0.01434	0.01998	0.01713	0.01766	0.03971	0.04066	0.01612	0.01082	0.01629	0.01024	0.01627	0.00990	0.01642	0.11471	0.00390	0.60512	0.00608	0.00306	0.00724
41	0.00961	0.00644	0.00736	0.00751	0.00754	0.00641	0.00427	0.00972	0.01004	0.01339	0.02261	0.11022	0.02625	0.69535	0.03178	0.00615	0.00626	0.01062	0.00427	0.00419
42	0.02011	0.01866	0.01898	0.13657	0.04748	0.18615	0.04633	0.17091	0.15626	0.05333	0.01683	0.01818	0.01264	0.00758	0.00650	0.00202	0.00821	0.00606	0.05794	0.00927
43	0.01591	0.01532	0.05474	0.44656	0.06305	0.05022	0.01673	0.15081	0.03886	0.02322	0.04961	0.01891	0.01261	0.00737	0.00672	0.00215	0.00839	0.00622	0.00408	0.00852
44	0.01487	0.14805	0.22413	0.01892	0.13117	0.01716	0.01635	0.06341	0.01493	0.02050	0.02000	0.02194	0.11844	0.00884	0.00892	0.00214	0.13118	0.00652	0.00371	0.00882
45	0.01611	0.01626	0.01804	0.01945	0.16396	0.16506	0.05747	0.09014	0.01722	0.02111	0.02746	0.14288	0.15906	0.01125	0.00789	0.00217	0.04221	0.00949	0.00475	0.00803
46	0.00920	0.00698	0.00954	0.12561	0.01509	0.00712	0.00777	0.01086	0.01283	0.01699	0.03348	0.46736	0.09800	0.10733	0.01116	0.00302	0.00493	0.01500	0.03208	0.00565
47	0.01510	0.17988	0.01758	0.01222	0.01482	0.13383	0.00963	0.05722	0.06822	0.01897	0.02316	0.33527	0.02510	0.01320	0.00762	0.00221	0.04272	0.01094	0.00494	0.00737
48	0.01726	0.01871	0.19432	0.01916	0.15178	0.01335	0.03835	0.09723	0.01685	0.09886	0.01507	0.01684	0.01126	0.00649	0.00609	0.00179	0.00715	0.00546	0.07818	0.18579
49	0.01527	0.13659	0.25597	0.02447	0.26897	0.01666	0.01857	0.04080	0.04540	0.02120	0.01493	0.08410	0.01320	0.00766	0.00638	0.00203	0.00797	0.00656	0.00362	0.00963

[dist]
# distance from previous block
# <min> <max>
0	4

[block]
# block no. 1 follows, 32 sequences, length 11
# corresponding to MSA columns:
# 61-71
name=unknown_B
#
# <colnr> <probs for GDERKNQSTAVLIFYWHMCP>
#	G	D	E	R	K	N	Q	S	T	A	V	L	I	F	Y	W	H	M	C	P
0	0.01433	0.01256	0.04882	0.17529	0.21661	0.01196	0.04704	0.01778	0.01513	0.08598	0.09217	0.02998	0.11949	0.07304	0.00936	0.00250	0.00695	0.00821	0.00458	0.00823
1	0.01780	0.19233	0.10971	0.02124	0.12566	0.08367	0.15708	0.10488	0.01728	0.02246	0.05106	0.01661	0.01259	0.00686	0.00687	0.00195	0.03296	0.00591	0.00382	0.00925
2	0.13497	0.08599	0.14495	0.08192	0.20305	0.08685	0.07848	0.02051	0.01464	0.02140	0.01303	0.01843	0.01102	0.00700	0.00625	0.00207	0.00849	0.04859	0.00350	0.00886
3	0.00898	0.00618	0.00755	0.00831	0.00850	0.00599	0.00513	0.00955	0.01127	0.01503	0.02891	0.39486	0.03419	0.39987	0.02161	0.00465	0.00522	0.01433	0.00513	0.00474
4	0.01536	0.02042	0.19857	0.06297	0.30716	0.01646	0.11760	0.02125	0.05937	0.02129	0.01315	0.01664	0.01042	0.00684	0.00830	0.00219	0.08277	0.00610	0.00338	0.00975
5	0.01592	0.09675	0.27439	0.02754	0.27930	0.01722	0.12052	0.05085	0.01553	0.02192	0.01239	0.01538	0.00966	0.00614	0.00651	0.00202	0.00904	0.00568	0.00327	0.00998
6	0.04719	0.16632	0.05429	0.01410	0.01844	0.01777	0.05543	0.16483	0.15285	0.02491	0.01651	0.01878	0.01332	0.01668	0.16363	0.00388	0.03127	0.00607	0.00469	0.00903
7	0.00836	0.00622	0.00770	0.00863	0.00948	0.00579	0.00588	0.00962	0.01299	0.01686	0.04157	0.47694	0.20117	0.09525	0.05762	0.00350	0.00493	0.01623	0.00585	0.00540
8	0.01811	0.01700	0.02164	0.02363	0.24770	0.10456	0.08198	0.18828	0.02003	0.02594	0.05783	0.02509	0.12112	0.00865	0.00697	0.00204	0.00773	0.00754	0.00484	0.00934
9	0.01617	0.05426	0.21446	0.02856	0.36413	0.01643	0.01948	0.08842	0.01620	0.02301	0.01385	0.05656	0.01183	0.00736	0.00724	0.00209	0.03998	0.00632	0.00366	0.01000
10	0.01588	0.02372	0.29949	0.02648	0.22240	0.01640	0.15543	0.07079	0.06099	0.02344	0.01379	0.01647	0.01041	0.00642	0.00681	0.00212	0.00917	0.00608	0.00362	0.01010

[dist]
# distance from previous block
# <min> <max>
4	51

[block]
# block no. 2 follows, 32 sequences, length 7
# corresponding to MSA columns:
# 124-130
name=unknown_C
#
# <colnr> <probs for GDERKNQSTAVLIFYWHMCP>
#	G	D	E	R	K	N	Q	S	T	A	V	L	I	F	Y	W	H	M	C	P
0	0.01793	0.40156	0.15604	0.01390	0.01989	0.01967	0.06768	0.02126	0.01434	0.11661	0.01361	0.01662	0.01125	0.07396	0.00798	0.00217	0.00774	0.00517	0.00377	0.00887
1	0.12500	0.08031	0.04527	0.01532	0.05487	0.01442	0.09301	0.06522	0.01393	0.02105	0.01817	0.18898	0.01875	0.07217	0.03829	0.00298	0.11147	0.00899	0.00432	0.00747
2	0.00873	0.00645	0.00829	0.00955	0.01056	0.00601	0.00707	0.01044	0.01391	0.01800	0.04254	0.47061	0.17151	0.01968	0.00861	0.00272	0.00432	0.16911	0.00622	0.00566
3	0.01734	0.07692	0.11834	0.11919	0.07831	0.08725	0.01453	0.18775	0.04137	0.02560	0.09539	0.07317	0.01868	0.00879	0.00668	0.00206	0.00765	0.00720	0.00481	0.00898
4	0.07823	0.02014	0.12213	0.05980	0.02305	0.10534	0.06832	0.17940	0.12577	0.12574	0.01704	0.01753	0.01222	0.00746	0.00652	0.00208	0.00803	0.00598	0.00532	0.00990
5	0.01476	0.01208	0.06646	0.01319	0.01665	0.01051	0.08781	0.07216	0.07188	0.11019	0.20354	0.16958	0.03373	0.01228	0.00758	0.00229	0.00570	0.05054	0.03100	0.00808
6	0.01355	0.00838	0.01024	0.00972	0.01224	0.00782	0.00762	0.01737	0.07853	0.15262	0.16773	0.12652	0.23887	0.01472	0.00786	0.00237	0.00440	0.10522	0.00687	0.00735

[dist]
# distance from previous block
# <min> <max>
0	1

[block]
# block no. 3 follows, 32 sequences, length 6
# corresponding to MSA columns:
# 132-137
name=unknown_D
#
# <colnr> <probs for GDERKNQSTAVLIFYWHMCP>
#	G	D	E	R	K	N	Q	S	T	A	V	L	I	F	Y	W	H	M	C	P
0	0.17406	0.06972	0.08543	0.01356	0.01837	0.03782	0.06777	0.08173	0.08449	0.16308	0.05452	0.08638	0.01750	0.00876	0.00633	0.00211	0.00660	0.00718	0.00550	0.00907
1	0.06105	0.01518	0.01754	0.01389	0.01860	0.07946	0.05971	0.17608	0.06434	0.31009	0.06358	0.02314	0.04928	0.00860	0.00677	0.00207	0.00676	0.00702	0.00672	0.01011
2	0.13528	0.06701	0.09864	0.01608	0.02184	0.01845	0.11358	0.34978	0.02247	0.03227	0.01649	0.01753	0.04578	0.00756	0.00639	0.00205	0.00770	0.00610	0.00516	0.00983
3	0.01786	0.01822	0.02484	0.05570	0.02486	0.13655	0.24453	0.11921	0.04385	0.02296	0.01646	0.01938	0.04700	0.00801	0.00920	0.00219	0.11853	0.00685	0.05522	0.00856
4	0.02080	0.02303	0.01706	0.01544	0.01907	0.37029	0.01177	0.03131	0.37102	0.02235	0.01900	0.01869	0.01467	0.00803	0.00645	0.00201	0.00864	0.00598	0.00517	0.00923
5	0.00959	0.00719	0.01078	0.01078	0.01198	0.00839	0.00839	0.01198	0.01078	0.01558	0.01797	0.02636	0.01677	0.05032	0.73760	0.01078	0.01797	0.00719	0.00359	0.00599

[dist]
# distance from previous block
# <min> <max>
0	16

[block]
# block no. 4 follows, 32 sequences, length 42
# corresponding to MSA columns:
# 154-195
name=unknown_E
#
# <colnr> <probs for GDERKNQSTAVLIFYWHMCP>
#	G	D	E	R	K	N	Q	S	T	A	V	L	I	F	Y	W	H	M	C	P
0	0.01540	0.02116	0.16653	0.02660	0.03396	0.01671	0.57409	0.02145	0.01553	0.02145	0.01329	0.01738	0.00987	0.00579	0.00763	0.00224	0.01106	0.00737	0.00329	0.00921
1	0.00793	0.00680	0.00680	0.00680	0.00906	0.00566	0.00510	0.00963	0.01529	0.01813	0.06797	0.06457	0.71961	0.01699	0.00793	0.00227	0.00340	0.01416	0.00623	0.00566
2	0.00793	0.00680	0.00680	0.00680	0.00906	0.00566	0.00510	0.00963	0.01529	0.01813	0.06797	0.06457	0.71961	0.01699	0.00793	0.00227	0.00340	0.01416	0.00623	0.00566
3	0.01605	0.01319	0.01506	0.01095	0.01680	0.01113	0.00883	0.14259	0.01716	0.02562	0.01270	0.01432	0.01021	0.00554	0.00529	0.00118	0.00541	0.00436	0.00448	0.65914
4	0.00818	0.00584	0.00779	0.00934	0.00973	0.00545	0.00623	0.00934	0.01285	0.01713	0.03698	0.75981	0.04438	0.02102	0.00856	0.00273	0.00389	0.01908	0.00623	0.00545
5	0.01629	0.01351	0.01450	0.01283	0.01642	0.01522	0.01002	0.10575	0.50683	0.02911	0.12799	0.02921	0.05286	0.00996	0.00702	0.00222	0.00516	0.00833	0.00687	0.00989
6	0.00839	0.00609	0.00793	0.00912	0.00983	0.00563	0.00628	0.00988	0.01383	0.01843	0.11872	0.60255	0.09990	0.01978	0.00846	0.00263	0.00383	0.03676	0.00636	0.00559
7	0.01391	0.01193	0.01391	0.00994	0.01590	0.00894	0.00795	0.01690	0.01391	0.02186	0.01193	0.01391	0.00994	0.00497	0.00497	0.00099	0.00497	0.00398	0.00398	0.80521
8	0.01904	0.01684	0.01617	0.01488	0.04865	0.11694	0.01112	0.15655	0.37625	0.02850	0.02157	0.02117	0.01631	0.00832	0.00645	0.00206	0.00652	0.00662	0.09617	0.00988
9	0.01608	0.06229	0.12077	0.07057	0.55625	0.01647	0.02052	0.02048	0.01494	0.02124	0.01232	0.01600	0.01015	0.00605	0.00647	0.00199	0.00823	0.00570	0.00321	0.01026
10	0.02141	0.06548	0.08925	0.02420	0.24870	0.08820	0.07347	0.07047	0.01765	0.21137	0.01617	0.01732	0.01172	0.00683	0.00655	0.00199	0.00815	0.00594	0.00483	0.01028
11	0.02306	0.02682	0.01816	0.01628	0.01995	0.51381	0.01238	0.07427	0.18793	0.02100	0.01488	0.01552	0.01171	0.00752	0.00628	0.00188	0.01013	0.00523	0.00450	0.00871
12	0.26106	0.09224	0.04034	0.01667	0.08920	0.35864	0.01224	0.02324	0.01570	0.02121	0.01024	0.01213	0.00842	0.00649	0.00539	0.00185	0.00907	0.00423	0.00358	0.00805
13	0.01000	0.00727	0.00942	0.00924	0.00968	0.00807	0.00632	0.01097	0.01017	0.01415	0.01921	0.03563	0.02062	0.45483	0.29189	0.00785	0.05731	0.00857	0.00382	0.00498
14	0.01157	0.01092	0.04829	0.18286	0.08125	0.01090	0.01187	0.01589	0.07728	0.01887	0.05351	0.13752	0.10159	0.09527	0.05000	0.00327	0.02582	0.05153	0.00471	0.00708
15	0.41496	0.01162	0.01171	0.00977	0.01404	0.01203	0.00800	0.02439	0.01478	0.30436	0.01749	0.01717	0.01205	0.00722	0.00524	0.00202	0.00517	0.00515	0.09404	0.00879
16	0.01077	0.00892	0.00969	0.00913	0.01164	0.00889	0.00695	0.01763	0.20816	0.02323	0.23173	0.04977	0.35011	0.01393	0.00762	0.00223	0.00386	0.01180	0.00671	0.00721
17	0.02506	0.03198	0.01901	0.01729	0.02074	0.73725	0.01296	0.02679	0.01901	0.01642	0.01037	0.01210	0.00864	0.00691	0.00605	0.00173	0.01210	0.00432	0.00346	0.00778
18	0.02012	0.00864	0.01069	0.00921	0.01237	0.00795	0.00742	0.02301	0.01643	0.33351	0.02492	0.02784	0.01854	0.00883	0.00594	0.00190	0.00449	0.05661	0.39302	0.00852
19	0.00959	0.00719	0.01078	0.01078	0.01198	0.00839	0.00839	0.01198	0.01078	0.01558	0.01797	0.02636	0.01677	0.05032	0.73760	0.01078	0.01797	0.00719	0.00359	0.00599
20	0.00793	0.00680	0.00680	0.00680	0.00906	0.00566	0.00510	0.00963	0.01529	0.01813	0.06797	0.06457	0.71961	0.01699	0.00793	0.00227	0.00340	0.01416	0.00623	0.00566
21	0.01794	0.76823	0.03516	0.01148	0.01722	0.02655	0.01148	0.02009	0.01363	0.01579	0.00933	0.01076	0.00861	0.00574	0.00431	0.00144	0.00718	0.00359	0.00287	0.00861
22	0.06719	0.17837	0.02250	0.01461	0.01961	0.16263	0.01223	0.38731	0.02421	0.03096	0.01318	0.01391	0.01005	0.00724	0.00594	0.00184	0.00815	0.00506	0.00512	0.00988
23	0.00836	0.00678	0.00742	0.00734	0.00935	0.00583	0.00547	0.01043	0.01619	0.02044	0.24083	0.08749	0.51809	0.01627	0.00795	0.00224	0.00336	0.01381	0.00654	0.00583
24	0.81159	0.01298	0.00986	0.00882	0.01298	0.01505	0.00727	0.01972	0.01142	0.03010	0.00934	0.01090	0.00727	0.00623	0.00415	0.00208	0.00519	0.00363	0.00415	0.00727
25	0.01267	0.01193	0.02013	0.74806	0.04621	0.01491	0.01863	0.01714	0.01342	0.01714	0.01193	0.01789	0.00894	0.00671	0.00671	0.00224	0.00894	0.00596	0.00298	0.00745
26	0.00875	0.00683	0.00793	0.00766	0.00957	0.00601	0.00574	0.01121	0.01723	0.02271	0.40797	0.05702	0.37675	0.01528	0.00792	0.00218	0.00328	0.01310	0.00683	0.00601
27	0.01661	0.01594	0.02724	0.04119	0.72233	0.01594	0.02059	0.02059	0.01528	0.02192	0.01262	0.01661	0.01063	0.00598	0.00664	0.00199	0.00797	0.00598	0.00332	0.01063
28	0.14111	0.18569	0.09509	0.01931	0.13378	0.24832	0.04720	0.02244	0.01544	0.02000	0.01067	0.01285	0.00881	0.00629	0.00560	0.00183	0.00905	0.00456	0.00335	0.00862
29	0.00918	0.00685	0.00953	0.01180	0.05502	0.00653	0.00793	0.01089	0.01356	0.01800	0.03622	0.56432	0.06369	0.01949	0.00855	0.00273	0.00455	0.13919	0.00604	0.00591
30	0.01608	0.01296	0.04861	0.01065	0.01670	0.00939	0.00902	0.01924	0.01464	0.11709	0.01390	0.01513	0.01077	0.00549	0.00528	0.00119	0.00531	0.00440	0.00451	0.65965
31	0.01204	0.00980	0.01162	0.01150	0.03647	0.01041	0.00842	0.04020	0.22882	0.02327	0.16848	0.10137	0.15839	0.01903	0.12557	0.00364	0.00662	0.01053	0.00613	0.00769
32	0.02506	0.03198	0.01901	0.01729	0.02074	0.73725	0.01296	0.02679	0.01901	0.01642	0.01037	0.01210	0.00864	0.00691	0.00605	0.00173	0.01210	0.00432	0.00346	0.00778
33	0.02507	0.01481	0.01731	0.01313	0.01855	0.01458	0.01080	0.32781	0.02374	0.29143	0.01917	0.01819	0.01306	0.00758	0.00640	0.00185	0.00632	0.00592	0.00680	0.15748
34	0.01267	0.01193	0.02013	0.74806	0.04621	0.01491	0.01863	0.01714	0.01342	0.01714	0.01193	0.01789	0.00894	0.00671	0.00671	0.00224	0.00894	0.00596	0.00298	0.00745
35	0.02735	0.01089	0.01489	0.01200	0.01667	0.00956	0.01000	0.03002	0.01867	0.62605	0.02776	0.03038	0.01975	0.00977	0.00711	0.00222	0.00578	0.10247	0.00800	0.01067
36	0.02287	0.01748	0.01865	0.01490	0.01980	0.01958	0.01212	0.50122	0.23459	0.03803	0.01946	0.01878	0.01412	0.00837	0.00675	0.00209	0.00676	0.00650	0.00675	0.01117
37	0.01363	0.01290	0.02186	0.57593	0.21086	0.01516	0.01911	0.01798	0.01387	0.01831	0.01210	0.01758	0.00935	0.00653	0.00669	0.00218	0.00871	0.00597	0.00306	0.00823
38	0.00817	0.00668	0.00722	0.00735	0.00928	0.00573	0.00541	0.01000	0.01548	0.01919	0.15248	0.15255	0.54299	0.01707	0.00801	0.00230	0.00343	0.01452	0.00639	0.00573
39	0.01374	0.00770	0.00785	0.00740	0.00939	0.00799	0.00566	0.06803	0.05889	0.02650	0.02180	0.02435	0.01697	0.00792	0.00498	0.00164	0.00358	0.00632	0.69237	0.00691
40	0.02551	0.01879	0.02014	0.01544	0.02081	0.02081	0.01275	0.69996	0.03155	0.04229	0.01611	0.01611	0.01141	0.00805	0.00671	0.00201	0.00738	0.00604	0.00671	0.01141
41	0.01725	0.11807	0.01814	0.01344	0.01757	0.01823	0.01083	0.06293	0.58457	0.02701	0.02435	0.02268	0.01845	0.00860	0.00648	0.00215	0.00566	0.00697	0.00628	0.01038

[dist]
# distance from previous block
# <min> <max>
0	10

[block]
# block no. 5 follows, 32 sequences, length 16
# corresponding to MSA columns:
# 206-221
name=unknown_F
#
# <colnr> <probs for GDERKNQSTAVLIFYWHMCP>
#	G	D	E	R	K	N	Q	S	T	A	V	L	I	F	Y	W	H	M	C	P
0	0.01770	0.63318	0.12707	0.01279	0.01898	0.06088	0.01333	0.02058	0.01398	0.01655	0.00974	0.01129	0.00860	0.00588	0.00467	0.00154	0.00779	0.00381	0.00289	0.00874
1	0.00812	0.00680	0.00707	0.00700	0.00918	0.00575	0.00525	0.01000	0.01575	0.01921	0.14836	0.06279	0.63855	0.01659	0.00793	0.00225	0.00337	0.01391	0.00637	0.00575
2	0.01208	0.01102	0.01834	0.60690	0.03966	0.01366	0.01667	0.01616	0.01291	0.01684	0.01308	0.01951	0.01044	0.01506	0.14665	0.00387	0.01067	0.00620	0.00310	0.00717
3	0.81159	0.01298	0.00986	0.00882	0.01298	0.01505	0.00727	0.01972	0.01142	0.03010	0.00934	0.01090	0.00727	0.00623	0.00415	0.00208	0.00519	0.00363	0.00415	0.00727
4	0.01722	0.65117	0.14596	0.01270	0.01911	0.02480	0.01361	0.02028	0.01372	0.01666	0.00976	0.01131	0.00859	0.00584	0.00464	0.00155	0.00761	0.00381	0.00286	0.00882
5	0.01712	0.00761	0.00870	0.00774	0.01026	0.00720	0.00605	0.02011	0.01542	0.20906	0.02309	0.02444	0.01704	0.00795	0.00523	0.00170	0.00380	0.00638	0.59349	0.00761
6	0.00975	0.00655	0.00754	0.00754	0.00761	0.00662	0.00434	0.00990	0.00982	0.01317	0.02094	0.04281	0.02392	0.71948	0.07821	0.00677	0.00722	0.00960	0.00404	0.00419
7	0.00831	0.00639	0.00763	0.00837	0.00966	0.00571	0.00597	0.00995	0.01450	0.01856	0.11362	0.39102	0.31255	0.01864	0.00828	0.00250	0.00372	0.04263	0.00634	0.00565
8	0.02419	0.01753	0.01873	0.01451	0.01950	0.01934	0.01194	0.63079	0.02978	0.04054	0.01669	0.01701	0.01200	0.00803	0.00651	0.00197	0.00695	0.00606	0.08705	0.01089
9	0.01669	0.01382	0.02031	0.11032	0.32495	0.01452	0.01528	0.10480	0.09575	0.05960	0.01999	0.08875	0.04220	0.00866	0.00685	0.00212	0.00689	0.00774	0.03119	0.00958
10	0.01852	0.01475	0.01583	0.01364	0.01767	0.01666	0.01077	0.17151	0.50303	0.05487	0.06814	0.02468	0.02115	0.00915	0.00687	0.00220	0.00562	0.00752	0.00689	0.01054
11	0.00971	0.00671	0.00837	0.00837	0.00874	0.00708	0.00538	0.01043	0.01007	0.01379	0.02018	0.03857	0.02208	0.54698	0.24819	0.00781	0.00999	0.00898	0.00392	0.00465
12	0.01794	0.76823	0.03516	0.01148	0.01722	0.02655	0.01148	0.02009	0.01363	0.01579	0.00933	0.01076	0.00861	0.00574	0.00431	0.00144	0.00718	0.00359	0.00287	0.00861
13	0.02003	0.55229	0.03043	0.01318	0.01825	0.23499	0.01192	0.02206	0.01521	0.01597	0.00963	0.01116	0.00862	0.00608	0.00482	0.00152	0.00862	0.00380	0.00304	0.00837
14	0.01369	0.07245	0.69370	0.01873	0.02843	0.01615	0.02411	0.02119	0.01414	0.02097	0.01190	0.01399	0.00851	0.00634	0.00627	0.00209	0.00978	0.00489	0.00284	0.00985
15	0.01521	0.40254	0.24340	0.01419	0.02055	0.02003	0.03762	0.01926	0.01368	0.01795	0.03288	0.01516	0.01130	0.01168	0.09574	0.00285	0.00936	0.00485	0.00310	0.00863

[dist]
# distance from previous block
# <min> <max>
0	1

[block]
# block no. 6 follows, 32 sequences, length 23
# corresponding to MSA columns:
# 223-245
name=unknown_G
#
# <colnr> <probs for GDERKNQSTAVLIFYWHMCP>
#	G	D	E	R	K	N	Q	S	T	A	V	L	I	F	Y	W	H	M	C	P
0	0.00976	0.00651	0.00732	0.00732	0.00732	0.00651	0.00407	0.00976	0.00976	0.01301	0.02114	0.04391	0.02439	0.76419	0.03415	0.00651	0.00651	0.00976	0.00407	0.00407
1	0.01532	0.01764	0.11309	0.18384	0.42182	0.01580	0.09486	0.02006	0.01482	0.02080	0.01251	0.01674	0.00997	0.00614	0.00676	0.00209	0.00878	0.00606	0.00320	0.00971
2	0.01267	0.01193	0.02013	0.74806	0.04621	0.01491	0.01863	0.01714	0.01342	0.01714	0.01193	0.01789	0.00894	0.00671	0.00671	0.00224	0.00894	0.00596	0.00298	0.00745
3	0.01127	0.00977	0.06785	0.05118	0.01439	0.00797	0.03216	0.01470	0.01670	0.04961	0.36468	0.09681	0.07556	0.01225	0.00729	0.00212	0.00454	0.02882	0.12550	0.00684
4	0.02076	0.47935	0.02895	0.01358	0.01860	0.24033	0.01204	0.08279	0.01686	0.01834	0.01025	0.01164	0.00887	0.00630	0.00505	0.00158	0.00868	0.00403	0.00339	0.00861
5	0.01028	0.00715	0.00813	0.00824	0.00880	0.00726	0.00524	0.01226	0.06665	0.01565	0.02544	0.10940	0.04871	0.53821	0.02616	0.00529	0.00592	0.04910	0.03714	0.00498
6	0.15515	0.01571	0.01521	0.01328	0.01736	0.05247	0.01049	0.13487	0.45146	0.03004	0.02166	0.02059	0.01623	0.00834	0.00631	0.00217	0.00594	0.00651	0.00618	0.01003
7	0.01157	0.01284	0.10729	0.07389	0.08300	0.01035	0.05911	0.03946	0.01476	0.01965	0.03158	0.16600	0.16310	0.04659	0.04472	0.00299	0.00708	0.09392	0.00486	0.00723
8	0.01841	0.08356	0.29265	0.02054	0.11955	0.04380	0.04959	0.14789	0.01794	0.08071	0.01364	0.01542	0.01009	0.00702	0.00727	0.00206	0.05021	0.00550	0.00411	0.01005
9	0.01669	0.40074	0.25952	0.01560	0.05096	0.02146	0.01621	0.05513	0.06942	0.02010	0.01210	0.01350	0.00973	0.00634	0.00540	0.00178	0.00797	0.00457	0.00338	0.00942
10	0.00963	0.00700	0.00980	0.00980	0.01066	0.00785	0.00716	0.01135	0.01049	0.01485	0.01887	0.03133	0.01893	0.25234	0.53853	0.00957	0.01473	0.00792	0.00373	0.00545
11	0.06249	0.03088	0.45187	0.01922	0.02704	0.17167	0.10157	0.02239	0.01525	0.02075	0.01171	0.01400	0.00866	0.00640	0.00636	0.00205	0.01028	0.00510	0.00311	0.00920
12	0.06245	0.02278	0.29282	0.07002	0.07077	0.04171	0.13508	0.07478	0.01577	0.02257	0.01660	0.05938	0.04755	0.00792	0.00723	0.00219	0.03079	0.00687	0.00375	0.00898
13	0.00855	0.00604	0.00787	0.00919	0.00958	0.00572	0.00614	0.00964	0.01252	0.01666	0.03453	0.61748	0.04109	0.13228	0.01244	0.00331	0.00440	0.05138	0.00590	0.00528
14	0.00925	0.00660	0.00895	0.01010	0.01086	0.00658	0.00748	0.01095	0.01288	0.01721	0.03211	0.39553	0.03670	0.10980	0.11408	0.00439	0.00677	0.18860	0.00560	0.00556
15	0.01931	0.02096	0.17393	0.02478	0.20737	0.08729	0.14618	0.02454	0.04548	0.16034	0.01580	0.01750	0.01149	0.00668	0.00680	0.00207	0.00887	0.00618	0.00438	0.01005
16	0.02349	0.02777	0.04475	0.01810	0.05631	0.50514	0.01367	0.12647	0.05884	0.02136	0.01229	0.01380	0.00982	0.00730	0.00675	0.00187	0.03462	0.00492	0.00408	0.00868
17	0.01391	0.01193	0.01391	0.00994	0.01590	0.00894	0.00795	0.01690	0.01391	0.02186	0.01193	0.01391	0.00994	0.00497	0.00497	0.00099	0.00497	0.00398	0.00398	0.80521
18	0.01391	0.01193	0.01391	0.00994	0.01590	0.00894	0.00795	0.01690	0.01391	0.02186	0.01193	0.01391	0.00994	0.00497	0.00497	0.00099	0.00497	0.00398	0.00398	0.80521
19	0.01999	0.28345	0.08030	0.01790	0.12506	0.02110	0.01415	0.27167	0.02056	0.02724	0.01267	0.01404	0.01001	0.00664	0.00574	0.00176	0.00747	0.00498	0.00441	0.05084
20	0.02460	0.01270	0.01755	0.01684	0.13914	0.01136	0.01154	0.06503	0.01826	0.44000	0.02088	0.01978	0.01409	0.00729	0.00641	0.00186	0.00606	0.00608	0.00658	0.15395
21	0.01543	0.04853	0.27964	0.12701	0.17041	0.01599	0.01899	0.02398	0.16428	0.04678	0.01584	0.01773	0.01187	0.00697	0.00651	0.00212	0.00814	0.00589	0.00401	0.00987
22	0.50064	0.02049	0.01348	0.01217	0.01605	0.30057	0.00952	0.02252	0.01442	0.02470	0.00975	0.01137	0.00781	0.00650	0.00490	0.00194	0.00792	0.00391	0.00388	0.00747

[dist]
# distance from previous block
# <min> <max>
0	10

[block]
# block no. 7 follows, 32 sequences, length 16
# corresponding to MSA columns:
# 256-271
name=unknown_H
#
# <colnr> <probs for GDERKNQSTAVLIFYWHMCP>
#	G	D	E	R	K	N	Q	S	T	A	V	L	I	F	Y	W	H	M	C	P
0	0.01239	0.01154	0.01934	0.70131	0.04390	0.01431	0.01785	0.01665	0.01338	0.01714	0.01351	0.06484	0.01119	0.00761	0.00683	0.00227	0.00862	0.00679	0.00319	0.00733
1	0.01166	0.00583	0.00874	0.00874	0.00874	0.00583	0.00583	0.00874	0.00874	0.01166	0.01166	0.02040	0.01166	0.02331	0.02622	0.80478	0.00583	0.00583	0.00291	0.00291
2	0.02069	0.48963	0.02928	0.01336	0.01855	0.17699	0.01200	0.13200	0.01769	0.02023	0.01065	0.01192	0.00907	0.00637	0.00507	0.00159	0.00826	0.00414	0.00362	0.00889
3	0.01723	0.01768	0.16335	0.01564	0.02193	0.01270	0.13104	0.08733	0.01732	0.12856	0.08687	0.01992	0.01626	0.00706	0.00650	0.00182	0.00723	0.00630	0.00490	0.23036
4	0.02336	0.01762	0.06028	0.01527	0.02062	0.01776	0.04145	0.39077	0.16511	0.14710	0.01969	0.01896	0.01386	0.00811	0.00677	0.00209	0.00701	0.00648	0.00663	0.01107
5	0.01734	0.06206	0.12434	0.02913	0.31686	0.01622	0.18353	0.02281	0.05234	0.08801	0.01466	0.01733	0.01120	0.00632	0.00680	0.00207	0.00865	0.00633	0.00390	0.01011
6	0.02419	0.01009	0.01331	0.01080	0.01503	0.00872	0.00869	0.02650	0.01793	0.53716	0.03474	0.09768	0.14294	0.01100	0.00712	0.00217	0.00514	0.00918	0.00775	0.00986
7	0.05754	0.00878	0.01050	0.01064	0.01232	0.00901	0.00803	0.09528	0.03712	0.04768	0.02954	0.31930	0.03229	0.12833	0.01195	0.00321	0.00539	0.16053	0.00593	0.00660
8	0.02196	0.05911	0.02209	0.01756	0.06173	0.04310	0.10175	0.29958	0.09754	0.12679	0.01895	0.02192	0.01450	0.00831	0.00690	0.00211	0.00755	0.05228	0.00594	0.01033
9	0.01696	0.09804	0.02413	0.01942	0.07245	0.18164	0.19044	0.02174	0.07978	0.01990	0.02066	0.02962	0.05592	0.00929	0.00716	0.00218	0.00888	0.12919	0.00433	0.00825
10	0.01150	0.00699	0.00906	0.00949	0.01101	0.00635	0.00693	0.01327	0.01484	0.11673	0.10228	0.44132	0.13829	0.01783	0.00822	0.00254	0.00418	0.06613	0.00662	0.00644
11	0.01350	0.01317	0.01542	0.01408	0.01632	0.13709	0.11140	0.05812	0.01567	0.01937	0.02742	0.44309	0.03066	0.01532	0.00794	0.00245	0.00676	0.04010	0.00535	0.00680
12	0.01972	0.09058	0.02476	0.05758	0.13790	0.21041	0.12358	0.10356	0.12292	0.02288	0.01446	0.01637	0.01133	0.00690	0.00651	0.00197	0.00911	0.00587	0.00423	0.00936
13	0.01766	0.01584	0.02456	0.01790	0.02393	0.05160	0.26996	0.07651	0.01684	0.08768	0.01414	0.01640	0.01069	0.00589	0.00645	0.00170	0.00801	0.00591	0.00435	0.32397
14	0.01825	0.04825	0.02238	0.05115	0.02279	0.01451	0.18821	0.11727	0.10242	0.13030	0.05987	0.02813	0.01913	0.00896	0.00724	0.00219	0.00744	0.09447	0.00558	0.05146
15	0.04898	0.08163	0.06631	0.02072	0.13513	0.07412	0.11384	0.20544	0.05669	0.04572	0.05502	0.01799	0.01388	0.00740	0.00698	0.00203	0.02737	0.00626	0.00477	0.00974

[dist]
# distance from previous block
# <min> <max>
0	20

[block]
# block no. 8 follows, 32 sequences, length 14
# corresponding to MSA columns:
# 292-305
name=unknown_I
#
# <colnr> <probs for GDERKNQSTAVLIFYWHMCP>
#	G	D	E	R	K	N	Q	S	T	A	V	L	I	F	Y	W	H	M	C	P
0	0.01621	0.05027	0.19448	0.02170	0.20559	0.05169	0.01645	0.06058	0.12679	0.02347	0.03246	0.01728	0.01276	0.00676	0.00625	0.00188	0.00756	0.00564	0.00415	0.13803
1	0.01692	0.09185	0.23914	0.01749	0.08366	0.09423	0.01585	0.02546	0.19844	0.06363	0.07216	0.02004	0.01665	0.00775	0.00643	0.00204	0.00774	0.00621	0.00468	0.00962
2	0.05535	0.03602	0.14938	0.01897	0.16199	0.04989	0.01446	0.06472	0.04406	0.16320	0.08523	0.02193	0.04368	0.00792	0.00650	0.00199	0.00699	0.00654	0.00514	0.05604
3	0.01470	0.11530	0.02030	0.09512	0.22796	0.01453	0.01321	0.06551	0.05978	0.02302	0.15641	0.02724	0.08584	0.00883	0.00664	0.00196	0.00626	0.00762	0.00477	0.04502
4	0.01480	0.01566	0.13298	0.01754	0.11505	0.01205	0.05148	0.05469	0.04490	0.06566	0.01985	0.16603	0.01884	0.00992	0.00730	0.00206	0.02929	0.03881	0.00472	0.17840
5	0.01873	0.05224	0.02045	0.02244	0.22678	0.28436	0.01401	0.02241	0.06494	0.01936	0.01662	0.04098	0.05539	0.00790	0.00713	0.00190	0.04619	0.00613	0.00390	0.06813
6	0.01593	0.01389	0.01944	0.16796	0.17517	0.05850	0.05041	0.04701	0.07840	0.06152	0.10122	0.02254	0.01830	0.00949	0.03072	0.00240	0.05751	0.00696	0.05400	0.00864
7	0.01251	0.00625	0.00625	0.00625	0.00782	0.00625	0.00469	0.01563	0.01407	0.02502	0.02189	0.02502	0.01720	0.00782	0.00469	0.00156	0.00313	0.00625	0.80144	0.00625
8	0.10054	0.02841	0.49304	0.01701	0.02528	0.01610	0.02006	0.13723	0.01712	0.06516	0.01325	0.01464	0.00932	0.00675	0.00622	0.00210	0.00875	0.00510	0.00394	0.00998
9	0.05438	0.02729	0.01835	0.01643	0.01945	0.55160	0.01252	0.06013	0.01791	0.01815	0.01095	0.01404	0.00948	0.04259	0.00921	0.00212	0.09923	0.00482	0.00362	0.00773
10	0.01251	0.00625	0.00625	0.00625	0.00782	0.00625	0.00469	0.01563	0.01407	0.02502	0.02189	0.02502	0.01720	0.00782	0.00469	0.00156	0.00313	0.00625	0.80144	0.00625
11	0.23793	0.01236	0.01590	0.15418	0.15241	0.03364	0.01252	0.01726	0.01246	0.02109	0.01290	0.01839	0.01120	0.04848	0.17405	0.00429	0.04414	0.00570	0.00357	0.00753
12	0.01597	0.01488	0.02374	0.06172	0.54427	0.01513	0.01791	0.04935	0.06558	0.02266	0.01937	0.02207	0.08279	0.00743	0.00679	0.00205	0.00733	0.00692	0.00400	0.01004
13	0.01438	0.02500	0.39437	0.04447	0.10770	0.01526	0.05762	0.02325	0.14628	0.02277	0.04654	0.01844	0.01361	0.00710	0.00661	0.00211	0.00840	0.00606	0.00392	0.03610

[dist]
# distance from previous block
# <min> <max>
0	74

[block]
# block no. 9 follows, 32 sequences, length 9
# corresponding to MSA columns:
# 380-388
name=unknown_J
#
# <colnr> <probs for GDERKNQSTAVLIFYWHMCP>
#	G	D	E	R	K	N	Q	S	T	A	V	L	I	F	Y	W	H	M	C	P
0	0.04483	0.01395	0.01685	0.05504	0.18553	0.06661	0.01199	0.08570	0.06876	0.06097	0.08012	0.02094	0.01706	0.00747	0.00613	0.00182	0.00629	0.00625	0.12125	0.12243
1	0.01007	0.00856	0.00926	0.01020	0.01097	0.07547	0.00707	0.01141	0.01296	0.01661	0.03081	0.54229	0.03585	0.06478	0.11624	0.00402	0.00687	0.01543	0.00546	0.00567
2	0.01349	0.01190	0.01930	0.02736	0.40479	0.01204	0.01485	0.01652	0.01393	0.01955	0.01921	0.10102	0.01931	0.07940	0.11625	0.00386	0.00869	0.08610	0.00405	0.00836
3	0.01180	0.01005	0.01540	0.25800	0.12007	0.01113	0.01258	0.01413	0.01355	0.01791	0.08098	0.07362	0.14522	0.01265	0.01094	0.11952	0.05289	0.00872	0.00416	0.00668
4	0.01251	0.00625	0.00625	0.00625	0.00782	0.00625	0.00469	0.01563	0.01407	0.02502	0.02189	0.02502	0.01720	0.00782	0.00469	0.00156	0.00313	0.00625	0.80144	0.00625
5	0.43500	0.01376	0.01305	0.01117	0.01519	0.01570	0.00910	0.19865	0.06283	0.03105	0.01357	0.01546	0.01062	0.01334	0.11216	0.00335	0.00764	0.00505	0.00492	0.00839
6	0.13507	0.01307	0.01763	0.33110	0.14245	0.05849	0.01463	0.01834	0.01397	0.05561	0.01595	0.12491	0.01451	0.00870	0.00654	0.00220	0.00751	0.00747	0.00399	0.00787
7	0.01251	0.00625	0.00625	0.00625	0.00782	0.00625	0.00469	0.01563	0.01407	0.02502	0.02189	0.02502	0.01720	0.00782	0.00469	0.00156	0.00313	0.00625	0.80144	0.00625
8	0.12385	0.01365	0.02035	0.06398	0.35206	0.01455	0.01525	0.04406	0.01465	0.08920	0.01413	0.01778	0.01147	0.01318	0.11407	0.00337	0.05525	0.00591	0.00403	0.00923

[dist]
# distance from previous block
# <min> <max>
0	1

[block]
# block no. 10 follows, 32 sequences, length 21
# corresponding to MSA columns:
# 390-410
name=unknown_K
#
# <colnr> <probs for GDERKNQSTAVLIFYWHMCP>
#	G	D	E	R	K	N	Q	S	T	A	V	L	I	F	Y	W	H	M	C	P
0	0.01579	0.00864	0.01123	0.00977	0.01223	0.00813	0.00751	0.06809	0.01813	0.18777	0.36366	0.03672	0.06245	0.01377	0.01064	0.13747	0.00453	0.00943	0.00676	0.00729
1	0.01404	0.00942	0.01398	0.01634	0.15631	0.00967	0.01017	0.01659	0.02890	0.10866	0.04740	0.04687	0.01876	0.10555	0.27423	0.05754	0.01040	0.00758	0.04024	0.00734
2	0.00959	0.00719	0.01078	0.01078	0.01198	0.00839	0.00839	0.01198	0.01078	0.01558	0.01797	0.02636	0.01677	0.05032	0.73760	0.01078	0.01797	0.00719	0.00359	0.00599
3	0.01251	0.00625	0.00625	0.00625	0.00782	0.00625	0.00469	0.01563	0.01407	0.02502	0.02189	0.02502	0.01720	0.00782	0.00469	0.00156	0.00313	0.00625	0.80144	0.00625
4	0.06533	0.01891	0.01703	0.01389	0.01819	0.15609	0.01114	0.41841	0.02511	0.03374	0.01562	0.01656	0.01163	0.00770	0.00611	0.00189	0.00746	0.00562	0.13998	0.00962
5	0.01384	0.00968	0.02967	0.04182	0.05217	0.00908	0.00919	0.01801	0.06711	0.13294	0.27689	0.03644	0.09979	0.01791	0.13048	0.00356	0.00695	0.00934	0.00614	0.02899
6	0.03679	0.11902	0.32258	0.01681	0.03804	0.04420	0.08845	0.01895	0.03296	0.01899	0.01342	0.05532	0.01150	0.00994	0.00968	0.13743	0.00848	0.00603	0.00328	0.00811
7	0.01251	0.00625	0.00625	0.00625	0.00782	0.00625	0.00469	0.01563	0.01407	0.02502	0.02189	0.02502	0.01720	0.00782	0.00469	0.00156	0.00313	0.00625	0.80144	0.00625
8	0.01478	0.01626	0.03473	0.02533	0.03117	0.01552	0.58167	0.01989	0.01498	0.02050	0.01432	0.01949	0.01129	0.01319	0.13098	0.00370	0.01244	0.00780	0.00343	0.00853
9	0.01360	0.01266	0.02088	0.29708	0.30527	0.01409	0.01706	0.01713	0.01385	0.01896	0.01622	0.14230	0.01558	0.00916	0.00798	0.00227	0.05571	0.00817	0.00366	0.00836
10	0.01811	0.08717	0.12999	0.02081	0.19033	0.03706	0.05070	0.10137	0.01701	0.09527	0.01544	0.01755	0.01177	0.00705	0.00675	0.00194	0.03772	0.00578	0.13871	0.00947
11	0.01653	0.63988	0.03105	0.01136	0.01634	0.02349	0.01096	0.01872	0.01315	0.01575	0.01079	0.01339	0.00999	0.01326	0.12797	0.00301	0.00900	0.00420	0.00299	0.00817
12	0.01137	0.00596	0.00871	0.00871	0.00877	0.00602	0.00579	0.00900	0.00894	0.01198	0.01287	0.02293	0.01312	0.09528	0.06232	0.68923	0.00650	0.00627	0.00306	0.00318
13	0.01445	0.01124	0.01609	0.18963	0.11184	0.01188	0.01237	0.09070	0.01650	0.06785	0.11512	0.02719	0.07698	0.01589	0.13010	0.00350	0.00843	0.00759	0.00482	0.06783
14	0.00988	0.00729	0.00967	0.00962	0.01013	0.00813	0.00674	0.01104	0.01052	0.01466	0.02066	0.10879	0.02236	0.35430	0.30626	0.00754	0.06377	0.00944	0.00402	0.00520
15	0.01417	0.01319	0.01856	0.01612	0.01612	0.01807	0.01319	0.01490	0.01002	0.01539	0.00929	0.01564	0.00929	0.01369	0.02273	0.13817	0.62608	0.00586	0.00293	0.00659
16	0.01456	0.01377	0.02377	0.18107	0.41987	0.01452	0.06069	0.01849	0.01417	0.01984	0.01344	0.01861	0.01129	0.01359	0.13001	0.00354	0.01007	0.00630	0.00330	0.00909
17	0.01306	0.01269	0.02002	0.52790	0.03820	0.05266	0.07009	0.01713	0.01346	0.01718	0.01299	0.01902	0.01035	0.01399	0.13003	0.00365	0.01082	0.00624	0.00314	0.00735
18	0.00956	0.00716	0.00835	0.00817	0.00969	0.00680	0.00592	0.01134	0.04528	0.01842	0.15661	0.07821	0.35770	0.07601	0.01348	0.13796	0.02656	0.01173	0.00562	0.00545
19	0.01251	0.00625	0.00625	0.00625	0.00782	0.00625	0.00469	0.01563	0.01407	0.02502	0.02189	0.02502	0.01720	0.00782	0.00469	0.00156	0.00313	0.00625	0.80144	0.00625
20	0.01755	0.01692	0.02466	0.07288	0.24517	0.08186	0.15825	0.10976	0.08651	0.02418	0.01601	0.05178	0.01316	0.00739	0.00689	0.00209	0.00837	0.00701	0.04004	0.00950

[dist]
# distance from previous block
# <min> <max>
0	11

# created by:
# /home/berkeley/.conda/envs/busco_data_prod/bin/msa2prfl.pl pipeline/OGs_align_augustus/5794/68860.fs
