[name]
unknown

[dist]
# distance from previous block
# <min> <max>
0	24

[block]
# block no. 0 follows, 26 sequences, length 7
# corresponding to MSA columns:
# 24-30
name=unknown_A
#
# <colnr> <probs for GDERKNQSTAVLIFYWHMCP>
#	G	D	E	R	K	N	Q	S	T	A	V	L	I	F	Y	W	H	M	C	P
0	0.01135	0.00797	0.00959	0.00999	0.01060	0.00812	0.00666	0.01336	0.04942	0.01758	0.02896	0.15391	0.03241	0.45531	0.06399	0.00618	0.00747	0.09603	0.00543	0.00568
1	0.08523	0.06510	0.28436	0.01934	0.07539	0.06716	0.01878	0.07274	0.01840	0.11462	0.01559	0.01697	0.01134	0.00741	0.00677	0.00215	0.00912	0.00566	0.00472	0.09914
2	0.01827	0.05923	0.01918	0.04849	0.17436	0.01328	0.01303	0.07324	0.01886	0.13685	0.07216	0.21815	0.07631	0.01349	0.00816	0.00250	0.00653	0.01187	0.00640	0.00964
3	0.10728	0.05581	0.11236	0.01948	0.07156	0.12787	0.09481	0.07009	0.01792	0.02586	0.01636	0.05612	0.01381	0.00879	0.00802	0.00229	0.05554	0.00698	0.11966	0.00939
4	0.16191	0.15768	0.08021	0.01477	0.02086	0.08163	0.05877	0.06389	0.01759	0.02640	0.06242	0.01779	0.01473	0.00741	0.00617	0.00191	0.00791	0.00563	0.00457	0.18776
5	0.01793	0.12966	0.15332	0.04829	0.09465	0.08130	0.01610	0.06982	0.04979	0.02518	0.09521	0.06103	0.02063	0.00914	0.00708	0.00212	0.00830	0.00744	0.00486	0.09815
6	0.10212	0.09877	0.04831	0.01720	0.11095	0.04460	0.01251	0.02495	0.05831	0.17443	0.08558	0.02943	0.10573	0.00997	0.00713	0.00222	0.00679	0.00806	0.00616	0.04677

[dist]
# distance from previous block
# <min> <max>
6	54

[block]
# block no. 1 follows, 26 sequences, length 57
# corresponding to MSA columns:
# 85-141
name=unknown_B
#
# <colnr> <probs for GDERKNQSTAVLIFYWHMCP>
#	G	D	E	R	K	N	Q	S	T	A	V	L	I	F	Y	W	H	M	C	P
0	0.01461	0.01205	0.05445	0.01545	0.07889	0.01074	0.01110	0.01926	0.07841	0.07953	0.08610	0.18579	0.03001	0.08065	0.14874	0.00480	0.00899	0.01132	0.00591	0.06321
1	0.25428	0.02155	0.10456	0.01674	0.05780	0.15804	0.04119	0.02217	0.01537	0.02436	0.01323	0.01836	0.01148	0.07752	0.01119	0.04890	0.03012	0.00573	0.00410	0.06333
2	0.18982	0.08667	0.04275	0.01225	0.03821	0.04339	0.00972	0.01986	0.04019	0.04869	0.02465	0.08654	0.08011	0.01437	0.05245	0.04320	0.00702	0.00816	0.14389	0.00806
3	0.04918	0.25004	0.26203	0.01629	0.02421	0.04716	0.01764	0.06244	0.01763	0.08974	0.01434	0.01565	0.01087	0.00717	0.00627	0.00200	0.00893	0.00520	0.00430	0.08891
4	0.01659	0.01659	0.02323	0.01991	0.01991	0.02323	0.01659	0.01825	0.01162	0.01825	0.00996	0.01659	0.00996	0.01328	0.02489	0.00332	0.71955	0.00664	0.00332	0.00830
5	0.02003	0.20176	0.32184	0.01797	0.02614	0.08572	0.01968	0.09672	0.04604	0.04855	0.01450	0.01596	0.01097	0.00745	0.00663	0.00212	0.00979	0.00546	0.00422	0.03844
6	0.01861	0.01683	0.02808	0.17646	0.40902	0.01760	0.06628	0.02500	0.08369	0.05895	0.01668	0.02052	0.01307	0.00740	0.00765	0.00237	0.00907	0.00714	0.00438	0.01120
7	0.01351	0.01016	0.01116	0.01028	0.01265	0.05689	0.00779	0.01668	0.02087	0.07884	0.49485	0.05365	0.15351	0.01504	0.00870	0.00238	0.00456	0.01296	0.00792	0.00760
8	0.00994	0.00761	0.00917	0.00947	0.01130	0.00685	0.00712	0.01246	0.01819	0.02381	0.26781	0.18957	0.29829	0.01900	0.00924	0.00269	0.00418	0.07917	0.00747	0.00667
9	0.50744	0.01902	0.01520	0.06275	0.01995	0.13222	0.01101	0.10600	0.01744	0.03219	0.01195	0.01387	0.00921	0.00748	0.00563	0.00229	0.00779	0.00478	0.00484	0.00893
10	0.17105	0.00918	0.01027	0.01064	0.01286	0.00932	0.00820	0.01524	0.01565	0.04776	0.08084	0.25313	0.14406	0.02043	0.05792	0.00348	0.00616	0.11019	0.00651	0.00710
11	0.01311	0.00806	0.00990	0.00968	0.01185	0.00720	0.00716	0.01554	0.01816	0.11144	0.21917	0.23566	0.22386	0.01754	0.00876	0.00258	0.00425	0.01526	0.05340	0.00743
12	0.01800	0.01724	0.02940	0.16211	0.57658	0.01782	0.02290	0.02260	0.01691	0.02385	0.01413	0.01902	0.01169	0.00690	0.00752	0.00230	0.00920	0.00676	0.00369	0.01139
13	0.02657	0.02033	0.02308	0.02061	0.09997	0.02237	0.01518	0.51846	0.10371	0.04336	0.01915	0.01939	0.01393	0.00896	0.00759	0.00231	0.00817	0.00701	0.00716	0.01270
14	0.00924	0.00660	0.00880	0.01056	0.01100	0.00616	0.00704	0.01056	0.01452	0.01936	0.04181	0.72848	0.05017	0.02376	0.00968	0.00308	0.00440	0.02156	0.00704	0.00616
15	0.01602	0.02537	0.31281	0.02090	0.02777	0.01670	0.11956	0.06681	0.01761	0.02485	0.02026	0.03374	0.01841	0.01116	0.01009	0.00277	0.08220	0.15858	0.00454	0.00986
16	0.02606	0.01576	0.01836	0.01486	0.01990	0.01640	0.01212	0.26657	0.12755	0.24211	0.09755	0.02984	0.02433	0.01069	0.00792	0.00242	0.00680	0.04070	0.00822	0.01183
17	0.01707	0.01652	0.02304	0.17225	0.30590	0.08078	0.01831	0.02219	0.06358	0.02275	0.02060	0.10767	0.01951	0.01054	0.00800	0.00251	0.00875	0.06555	0.00465	0.00983
18	0.24417	0.09332	0.12252	0.01588	0.05441	0.10396	0.01379	0.02234	0.01519	0.05332	0.01443	0.01793	0.01187	0.01847	0.16372	0.00445	0.01138	0.00564	0.00423	0.00898
19	0.01263	0.01053	0.01580	0.01858	0.13949	0.01155	0.01208	0.01551	0.01422	0.01998	0.05377	0.03570	0.08313	0.06298	0.36754	0.00773	0.06451	0.04189	0.00459	0.00777
20	0.00985	0.00763	0.00897	0.00882	0.01083	0.00675	0.00654	0.01254	0.01912	0.02525	0.36993	0.11575	0.33522	0.01775	0.00901	0.00252	0.00376	0.01532	0.00768	0.00675
21	0.01609	0.01703	0.07270	0.01984	0.12043	0.06320	0.05185	0.02520	0.21185	0.02624	0.12866	0.09950	0.09112	0.01202	0.00815	0.00248	0.00710	0.01054	0.00622	0.00979
22	0.09008	0.01544	0.01406	0.01346	0.01644	0.11947	0.01032	0.08324	0.13609	0.02606	0.03372	0.21634	0.10215	0.01507	0.00821	0.00265	0.00685	0.07528	0.00650	0.00857
23	0.01498	0.02723	0.38248	0.02016	0.04541	0.01625	0.06289	0.02245	0.05571	0.02488	0.12096	0.02723	0.02218	0.00996	0.00956	0.00256	0.07990	0.04058	0.00455	0.01007
24	0.01525	0.01949	0.18174	0.01688	0.02190	0.06125	0.11347	0.01960	0.01718	0.05739	0.12690	0.10606	0.06338	0.10400	0.01223	0.00314	0.00844	0.03773	0.00540	0.00855
25	0.01622	0.01487	0.02313	0.10504	0.11695	0.05790	0.15809	0.02027	0.01731	0.04854	0.08403	0.05647	0.08265	0.01261	0.04504	0.00291	0.02806	0.00933	0.09169	0.00889
26	0.02102	0.09607	0.15800	0.04827	0.16147	0.04670	0.01841	0.23519	0.02306	0.03108	0.03896	0.05533	0.01544	0.00885	0.00734	0.00227	0.00893	0.00721	0.00519	0.01120
27	0.01892	0.10894	0.02518	0.02305	0.17054	0.07040	0.07962	0.08590	0.05259	0.04173	0.02031	0.05169	0.04503	0.09505	0.03910	0.00328	0.04606	0.00813	0.00481	0.00968
28	0.02124	0.02219	0.01820	0.06659	0.04913	0.29722	0.01295	0.07671	0.07834	0.04405	0.12317	0.07697	0.05942	0.01104	0.00772	0.00228	0.00918	0.00879	0.00573	0.00907
29	0.01534	0.01331	0.05018	0.12520	0.02205	0.01308	0.01233	0.08040	0.14129	0.04810	0.19647	0.06685	0.09323	0.03233	0.00918	0.00269	0.00640	0.05583	0.00677	0.00899
30	0.01139	0.00746	0.01084	0.01095	0.01180	0.00801	0.00798	0.01213	0.01247	0.01743	0.07759	0.09635	0.02506	0.06914	0.34874	0.24028	0.01272	0.00953	0.00450	0.00562
31	0.01793	0.03551	0.03821	0.01772	0.06658	0.04141	0.05162	0.11755	0.09041	0.06123	0.06947	0.10226	0.06874	0.01700	0.08035	0.00355	0.07396	0.03096	0.00600	0.00953
32	0.00990	0.00730	0.00951	0.01063	0.01171	0.00656	0.00724	0.01143	0.01464	0.01991	0.03893	0.65606	0.04621	0.02192	0.00927	0.00288	0.00452	0.01983	0.00678	0.08477
33	0.02031	0.01701	0.01797	0.01573	0.02028	0.01954	0.01236	0.13038	0.57998	0.03406	0.02903	0.02683	0.02167	0.01012	0.00770	0.00253	0.00634	0.00832	0.00770	0.01214
34	0.04678	0.18772	0.31417	0.01929	0.06808	0.01875	0.04594	0.02329	0.01620	0.07020	0.01608	0.06678	0.01345	0.00822	0.00679	0.00219	0.00908	0.00663	0.00412	0.05625
35	0.01521	0.03923	0.69413	0.02162	0.03283	0.01762	0.02802	0.02402	0.01601	0.02402	0.01361	0.01601	0.00961	0.00721	0.00721	0.00240	0.01121	0.00560	0.00320	0.01121
36	0.74733	0.01458	0.01149	0.01016	0.01492	0.01671	0.00837	0.02307	0.01337	0.06867	0.01158	0.01303	0.00877	0.00716	0.00485	0.00235	0.00590	0.00429	0.00494	0.00846
37	0.01697	0.02301	0.23678	0.04616	0.16865	0.01637	0.08052	0.10828	0.01892	0.02656	0.04128	0.11446	0.01894	0.03812	0.00911	0.00265	0.00915	0.00897	0.00472	0.01037
38	0.07057	0.09044	0.26166	0.02030	0.09196	0.01650	0.06721	0.05837	0.01694	0.02460	0.02189	0.15882	0.04745	0.01091	0.00756	0.00245	0.00860	0.00939	0.00460	0.00976
39	0.01055	0.00806	0.01150	0.01150	0.01304	0.00901	0.00891	0.01314	0.01297	0.01805	0.02899	0.03643	0.12090	0.05110	0.59678	0.01071	0.01779	0.00934	0.00452	0.00672
40	0.01976	0.01045	0.01305	0.01174	0.01476	0.00982	0.00881	0.08833	0.01908	0.24659	0.03702	0.28054	0.09767	0.09147	0.01174	0.00315	0.00576	0.01368	0.00763	0.00899
41	0.01738	0.01659	0.06301	0.14255	0.27303	0.04341	0.04150	0.02216	0.04193	0.07021	0.02165	0.13826	0.02025	0.01080	0.00806	0.00253	0.00850	0.04325	0.00493	0.01002
42	0.02236	0.07164	0.17775	0.02186	0.06556	0.21427	0.08465	0.05061	0.01859	0.09016	0.01448	0.01689	0.01110	0.00828	0.00942	0.00234	0.09937	0.00610	0.00432	0.01025
43	0.71049	0.01629	0.01224	0.01086	0.01556	0.06141	0.00886	0.04612	0.01429	0.03354	0.01092	0.01262	0.00849	0.00717	0.00494	0.00232	0.00646	0.00426	0.00475	0.00842
44	0.02698	0.02007	0.02165	0.01707	0.02273	0.02224	0.01408	0.56878	0.08967	0.04492	0.02061	0.02309	0.01562	0.00991	0.00777	0.00237	0.00806	0.04434	0.00756	0.01247
45	0.01573	0.01348	0.01573	0.01123	0.01798	0.01011	0.00899	0.01910	0.01573	0.02472	0.01348	0.01573	0.01123	0.00562	0.00562	0.00112	0.00562	0.00449	0.00449	0.77980
46	0.01521	0.03923	0.69413	0.02162	0.03283	0.01762	0.02802	0.02402	0.01601	0.02402	0.01361	0.01601	0.00961	0.00721	0.00721	0.00240	0.01121	0.00560	0.00320	0.01121
47	0.01220	0.00927	0.01258	0.01405	0.07987	0.00987	0.00881	0.01508	0.05195	0.01859	0.05622	0.03853	0.02495	0.33826	0.26894	0.00802	0.01186	0.00956	0.00470	0.00670
48	0.01467	0.01453	0.02098	0.33485	0.03457	0.08140	0.09487	0.01867	0.01682	0.02122	0.09813	0.14764	0.04704	0.01156	0.00825	0.00255	0.00884	0.01051	0.00482	0.00808
49	0.00988	0.00734	0.00929	0.01056	0.01148	0.00700	0.00724	0.01259	0.05483	0.02082	0.07969	0.59467	0.10202	0.02211	0.00946	0.00297	0.00441	0.01988	0.00715	0.00659
50	0.01038	0.00744	0.00957	0.00989	0.01113	0.00706	0.00711	0.01247	0.01681	0.02284	0.27553	0.22413	0.12454	0.09465	0.06257	0.03771	0.00570	0.04721	0.00689	0.00636
51	0.01962	0.06161	0.15439	0.07100	0.24536	0.05389	0.11991	0.06901	0.01868	0.06333	0.01609	0.02087	0.01278	0.00773	0.00763	0.00235	0.01000	0.03042	0.00434	0.01101
52	0.01257	0.00980	0.01516	0.06903	0.06028	0.01015	0.05611	0.01523	0.03764	0.02012	0.09236	0.13003	0.04746	0.09333	0.14121	0.12494	0.00934	0.04320	0.00512	0.00688
53	0.01019	0.00757	0.00955	0.00985	0.01147	0.00693	0.00735	0.01291	0.01865	0.02516	0.35267	0.21871	0.18339	0.01868	0.00927	0.00269	0.00415	0.07641	0.00766	0.00676
54	0.01526	0.01226	0.01988	0.09893	0.13938	0.01204	0.08828	0.01872	0.01663	0.07676	0.06737	0.15899	0.07320	0.04336	0.04830	0.00327	0.00812	0.04498	0.00555	0.04872
55	0.04881	0.08514	0.25208	0.02123	0.08615	0.08855	0.05580	0.12775	0.02013	0.07440	0.01680	0.05926	0.01351	0.00856	0.00725	0.00230	0.00970	0.00694	0.00480	0.01084
56	0.02264	0.02002	0.02674	0.10091	0.12909	0.10378	0.13353	0.18789	0.02278	0.08441	0.05238	0.02101	0.01537	0.00845	0.00846	0.00236	0.03656	0.00739	0.00543	0.01079

[dist]
# distance from previous block
# <min> <max>
2	23

[block]
# block no. 2 follows, 26 sequences, length 27
# corresponding to MSA columns:
# 165-191
name=unknown_C
#
# <colnr> <probs for GDERKNQSTAVLIFYWHMCP>
#	G	D	E	R	K	N	Q	S	T	A	V	L	I	F	Y	W	H	M	C	P
0	0.02416	0.01767	0.02374	0.06364	0.28676	0.06579	0.01702	0.11825	0.04050	0.19816	0.05326	0.02242	0.01698	0.00843	0.00759	0.00229	0.00829	0.00726	0.00608	0.01170
1	0.01917	0.01622	0.01983	0.10035	0.16050	0.08549	0.01462	0.09829	0.04328	0.08361	0.05130	0.11112	0.07537	0.03254	0.00987	0.00262	0.05083	0.00965	0.00567	0.00966
2	0.08505	0.05896	0.05319	0.01773	0.11173	0.01456	0.01266	0.10359	0.01889	0.08287	0.08099	0.19867	0.06677	0.01330	0.00874	0.00253	0.04319	0.01114	0.00612	0.00932
3	0.17898	0.01562	0.07079	0.01332	0.01700	0.04109	0.03678	0.05790	0.03905	0.05827	0.01796	0.02741	0.01665	0.23230	0.05320	0.00437	0.05235	0.00747	0.00487	0.05460
4	0.33705	0.07342	0.01556	0.01276	0.04966	0.01578	0.00972	0.07844	0.04502	0.03073	0.11405	0.02728	0.09671	0.00981	0.00639	0.00224	0.00587	0.00742	0.00569	0.05643
5	0.05231	0.01919	0.12228	0.02173	0.17177	0.01544	0.01593	0.13568	0.02031	0.09741	0.02251	0.02360	0.08021	0.00856	0.00714	0.00210	0.00763	0.00706	0.00545	0.16367
6	0.01736	0.05898	0.14777	0.01875	0.09594	0.15704	0.01514	0.05173	0.03848	0.02376	0.10093	0.10891	0.11063	0.01182	0.00779	0.00235	0.00842	0.00975	0.00528	0.00917
7	0.21140	0.01207	0.01379	0.01195	0.01560	0.01240	0.00930	0.02538	0.05017	0.27582	0.02508	0.12573	0.02159	0.10632	0.01216	0.00317	0.04259	0.00920	0.00687	0.00941
8	0.02016	0.28496	0.18499	0.02471	0.21184	0.02195	0.01926	0.04961	0.01740	0.07806	0.01421	0.01629	0.01122	0.00707	0.00649	0.00207	0.00895	0.00558	0.00406	0.01111
9	0.01065	0.00921	0.01122	0.06793	0.01505	0.00937	0.00856	0.01313	0.01730	0.02214	0.18564	0.05882	0.42655	0.01682	0.01069	0.00261	0.08711	0.01370	0.00657	0.00694
10	0.68203	0.01442	0.01205	0.01047	0.01532	0.01620	0.00862	0.02434	0.01414	0.12567	0.01326	0.01420	0.00969	0.00737	0.00510	0.00235	0.00595	0.00460	0.00535	0.00887
11	0.01070	0.00765	0.00993	0.01108	0.01202	0.00740	0.00791	0.03896	0.01620	0.02170	0.09574	0.51241	0.04824	0.06487	0.01138	0.00330	0.00502	0.10190	0.00702	0.00655
12	0.02664	0.02248	0.02401	0.02542	0.20619	0.16824	0.01648	0.26352	0.02562	0.12145	0.01728	0.01840	0.01276	0.00821	0.00741	0.00221	0.00944	0.00649	0.00597	0.01176
13	0.01872	0.02004	0.02653	0.06715	0.32135	0.15400	0.10351	0.02256	0.01810	0.02247	0.02426	0.02706	0.12290	0.00903	0.00781	0.00230	0.00965	0.00821	0.00432	0.01001
14	0.02545	0.01328	0.01407	0.01189	0.01588	0.08837	0.00938	0.02838	0.01937	0.35817	0.02674	0.06194	0.01961	0.00978	0.00687	0.00215	0.00620	0.00786	0.26450	0.01014
15	0.01025	0.00729	0.00982	0.01149	0.01230	0.00701	0.00850	0.01217	0.01524	0.02014	0.04037	0.49603	0.04699	0.05995	0.01144	0.00343	0.00535	0.20900	0.00690	0.00633
16	0.01775	0.01746	0.03077	0.15964	0.45036	0.01828	0.10603	0.02243	0.01665	0.02338	0.01401	0.01912	0.01149	0.00725	0.00876	0.00241	0.05257	0.00704	0.00367	0.01093
17	0.04833	0.05137	0.07563	0.02123	0.10943	0.22659	0.05401	0.05108	0.01928	0.10014	0.02030	0.09619	0.01840	0.01049	0.00767	0.00238	0.00973	0.06282	0.00520	0.00973
18	0.10571	0.01745	0.02668	0.09518	0.34362	0.01827	0.08190	0.12900	0.01965	0.02930	0.01509	0.01875	0.01190	0.00733	0.00724	0.00230	0.00874	0.00670	0.04422	0.01098
19	0.01271	0.00846	0.01187	0.01327	0.05400	0.00858	0.00884	0.04586	0.01406	0.01895	0.02590	0.24340	0.02840	0.06865	0.08668	0.26447	0.00761	0.06718	0.00516	0.00596
20	0.01167	0.00760	0.00932	0.00970	0.01142	0.00682	0.00696	0.01372	0.01690	0.07717	0.13780	0.36384	0.22056	0.01943	0.00899	0.00272	0.00426	0.01707	0.04707	0.00697
21	0.01738	0.01710	0.08288	0.18364	0.22485	0.01576	0.08860	0.02330	0.05711	0.07790	0.09355	0.02618	0.04063	0.00875	0.00789	0.00241	0.00870	0.00815	0.00494	0.01029
22	0.01053	0.00812	0.01075	0.01300	0.06684	0.00762	0.00840	0.01244	0.01559	0.02043	0.07535	0.36623	0.17598	0.09390	0.01238	0.00335	0.00520	0.08062	0.00657	0.00667
23	0.09618	0.26352	0.06717	0.04240	0.07740	0.26053	0.01508	0.02616	0.04886	0.02131	0.01252	0.01453	0.01044	0.00729	0.00612	0.00198	0.01006	0.00497	0.00387	0.00960
24	0.12415	0.09678	0.02729	0.03292	0.41816	0.01864	0.01835	0.05064	0.01774	0.10331	0.01533	0.01797	0.01207	0.00717	0.00686	0.00221	0.00817	0.00621	0.00463	0.01139
25	0.14758	0.13743	0.16690	0.01732	0.06138	0.01762	0.04853	0.06331	0.01815	0.10544	0.09105	0.02463	0.01963	0.00901	0.00695	0.00231	0.00795	0.03943	0.00530	0.01010
26	0.01747	0.10038	0.05633	0.01997	0.11820	0.09308	0.04452	0.04349	0.14937	0.02431	0.06234	0.15884	0.02481	0.01354	0.03700	0.00282	0.00836	0.00998	0.00552	0.00965

[dist]
# distance from previous block
# <min> <max>
0	1

[block]
# block no. 3 follows, 26 sequences, length 6
# corresponding to MSA columns:
# 193-198
name=unknown_D
#
# <colnr> <probs for GDERKNQSTAVLIFYWHMCP>
#	G	D	E	R	K	N	Q	S	T	A	V	L	I	F	Y	W	H	M	C	P
0	0.01337	0.01239	0.06230	0.12747	0.02110	0.01188	0.01215	0.05079	0.06923	0.02338	0.07471	0.26077	0.03236	0.05985	0.01118	0.00303	0.04283	0.04878	0.05453	0.00790
1	0.01356	0.01006	0.01181	0.01109	0.01345	0.00996	0.00832	0.14007	0.02149	0.02887	0.25768	0.25186	0.15761	0.01733	0.00890	0.00260	0.00481	0.01508	0.00759	0.00786
2	0.01699	0.01972	0.16636	0.01781	0.05055	0.06280	0.05397	0.07923	0.01834	0.05784	0.05704	0.13530	0.02382	0.01516	0.05538	0.00320	0.04462	0.05416	0.05846	0.00924
3	0.13566	0.01154	0.01225	0.01047	0.01435	0.01127	0.00826	0.09755	0.01897	0.10056	0.07167	0.07275	0.13599	0.01132	0.00689	0.00215	0.00517	0.00912	0.15737	0.10670
4	0.02052	0.02080	0.10231	0.01869	0.06052	0.13855	0.05347	0.06966	0.01923	0.11196	0.04990	0.09773	0.02085	0.01099	0.00895	0.00240	0.05633	0.05302	0.00555	0.07857
5	0.10595	0.01663	0.01891	0.01810	0.09088	0.10953	0.07013	0.02443	0.08644	0.08274	0.06473	0.09245	0.02118	0.00979	0.00719	0.00221	0.00749	0.00835	0.06044	0.10242

[dist]
# distance from previous block
# <min> <max>
2	15

[block]
# block no. 4 follows, 26 sequences, length 11
# corresponding to MSA columns:
# 214-224
name=unknown_E
#
# <colnr> <probs for GDERKNQSTAVLIFYWHMCP>
#	G	D	E	R	K	N	Q	S	T	A	V	L	I	F	Y	W	H	M	C	P
0	0.02028	0.73799	0.03975	0.01298	0.01947	0.03001	0.01298	0.02271	0.01541	0.01785	0.01055	0.01217	0.00973	0.00649	0.00487	0.00162	0.00811	0.00406	0.00324	0.00973
1	0.01630	0.04736	0.15967	0.01851	0.09557	0.08857	0.01517	0.04338	0.08882	0.02507	0.12059	0.12038	0.06516	0.01160	0.00778	0.00235	0.00771	0.00980	0.00553	0.05068
2	0.05655	0.01157	0.01251	0.01194	0.01477	0.01257	0.00902	0.02559	0.30348	0.02828	0.12990	0.16566	0.07307	0.01377	0.00790	0.00254	0.00493	0.01180	0.09505	0.00909
3	0.05427	0.01913	0.03434	0.17168	0.18172	0.05721	0.32310	0.02332	0.01718	0.02354	0.01430	0.01927	0.01108	0.00683	0.00804	0.00244	0.01114	0.00756	0.00377	0.01008
4	0.01998	0.06209	0.14091	0.05142	0.20097	0.01876	0.06448	0.15010	0.07683	0.05361	0.04443	0.02330	0.01641	0.00861	0.00763	0.00237	0.00887	0.03271	0.00524	0.01130
5	0.01485	0.05450	0.04320	0.01417	0.01694	0.06537	0.05782	0.01753	0.01585	0.05627	0.03209	0.21057	0.11410	0.01956	0.08278	0.00364	0.07938	0.03645	0.05710	0.00783
6	0.00924	0.00660	0.00880	0.01056	0.01100	0.00616	0.00704	0.01056	0.01452	0.01936	0.04181	0.72848	0.05017	0.02376	0.00968	0.00308	0.00440	0.02156	0.00704	0.00616
7	0.07437	0.11788	0.05066	0.01955	0.09657	0.04339	0.08263	0.14848	0.04599	0.07495	0.01951	0.08761	0.01732	0.07605	0.01016	0.00277	0.00831	0.00825	0.00544	0.01009
8	0.05551	0.01261	0.05273	0.01359	0.06131	0.04085	0.01016	0.01739	0.01790	0.08669	0.17434	0.12947	0.24280	0.01513	0.00895	0.00253	0.03057	0.01270	0.00668	0.00809
9	0.00981	0.00772	0.00886	0.00857	0.01076	0.00676	0.00643	0.01253	0.01929	0.02524	0.36636	0.06518	0.39055	0.01744	0.00896	0.00248	0.00372	0.01491	0.00767	0.00676
10	0.14308	0.02227	0.10984	0.06014	0.10707	0.11327	0.11216	0.08542	0.01888	0.07550	0.01754	0.01983	0.04122	0.00820	0.00782	0.00236	0.03375	0.00673	0.00476	0.01017

[dist]
# distance from previous block
# <min> <max>
8	45

[block]
# block no. 5 follows, 26 sequences, length 44
# corresponding to MSA columns:
# 272-315
name=unknown_F
#
# <colnr> <probs for GDERKNQSTAVLIFYWHMCP>
#	G	D	E	R	K	N	Q	S	T	A	V	L	I	F	Y	W	H	M	C	P
0	0.07418	0.08823	0.02565	0.04521	0.07739	0.15513	0.12986	0.05342	0.05631	0.13091	0.01921	0.07720	0.01583	0.00905	0.00741	0.00231	0.00938	0.00781	0.00536	0.01014
1	0.08951	0.31365	0.30242	0.01691	0.02489	0.09333	0.01886	0.02399	0.01606	0.02193	0.01192	0.01391	0.00955	0.00697	0.00601	0.00204	0.00975	0.00478	0.00343	0.01010
2	0.00955	0.00682	0.00916	0.01091	0.01149	0.00643	0.00758	0.01109	0.01483	0.01971	0.04164	0.66201	0.04949	0.02347	0.00976	0.00312	0.00467	0.08499	0.00704	0.00625
3	0.01823	0.01778	0.03124	0.11435	0.56117	0.01801	0.08143	0.02297	0.01711	0.02418	0.01429	0.01908	0.01177	0.00681	0.00765	0.00231	0.00947	0.00696	0.00372	0.01148
4	0.01850	0.01774	0.03030	0.08738	0.64742	0.01795	0.02314	0.02304	0.01714	0.02445	0.01422	0.01886	0.01190	0.00681	0.00751	0.00227	0.00908	0.00676	0.00373	0.01180
5	0.01432	0.01348	0.02275	0.71520	0.05224	0.01685	0.02107	0.01938	0.01517	0.01938	0.01348	0.02022	0.01011	0.00758	0.00758	0.00253	0.01011	0.00674	0.00337	0.00843
6	0.01877	0.01802	0.03079	0.04656	0.68612	0.01802	0.02328	0.02328	0.01727	0.02478	0.01427	0.01877	0.01201	0.00676	0.00751	0.00225	0.00901	0.00676	0.00375	0.01201
7	0.00952	0.00680	0.00912	0.01087	0.01143	0.00640	0.00752	0.01104	0.01479	0.01967	0.04165	0.66940	0.04957	0.02351	0.00975	0.00312	0.00464	0.07794	0.00704	0.00624
8	0.01088	0.00827	0.01001	0.00976	0.01176	0.00778	0.00737	0.01494	0.05976	0.02658	0.40529	0.08547	0.20677	0.04678	0.01025	0.00275	0.00421	0.05654	0.00771	0.00712
9	0.01668	0.08743	0.33614	0.01729	0.02457	0.04899	0.01894	0.07037	0.09004	0.02674	0.13604	0.02491	0.02284	0.01100	0.03337	0.00269	0.00925	0.00741	0.00501	0.01029
10	0.01963	0.01578	0.01973	0.01816	0.08068	0.01684	0.05178	0.27005	0.08770	0.03311	0.07070	0.09273	0.11168	0.03800	0.00989	0.00266	0.03370	0.01024	0.00668	0.01027
11	0.01887	0.01828	0.03155	0.09836	0.35472	0.01924	0.15997	0.08119	0.01830	0.02559	0.01433	0.01898	0.01159	0.00768	0.00972	0.00246	0.08691	0.00723	0.00404	0.01098
12	0.01723	0.01497	0.02280	0.06845	0.35825	0.01528	0.01703	0.10513	0.02003	0.02779	0.13030	0.10025	0.04834	0.01074	0.00804	0.00239	0.00743	0.00976	0.00546	0.01034
13	0.01535	0.01553	0.08265	0.01938	0.11092	0.03644	0.07974	0.02126	0.08672	0.05357	0.20676	0.07761	0.07485	0.03821	0.00952	0.00268	0.00712	0.04632	0.00622	0.00913
14	0.01975	0.01616	0.02099	0.02357	0.20810	0.01717	0.01489	0.20473	0.14933	0.03373	0.15798	0.03055	0.02782	0.01039	0.00797	0.00239	0.00705	0.02968	0.00666	0.01109
15	0.01308	0.00944	0.01218	0.01155	0.01331	0.01041	0.00872	0.07583	0.04003	0.02256	0.08982	0.03459	0.02543	0.15454	0.38337	0.00838	0.01366	0.00901	0.05686	0.00725
16	0.01464	0.00935	0.01178	0.01115	0.01294	0.00962	0.00813	0.07203	0.01564	0.08957	0.02882	0.12166	0.06470	0.25526	0.21154	0.00681	0.01039	0.03307	0.00572	0.00717
17	0.01537	0.01356	0.01585	0.01656	0.07490	0.10984	0.04554	0.01818	0.01770	0.05922	0.14342	0.21944	0.05661	0.01963	0.07673	0.00357	0.00835	0.07139	0.00619	0.00797
18	0.01050	0.00805	0.00983	0.00945	0.01163	0.00707	0.00698	0.01325	0.01867	0.02551	0.35987	0.18105	0.20584	0.01700	0.00878	0.00244	0.00398	0.01486	0.00745	0.07780
19	0.01747	0.01712	0.05367	0.33958	0.06105	0.07618	0.07365	0.06783	0.01838	0.05981	0.04122	0.02713	0.09597	0.00932	0.00783	0.00244	0.00938	0.00812	0.00470	0.00917
20	0.01708	0.01619	0.02682	0.22047	0.39028	0.01654	0.04325	0.02163	0.01649	0.02330	0.01397	0.01876	0.01137	0.00679	0.00729	0.00216	0.00892	0.00649	0.00377	0.12842
21	0.37321	0.01536	0.01441	0.01282	0.01738	0.01759	0.01021	0.03183	0.33296	0.06923	0.02147	0.02081	0.01604	0.00875	0.00632	0.00246	0.00597	0.00647	0.00642	0.01031
22	0.02213	0.11821	0.20086	0.01813	0.06420	0.07001	0.01687	0.10018	0.01969	0.14439	0.01652	0.01745	0.01208	0.00747	0.00674	0.00201	0.00872	0.00573	0.00513	0.14348
23	0.02012	0.04744	0.12012	0.04478	0.12685	0.25295	0.01778	0.02346	0.01701	0.02034	0.01482	0.08125	0.01386	0.01009	0.01090	0.00246	0.15534	0.00720	0.00391	0.00932
24	0.01088	0.00749	0.00881	0.00881	0.00916	0.00761	0.00538	0.01139	0.01158	0.01548	0.02661	0.04816	0.06633	0.59089	0.13402	0.00777	0.00904	0.01091	0.00467	0.00502
25	0.02301	0.04488	0.02540	0.09286	0.19540	0.06249	0.03824	0.28223	0.10061	0.03370	0.01746	0.01931	0.01324	0.00824	0.00749	0.00230	0.00888	0.00686	0.00572	0.01169
26	0.01655	0.01302	0.01557	0.04028	0.07177	0.01403	0.01122	0.11698	0.21440	0.02983	0.10707	0.16517	0.05376	0.01311	0.00801	0.00250	0.00583	0.01132	0.07991	0.00965
27	0.01825	0.02631	0.26846	0.02483	0.12667	0.04404	0.10767	0.09433	0.08648	0.02686	0.01890	0.02114	0.04340	0.00848	0.00866	0.00245	0.05038	0.00719	0.00453	0.01098
28	0.00964	0.00748	0.00887	0.00940	0.01111	0.00660	0.00677	0.01166	0.01676	0.02170	0.14841	0.32839	0.30276	0.02010	0.00919	0.00273	0.00418	0.03666	0.00715	0.03044
29	0.05025	0.01754	0.09344	0.07593	0.30316	0.01543	0.05403	0.02337	0.03929	0.08656	0.08447	0.02900	0.02112	0.00932	0.00787	0.00245	0.00834	0.06273	0.00510	0.01059
30	0.01869	0.01709	0.02647	0.03131	0.34442	0.01687	0.07822	0.08528	0.05243	0.02672	0.01573	0.02000	0.01307	0.03753	0.00913	0.00232	0.03046	0.00680	0.00451	0.16295
31	0.01651	0.01813	0.06172	0.02381	0.05345	0.03921	0.34209	0.02186	0.04013	0.02310	0.01855	0.06563	0.01663	0.08313	0.01138	0.00287	0.01011	0.02767	0.00440	0.11963
32	0.01201	0.00807	0.00935	0.00908	0.01143	0.00703	0.00673	0.01418	0.01789	0.09133	0.17809	0.16064	0.38243	0.04478	0.01003	0.00276	0.00428	0.01535	0.00744	0.00711
33	0.02029	0.01502	0.01657	0.01462	0.01890	0.01669	0.01144	0.03744	0.51942	0.12606	0.09059	0.03055	0.02698	0.01064	0.00782	0.00252	0.00584	0.00891	0.00802	0.01169
34	0.01976	0.66575	0.10740	0.01387	0.02085	0.02873	0.01453	0.02285	0.01547	0.01848	0.01086	0.01257	0.00972	0.00656	0.00511	0.00170	0.00843	0.00422	0.00324	0.00989
35	0.00921	0.00672	0.00868	0.01025	0.01092	0.00619	0.00690	0.01060	0.01482	0.01948	0.04558	0.65791	0.11831	0.02327	0.00960	0.00302	0.00434	0.02097	0.00704	0.00619
36	0.01983	0.08438	0.01961	0.01557	0.02003	0.08044	0.01233	0.03780	0.55442	0.02929	0.02731	0.02552	0.02074	0.00972	0.00738	0.00243	0.00688	0.00783	0.00697	0.01151
37	0.01962	0.01447	0.02479	0.15558	0.03019	0.01480	0.18494	0.07083	0.01856	0.16014	0.02163	0.02985	0.01746	0.01668	0.11377	0.00405	0.01115	0.07621	0.00554	0.00975
38	0.01728	0.19951	0.33622	0.01962	0.06256	0.01988	0.04273	0.08063	0.01764	0.02424	0.01668	0.09848	0.01486	0.00908	0.00705	0.00228	0.00935	0.00738	0.00412	0.01043
39	0.01060	0.00752	0.00988	0.01137	0.01257	0.00719	0.00876	0.01290	0.01595	0.02120	0.04347	0.39022	0.10421	0.02147	0.00967	0.00311	0.00526	0.24864	0.04948	0.00654
40	0.00912	0.00708	0.00830	0.00928	0.01066	0.00627	0.00647	0.01071	0.01576	0.01987	0.05743	0.43611	0.33245	0.02173	0.00936	0.00285	0.00415	0.01909	0.00704	0.00627
41	0.01628	0.01679	0.12022	0.02181	0.12317	0.01291	0.13492	0.02060	0.01733	0.10041	0.03268	0.14058	0.12895	0.01287	0.00857	0.00263	0.00804	0.06615	0.00565	0.00944
42	0.09068	0.05908	0.08492	0.01893	0.06296	0.23377	0.01514	0.13128	0.17630	0.02858	0.01748	0.01821	0.01343	0.00836	0.00696	0.00223	0.00954	0.00615	0.00536	0.01063
43	0.30074	0.17479	0.08991	0.08177	0.05396	0.05760	0.01426	0.10187	0.01746	0.02860	0.01232	0.01451	0.00970	0.00727	0.00586	0.00218	0.00816	0.00500	0.00438	0.00965

[dist]
# distance from previous block
# <min> <max>
5	15

[block]
# block no. 6 follows, 26 sequences, length 81
# corresponding to MSA columns:
# 332-412
name=unknown_G
#
# <colnr> <probs for GDERKNQSTAVLIFYWHMCP>
#	G	D	E	R	K	N	Q	S	T	A	V	L	I	F	Y	W	H	M	C	P
0	0.01865	0.23729	0.36731	0.02078	0.07962	0.08566	0.02160	0.04620	0.01713	0.02262	0.01277	0.01499	0.00996	0.00709	0.00654	0.00212	0.01028	0.00523	0.00348	0.01068
1	0.01038	0.00757	0.00858	0.00884	0.00991	0.00711	0.00596	0.01154	0.01422	0.01815	0.06579	0.10067	0.23974	0.36942	0.02368	0.00503	0.00590	0.07605	0.00588	0.00559
2	0.01877	0.01802	0.03079	0.04656	0.68612	0.01802	0.02328	0.02328	0.01727	0.02478	0.01427	0.01877	0.01201	0.00676	0.00751	0.00225	0.00901	0.00676	0.00375	0.01201
3	0.01671	0.01858	0.11078	0.02457	0.23160	0.01395	0.04185	0.02127	0.01634	0.02463	0.01382	0.01692	0.01128	0.00622	0.00656	0.00170	0.00771	0.00553	0.00406	0.40592
4	0.01084	0.00813	0.01219	0.01219	0.01354	0.00948	0.00948	0.01354	0.01219	0.01761	0.02032	0.02980	0.01896	0.05689	0.70337	0.01219	0.02032	0.00813	0.00406	0.00677
5	0.02833	0.03615	0.02149	0.01954	0.02345	0.70298	0.01466	0.03029	0.02149	0.01856	0.01172	0.01368	0.00977	0.00782	0.00684	0.00195	0.01368	0.00489	0.00391	0.00879
6	0.01119	0.00735	0.00871	0.00871	0.00881	0.00746	0.00514	0.01114	0.01103	0.01481	0.02277	0.04597	0.02576	0.62416	0.09014	0.06898	0.00831	0.01045	0.00445	0.00466
7	0.01560	0.01504	0.01208	0.01156	0.01270	0.19167	0.00764	0.01633	0.01389	0.01596	0.02039	0.03856	0.02219	0.48817	0.08244	0.00630	0.01005	0.00918	0.00437	0.00588
8	0.03125	0.01737	0.02037	0.01561	0.02159	0.01777	0.01290	0.37092	0.02918	0.34687	0.02365	0.02175	0.01563	0.00924	0.00761	0.00231	0.00747	0.00720	0.00842	0.01290
9	0.02715	0.01820	0.02230	0.02138	0.14260	0.01914	0.01486	0.38517	0.02843	0.16810	0.02016	0.02039	0.01427	0.00872	0.00745	0.00226	0.00782	0.00699	0.05224	0.01240
10	0.78701	0.01467	0.01115	0.00997	0.01467	0.01702	0.00821	0.02230	0.01291	0.03403	0.01056	0.01232	0.00821	0.00704	0.00469	0.00235	0.00587	0.00411	0.00469	0.00821
11	0.01818	0.01756	0.02985	0.04149	0.55943	0.01754	0.07208	0.02369	0.05571	0.02492	0.01869	0.02238	0.04872	0.00761	0.00771	0.00231	0.00886	0.00754	0.00417	0.01157
12	0.01704	0.01492	0.02420	0.37861	0.25051	0.01679	0.02006	0.02301	0.06822	0.05817	0.01627	0.02108	0.01258	0.00959	0.03527	0.00282	0.00964	0.00699	0.00419	0.01004
13	0.01276	0.00902	0.01081	0.01037	0.01303	0.00808	0.00797	0.04028	0.01831	0.06852	0.15177	0.19298	0.25287	0.01742	0.00883	0.00259	0.00478	0.08446	0.00719	0.07796
14	0.01989	0.01862	0.01748	0.12105	0.02354	0.18397	0.01249	0.11832	0.02022	0.04829	0.02228	0.12397	0.05135	0.01063	0.00733	0.00215	0.00836	0.00860	0.04679	0.13467
15	0.01722	0.01607	0.02243	0.38164	0.17229	0.08801	0.01883	0.02135	0.01650	0.04939	0.01682	0.02619	0.01441	0.04760	0.00939	0.00274	0.00971	0.05620	0.00412	0.00907
16	0.74861	0.01500	0.01174	0.01035	0.01512	0.01735	0.00853	0.05464	0.01406	0.03473	0.01095	0.01262	0.00845	0.00715	0.00484	0.00234	0.00599	0.00425	0.00484	0.00845
17	0.02671	0.12922	0.02534	0.01764	0.02291	0.19705	0.06418	0.15760	0.04863	0.17416	0.01785	0.01832	0.01307	0.00849	0.00799	0.00220	0.04555	0.00632	0.00588	0.01089
18	0.00999	0.00776	0.00913	0.00913	0.01111	0.00680	0.00660	0.01223	0.01743	0.02297	0.22876	0.22499	0.29535	0.04595	0.01008	0.00274	0.00415	0.01588	0.00716	0.05180
19	0.01659	0.01659	0.02323	0.01991	0.01991	0.02323	0.01659	0.01825	0.01162	0.01825	0.00996	0.01659	0.00996	0.01328	0.02489	0.00332	0.71955	0.00664	0.00332	0.00830
20	0.01465	0.01233	0.01457	0.01112	0.01681	0.00945	0.00866	0.01767	0.01553	0.02382	0.01821	0.13476	0.01774	0.00865	0.00630	0.00145	0.00541	0.00734	0.00492	0.65060
21	0.00922	0.00669	0.00871	0.01034	0.01094	0.00618	0.00694	0.01059	0.01474	0.01945	0.04456	0.67696	0.09991	0.02341	0.00963	0.00304	0.00436	0.02113	0.00704	0.00618
22	0.01533	0.01232	0.01391	0.01326	0.01647	0.01319	0.01068	0.07478	0.26919	0.02833	0.09416	0.05368	0.15641	0.01518	0.00879	0.00278	0.00585	0.17900	0.00743	0.00927
23	0.01604	0.01536	0.02600	0.28108	0.23455	0.01743	0.07950	0.02028	0.01552	0.02160	0.01539	0.06103	0.01344	0.00906	0.01031	0.00257	0.11485	0.00782	0.02868	0.00949
24	0.01813	0.01478	0.01997	0.01627	0.02065	0.01555	0.11854	0.11146	0.25187	0.05253	0.15809	0.03293	0.05396	0.01072	0.00801	0.00242	0.00670	0.00957	0.06755	0.01029
25	0.01327	0.01037	0.01541	0.01517	0.01771	0.01024	0.07501	0.05413	0.01833	0.02390	0.03943	0.12749	0.08945	0.01891	0.00997	0.00322	0.00718	0.43654	0.00672	0.00754
26	0.01809	0.04598	0.07675	0.27727	0.15745	0.07936	0.04050	0.02242	0.01655	0.07399	0.01634	0.05533	0.01352	0.01062	0.03810	0.00284	0.03377	0.00733	0.00418	0.00963
27	0.01733	0.02235	0.20171	0.02842	0.22464	0.01692	0.11771	0.02450	0.08401	0.04732	0.01839	0.02504	0.01533	0.05501	0.01038	0.00280	0.03194	0.04107	0.00444	0.01070
28	0.01103	0.00735	0.00827	0.00827	0.00827	0.00735	0.00460	0.01103	0.01103	0.01471	0.02390	0.04964	0.02758	0.73343	0.03861	0.00735	0.00735	0.01103	0.00460	0.00460
29	0.01822	0.01690	0.02772	0.24675	0.44209	0.01810	0.02191	0.07221	0.01808	0.02495	0.01434	0.01917	0.01151	0.00719	0.00754	0.00234	0.00929	0.00676	0.00394	0.01100
30	0.01718	0.11392	0.11656	0.22347	0.05763	0.01828	0.09233	0.02177	0.01556	0.07358	0.01514	0.01979	0.01194	0.01364	0.09031	0.00357	0.07518	0.00671	0.00395	0.00947
31	0.00933	0.00770	0.00819	0.00807	0.01047	0.00656	0.00605	0.01159	0.01815	0.02254	0.20151	0.06963	0.55709	0.01845	0.00896	0.00253	0.00379	0.01554	0.00731	0.00656
32	0.00979	0.00683	0.00864	0.00986	0.01017	0.00653	0.00629	0.01070	0.01345	0.01794	0.03633	0.52080	0.04326	0.24088	0.01853	0.00439	0.00530	0.01834	0.00629	0.00568
33	0.04478	0.01320	0.01575	0.01420	0.01774	0.01430	0.04524	0.06586	0.29446	0.02833	0.07983	0.07642	0.11557	0.01618	0.05151	0.00326	0.00697	0.07982	0.00700	0.00957
34	0.02392	0.01912	0.02376	0.01841	0.02355	0.07305	0.13220	0.31286	0.02581	0.07397	0.01856	0.02037	0.01372	0.00868	0.00827	0.00227	0.04467	0.00715	0.13883	0.01084
35	0.01172	0.00837	0.01165	0.01340	0.01493	0.00830	0.01136	0.01485	0.01697	0.02214	0.04044	0.19293	0.04474	0.02142	0.01034	0.00342	0.00655	0.53261	0.00699	0.00685
36	0.68554	0.01673	0.01260	0.01126	0.01569	0.08069	0.00915	0.02287	0.01365	0.03196	0.01064	0.01262	0.00843	0.00737	0.00571	0.00235	0.03561	0.00428	0.00457	0.00827
37	0.01103	0.00735	0.00827	0.00827	0.00827	0.00735	0.00460	0.01103	0.01103	0.01471	0.02390	0.04964	0.02758	0.73343	0.03861	0.00735	0.00735	0.01103	0.00460	0.00460
38	0.01549	0.03732	0.62808	0.02267	0.03352	0.01777	0.09216	0.02405	0.01621	0.02405	0.01379	0.01647	0.00980	0.00712	0.00738	0.00242	0.01137	0.00595	0.00327	0.01111
39	0.01521	0.03923	0.69413	0.02162	0.03283	0.01762	0.02802	0.02402	0.01601	0.02402	0.01361	0.01601	0.00961	0.00721	0.00721	0.00240	0.01121	0.00560	0.00320	0.01121
40	0.01125	0.00803	0.01110	0.01285	0.01417	0.00789	0.01053	0.01403	0.01650	0.02161	0.04070	0.29620	0.04579	0.02187	0.01022	0.00336	0.00614	0.43406	0.00700	0.00671
41	0.01974	0.32712	0.02778	0.01368	0.02003	0.08760	0.03582	0.02266	0.01648	0.04768	0.01277	0.01458	0.01076	0.00639	0.00562	0.00152	0.00779	0.00464	0.00407	0.31328
42	0.01862	0.01607	0.01704	0.01511	0.01959	0.01818	0.01177	0.03864	0.62080	0.03118	0.02951	0.02731	0.02222	0.00992	0.00755	0.00246	0.00597	0.00825	0.00746	0.07235
43	0.02595	0.05305	0.02475	0.05702	0.02596	0.30338	0.07849	0.19360	0.02362	0.07100	0.01491	0.01683	0.01138	0.00843	0.00849	0.00224	0.05935	0.00616	0.00513	0.01026
44	0.01906	0.02083	0.02659	0.28947	0.06256	0.20022	0.16589	0.02345	0.01763	0.02121	0.01436	0.01910	0.01115	0.00744	0.00752	0.00231	0.01113	0.00678	0.06433	0.00897
45	0.01167	0.00754	0.01115	0.01115	0.01194	0.00834	0.00817	0.01210	0.01131	0.01587	0.01801	0.02858	0.01742	0.08575	0.42658	0.28272	0.01471	0.00775	0.00382	0.00542
46	0.01051	0.00758	0.00994	0.00969	0.01128	0.00701	0.00714	0.01376	0.02044	0.02878	0.58701	0.15644	0.06839	0.01673	0.00906	0.00249	0.00370	0.01488	0.00816	0.00701
47	0.01550	0.03743	0.64092	0.02113	0.03180	0.01771	0.02677	0.02530	0.06760	0.02463	0.01497	0.01698	0.01067	0.00745	0.00725	0.00242	0.01080	0.00584	0.00356	0.01127
48	0.02880	0.02212	0.02269	0.01757	0.02352	0.06333	0.01443	0.62388	0.03483	0.04609	0.01783	0.01795	0.01272	0.00903	0.00754	0.00226	0.00866	0.00672	0.00737	0.01266
49	0.02883	0.02125	0.02276	0.01745	0.02352	0.02352	0.01442	0.66082	0.03566	0.04780	0.01821	0.01821	0.01290	0.00911	0.00759	0.00228	0.00835	0.00683	0.00759	0.01290
50	0.01103	0.00735	0.00827	0.00827	0.00827	0.00735	0.00460	0.01103	0.01103	0.01471	0.02390	0.04964	0.02758	0.73343	0.03861	0.00735	0.00735	0.01103	0.00460	0.00460
51	0.01304	0.00659	0.00984	0.00990	0.00992	0.00657	0.00660	0.00990	0.01004	0.01339	0.01415	0.04718	0.01444	0.02626	0.02896	0.75277	0.00651	0.00710	0.00342	0.00339
52	0.02031	0.01845	0.01340	0.01229	0.01515	0.25404	0.00932	0.07268	0.01943	0.02638	0.01963	0.02233	0.01551	0.00850	0.00602	0.00187	0.00749	0.00628	0.44277	0.00814
53	0.01103	0.00735	0.00827	0.00827	0.00827	0.00735	0.00460	0.01103	0.01103	0.01471	0.02390	0.04964	0.02758	0.73343	0.03861	0.00735	0.00735	0.01103	0.00460	0.00460
54	0.02028	0.73799	0.03975	0.01298	0.01947	0.03001	0.01298	0.02271	0.01541	0.01785	0.01055	0.01217	0.00973	0.00649	0.00487	0.00162	0.00811	0.00406	0.00324	0.00973
55	0.03227	0.01500	0.01881	0.01450	0.02036	0.01435	0.01195	0.18481	0.04767	0.51601	0.02718	0.02410	0.01754	0.00935	0.00762	0.00234	0.00689	0.00747	0.00890	0.01287
56	0.00937	0.00669	0.00895	0.01071	0.01120	0.00627	0.00726	0.01078	0.01465	0.01951	0.04174	0.70076	0.04989	0.02364	0.00972	0.00310	0.00451	0.04802	0.00704	0.00620
57	0.01092	0.00778	0.01044	0.01044	0.01119	0.00853	0.00730	0.01242	0.01167	0.01631	0.02192	0.03866	0.02281	0.35915	0.40638	0.01003	0.01453	0.00942	0.00430	0.00580
58	0.01266	0.01199	0.02059	0.01703	0.02099	0.01106	0.21337	0.01641	0.01753	0.02228	0.04759	0.05980	0.29953	0.01564	0.00937	0.00281	0.00751	0.18006	0.00602	0.00777
59	0.01573	0.01348	0.01573	0.01123	0.01798	0.01011	0.00899	0.01910	0.01573	0.02472	0.01348	0.01573	0.01123	0.00562	0.00562	0.00112	0.00562	0.00449	0.00449	0.77980
60	0.01790	0.02046	0.04476	0.03197	0.03964	0.01918	0.65857	0.02430	0.01790	0.02430	0.01535	0.02046	0.01151	0.00639	0.00895	0.00256	0.01279	0.00895	0.00384	0.01023
61	0.01807	0.01992	0.04143	0.03300	0.12364	0.01901	0.54019	0.02502	0.05302	0.02476	0.01604	0.02066	0.01220	0.00665	0.00870	0.00252	0.01193	0.00864	0.00403	0.01056
62	0.01659	0.01659	0.02323	0.01991	0.01991	0.02323	0.01659	0.01825	0.01162	0.01825	0.00996	0.01659	0.00996	0.01328	0.02489	0.00332	0.71955	0.00664	0.00332	0.00830
63	0.01573	0.01348	0.01573	0.01123	0.01798	0.01011	0.00899	0.01910	0.01573	0.02472	0.01348	0.01573	0.01123	0.00562	0.00562	0.00112	0.00562	0.00449	0.00449	0.77980
64	0.03073	0.01485	0.01845	0.01435	0.01997	0.01436	0.01178	0.18913	0.05808	0.46436	0.06217	0.02573	0.02039	0.00969	0.00769	0.00234	0.00674	0.00781	0.00881	0.01255
65	0.01432	0.01348	0.02275	0.71520	0.05224	0.01685	0.02107	0.01938	0.01517	0.01938	0.01348	0.02022	0.01011	0.00758	0.00758	0.00253	0.01011	0.00674	0.00337	0.00843
66	0.02028	0.73799	0.03975	0.01298	0.01947	0.03001	0.01298	0.02271	0.01541	0.01785	0.01055	0.01217	0.00973	0.00649	0.00487	0.00162	0.00811	0.00406	0.00324	0.00973
67	0.02185	0.01422	0.01819	0.01488	0.01931	0.01433	0.06153	0.20410	0.07674	0.17971	0.07293	0.14764	0.09493	0.01295	0.00829	0.00251	0.00666	0.01117	0.00760	0.01046
68	0.01819	0.02054	0.03959	0.02911	0.03516	0.05456	0.50695	0.02348	0.01692	0.02289	0.01416	0.01940	0.01113	0.00774	0.01180	0.00267	0.14385	0.00832	0.00374	0.00980
69	0.02028	0.73799	0.03975	0.01298	0.01947	0.03001	0.01298	0.02271	0.01541	0.01785	0.01055	0.01217	0.00973	0.00649	0.00487	0.00162	0.00811	0.00406	0.00324	0.00973
70	0.01887	0.01629	0.01715	0.01544	0.01972	0.01887	0.01201	0.04031	0.67241	0.03173	0.03087	0.02830	0.02315	0.01029	0.00772	0.00257	0.00600	0.00858	0.00772	0.01201
71	0.01103	0.00735	0.00827	0.00827	0.00827	0.00735	0.00460	0.01103	0.01103	0.01471	0.02390	0.04964	0.02758	0.73343	0.03861	0.00735	0.00735	0.01103	0.00460	0.00460
72	0.01103	0.00735	0.00827	0.00827	0.00827	0.00735	0.00460	0.01103	0.01103	0.01471	0.02390	0.04964	0.02758	0.73343	0.03861	0.00735	0.00735	0.01103	0.00460	0.00460
73	0.01145	0.00896	0.01061	0.01116	0.01284	0.00905	0.00797	0.01744	0.15867	0.02328	0.10692	0.42669	0.12687	0.01944	0.00909	0.00284	0.00460	0.01726	0.00732	0.00756
74	0.01880	0.07044	0.11520	0.08690	0.37273	0.07737	0.10349	0.02377	0.01727	0.02322	0.01380	0.01787	0.01116	0.00690	0.00743	0.00226	0.01019	0.00655	0.00365	0.01099
75	0.02093	0.10762	0.09372	0.01751	0.05450	0.09144	0.01468	0.06500	0.15396	0.11056	0.06175	0.02290	0.01852	0.01248	0.05363	0.00299	0.07454	0.00712	0.00569	0.01048
76	0.01573	0.01348	0.01573	0.01123	0.01798	0.01011	0.00899	0.01910	0.01573	0.02472	0.01348	0.01573	0.01123	0.00562	0.00562	0.00112	0.00562	0.00449	0.00449	0.77980
77	0.01999	0.08473	0.31645	0.02182	0.11295	0.05319	0.02052	0.13260	0.02005	0.06362	0.01589	0.01782	0.01177	0.00769	0.00698	0.00222	0.00945	0.00603	0.06509	0.01113
78	0.01553	0.01265	0.01707	0.18033	0.09171	0.01408	0.01334	0.08094	0.13659	0.02507	0.02487	0.17110	0.02353	0.06860	0.03290	0.00323	0.00755	0.01055	0.06142	0.00895
79	0.02067	0.01355	0.01601	0.01310	0.01668	0.01423	0.03225	0.24286	0.02296	0.10519	0.07404	0.03142	0.04437	0.14196	0.01357	0.00318	0.02913	0.00863	0.14677	0.00943
80	0.01920	0.18993	0.02913	0.19988	0.10496	0.12347	0.08055	0.04425	0.01729	0.02106	0.01418	0.02043	0.01221	0.00825	0.00813	0.00229	0.05165	0.03984	0.00384	0.00944

[dist]
# distance from previous block
# <min> <max>
0	31

[block]
# block no. 7 follows, 26 sequences, length 19
# corresponding to MSA columns:
# 444-462
name=unknown_H
#
# <colnr> <probs for GDERKNQSTAVLIFYWHMCP>
#	G	D	E	R	K	N	Q	S	T	A	V	L	I	F	Y	W	H	M	C	P
