[name]
unknown

[dist]
# distance from previous block
# <min> <max>
49	435

[block]
# block no. 0 follows, 29 sequences, length 14
# corresponding to MSA columns:
# 580-593
name=unknown_A
#
# <colnr> <probs for GDERKNQSTAVLIFYWHMCP>
#	G	D	E	R	K	N	Q	S	T	A	V	L	I	F	Y	W	H	M	C	P
0	0.14257	0.01975	0.11764	0.01498	0.04462	0.15077	0.01280	0.04800	0.01748	0.15864	0.06374	0.05114	0.04378	0.01142	0.04612	0.00265	0.00845	0.00696	0.00535	0.03315
1	0.11277	0.05279	0.08806	0.01527	0.05387	0.06991	0.01264	0.14893	0.09088	0.05419	0.09910	0.04911	0.02081	0.00930	0.00677	0.00213	0.00703	0.03101	0.00563	0.06980
2	0.12821	0.04104	0.11952	0.01546	0.04496	0.13404	0.01336	0.09280	0.07923	0.08431	0.07214	0.02443	0.04089	0.00904	0.00673	0.00216	0.00777	0.04087	0.00536	0.03766
3	0.06957	0.05396	0.09815	0.10525	0.02058	0.03914	0.01208	0.04520	0.07517	0.07930	0.07551	0.12111	0.04654	0.05142	0.00859	0.00250	0.00668	0.00890	0.05028	0.03008
4	0.04275	0.09290	0.04704	0.05333	0.03864	0.10320	0.09344	0.09917	0.06441	0.06767	0.09821	0.05036	0.02000	0.00874	0.00686	0.00207	0.00777	0.00740	0.04547	0.05058
5	0.10060	0.03691	0.14071	0.01619	0.05791	0.09103	0.01395	0.04534	0.04135	0.11275	0.04530	0.11489	0.01985	0.01193	0.02804	0.00263	0.06130	0.04515	0.00519	0.00899
6	0.01841	0.06880	0.18495	0.05592	0.08537	0.09550	0.04028	0.09117	0.01750	0.05981	0.01464	0.01734	0.01135	0.00978	0.04517	0.00254	0.04670	0.00577	0.05840	0.07060
7	0.14700	0.13635	0.13560	0.01679	0.08670	0.08180	0.01411	0.04815	0.05070	0.05557	0.01645	0.07428	0.01450	0.00855	0.00628	0.00209	0.00768	0.03077	0.00450	0.06214
8	0.07354	0.01338	0.01376	0.01181	0.01506	0.08512	0.00903	0.11658	0.01903	0.15733	0.15029	0.07312	0.02666	0.08957	0.01182	0.06415	0.00641	0.00857	0.00624	0.04853
9	0.01348	0.01036	0.01180	0.01167	0.03780	0.03871	0.00808	0.05009	0.03839	0.05626	0.08472	0.10499	0.15056	0.25421	0.01842	0.00393	0.06154	0.03263	0.00562	0.00676
10	0.01330	0.01334	0.01425	0.01295	0.01552	0.13375	0.07876	0.01659	0.05261	0.02089	0.13368	0.23405	0.20195	0.01511	0.00818	0.00241	0.00633	0.01324	0.00598	0.00710
11	0.01477	0.01266	0.01477	0.01055	0.01687	0.00949	0.00844	0.01793	0.01477	0.02320	0.01266	0.01477	0.01055	0.00527	0.00527	0.00105	0.00527	0.00422	0.00422	0.79328
12	0.52463	0.01903	0.16475	0.01241	0.01831	0.01602	0.01232	0.06021	0.01462	0.08341	0.01237	0.01363	0.00902	0.00693	0.00529	0.00221	0.00678	0.00457	0.00460	0.00892
13	0.01647	0.01535	0.05937	0.18549	0.12638	0.05262	0.05956	0.08018	0.01777	0.07626	0.04891	0.09212	0.11840	0.01041	0.00755	0.00231	0.00778	0.00914	0.00505	0.00889

[dist]
# distance from previous block
# <min> <max>
0	1

[block]
# block no. 1 follows, 29 sequences, length 21
# corresponding to MSA columns:
# 595-615
name=unknown_B
#
# <colnr> <probs for GDERKNQSTAVLIFYWHMCP>
#	G	D	E	R	K	N	Q	S	T	A	V	L	I	F	Y	W	H	M	C	P
0	0.05990	0.01336	0.02178	0.01701	0.02168	0.01317	0.19016	0.04873	0.06030	0.23310	0.04331	0.02398	0.01703	0.01891	0.17933	0.00449	0.01071	0.00766	0.00579	0.00960
1	0.10252	0.01663	0.02428	0.17440	0.42707	0.05735	0.01893	0.02216	0.04776	0.02317	0.01347	0.01738	0.01091	0.00674	0.00675	0.00217	0.00846	0.00605	0.00373	0.01004
2	0.00949	0.00717	0.00791	0.00772	0.00981	0.00631	0.00579	0.01197	0.01738	0.02309	0.27352	0.05892	0.41931	0.01583	0.00804	0.00227	0.00349	0.01341	0.09225	0.00631
3	0.01043	0.00763	0.01092	0.01122	0.01238	0.00849	0.00871	0.01275	0.01219	0.01701	0.02293	0.04013	0.02316	0.14684	0.49447	0.00931	0.01506	0.12588	0.00438	0.00610
4	0.01006	0.00709	0.00879	0.00891	0.00985	0.00677	0.00617	0.01186	0.01530	0.02090	0.29033	0.13618	0.07533	0.28549	0.01881	0.00412	0.00503	0.06711	0.00624	0.00568
5	0.01658	0.01592	0.02673	0.18440	0.51023	0.01711	0.02088	0.02069	0.01535	0.02169	0.01289	0.01773	0.01074	0.00703	0.00847	0.00225	0.07128	0.00633	0.00341	0.01028
6	0.05954	0.02149	0.01818	0.01576	0.02009	0.21456	0.01232	0.18292	0.32085	0.02993	0.02033	0.01985	0.01535	0.00861	0.00685	0.00218	0.00814	0.00651	0.00609	0.01046
7	0.01033	0.00699	0.00821	0.00821	0.00837	0.00715	0.00487	0.01064	0.01049	0.01414	0.02203	0.04433	0.02490	0.66480	0.11985	0.00746	0.00839	0.01002	0.00425	0.00456
8	0.80005	0.01377	0.01047	0.00936	0.01377	0.01597	0.00771	0.02093	0.01212	0.03195	0.00991	0.01157	0.00771	0.00661	0.00441	0.00220	0.00551	0.00386	0.00441	0.00771
9	0.01327	0.00664	0.00664	0.00664	0.00830	0.00664	0.00498	0.01659	0.01493	0.02655	0.02323	0.02655	0.01825	0.00830	0.00498	0.00166	0.00332	0.00664	0.78928	0.00664
10	0.02817	0.01845	0.01839	0.01486	0.01992	0.14317	0.01194	0.20124	0.09693	0.33836	0.02225	0.02058	0.01511	0.00857	0.00703	0.00214	0.00770	0.00660	0.00727	0.01132
11	0.01558	0.01558	0.02181	0.01869	0.01869	0.02181	0.01558	0.01714	0.01091	0.01714	0.00935	0.01558	0.00935	0.01246	0.02337	0.00312	0.73672	0.00623	0.00312	0.00779
12	0.02660	0.03394	0.02018	0.01834	0.02201	0.72116	0.01376	0.02843	0.02018	0.01743	0.01101	0.01284	0.00917	0.00734	0.00642	0.00183	0.01284	0.00459	0.00367	0.00825
13	0.01884	0.01411	0.01975	0.14544	0.02523	0.01477	0.09429	0.21866	0.02185	0.10318	0.07020	0.03294	0.12774	0.01060	0.00774	0.00234	0.00742	0.04945	0.00608	0.00938
14	0.02707	0.01995	0.02137	0.01638	0.02208	0.02208	0.01353	0.68159	0.03348	0.04488	0.01710	0.01710	0.01211	0.00855	0.00712	0.00214	0.00784	0.00641	0.00712	0.01211
15	0.01904	0.75404	0.03731	0.01218	0.01828	0.02818	0.01218	0.02132	0.01447	0.01675	0.00990	0.01142	0.00914	0.00609	0.00457	0.00152	0.00761	0.00381	0.00305	0.00914
16	0.16158	0.01743	0.01859	0.01448	0.01992	0.01888	0.01196	0.44779	0.02737	0.16566	0.01789	0.01746	0.01237	0.00826	0.00666	0.00216	0.00710	0.00611	0.00697	0.01135
17	0.01428	0.03683	0.71286	0.02030	0.03082	0.01654	0.02631	0.02255	0.01503	0.02255	0.01278	0.01503	0.00902	0.00677	0.00677	0.00226	0.01052	0.00526	0.00301	0.01052
18	0.01325	0.00973	0.01255	0.01158	0.01354	0.01079	0.00890	0.13381	0.01625	0.02262	0.09349	0.03120	0.02321	0.13279	0.42399	0.00816	0.01372	0.00834	0.00492	0.00717
19	0.01117	0.00798	0.01112	0.01277	0.01427	0.00793	0.01094	0.01423	0.01609	0.02097	0.03787	0.15272	0.04165	0.01996	0.00975	0.00324	0.00629	0.58801	0.00656	0.00647
20	0.01423	0.01195	0.01762	0.04592	0.13635	0.04678	0.07209	0.01750	0.01618	0.05113	0.02904	0.17770	0.03052	0.01509	0.00870	0.00278	0.00733	0.28560	0.00561	0.00788

[dist]
# distance from previous block
# <min> <max>
0	32

[block]
# block no. 2 follows, 29 sequences, length 43
# corresponding to MSA columns:
# 648-690
name=unknown_C
#
# <colnr> <probs for GDERKNQSTAVLIFYWHMCP>
#	G	D	E	R	K	N	Q	S	T	A	V	L	I	F	Y	W	H	M	C	P
0	0.80005	0.01377	0.01047	0.00936	0.01377	0.01597	0.00771	0.02093	0.01212	0.03195	0.00991	0.01157	0.00771	0.00661	0.00441	0.00220	0.00551	0.00386	0.00441	0.00771
1	0.00883	0.00638	0.00836	0.00966	0.01033	0.00591	0.00656	0.01035	0.01454	0.01947	0.11971	0.62854	0.08266	0.02117	0.00897	0.00279	0.00401	0.01910	0.00676	0.00591
2	0.00866	0.00625	0.00821	0.00977	0.01029	0.00580	0.00655	0.00993	0.01377	0.01823	0.04097	0.70962	0.08147	0.02208	0.00905	0.00287	0.00410	0.01997	0.00661	0.00580
3	0.08518	0.13085	0.02424	0.01623	0.02112	0.02016	0.09814	0.30505	0.02315	0.03235	0.09527	0.02017	0.01739	0.00872	0.00819	0.00218	0.06927	0.00680	0.00556	0.00996
4	0.02119	0.08523	0.27124	0.01780	0.02491	0.11573	0.06791	0.05421	0.07743	0.16986	0.01730	0.01782	0.01227	0.00750	0.00681	0.00215	0.00923	0.00599	0.00493	0.01049
5	0.01791	0.01014	0.01363	0.01204	0.01484	0.01063	0.00948	0.09244	0.01620	0.20605	0.02154	0.02718	0.01774	0.08948	0.39818	0.00758	0.01340	0.00758	0.00556	0.00839
6	0.80005	0.01377	0.01047	0.00936	0.01377	0.01597	0.00771	0.02093	0.01212	0.03195	0.00991	0.01157	0.00771	0.00661	0.00441	0.00220	0.00551	0.00386	0.00441	0.00771
7	0.01022	0.00743	0.01045	0.01045	0.01138	0.00836	0.00766	0.01208	0.01115	0.01580	0.01998	0.03300	0.01998	0.24129	0.53663	0.01022	0.01579	0.00836	0.00395	0.00581
8	0.04908	0.01780	0.07640	0.07850	0.07960	0.05147	0.15015	0.02635	0.21533	0.04391	0.05617	0.02190	0.01688	0.00783	0.00715	0.00220	0.00807	0.00719	0.00505	0.07897
9	0.00940	0.00699	0.00775	0.00787	0.00900	0.00643	0.00518	0.01053	0.01385	0.01767	0.10343	0.12483	0.29713	0.32592	0.02019	0.00433	0.00502	0.01339	0.00575	0.00534
10	0.01184	0.00817	0.01019	0.00962	0.01158	0.00792	0.00722	0.01672	0.08855	0.05554	0.50259	0.10850	0.05555	0.01410	0.00807	0.00228	0.00377	0.01239	0.05810	0.00732
11	0.01833	0.29565	0.20950	0.01940	0.11854	0.04847	0.01723	0.09843	0.01719	0.02268	0.01248	0.01472	0.01014	0.00850	0.03444	0.00226	0.00911	0.00505	0.00367	0.03422
12	0.02125	0.08264	0.11563	0.09250	0.02491	0.11666	0.01526	0.21337	0.16996	0.05137	0.01757	0.01827	0.01305	0.00804	0.00679	0.00215	0.00851	0.00616	0.00541	0.01048
13	0.00991	0.00702	0.00931	0.01039	0.01150	0.00665	0.00788	0.01172	0.01515	0.01996	0.11654	0.34095	0.11755	0.02036	0.01058	0.06303	0.00485	0.20425	0.00647	0.00594
14	0.01646	0.25835	0.44008	0.01751	0.02599	0.02065	0.02084	0.05531	0.01563	0.02166	0.01196	0.01404	0.00923	0.00687	0.00676	0.00206	0.03840	0.00491	0.00323	0.01006
15	0.08590	0.16455	0.35068	0.01957	0.08555	0.04090	0.04650	0.04373	0.01571	0.04096	0.01344	0.03791	0.01074	0.00718	0.00632	0.00211	0.00908	0.00563	0.00363	0.00992
16	0.02481	0.01076	0.01333	0.01078	0.01491	0.01000	0.00873	0.07940	0.01945	0.41041	0.02546	0.02451	0.01742	0.00861	0.00637	0.00200	0.00521	0.00691	0.29079	0.01014
17	0.02101	0.47625	0.03171	0.01464	0.01986	0.13793	0.04633	0.02340	0.01575	0.07830	0.01187	0.01350	0.00999	0.00703	0.00678	0.00180	0.06630	0.00465	0.00369	0.00917
18	0.01095	0.00731	0.00916	0.00914	0.01089	0.00656	0.00668	0.01328	0.01733	0.07526	0.31016	0.26391	0.19818	0.01724	0.00852	0.00247	0.00385	0.01515	0.00727	0.00669
19	0.01367	0.00751	0.00877	0.00822	0.01038	0.00699	0.00625	0.01666	0.01722	0.10457	0.23145	0.06818	0.12175	0.01202	0.00685	0.00204	0.00372	0.01016	0.33643	0.00718
20	0.00921	0.00707	0.00844	0.00847	0.01020	0.00629	0.00621	0.01163	0.01756	0.02328	0.35190	0.17772	0.30189	0.01719	0.00852	0.00241	0.00358	0.01495	0.00717	0.00629
21	0.00874	0.00706	0.00777	0.00795	0.00990	0.00609	0.00583	0.01071	0.01646	0.02061	0.17159	0.17710	0.48898	0.01816	0.00852	0.00246	0.00365	0.01553	0.00682	0.00609
22	0.02660	0.03394	0.02018	0.01834	0.02201	0.72116	0.01376	0.02843	0.02018	0.01743	0.01101	0.01284	0.00917	0.00734	0.00642	0.00183	0.01284	0.00459	0.00367	0.00825
23	0.02624	0.01954	0.02091	0.01622	0.02177	0.02170	0.01333	0.62488	0.09154	0.04355	0.01814	0.01793	0.01296	0.00865	0.00713	0.00216	0.00764	0.00656	0.00713	0.01204
24	0.01327	0.00664	0.00664	0.00664	0.00830	0.00664	0.00498	0.01659	0.01493	0.02655	0.02323	0.02655	0.01825	0.00830	0.00498	0.00166	0.00332	0.00664	0.78928	0.00664
25	0.01771	0.01530	0.01610	0.01449	0.01852	0.01771	0.01127	0.03784	0.69247	0.02979	0.02898	0.02657	0.02174	0.00966	0.00725	0.00242	0.00564	0.00805	0.00725	0.01127
26	0.01008	0.00728	0.00952	0.00896	0.01064	0.00672	0.00672	0.01344	0.02016	0.02855	0.70158	0.05319	0.06719	0.01456	0.00840	0.00224	0.00336	0.01288	0.00784	0.00672
27	0.01762	0.01692	0.02890	0.04371	0.70533	0.01692	0.02185	0.02185	0.01621	0.02326	0.01339	0.01762	0.01128	0.00634	0.00705	0.00211	0.00846	0.00634	0.00352	0.01128
28	0.30723	0.02328	0.01694	0.01462	0.01904	0.29830	0.01151	0.18184	0.02043	0.02925	0.01207	0.01340	0.00934	0.00736	0.00586	0.00204	0.00899	0.00476	0.00476	0.00898
29	0.01477	0.01266	0.01477	0.01055	0.01687	0.00949	0.00844	0.01793	0.01477	0.02320	0.01266	0.01477	0.01055	0.00527	0.00527	0.00105	0.00527	0.00422	0.00422	0.79328
30	0.02707	0.01995	0.02137	0.01638	0.02208	0.02208	0.01353	0.68159	0.03348	0.04488	0.01710	0.01710	0.01211	0.00855	0.00712	0.00214	0.00784	0.00641	0.00712	0.01211
31	0.01542	0.02891	0.41118	0.02466	0.03370	0.01720	0.32004	0.02267	0.01583	0.02267	0.01351	0.01691	0.00982	0.00642	0.00750	0.00232	0.01119	0.00667	0.00327	0.01011
32	0.01466	0.23217	0.28792	0.01462	0.02047	0.01751	0.01588	0.01870	0.01359	0.01847	0.01506	0.02412	0.01435	0.18497	0.01417	0.00324	0.04676	0.03151	0.00347	0.00835
33	0.09811	0.01468	0.01749	0.01353	0.01900	0.01454	0.01117	0.23339	0.02370	0.44489	0.02309	0.02091	0.01505	0.00854	0.00691	0.00218	0.00656	0.00664	0.00790	0.01173
34	0.01536	0.00828	0.01091	0.01110	0.01323	0.00786	0.00894	0.01801	0.01620	0.16266	0.03311	0.19576	0.03313	0.04001	0.00918	0.00282	0.00542	0.26180	0.13874	0.00748
35	0.01367	0.01102	0.01742	0.01885	0.13976	0.01112	0.07656	0.01804	0.05926	0.05668	0.11443	0.09879	0.05589	0.02230	0.17870	0.00462	0.00958	0.07973	0.00540	0.00817
36	0.02346	0.02255	0.01905	0.01629	0.02074	0.23642	0.01277	0.24159	0.27324	0.03081	0.01961	0.01929	0.01476	0.00859	0.00695	0.00215	0.00857	0.00645	0.00610	0.01061
37	0.01071	0.01092	0.09049	0.01110	0.01361	0.00831	0.00959	0.03439	0.01645	0.02229	0.19650	0.22713	0.13540	0.04880	0.04708	0.00323	0.00593	0.09496	0.00626	0.00685
38	0.01152	0.00784	0.00857	0.00804	0.01078	0.00663	0.00615	0.01357	0.01706	0.10752	0.11469	0.06174	0.56708	0.01660	0.00826	0.00237	0.00390	0.01387	0.00699	0.00684
39	0.01720	0.05325	0.16032	0.14524	0.05645	0.15311	0.15493	0.02184	0.01624	0.02056	0.05677	0.01862	0.01337	0.00774	0.00859	0.00226	0.07442	0.00652	0.00363	0.00893
40	0.01735	0.03515	0.07507	0.18210	0.08949	0.01432	0.06611	0.06751	0.04299	0.12485	0.01950	0.07189	0.01624	0.01527	0.10782	0.00362	0.00974	0.02682	0.00492	0.00924
41	0.06751	0.01104	0.01435	0.01144	0.01602	0.00989	0.00931	0.02939	0.01944	0.51857	0.12144	0.02785	0.02413	0.00946	0.00700	0.00216	0.00541	0.00775	0.07720	0.01064
42	0.01448	0.01336	0.01879	0.13168	0.22460	0.05436	0.01459	0.04412	0.01571	0.02105	0.04776	0.25910	0.02473	0.01270	0.00910	0.00248	0.06720	0.01107	0.00478	0.00835

[dist]
# distance from previous block
# <min> <max>
2	299

[block]
# block no. 3 follows, 29 sequences, length 18
# corresponding to MSA columns:
# 1002-1019
name=unknown_D
#
# <colnr> <probs for GDERKNQSTAVLIFYWHMCP>
#	G	D	E	R	K	N	Q	S	T	A	V	L	I	F	Y	W	H	M	C	P
0	0.18126	0.13573	0.04732	0.14774	0.08866	0.06949	0.01337	0.02027	0.01447	0.02232	0.01187	0.01505	0.00976	0.00848	0.03743	0.00228	0.00817	0.00489	0.00370	0.15773
1	0.01178	0.01079	0.01580	0.02023	0.23677	0.01004	0.03912	0.01450	0.01605	0.02061	0.04810	0.10212	0.39841	0.01406	0.00802	0.00235	0.00558	0.01233	0.00548	0.00786
2	0.01540	0.01238	0.01640	0.06924	0.10978	0.01108	0.01082	0.01823	0.01440	0.06228	0.01512	0.02116	0.01340	0.12524	0.01142	0.00238	0.03460	0.00590	0.00430	0.42647
3	0.01051	0.00705	0.00774	0.00757	0.00951	0.00643	0.00568	0.01329	0.01703	0.02450	0.25172	0.05015	0.28329	0.01380	0.00730	0.00211	0.00344	0.01164	0.26084	0.00643
4	0.00951	0.00726	0.00873	0.00837	0.01029	0.00648	0.00627	0.01234	0.01882	0.02539	0.48766	0.05840	0.28308	0.01574	0.00840	0.00230	0.00344	0.01361	0.00742	0.00648
5	0.01008	0.00728	0.00952	0.00896	0.01064	0.00672	0.00672	0.01344	0.02016	0.02855	0.70158	0.05319	0.06719	0.01456	0.00840	0.00224	0.00336	0.01288	0.00784	0.00672
6	0.14729	0.01325	0.01468	0.01217	0.01667	0.01379	0.00982	0.10198	0.17569	0.28061	0.02356	0.02229	0.01649	0.00856	0.00645	0.00217	0.00570	0.00669	0.11164	0.01049
7	0.80005	0.01377	0.01047	0.00936	0.01377	0.01597	0.00771	0.02093	0.01212	0.03195	0.00991	0.01157	0.00771	0.00661	0.00441	0.00220	0.00551	0.00386	0.00441	0.00771
8	0.01327	0.00664	0.00664	0.00664	0.00830	0.00664	0.00498	0.01659	0.01493	0.02655	0.02323	0.02655	0.01825	0.00830	0.00498	0.00166	0.00332	0.00664	0.78928	0.00664
9	0.00983	0.00727	0.00918	0.00870	0.01049	0.00661	0.00653	0.01296	0.01958	0.02718	0.60873	0.05545	0.16090	0.01507	0.00840	0.00226	0.00340	0.01319	0.00766	0.00661
10	0.01570	0.01321	0.01526	0.01099	0.01727	0.01044	0.00882	0.06811	0.01618	0.02484	0.01299	0.01494	0.01067	0.00552	0.00541	0.00114	0.00547	0.00438	0.00444	0.73422
11	0.12117	0.01697	0.03287	0.02434	0.02993	0.01712	0.46240	0.02102	0.01511	0.02290	0.01385	0.01877	0.01099	0.01154	0.08280	0.00337	0.07479	0.00752	0.00369	0.00886
12	0.17673	0.01302	0.01574	0.01232	0.01764	0.01238	0.01018	0.08072	0.01980	0.53207	0.02383	0.02131	0.01534	0.00838	0.00664	0.00220	0.00609	0.00648	0.00785	0.01128
13	0.01799	0.38875	0.14607	0.01331	0.01921	0.02007	0.01358	0.04336	0.01614	0.09004	0.04690	0.06845	0.04685	0.00902	0.00612	0.00196	0.00735	0.03112	0.00449	0.00922
14	0.19767	0.01477	0.01965	0.21204	0.19153	0.05447	0.04436	0.02025	0.01516	0.05192	0.01981	0.02263	0.09117	0.00813	0.00665	0.00224	0.00779	0.00681	0.00423	0.00873
15	0.16437	0.14337	0.05114	0.01698	0.07129	0.24535	0.01323	0.10237	0.04539	0.06521	0.01331	0.01454	0.01039	0.00722	0.00597	0.00197	0.00896	0.00499	0.00451	0.00942
16	0.07321	0.10625	0.07296	0.01310	0.01608	0.06779	0.01138	0.04483	0.01576	0.02157	0.06528	0.23836	0.02916	0.01443	0.00886	0.00255	0.06147	0.12414	0.00530	0.00754
17	0.07619	0.01793	0.09906	0.08591	0.14702	0.06279	0.01488	0.02313	0.10101	0.05232	0.04557	0.01894	0.01427	0.00737	0.00694	0.00198	0.02836	0.00597	0.00453	0.18582

[dist]
# distance from previous block
# <min> <max>
3	73

[block]
# block no. 4 follows, 29 sequences, length 30
# corresponding to MSA columns:
# 1093-1122
name=unknown_E
#
# <colnr> <probs for GDERKNQSTAVLIFYWHMCP>
#	G	D	E	R	K	N	Q	S	T	A	V	L	I	F	Y	W	H	M	C	P
0	0.11685	0.15451	0.04222	0.05536	0.02099	0.13650	0.07811	0.05188	0.08029	0.02244	0.01857	0.15612	0.01779	0.01001	0.00669	0.00220	0.00801	0.00828	0.00466	0.00852
1	0.01236	0.00970	0.00953	0.00915	0.01086	0.07766	0.00669	0.01507	0.01750	0.02463	0.34374	0.06765	0.08390	0.08245	0.01004	0.00253	0.00467	0.01071	0.19459	0.00655
2	0.02702	0.02134	0.02125	0.01658	0.02208	0.09158	0.01356	0.61666	0.03216	0.04215	0.01649	0.01667	0.01182	0.00843	0.00705	0.00211	0.00833	0.00623	0.00678	0.01173
3	0.01176	0.00858	0.01002	0.01000	0.01193	0.00846	0.00748	0.07971	0.05298	0.02429	0.14674	0.27962	0.17267	0.01670	0.00821	0.00250	0.00443	0.05587	0.08101	0.00702
4	0.00931	0.00697	0.00864	0.00880	0.01031	0.00630	0.00638	0.01173	0.01747	0.02356	0.37430	0.24342	0.21179	0.01747	0.00859	0.00245	0.00363	0.01537	0.00722	0.00630
5	0.80005	0.01377	0.01047	0.00936	0.01377	0.01597	0.00771	0.02093	0.01212	0.03195	0.00991	0.01157	0.00771	0.00661	0.00441	0.00220	0.00551	0.00386	0.00441	0.00771
6	0.00994	0.00762	0.00915	0.00870	0.01070	0.00701	0.00655	0.01361	0.04959	0.02590	0.48817	0.05643	0.24963	0.01534	0.00835	0.00230	0.00353	0.01328	0.00746	0.00672
7	0.02014	0.01731	0.02177	0.07128	0.10689	0.07161	0.07783	0.20271	0.13692	0.05321	0.02063	0.02754	0.01715	0.00963	0.00794	0.00238	0.02461	0.09457	0.00571	0.01018
8	0.02076	0.01914	0.02928	0.04329	0.02851	0.13854	0.34027	0.04167	0.01794	0.14246	0.01685	0.01977	0.01245	0.01011	0.05588	0.00285	0.01110	0.00729	0.03235	0.00950
9	0.00852	0.00707	0.00737	0.00758	0.00964	0.00601	0.00553	0.01018	0.01569	0.01891	0.06616	0.15464	0.59450	0.04431	0.00948	0.00263	0.00379	0.01553	0.00653	0.00592
10	0.06897	0.48787	0.09686	0.01395	0.01949	0.02500	0.01380	0.06358	0.01511	0.02016	0.01056	0.01272	0.00926	0.00723	0.00754	0.00190	0.10896	0.00445	0.00340	0.00918
11	0.01488	0.01634	0.08978	0.44200	0.25942	0.01624	0.02107	0.01979	0.01495	0.02025	0.01291	0.01817	0.01002	0.00683	0.00706	0.00228	0.00926	0.00623	0.00327	0.00925
12	0.00857	0.00722	0.00743	0.00738	0.00971	0.00608	0.00553	0.01052	0.01660	0.02012	0.13175	0.06708	0.64228	0.01770	0.00841	0.00239	0.00358	0.01482	0.00673	0.00608
13	0.01198	0.00773	0.00995	0.00914	0.01125	0.00700	0.00694	0.01513	0.01979	0.09219	0.57522	0.05197	0.12564	0.01436	0.00828	0.00225	0.00364	0.01255	0.00781	0.00716
14	0.09007	0.21469	0.40378	0.01630	0.02419	0.01869	0.01920	0.02110	0.01425	0.02137	0.01240	0.01507	0.00980	0.01121	0.07703	0.00298	0.01015	0.00499	0.00323	0.00949
15	0.01472	0.00832	0.01093	0.00969	0.01222	0.00750	0.00747	0.01789	0.02005	0.17504	0.53101	0.04757	0.08223	0.01346	0.00813	0.00224	0.00395	0.01173	0.00800	0.00785
16	0.00991	0.00727	0.00929	0.00878	0.01054	0.00665	0.00659	0.01312	0.01977	0.02763	0.63900	0.05471	0.13034	0.01490	0.00840	0.00226	0.00338	0.01309	0.00772	0.00665
17	0.06533	0.03330	0.60152	0.01904	0.02855	0.01661	0.02368	0.02389	0.07901	0.02384	0.01413	0.01590	0.01014	0.00703	0.00666	0.00227	0.00974	0.00544	0.00350	0.01041
18	0.01745	0.02854	0.29799	0.01945	0.02568	0.21958	0.10222	0.02229	0.01637	0.02025	0.01599	0.11627	0.01459	0.00925	0.00795	0.00228	0.04352	0.00759	0.00378	0.00897
19	0.02209	0.01294	0.01541	0.01283	0.01705	0.01323	0.01024	0.11211	0.22250	0.26781	0.18087	0.03065	0.02948	0.01035	0.00746	0.00227	0.00554	0.00864	0.00791	0.01063
20	0.00890	0.00662	0.00835	0.00963	0.01061	0.00607	0.00682	0.01046	0.01449	0.01873	0.04645	0.52760	0.19315	0.02109	0.00901	0.00282	0.00425	0.08242	0.00661	0.00591
21	0.01962	0.02139	0.03076	0.02942	0.21187	0.17851	0.26541	0.02367	0.01697	0.04268	0.01330	0.01714	0.01063	0.00710	0.00897	0.00226	0.08021	0.00673	0.00371	0.00965
22	0.72625	0.01570	0.01139	0.01022	0.01456	0.08326	0.00829	0.02165	0.01289	0.03056	0.01002	0.01169	0.00785	0.00668	0.00460	0.00217	0.00621	0.00393	0.00434	0.00776
23	0.02093	0.02479	0.01937	0.21039	0.02811	0.43870	0.01476	0.02364	0.01745	0.01752	0.01249	0.01645	0.01037	0.01323	0.09892	0.00322	0.01274	0.00545	0.00355	0.00792
24	0.01366	0.01319	0.01542	0.08870	0.15605	0.10174	0.01166	0.01675	0.01781	0.02272	0.24968	0.04118	0.19931	0.01208	0.00775	0.00222	0.00628	0.01037	0.00566	0.00778
25	0.01000	0.00731	0.00961	0.00938	0.01101	0.00693	0.00713	0.01308	0.01855	0.02589	0.52473	0.08494	0.10186	0.01913	0.07606	0.00322	0.00509	0.05228	0.00724	0.00659
26	0.01387	0.01328	0.04686	0.29207	0.11100	0.01400	0.03036	0.03719	0.08086	0.02301	0.15820	0.07793	0.02551	0.01007	0.00811	0.00237	0.03307	0.00884	0.00491	0.00849
27	0.01137	0.00715	0.00979	0.01071	0.01184	0.00688	0.00778	0.01313	0.01428	0.08384	0.03542	0.51443	0.03988	0.02477	0.10095	0.00397	0.00650	0.08430	0.00645	0.00654
28	0.08022	0.00852	0.00965	0.01024	0.01188	0.00865	0.00731	0.03395	0.09763	0.02174	0.03931	0.47709	0.13044	0.01838	0.00830	0.00268	0.00447	0.01617	0.00651	0.00684
29	0.25164	0.09146	0.20691	0.01783	0.10917	0.01729	0.01562	0.07182	0.03683	0.02689	0.01255	0.01448	0.00971	0.00668	0.00578	0.00203	0.00760	0.00491	0.00406	0.08673

[dist]
# distance from previous block
# <min> <max>
2	20

[block]
# block no. 5 follows, 29 sequences, length 55
# corresponding to MSA columns:
# 1143-1197
name=unknown_F
#
# <colnr> <probs for GDERKNQSTAVLIFYWHMCP>
#	G	D	E	R	K	N	Q	S	T	A	V	L	I	F	Y	W	H	M	C	P
0	0.08784	0.07136	0.09156	0.11284	0.19320	0.01757	0.01649	0.13257	0.07050	0.11386	0.01635	0.01800	0.01210	0.00742	0.00666	0.00216	0.00786	0.00608	0.00501	0.01055
1	0.00921	0.00658	0.00887	0.01052	0.01117	0.00624	0.00753	0.01083	0.01416	0.01877	0.03895	0.61887	0.04593	0.02181	0.00923	0.00297	0.00459	0.14123	0.00660	0.00593
2	0.01532	0.01316	0.01502	0.01130	0.01719	0.01105	0.00898	0.02171	0.14345	0.02445	0.01576	0.01701	0.01267	0.00611	0.00565	0.00131	0.00534	0.00495	0.00479	0.64479
3	0.02240	0.01740	0.02009	0.04070	0.02199	0.01782	0.03670	0.42848	0.02639	0.03641	0.01547	0.01652	0.01148	0.00739	0.00660	0.00182	0.00726	0.00580	0.00595	0.25332
4	0.00868	0.00620	0.00826	0.00991	0.01033	0.00578	0.00661	0.00991	0.01363	0.01818	0.03925	0.74510	0.04710	0.02231	0.00909	0.00289	0.00413	0.02024	0.00661	0.00578
5	0.02104	0.37906	0.05392	0.01463	0.01971	0.22089	0.01305	0.09163	0.01816	0.02040	0.01365	0.04452	0.01258	0.00806	0.00589	0.00185	0.00903	0.03897	0.00397	0.00899
6	0.00868	0.00620	0.00826	0.00991	0.01033	0.00578	0.00661	0.00991	0.01363	0.01818	0.03925	0.74510	0.04710	0.02231	0.00909	0.00289	0.00413	0.02024	0.00661	0.00578
7	0.01477	0.01266	0.01477	0.01055	0.01687	0.00949	0.00844	0.01793	0.01477	0.02320	0.01266	0.01477	0.01055	0.00527	0.00527	0.00105	0.00527	0.00422	0.00422	0.79328
8	0.01762	0.01692	0.02890	0.04371	0.70533	0.01692	0.02185	0.02185	0.01621	0.02326	0.01339	0.01762	0.01128	0.00634	0.00705	0.00211	0.00846	0.00634	0.00352	0.01128
9	0.00850	0.00722	0.00733	0.00730	0.00967	0.00605	0.00548	0.01039	0.01643	0.01972	0.10486	0.06773	0.66942	0.01785	0.00841	0.00240	0.00359	0.01492	0.00668	0.00605
10	0.01345	0.01266	0.02136	0.73264	0.04904	0.01582	0.01978	0.01819	0.01424	0.01819	0.01266	0.01898	0.00949	0.00712	0.00712	0.00237	0.00949	0.00633	0.00316	0.00791
11	0.01511	0.01467	0.02582	0.44325	0.25682	0.01639	0.08620	0.01982	0.01512	0.02027	0.01307	0.01857	0.01019	0.00676	0.00722	0.00229	0.00941	0.00654	0.00332	0.00915
12	0.02660	0.03394	0.02018	0.01834	0.02201	0.72116	0.01376	0.02843	0.02018	0.01743	0.01101	0.01284	0.00917	0.00734	0.00642	0.00183	0.01284	0.00459	0.00367	0.00825
13	0.01866	0.06716	0.04947	0.13736	0.26892	0.03615	0.01654	0.04894	0.01675	0.10089	0.01462	0.01735	0.01132	0.00666	0.00653	0.00192	0.00785	0.00576	0.00430	0.16287
14	0.00934	0.00661	0.00866	0.00962	0.01007	0.00657	0.00640	0.01048	0.01245	0.01680	0.03171	0.45170	0.03696	0.21114	0.13214	0.00530	0.00727	0.01569	0.00557	0.00551
15	0.00915	0.00724	0.00822	0.00798	0.01007	0.00632	0.00598	0.01163	0.01795	0.02333	0.34837	0.06180	0.42366	0.01651	0.00841	0.00233	0.00350	0.01408	0.00715	0.00632
16	0.01428	0.03683	0.71286	0.02030	0.03082	0.01654	0.02631	0.02255	0.01503	0.02255	0.01278	0.01503	0.00902	0.00677	0.00677	0.00226	0.01052	0.00526	0.00301	0.01052
17	0.00842	0.00721	0.00721	0.00721	0.00962	0.00601	0.00541	0.01022	0.01623	0.01924	0.07213	0.06853	0.70244	0.01803	0.00842	0.00240	0.00361	0.01503	0.00661	0.00601
18	0.00884	0.00723	0.00781	0.00766	0.00988	0.00619	0.00575	0.01105	0.01724	0.02163	0.23388	0.06459	0.53921	0.01714	0.00841	0.00236	0.00354	0.01448	0.00693	0.00619
19	0.01759	0.01721	0.01605	0.01280	0.01817	0.14624	0.01000	0.02381	0.14811	0.02339	0.01553	0.01670	0.01247	0.00652	0.00588	0.00147	0.00678	0.00504	0.00471	0.49154
20	0.00865	0.00689	0.00777	0.00825	0.00994	0.00600	0.00592	0.01042	0.01575	0.01975	0.11972	0.28707	0.43057	0.01910	0.00863	0.00255	0.00375	0.01652	0.00673	0.00600
21	0.02696	0.02316	0.02110	0.01683	0.02207	0.18284	0.01359	0.53140	0.03042	0.03856	0.01570	0.01612	0.01143	0.00827	0.00696	0.00207	0.00899	0.00599	0.00633	0.01122
22	0.01796	0.01731	0.01567	0.01430	0.01780	0.14920	0.01104	0.03134	0.43340	0.02692	0.13120	0.03021	0.02721	0.01037	0.00737	0.00231	0.00668	0.03327	0.00663	0.00980
23	0.80005	0.01377	0.01047	0.00936	0.01377	0.01597	0.00771	0.02093	0.01212	0.03195	0.00991	0.01157	0.00771	0.00661	0.00441	0.00220	0.00551	0.00386	0.00441	0.00771
24	0.01327	0.00664	0.00664	0.00664	0.00830	0.00664	0.00498	0.01659	0.01493	0.02655	0.02323	0.02655	0.01825	0.00830	0.00498	0.00166	0.00332	0.00664	0.78928	0.00664
25	0.00868	0.00620	0.00826	0.00991	0.01033	0.00578	0.00661	0.00991	0.01363	0.01818	0.03925	0.74510	0.04710	0.02231	0.00909	0.00289	0.00413	0.02024	0.00661	0.00578
26	0.80005	0.01377	0.01047	0.00936	0.01377	0.01597	0.00771	0.02093	0.01212	0.03195	0.00991	0.01157	0.00771	0.00661	0.00441	0.00220	0.00551	0.00386	0.00441	0.00771
27	0.02642	0.02522	0.02030	0.06639	0.02350	0.35017	0.01375	0.25942	0.02449	0.10030	0.01508	0.01597	0.01113	0.00791	0.00680	0.00202	0.01012	0.00562	0.00540	0.01000
28	0.01327	0.00664	0.00664	0.00664	0.00830	0.00664	0.00498	0.01659	0.01493	0.02655	0.02323	0.02655	0.01825	0.00830	0.00498	0.00166	0.00332	0.00664	0.78928	0.00664
29	0.01771	0.01530	0.01610	0.01449	0.01852	0.01771	0.01127	0.03784	0.69247	0.02979	0.02898	0.02657	0.02174	0.00966	0.00725	0.00242	0.00564	0.00805	0.00725	0.01127
30	0.01021	0.00748	0.01069	0.01069	0.01170	0.00849	0.00796	0.01223	0.01122	0.01597	0.01976	0.03179	0.01946	0.19620	0.58100	0.01051	0.01658	0.00819	0.00392	0.00594
31	0.01327	0.00664	0.00664	0.00664	0.00830	0.00664	0.00498	0.01659	0.01493	0.02655	0.02323	0.02655	0.01825	0.00830	0.00498	0.00166	0.00332	0.00664	0.78928	0.00664
32	0.01762	0.01692	0.02890	0.04371	0.70533	0.01692	0.02185	0.02185	0.01621	0.02326	0.01339	0.01762	0.01128	0.00634	0.00705	0.00211	0.00846	0.00634	0.00352	0.01128
33	0.01771	0.01530	0.01610	0.01449	0.01852	0.01771	0.01127	0.03784	0.69247	0.02979	0.02898	0.02657	0.02174	0.00966	0.00725	0.00242	0.00564	0.00805	0.00725	0.01127
34	0.01692	0.01607	0.02723	0.07142	0.62866	0.01617	0.02072	0.02111	0.01640	0.02341	0.06090	0.02014	0.01506	0.00695	0.00715	0.00213	0.00815	0.00680	0.00381	0.01082
35	0.01449	0.01426	0.02386	0.01907	0.02117	0.01672	0.20169	0.01699	0.01248	0.01795	0.01424	0.02436	0.01397	0.18452	0.05046	0.00414	0.33077	0.00787	0.00356	0.00744
36	0.03048	0.01447	0.01798	0.01379	0.01935	0.01396	0.01139	0.22917	0.02432	0.51024	0.02479	0.02209	0.01597	0.00873	0.00715	0.00218	0.00659	0.00694	0.00831	0.01212
37	0.01345	0.01266	0.02136	0.73264	0.04904	0.01582	0.01978	0.01819	0.01424	0.01819	0.01266	0.01898	0.00949	0.00712	0.00712	0.00237	0.00949	0.00633	0.00316	0.00791
38	0.80005	0.01377	0.01047	0.00936	0.01377	0.01597	0.00771	0.02093	0.01212	0.03195	0.00991	0.01157	0.00771	0.00661	0.00441	0.00220	0.00551	0.00386	0.00441	0.00771
39	0.01751	0.28286	0.14056	0.01723	0.09439	0.10307	0.01472	0.04968	0.01743	0.02216	0.15305	0.02168	0.02139	0.00822	0.00632	0.00192	0.00795	0.00639	0.00433	0.00913
40	0.00868	0.00620	0.00826	0.00991	0.01033	0.00578	0.00661	0.00991	0.01363	0.01818	0.03925	0.74510	0.04710	0.02231	0.00909	0.00289	0.00413	0.02024	0.00661	0.00578
41	0.62844	0.01474	0.01232	0.01058	0.01519	0.03897	0.00867	0.07476	0.01498	0.10785	0.01254	0.01345	0.00921	0.00703	0.00499	0.00219	0.00599	0.00445	0.00509	0.00857
42	0.02707	0.01995	0.02137	0.01638	0.02208	0.02208	0.01353	0.68159	0.03348	0.04488	0.01710	0.01710	0.01211	0.00855	0.00712	0.00214	0.00784	0.00641	0.00712	0.01211
43	0.01017	0.00763	0.01144	0.01144	0.01272	0.00890	0.00890	0.01272	0.01144	0.01653	0.01907	0.02797	0.01780	0.05340	0.72153	0.01144	0.01907	0.00763	0.00381	0.00636
44	0.01929	0.09874	0.07384	0.01509	0.02076	0.15002	0.04701	0.10955	0.09074	0.02507	0.03883	0.01722	0.01343	0.00713	0.00626	0.00174	0.00802	0.00554	0.00469	0.24704
45	0.01029	0.01483	0.18915	0.01135	0.01554	0.00883	0.01120	0.01375	0.01546	0.02036	0.07069	0.19582	0.33391	0.01541	0.00801	0.00241	0.00555	0.01311	0.00563	0.03869
46	0.01666	0.07947	0.47795	0.02024	0.08086	0.01699	0.02200	0.07341	0.01672	0.05405	0.01363	0.01554	0.00993	0.00680	0.00657	0.00209	0.00937	0.00534	0.00371	0.06866
47	0.02269	0.18165	0.02008	0.01227	0.01704	0.01541	0.01040	0.05279	0.12456	0.30011	0.11928	0.02703	0.04753	0.00945	0.00680	0.00209	0.00595	0.00758	0.00697	0.01033
48	0.00842	0.00721	0.00721	0.00721	0.00962	0.00601	0.00541	0.01022	0.01623	0.01924	0.07213	0.06853	0.70244	0.01803	0.00842	0.00240	0.00361	0.01503	0.00661	0.00601
49	0.01017	0.01437	0.18919	0.01193	0.01547	0.00867	0.01142	0.01350	0.01506	0.02034	0.09166	0.35837	0.17898	0.01679	0.00829	0.00257	0.00560	0.01470	0.00578	0.00712
50	0.05644	0.19739	0.06266	0.01904	0.08087	0.15412	0.08333	0.13870	0.03961	0.08196	0.01435	0.01572	0.01102	0.00716	0.00638	0.00198	0.00905	0.00558	0.00463	0.01004
51	0.01345	0.01266	0.02136	0.73264	0.04904	0.01582	0.01978	0.01819	0.01424	0.01819	0.01266	0.01898	0.00949	0.00712	0.00712	0.00237	0.00949	0.00633	0.00316	0.00791
52	0.00939	0.00721	0.00860	0.00834	0.01024	0.00641	0.00622	0.01208	0.01841	0.02461	0.43681	0.08671	0.30682	0.01618	0.00843	0.00233	0.00348	0.01399	0.00733	0.00641
53	0.01723	0.02590	0.27442	0.15544	0.22312	0.11724	0.02168	0.04263	0.01652	0.02192	0.01281	0.01623	0.00986	0.00685	0.00687	0.00217	0.01000	0.00570	0.00340	0.00999
54	0.02159	0.01762	0.02530	0.02065	0.05950	0.01941	0.15731	0.25339	0.09524	0.08948	0.01709	0.01894	0.01278	0.00877	0.01050	0.00241	0.14678	0.00705	0.00558	0.01062

[dist]
# distance from previous block
# <min> <max>
0	1

[block]
# block no. 6 follows, 29 sequences, length 17
# corresponding to MSA columns:
# 1199-1215
name=unknown_G
#
# <colnr> <probs for GDERKNQSTAVLIFYWHMCP>
#	G	D	E	R	K	N	Q	S	T	A	V	L	I	F	Y	W	H	M	C	P
0	0.02440	0.01269	0.01541	0.01239	0.01674	0.01266	0.01007	0.20508	0.02230	0.31766	0.06527	0.02478	0.01931	0.01293	0.06962	0.00291	0.00709	0.00727	0.13102	0.01041
1	0.01164	0.00878	0.01047	0.01029	0.01218	0.00872	0.00756	0.07786	0.07754	0.02516	0.24929	0.30693	0.13230	0.01688	0.00843	0.00251	0.00431	0.01485	0.00710	0.00720
2	0.04938	0.02343	0.19458	0.02056	0.09243	0.11924	0.09413	0.10703	0.01910	0.13262	0.01687	0.04217	0.01278	0.00784	0.00697	0.00217	0.00914	0.00658	0.03276	0.01021
3	0.01555	0.17450	0.48980	0.02003	0.02924	0.01901	0.11229	0.02235	0.01516	0.02145	0.01244	0.01490	0.00929	0.00653	0.00656	0.00213	0.01016	0.00540	0.00310	0.01013
4	0.56667	0.01877	0.01394	0.01366	0.05920	0.18398	0.01004	0.02278	0.01430	0.02794	0.01039	0.01225	0.00828	0.00677	0.00505	0.00211	0.00744	0.00419	0.00418	0.00807
5	0.01137	0.00756	0.00910	0.00852	0.01069	0.00676	0.00646	0.01421	0.01858	0.07454	0.40929	0.05387	0.25577	0.01475	0.00806	0.00225	0.00363	0.01267	0.06503	0.00688
6	0.01805	0.01739	0.02956	0.03510	0.42530	0.01759	0.16260	0.06567	0.10813	0.02540	0.01594	0.01913	0.01263	0.00685	0.00737	0.00222	0.00881	0.00702	0.00427	0.01097
7	0.01611	0.02408	0.22765	0.02732	0.03545	0.01760	0.49873	0.02274	0.01632	0.02274	0.01396	0.01805	0.01031	0.00621	0.00795	0.00236	0.01159	0.00753	0.00344	0.00986
8	0.00875	0.00717	0.00739	0.00736	0.00942	0.00616	0.00532	0.01038	0.01562	0.01891	0.09270	0.06494	0.58482	0.11542	0.01212	0.00300	0.00404	0.01431	0.00636	0.00582
9	0.01237	0.00618	0.00928	0.00928	0.00928	0.00618	0.00618	0.00928	0.00928	0.01237	0.01237	0.02165	0.01237	0.02474	0.02783	0.79283	0.00618	0.00618	0.00309	0.00309
10	0.00868	0.00620	0.00826	0.00991	0.01033	0.00578	0.00661	0.00991	0.01363	0.01818	0.03925	0.74510	0.04710	0.02231	0.00909	0.00289	0.00413	0.02024	0.00661	0.00578
11	0.01840	0.01564	0.01649	0.01463	0.01878	0.01803	0.01144	0.08521	0.64398	0.03090	0.02811	0.02587	0.02103	0.00958	0.00724	0.00239	0.00580	0.00793	0.00724	0.01133
12	0.02707	0.01995	0.02137	0.01638	0.02208	0.02208	0.01353	0.68159	0.03348	0.04488	0.01710	0.01710	0.01211	0.00855	0.00712	0.00214	0.00784	0.00641	0.00712	0.01211
13	0.01428	0.03683	0.71286	0.02030	0.03082	0.01654	0.02631	0.02255	0.01503	0.02255	0.01278	0.01503	0.00902	0.00677	0.00677	0.00226	0.01052	0.00526	0.00301	0.01052
14	0.01904	0.75404	0.03731	0.01218	0.01828	0.02818	0.01218	0.02132	0.01447	0.01675	0.00990	0.01142	0.00914	0.00609	0.00457	0.00152	0.00761	0.00381	0.00305	0.00914
15	0.01785	0.01448	0.01544	0.01354	0.01742	0.01608	0.01059	0.18451	0.38255	0.03089	0.03287	0.09680	0.11255	0.01169	0.00754	0.00239	0.00575	0.00973	0.00707	0.01026
16	0.80005	0.01377	0.01047	0.00936	0.01377	0.01597	0.00771	0.02093	0.01212	0.03195	0.00991	0.01157	0.00771	0.00661	0.00441	0.00220	0.00551	0.00386	0.00441	0.00771

[dist]
# distance from previous block
# <min> <max>
0	4

[block]
# block no. 7 follows, 29 sequences, length 20
# corresponding to MSA columns:
# 1220-1239
name=unknown_H
#
# <colnr> <probs for GDERKNQSTAVLIFYWHMCP>
#	G	D	E	R	K	N	Q	S	T	A	V	L	I	F	Y	W	H	M	C	P
0	0.03195	0.01212	0.01652	0.01267	0.01818	0.01047	0.01047	0.03470	0.02038	0.71026	0.02809	0.02424	0.01763	0.00881	0.00716	0.00220	0.00606	0.00716	0.00881	0.01212
1	0.01017	0.00763	0.01144	0.01144	0.01272	0.00890	0.00890	0.01272	0.01144	0.01653	0.01907	0.02797	0.01780	0.05340	0.72153	0.01144	0.01907	0.00763	0.00381	0.00636
2	0.80005	0.01377	0.01047	0.00936	0.01377	0.01597	0.00771	0.02093	0.01212	0.03195	0.00991	0.01157	0.00771	0.00661	0.00441	0.00220	0.00551	0.00386	0.00441	0.00771
3	0.01001	0.00835	0.01115	0.01423	0.12205	0.00767	0.00856	0.01197	0.01514	0.01944	0.04891	0.34330	0.31694	0.01794	0.00848	0.00256	0.00461	0.01581	0.00611	0.00677
4	0.01904	0.75404	0.03731	0.01218	0.01828	0.02818	0.01218	0.02132	0.01447	0.01675	0.00990	0.01142	0.00914	0.00609	0.00457	0.00152	0.00761	0.00381	0.00305	0.00914
5	0.00947	0.00771	0.00962	0.11717	0.01570	0.00745	0.00790	0.01163	0.01512	0.01911	0.05139	0.25513	0.37658	0.01718	0.00826	0.00251	0.00463	0.01484	0.04235	0.00626
6	0.56553	0.01847	0.05847	0.01342	0.01840	0.11057	0.08044	0.02223	0.01387	0.02846	0.01071	0.01276	0.00831	0.00665	0.00524	0.00218	0.00748	0.00452	0.00414	0.00816
7	0.01901	0.01517	0.01630	0.01415	0.01814	0.01696	0.01109	0.23354	0.36617	0.03247	0.02855	0.12195	0.05207	0.01138	0.00751	0.00239	0.00603	0.00948	0.00709	0.01056
8	0.02559	0.13994	0.02322	0.01674	0.02146	0.37893	0.01344	0.24754	0.02378	0.02658	0.01289	0.01406	0.01016	0.00755	0.00637	0.00189	0.01035	0.00508	0.00474	0.00969
9	0.00870	0.00668	0.00797	0.00879	0.01008	0.00595	0.00616	0.01035	0.01521	0.01951	0.11112	0.42409	0.29985	0.01998	0.00877	0.00265	0.00386	0.01759	0.00672	0.00595
10	0.01710	0.01268	0.01416	0.01223	0.01579	0.01345	0.00961	0.15957	0.23200	0.07326	0.23185	0.03756	0.11683	0.01187	0.00770	0.00229	0.00519	0.00995	0.00742	0.00949
11	0.07453	0.08595	0.11833	0.01982	0.09320	0.05724	0.10419	0.11766	0.12248	0.05827	0.06456	0.02032	0.01627	0.00791	0.00689	0.00217	0.00819	0.00674	0.00511	0.01017
12	0.00868	0.00620	0.00826	0.00991	0.01033	0.00578	0.00661	0.00991	0.01363	0.01818	0.03925	0.74510	0.04710	0.02231	0.00909	0.00289	0.00413	0.02024	0.00661	0.00578
13	0.00866	0.00626	0.00820	0.00975	0.01029	0.00580	0.00654	0.00993	0.01379	0.01824	0.04122	0.70457	0.08636	0.02205	0.00905	0.00286	0.00410	0.01993	0.00661	0.00580
14	0.01738	0.01392	0.02131	0.21853	0.21135	0.01512	0.03791	0.05285	0.10806	0.09504	0.01799	0.02220	0.01417	0.04504	0.07528	0.00333	0.00912	0.00703	0.00472	0.00966
15	0.06898	0.01930	0.18297	0.24003	0.03166	0.01562	0.05716	0.10911	0.01777	0.11685	0.01691	0.06289	0.01311	0.00829	0.00706	0.00231	0.00861	0.00702	0.00473	0.00960
16	0.00850	0.00690	0.00754	0.00806	0.00984	0.00594	0.00578	0.01012	0.01542	0.01891	0.06188	0.27942	0.49817	0.01937	0.00863	0.00256	0.00377	0.01665	0.00661	0.00594
17	0.01134	0.04128	0.01168	0.07488	0.01503	0.00877	0.00846	0.01446	0.05892	0.05192	0.09539	0.46425	0.08075	0.01782	0.00840	0.00263	0.00485	0.01589	0.00639	0.00687
18	0.01967	0.18346	0.07040	0.09705	0.14359	0.08462	0.09214	0.04261	0.01665	0.09643	0.01390	0.01645	0.01082	0.00701	0.00726	0.00203	0.04181	0.00577	0.00407	0.04426
19	0.04874	0.01474	0.07670	0.01482	0.05876	0.08523	0.05087	0.01775	0.06857	0.02177	0.10086	0.18314	0.15959	0.01581	0.04778	0.00290	0.00720	0.01153	0.00552	0.00772

[dist]
# distance from previous block
# <min> <max>
1	8

[block]
# block no. 8 follows, 29 sequences, length 46
# corresponding to MSA columns:
# 1248-1293
name=unknown_I
#
# <colnr> <probs for GDERKNQSTAVLIFYWHMCP>
#	G	D	E	R	K	N	Q	S	T	A	V	L	I	F	Y	W	H	M	C	P
0	0.01843	0.15116	0.02250	0.07317	0.02217	0.07380	0.06611	0.04235	0.01635	0.07978	0.01360	0.01558	0.01076	0.00621	0.00587	0.00156	0.00738	0.00501	0.00430	0.36391
1	0.01923	0.02006	0.11873	0.01897	0.06884	0.07296	0.12192	0.09949	0.05716	0.08345	0.01562	0.01730	0.01173	0.00677	0.00669	0.00187	0.00831	0.00593	0.00475	0.24022
2	0.05446	0.28409	0.12222	0.01557	0.02142	0.20562	0.01454	0.12737	0.05195	0.02341	0.01265	0.01393	0.01015	0.00709	0.00588	0.00187	0.00923	0.00483	0.00410	0.00961
3	0.01018	0.00787	0.00973	0.03570	0.01232	0.00753	0.00720	0.01412	0.06378	0.02492	0.41015	0.13763	0.20088	0.01567	0.00836	0.00237	0.00389	0.01368	0.00720	0.00680
4	0.01122	0.00811	0.01111	0.01262	0.01432	0.00801	0.01096	0.01437	0.01638	0.02113	0.04061	0.07933	0.09682	0.01953	0.00972	0.00320	0.00631	0.60318	0.00656	0.00651
5	0.00911	0.00659	0.00795	0.00885	0.01000	0.00599	0.00617	0.01085	0.01496	0.02002	0.10111	0.44931	0.21887	0.01936	0.00851	0.00261	0.00386	0.01711	0.07279	0.00599
6	0.01345	0.01266	0.02136	0.73264	0.04904	0.01582	0.01978	0.01819	0.01424	0.01819	0.01266	0.01898	0.00949	0.00712	0.00712	0.00237	0.00949	0.00633	0.00316	0.00791
7	0.00910	0.00681	0.00846	0.00895	0.01027	0.00616	0.00637	0.01122	0.01651	0.02205	0.27804	0.34591	0.20690	0.01861	0.00869	0.00255	0.00374	0.01646	0.00704	0.00616
8	0.80005	0.01377	0.01047	0.00936	0.01377	0.01597	0.00771	0.02093	0.01212	0.03195	0.00991	0.01157	0.00771	0.00661	0.00441	0.00220	0.00551	0.00386	0.00441	0.00771
9	0.01147	0.00820	0.01147	0.01311	0.01475	0.00820	0.01147	0.01475	0.01639	0.02131	0.03770	0.08032	0.04098	0.01967	0.00984	0.00328	0.00656	0.65741	0.00656	0.00656
10	0.12960	0.01596	0.01647	0.01395	0.01847	0.01804	0.01115	0.21717	0.36172	0.05794	0.02271	0.02171	0.01678	0.00884	0.00673	0.00227	0.00617	0.00692	0.03655	0.01087
11	0.02660	0.03394	0.02018	0.01834	0.02201	0.72116	0.01376	0.02843	0.02018	0.01743	0.01101	0.01284	0.00917	0.00734	0.00642	0.00183	0.01284	0.00459	0.00367	0.00825
12	0.01477	0.01266	0.01477	0.01055	0.01687	0.00949	0.00844	0.01793	0.01477	0.02320	0.01266	0.01477	0.01055	0.00527	0.00527	0.00105	0.00527	0.00422	0.00422	0.79328
