[name]
unknown

[dist]
# distance from previous block
# <min> <max>
0	311

[block]
# block no. 0 follows, 27 sequences, length 20
# corresponding to MSA columns:
# 311-330
name=unknown_A
#
# <colnr> <probs for GDERKNQSTAVLIFYWHMCP>
#	G	D	E	R	K	N	Q	S	T	A	V	L	I	F	Y	W	H	M	C	P
0	0.01181	0.00845	0.01175	0.01322	0.01494	0.00839	0.01145	0.01524	0.01750	0.02300	0.10647	0.08081	0.04555	0.01996	0.01010	0.00331	0.00649	0.57775	0.00697	0.00685
1	0.01315	0.01286	0.01689	0.07018	0.01965	0.08083	0.11593	0.01589	0.01550	0.01909	0.03658	0.04198	0.24014	0.11766	0.14598	0.00487	0.01018	0.01060	0.00491	0.00710
2	0.02240	0.51465	0.03313	0.01478	0.02031	0.24916	0.01323	0.02463	0.01701	0.01769	0.01069	0.01239	0.00954	0.00677	0.00539	0.00169	0.00970	0.00423	0.00339	0.00923
3	0.01180	0.00990	0.01545	0.37038	0.03111	0.01138	0.01376	0.01505	0.01460	0.01939	0.02605	0.33757	0.02776	0.01452	0.00822	0.00268	0.00710	0.01306	0.04303	0.00720
4	0.01218	0.00938	0.01055	0.01060	0.01209	0.00983	0.00727	0.01842	0.19358	0.02074	0.03492	0.24581	0.09041	0.26859	0.01875	0.00429	0.00569	0.01359	0.00624	0.00707
5	0.06416	0.14896	0.15992	0.01604	0.02143	0.07534	0.03862	0.05464	0.01588	0.02228	0.01465	0.05681	0.01309	0.01409	0.08987	0.00329	0.09125	0.00642	0.00399	0.08927
6	0.01903	0.24700	0.24898	0.02049	0.02857	0.02072	0.19427	0.02450	0.01657	0.09147	0.01451	0.01669	0.01087	0.00684	0.00686	0.00215	0.00998	0.00611	0.00394	0.01044
7	0.00921	0.00665	0.00863	0.00999	0.01065	0.00617	0.00673	0.01068	0.01484	0.01977	0.09657	0.60927	0.09329	0.04709	0.01035	0.00307	0.00430	0.01974	0.00692	0.00607
8	0.01545	0.01666	0.07740	0.36081	0.21344	0.01691	0.06640	0.02017	0.01522	0.02074	0.01386	0.02040	0.01133	0.04560	0.01008	0.00269	0.05319	0.00688	0.00348	0.00930
9	0.02020	0.17192	0.17310	0.05752	0.08048	0.04545	0.10212	0.10455	0.07805	0.07302	0.01609	0.01783	0.01210	0.00746	0.00695	0.00219	0.00928	0.00627	0.00465	0.01077
10	0.01340	0.00810	0.01080	0.01101	0.01272	0.00783	0.00803	0.01600	0.03786	0.12326	0.07326	0.40513	0.07312	0.02568	0.13227	0.00439	0.00733	0.01556	0.00682	0.00740
11	0.05553	0.01149	0.01500	0.01224	0.01669	0.01061	0.00987	0.02949	0.06029	0.44150	0.17794	0.03198	0.02998	0.01312	0.04707	0.00286	0.00639	0.00877	0.00839	0.01078
12	0.01959	0.01989	0.12199	0.12062	0.02483	0.12479	0.01492	0.04747	0.07735	0.13168	0.07921	0.05368	0.06121	0.01065	0.00879	0.02241	0.03771	0.00814	0.00560	0.00945
13	0.27103	0.01451	0.01815	0.10281	0.09245	0.01543	0.04572	0.09421	0.01829	0.15109	0.05579	0.02261	0.05081	0.00862	0.00672	0.00233	0.00706	0.00689	0.00576	0.00974
14	0.04157	0.01473	0.02467	0.10243	0.20619	0.01468	0.14502	0.05540	0.01823	0.09452	0.08291	0.08117	0.06561	0.00989	0.00796	0.00240	0.00812	0.00939	0.00531	0.00981
15	0.02134	0.07744	0.02369	0.05950	0.16133	0.21713	0.01580	0.07529	0.01827	0.04695	0.01352	0.01691	0.01125	0.01104	0.05194	0.00277	0.11265	0.00586	0.00416	0.05314
16	0.01729	0.01488	0.05363	0.03904	0.04120	0.01271	0.06971	0.08305	0.05295	0.05977	0.02029	0.02379	0.03932	0.00799	0.00665	0.00184	0.00670	0.03123	0.10840	0.30955
17	0.01948	0.10577	0.12493	0.02205	0.08592	0.01971	0.16673	0.17818	0.08947	0.02901	0.02101	0.02254	0.06460	0.00841	0.00748	0.00228	0.00903	0.00754	0.00510	0.01076
18	0.01812	0.01586	0.01426	0.05009	0.01703	0.17109	0.00980	0.09254	0.01824	0.07330	0.04686	0.16296	0.06546	0.19344	0.01531	0.00358	0.00795	0.01076	0.00568	0.00766
19	0.02483	0.01615	0.06601	0.07020	0.02408	0.01433	0.07502	0.14844	0.02226	0.30940	0.09082	0.02491	0.02032	0.00900	0.00758	0.00226	0.00751	0.00770	0.00712	0.05207

[dist]
# distance from previous block
# <min> <max>
22	101

[block]
# block no. 1 follows, 27 sequences, length 83
# corresponding to MSA columns:
# 435-474,477-519
name=unknown_B
#
# <colnr> <probs for GDERKNQSTAVLIFYWHMCP>
#	G	D	E	R	K	N	Q	S	T	A	V	L	I	F	Y	W	H	M	C	P
0	0.20326	0.08128	0.10495	0.06636	0.02061	0.07164	0.03294	0.03961	0.01694	0.05055	0.10174	0.02928	0.13278	0.01009	0.00683	0.00227	0.00726	0.00790	0.00516	0.00856
1	0.04339	0.02563	0.28159	0.01645	0.02336	0.10273	0.01700	0.08602	0.01834	0.08805	0.01899	0.06493	0.03443	0.04385	0.00850	0.00240	0.00892	0.00707	0.00482	0.10352
2	0.18880	0.01904	0.09560	0.03443	0.02060	0.08853	0.01287	0.07999	0.07204	0.16863	0.05090	0.02221	0.01656	0.00868	0.00673	0.00223	0.00753	0.02865	0.00597	0.07000
3	0.07463	0.13926	0.23549	0.01991	0.10193	0.01977	0.01802	0.09133	0.15207	0.05235	0.01717	0.01814	0.01294	0.00776	0.00670	0.00223	0.00838	0.00605	0.00486	0.01101
4	0.13248	0.04688	0.15929	0.03839	0.02007	0.05263	0.01365	0.08652	0.05376	0.02519	0.01640	0.02301	0.01435	0.14924	0.01371	0.00322	0.06109	0.00665	0.05026	0.03319
5	0.10081	0.19389	0.10816	0.01556	0.02158	0.17172	0.01422	0.13001	0.06138	0.02626	0.01370	0.01500	0.01084	0.00735	0.00613	0.00194	0.00896	0.00510	0.00454	0.08283
6	0.07191	0.09613	0.18424	0.05448	0.09265	0.01761	0.10225	0.08340	0.01774	0.08151	0.01524	0.01790	0.01157	0.01014	0.05120	0.00277	0.00974	0.00617	0.00444	0.06891
7	0.01590	0.23648	0.10149	0.01347	0.01759	0.06808	0.03464	0.01954	0.05633	0.01868	0.01940	0.07967	0.01974	0.22634	0.01586	0.00363	0.00820	0.03267	0.00432	0.00793
8	0.01069	0.00750	0.00983	0.01109	0.01192	0.00735	0.00830	0.01249	0.01447	0.01906	0.03562	0.28976	0.04066	0.21215	0.01730	0.00429	0.00609	0.26925	0.00623	0.00595
9	0.02192	0.01653	0.02070	0.04664	0.14121	0.04913	0.03819	0.17758	0.09033	0.13717	0.04991	0.02663	0.08332	0.00945	0.00751	0.00223	0.00745	0.00795	0.00637	0.05979
10	0.05817	0.08530	0.23340	0.02112	0.08301	0.01883	0.08945	0.17578	0.02075	0.06879	0.01697	0.02168	0.01335	0.00836	0.00729	0.00233	0.00922	0.05038	0.00495	0.01087
11	0.01065	0.00779	0.01110	0.01110	0.01214	0.00883	0.00825	0.01273	0.01169	0.01662	0.02064	0.03336	0.02038	0.20323	0.56462	0.01091	0.01715	0.00857	0.00409	0.00617
12	0.01087	0.00771	0.01028	0.01093	0.01202	0.00777	0.00830	0.01311	0.01511	0.02047	0.14357	0.14172	0.04067	0.19634	0.12523	0.00541	0.00807	0.21017	0.00607	0.00618
13	0.02075	0.22564	0.09013	0.07293	0.02394	0.01983	0.05565	0.09868	0.01802	0.13942	0.01633	0.01869	0.01259	0.01339	0.08796	0.00328	0.06168	0.00618	0.00485	0.01006
14	0.01787	0.04990	0.18992	0.07204	0.20470	0.04570	0.13439	0.04205	0.03690	0.04652	0.01572	0.04683	0.01280	0.00797	0.00832	0.00237	0.04425	0.00721	0.00405	0.01048
15	0.00958	0.00755	0.00864	0.00837	0.01052	0.00661	0.00628	0.01222	0.01884	0.02460	0.36236	0.06396	0.39979	0.01711	0.00877	0.00243	0.00364	0.01462	0.00749	0.00661
16	0.01949	0.14521	0.11562	0.10172	0.02866	0.05311	0.13550	0.11175	0.01831	0.05721	0.01421	0.01754	0.01110	0.00980	0.03551	0.00269	0.10201	0.00641	0.00424	0.00990
17	0.02037	0.06955	0.05127	0.01665	0.08508	0.01576	0.01263	0.17050	0.10288	0.12806	0.17298	0.03138	0.06973	0.01061	0.00761	0.00227	0.00648	0.00881	0.00694	0.01047
18	0.01177	0.00845	0.00967	0.00962	0.01201	0.00774	0.00729	0.01534	0.06827	0.07212	0.11085	0.18004	0.37790	0.01801	0.00881	0.00263	0.00441	0.06062	0.00722	0.00723
19	0.13777	0.01617	0.02493	0.17206	0.42728	0.01730	0.01952	0.02270	0.04845	0.02495	0.01405	0.01813	0.01135	0.00699	0.00695	0.00229	0.00841	0.00630	0.00393	0.01049
20	0.01928	0.07138	0.07874	0.06441	0.19978	0.01582	0.10097	0.02479	0.06550	0.14405	0.07537	0.06812	0.02040	0.00910	0.00761	0.00233	0.00808	0.00837	0.00542	0.01050
21	0.11573	0.01679	0.10437	0.01410	0.01891	0.04134	0.01273	0.12366	0.01965	0.18774	0.02421	0.10765	0.02100	0.01363	0.04121	0.00293	0.00781	0.08166	0.03512	0.00978
22	0.00885	0.00720	0.00785	0.00836	0.01025	0.00620	0.00601	0.01056	0.01611	0.01972	0.06496	0.26945	0.49838	0.02013	0.00898	0.00266	0.00392	0.01729	0.00689	0.00620
23	0.12327	0.05343	0.02521	0.06751	0.14766	0.14332	0.11949	0.04839	0.04136	0.13629	0.01623	0.01815	0.01208	0.00745	0.00701	0.00223	0.00933	0.00637	0.00496	0.01027
24	0.01867	0.02272	0.18356	0.05613	0.14866	0.06925	0.04036	0.14353	0.07273	0.02692	0.01669	0.02051	0.01333	0.04038	0.09047	0.00359	0.01073	0.00675	0.00462	0.01040
25	0.00877	0.00752	0.00752	0.00752	0.01003	0.00627	0.00564	0.01065	0.01692	0.02005	0.07520	0.07144	0.68978	0.01880	0.00877	0.00251	0.00376	0.01567	0.00689	0.00627
26	0.08167	0.17772	0.05482	0.01550	0.01976	0.10045	0.03825	0.12219	0.01835	0.02490	0.06426	0.01976	0.01581	0.01541	0.10754	0.00357	0.10005	0.00634	0.00455	0.00910
27	0.01964	0.12940	0.21102	0.02479	0.21378	0.01849	0.01919	0.07186	0.06534	0.09982	0.01748	0.04684	0.01386	0.00806	0.00701	0.00222	0.00856	0.00672	0.00474	0.01114
28	0.26022	0.01739	0.01403	0.01372	0.04212	0.17836	0.01033	0.05200	0.01763	0.02672	0.07048	0.03144	0.08571	0.01065	0.00675	0.00231	0.00740	0.08108	0.06359	0.00806
29	0.01809	0.01078	0.01268	0.01117	0.01467	0.01028	0.00869	0.07558	0.09392	0.20172	0.10230	0.13181	0.24848	0.01473	0.00827	0.00248	0.00508	0.01244	0.00772	0.00911
30	0.04862	0.23306	0.29689	0.05238	0.07861	0.12938	0.01979	0.02378	0.01629	0.02119	0.01211	0.01451	0.00962	0.00693	0.00630	0.00206	0.01008	0.00503	0.00336	0.01001
31	0.04241	0.07600	0.20367	0.02257	0.14109	0.07092	0.01875	0.12313	0.01932	0.10903	0.01526	0.01718	0.01143	0.00817	0.00887	0.00231	0.08826	0.00602	0.00474	0.01089
32	0.00936	0.00757	0.00843	0.00894	0.01105	0.00664	0.00690	0.01144	0.01662	0.02030	0.06473	0.15476	0.49823	0.01965	0.00912	0.00273	0.00436	0.12595	0.00688	0.00634
33	0.01946	0.05224	0.07161	0.16471	0.13703	0.04346	0.04868	0.10404	0.11852	0.07685	0.01827	0.02072	0.01381	0.00987	0.03545	0.00267	0.00902	0.00685	0.03630	0.01045
34	0.01941	0.05890	0.05412	0.06393	0.12378	0.08511	0.01456	0.12016	0.04491	0.07637	0.11949	0.02791	0.07688	0.01026	0.00894	0.00232	0.06943	0.00811	0.00562	0.00979
35	0.01123	0.00984	0.01006	0.01136	0.01219	0.08817	0.00776	0.01259	0.01501	0.01886	0.03748	0.65007	0.04448	0.02143	0.00915	0.00289	0.00537	0.01920	0.00653	0.00633
36	0.07386	0.01407	0.02198	0.08061	0.38301	0.01437	0.01748	0.01959	0.01637	0.02364	0.02424	0.06169	0.06809	0.01103	0.00792	0.00253	0.00773	0.13745	0.00471	0.00961
37	0.01937	0.04999	0.10469	0.09807	0.07805	0.14550	0.18778	0.02526	0.07138	0.04574	0.01491	0.01827	0.01159	0.00791	0.00936	0.00239	0.08907	0.00678	0.00407	0.00981
38	0.01646	0.01680	0.09464	0.14981	0.17274	0.03771	0.06553	0.06065	0.01725	0.06118	0.02202	0.20866	0.02140	0.01152	0.00799	0.00250	0.00830	0.01049	0.00496	0.00939
39	0.01975	0.01281	0.01440	0.01267	0.01624	0.04386	0.01010	0.16188	0.02214	0.17096	0.11383	0.12799	0.13677	0.01440	0.00837	0.00253	0.00613	0.08844	0.00750	0.00925
40	0.01750	0.01445	0.01756	0.06909	0.05183	0.09015	0.05280	0.05875	0.04917	0.09972	0.12834	0.18719	0.05513	0.01330	0.00932	0.00252	0.05691	0.01135	0.00619	0.00871
41	0.01608	0.09357	0.08593	0.01573	0.02025	0.01607	0.09211	0.11792	0.08303	0.02575	0.05539	0.13943	0.13666	0.01265	0.00895	0.00247	0.05245	0.01071	0.00572	0.00913
42	0.02505	0.01408	0.01682	0.01375	0.01851	0.01430	0.01106	0.13692	0.19842	0.31212	0.12845	0.02931	0.02647	0.01029	0.00768	0.00235	0.00607	0.00850	0.00831	0.01154
43	0.01638	0.01311	0.01467	0.01289	0.01662	0.01383	0.01018	0.11658	0.26589	0.03096	0.20147	0.03943	0.08158	0.01218	0.00794	0.00237	0.00547	0.05366	0.00732	0.07748
44	0.02191	0.02315	0.07007	0.01684	0.02171	0.18988	0.01392	0.12767	0.37250	0.02960	0.02250	0.02181	0.01696	0.00908	0.00728	0.00231	0.00845	0.00703	0.00628	0.01104
45	0.02185	0.01830	0.04959	0.01455	0.02011	0.06613	0.01216	0.25091	0.09767	0.08323	0.06067	0.02329	0.04934	0.00892	0.00706	0.00200	0.00716	0.00703	0.00642	0.19360
46	0.01938	0.15021	0.24718	0.02148	0.08036	0.02049	0.09966	0.12298	0.06880	0.05145	0.01549	0.01739	0.01168	0.00759	0.00761	0.00225	0.03434	0.00623	0.00448	0.01094
47	0.01782	0.02438	0.21143	0.03069	0.17884	0.01844	0.30883	0.07194	0.01821	0.02554	0.01455	0.01836	0.01099	0.00674	0.00790	0.00238	0.01098	0.00728	0.00385	0.01084
48	0.01886	0.19767	0.36777	0.05100	0.02799	0.09632	0.02082	0.09437	0.01819	0.02387	0.01292	0.01498	0.00983	0.00718	0.00654	0.00212	0.01018	0.00524	0.00370	0.01043
49	0.01998	0.07719	0.18820	0.11295	0.18537	0.13644	0.01987	0.06971	0.04907	0.05090	0.01466	0.01726	0.01125	0.00740	0.00701	0.00220	0.00991	0.00596	0.00415	0.01052
50	0.04975	0.28847	0.35562	0.01700	0.02546	0.02168	0.01965	0.06832	0.01694	0.05522	0.01319	0.01478	0.01004	0.00702	0.00618	0.00206	0.00926	0.00506	0.00379	0.01053
51	0.01230	0.00829	0.01003	0.00973	0.01193	0.00762	0.00723	0.01582	0.05722	0.08745	0.26826	0.20254	0.23919	0.01712	0.00872	0.00254	0.00416	0.01489	0.00758	0.00739
52	0.02744	0.02120	0.02225	0.01733	0.02280	0.05543	0.01426	0.59685	0.03276	0.04361	0.01701	0.01751	0.01230	0.00911	0.00846	0.00228	0.05367	0.00658	0.00699	0.01215
53	0.01752	0.01912	0.09794	0.01660	0.02048	0.08264	0.03918	0.09475	0.17108	0.02587	0.05144	0.09810	0.06068	0.01213	0.01079	0.00261	0.13313	0.03079	0.00566	0.00950
54	0.01682	0.01984	0.08560	0.04931	0.15292	0.17566	0.05613	0.02032	0.01727	0.02144	0.07137	0.18357	0.02514	0.01340	0.03013	0.00273	0.00923	0.03558	0.00485	0.00869
55	0.01006	0.00753	0.00950	0.01077	0.01186	0.00728	0.00771	0.01315	0.06487	0.02036	0.04371	0.53267	0.11707	0.02146	0.00934	0.00297	0.00466	0.09153	0.00693	0.00658
56	0.02601	0.02809	0.02290	0.01941	0.02378	0.44115	0.08572	0.05149	0.07088	0.10081	0.01552	0.01690	0.01190	0.00817	0.00797	0.00215	0.04677	0.00596	0.00483	0.00959
57	0.01993	0.14271	0.02586	0.02769	0.32215	0.01702	0.01659	0.02421	0.04315	0.13364	0.04689	0.02875	0.01926	0.00928	0.00736	0.00229	0.00767	0.08966	0.00523	0.01068
58	0.01207	0.00965	0.01491	0.01301	0.01584	0.00869	0.11919	0.01473	0.01683	0.06404	0.11032	0.26941	0.26766	0.01712	0.00891	0.00264	0.00557	0.01549	0.00663	0.00730
59	0.00911	0.00702	0.00817	0.00892	0.01029	0.00625	0.00620	0.01068	0.01551	0.01966	0.08589	0.36934	0.32812	0.06609	0.01092	0.00302	0.00421	0.01771	0.00680	0.00608
60	0.10638	0.36299	0.05449	0.01877	0.13420	0.05444	0.01428	0.02507	0.04802	0.09791	0.01420	0.01550	0.01137	0.00704	0.00580	0.00194	0.00793	0.00513	0.00433	0.01021
61	0.05848	0.07672	0.13664	0.15337	0.03099	0.10805	0.12354	0.05010	0.05962	0.10804	0.01620	0.01846	0.01185	0.00754	0.00716	0.00228	0.00984	0.00643	0.00463	0.01005
62	0.12169	0.01581	0.01592	0.01400	0.01840	0.04922	0.01101	0.03502	0.43314	0.13308	0.02840	0.02637	0.04634	0.00976	0.00716	0.00243	0.00620	0.00780	0.00722	0.01103
63	0.02279	0.02674	0.01953	0.01776	0.02076	0.43678	0.01374	0.02688	0.08900	0.02050	0.05785	0.02285	0.01708	0.01010	0.00991	0.00231	0.12227	0.04991	0.00461	0.00864
64	0.06198	0.05192	0.18307	0.10226	0.02516	0.13360	0.01611	0.08405	0.01856	0.04926	0.04304	0.08435	0.06603	0.01050	0.00739	0.00236	0.00888	0.03739	0.00491	0.00916
65	0.01523	0.01351	0.04797	0.01630	0.09438	0.03892	0.01174	0.06821	0.04110	0.05656	0.15684	0.07760	0.14631	0.05956	0.01140	0.00283	0.06035	0.06657	0.00620	0.00841
66	0.01227	0.00870	0.00932	0.00907	0.01145	0.00858	0.00695	0.01791	0.12010	0.02560	0.13533	0.04932	0.25822	0.01384	0.00753	0.00229	0.00411	0.04236	0.24960	0.00745
67	0.01725	0.01543	0.04883	0.08079	0.04979	0.01526	0.13058	0.09103	0.16790	0.05918	0.04668	0.09772	0.04613	0.01168	0.00830	0.00260	0.00783	0.08715	0.00609	0.00978
68	0.01871	0.02100	0.13277	0.02792	0.21257	0.04996	0.16428	0.08796	0.03867	0.05743	0.01869	0.10124	0.01621	0.00903	0.00785	0.00239	0.00941	0.00861	0.00474	0.01056
69	0.01406	0.01044	0.01127	0.01085	0.01341	0.01115	0.00816	0.02374	0.27111	0.02692	0.08480	0.14455	0.10384	0.01309	0.00743	0.00236	0.00456	0.01116	0.21852	0.00857
70	0.01833	0.01776	0.03081	0.04486	0.66059	0.01769	0.05444	0.02283	0.01693	0.02423	0.01402	0.01845	0.01173	0.00660	0.00742	0.00222	0.00900	0.00672	0.00368	0.01167
71	0.06592	0.04582	0.07348	0.05077	0.02218	0.23426	0.01392	0.09845	0.08845	0.08230	0.04365	0.02434	0.05538	0.00962	0.00780	0.00227	0.03586	0.03049	0.00543	0.00961
72	0.02332	0.09079	0.09951	0.01452	0.01957	0.12052	0.01288	0.05593	0.01901	0.26373	0.02519	0.12924	0.04237	0.01265	0.03458	0.00266	0.00834	0.00879	0.00634	0.01006
73	0.01149	0.00824	0.00942	0.00960	0.01174	0.00757	0.00700	0.01488	0.07366	0.06964	0.05563	0.30315	0.35255	0.01896	0.00883	0.00268	0.00433	0.01640	0.00712	0.00712
74	0.01724	0.06948	0.24658	0.09172	0.09797	0.01835	0.08061	0.07224	0.14547	0.02586	0.01818	0.02228	0.01427	0.00829	0.00741	0.00239	0.00921	0.03718	0.00461	0.01067
75	0.02119	0.01863	0.05100	0.01829	0.09714	0.13307	0.01330	0.10832	0.11802	0.12189	0.08509	0.02699	0.04591	0.03541	0.06940	0.00324	0.00905	0.00786	0.00610	0.01010
76	0.00915	0.00693	0.00845	0.00935	0.01058	0.00623	0.00653	0.01091	0.01592	0.02070	0.13591	0.44415	0.24662	0.02085	0.00917	0.00277	0.00404	0.01845	0.00706	0.00623
77	0.01666	0.06906	0.10279	0.29782	0.20357	0.01834	0.11772	0.04558	0.01661	0.02243	0.01365	0.01840	0.01059	0.00699	0.00738	0.00233	0.00994	0.00662	0.00359	0.00994
78	0.01713	0.04697	0.11799	0.02568	0.19279	0.04522	0.11013	0.04841	0.07179	0.02377	0.01987	0.06931	0.05042	0.00947	0.00944	0.00240	0.08791	0.00811	0.00444	0.03876
79	0.07831	0.07517	0.15543	0.02543	0.19585	0.01753	0.11859	0.08309	0.01768	0.04898	0.01666	0.06841	0.01439	0.04207	0.00867	0.00253	0.00896	0.00757	0.00443	0.01026
80	0.02120	0.02425	0.02032	0.05644	0.16804	0.37202	0.01456	0.02350	0.01791	0.01911	0.01621	0.08177	0.01576	0.10423	0.01117	0.00279	0.01063	0.00747	0.00412	0.00852
81	0.01810	0.24391	0.10922	0.04927	0.02112	0.07304	0.01380	0.11718	0.04338	0.02402	0.04463	0.16982	0.02117	0.01105	0.00699	0.00222	0.00786	0.00893	0.00500	0.00928
82	0.01540	0.04180	0.08785	0.08692	0.08079	0.09555	0.06190	0.04427	0.01650	0.02136	0.02357	0.28603	0.02492	0.01336	0.00863	0.00251	0.03462	0.01171	0.00496	0.03735

[dist]
# distance from previous block
# <min> <max>
2	11

[block]
# block no. 2 follows, 27 sequences, length 64
# corresponding to MSA columns:
# 531-584,602-611
name=unknown_C
#
# <colnr> <probs for GDERKNQSTAVLIFYWHMCP>
#	G	D	E	R	K	N	Q	S	T	A	V	L	I	F	Y	W	H	M	C	P
0	0.01907	0.01635	0.07757	0.01721	0.06575	0.01445	0.06483	0.11377	0.06013	0.12526	0.06569	0.02972	0.12331	0.01025	0.00874	0.00226	0.05783	0.00845	0.00604	0.11331
1	0.02380	0.07063	0.05143	0.01651	0.02206	0.04578	0.04095	0.25554	0.25149	0.10988	0.02230	0.02148	0.01619	0.00892	0.00730	0.00230	0.00766	0.00713	0.00689	0.01177
2	0.01738	0.03781	0.56879	0.02076	0.03035	0.15150	0.02489	0.02470	0.01671	0.02247	0.01296	0.01523	0.00943	0.00717	0.00698	0.00227	0.01144	0.00535	0.00327	0.01051
3	0.14878	0.01514	0.01560	0.04655	0.09266	0.10080	0.01126	0.02374	0.06753	0.15412	0.03251	0.07173	0.16744	0.01128	0.00729	0.00235	0.00683	0.00911	0.00610	0.00919
4	0.01397	0.01333	0.02034	0.43022	0.06564	0.04438	0.05452	0.01819	0.01594	0.01999	0.02571	0.03490	0.11623	0.01061	0.00801	0.00256	0.00887	0.08422	0.00433	0.00805
5	0.00961	0.00779	0.00869	0.00914	0.01144	0.00687	0.00731	0.01190	0.01697	0.02062	0.06574	0.07469	0.51914	0.01925	0.00916	0.00275	0.00457	0.18106	0.00688	0.00642
6	0.01466	0.01377	0.02322	0.56033	0.17392	0.01628	0.02046	0.01935	0.01522	0.01999	0.01451	0.04951	0.01190	0.00793	0.00749	0.00244	0.00945	0.00721	0.00352	0.00884
7	0.01737	0.02482	0.28595	0.02461	0.18971	0.03850	0.02023	0.05167	0.06704	0.05215	0.03633	0.02166	0.01482	0.06969	0.01082	0.00277	0.05021	0.00684	0.00433	0.01046
8	0.02618	0.03213	0.02033	0.01845	0.02234	0.59370	0.01391	0.03128	0.13120	0.02032	0.01461	0.01578	0.01175	0.00806	0.00684	0.00201	0.01213	0.00539	0.00445	0.00913
9	0.01667	0.00967	0.01198	0.01124	0.01409	0.00901	0.00873	0.07346	0.01895	0.18043	0.07847	0.24150	0.19039	0.01697	0.00872	0.00267	0.00522	0.08597	0.00753	0.00833
10	0.01341	0.01232	0.01833	0.01635	0.01727	0.01566	0.04980	0.01558	0.01234	0.01817	0.01807	0.13117	0.01870	0.02777	0.23917	0.00593	0.34912	0.00934	0.00407	0.00743
11	0.02352	0.16451	0.03156	0.02108	0.02692	0.23984	0.22567	0.06083	0.01950	0.09579	0.01469	0.01680	0.01124	0.00718	0.00712	0.00210	0.01100	0.00631	0.00445	0.00990
12	0.06020	0.01543	0.01414	0.01257	0.01602	0.14602	0.00970	0.02466	0.11482	0.14505	0.24001	0.03749	0.10981	0.01190	0.00774	0.00229	0.00641	0.00973	0.00708	0.00896
13	0.01202	0.00808	0.00953	0.00952	0.01142	0.00758	0.00697	0.05123	0.01786	0.05223	0.17120	0.27838	0.19927	0.01726	0.00839	0.00251	0.00421	0.01502	0.11026	0.00705
14	0.01781	0.01208	0.01356	0.01173	0.01542	0.01214	0.00921	0.15145	0.11670	0.12467	0.12158	0.08426	0.25087	0.01401	0.00818	0.00243	0.00532	0.01169	0.00757	0.00932
15	0.01901	0.01813	0.02574	0.21219	0.35912	0.09646	0.02006	0.02296	0.01666	0.06029	0.01402	0.01839	0.01125	0.00760	0.00865	0.00233	0.06656	0.00644	0.00388	0.01026
16	0.01495	0.01456	0.02378	0.17710	0.09152	0.01721	0.10967	0.01854	0.01524	0.02146	0.11667	0.02608	0.04890	0.01076	0.01372	0.00270	0.25604	0.00830	0.00427	0.00852
17	0.01050	0.00707	0.00819	0.00848	0.00855	0.00700	0.00491	0.01072	0.01138	0.01518	0.02640	0.16613	0.03078	0.61638	0.03293	0.00648	0.00670	0.01256	0.00491	0.00476
18	0.01662	0.01703	0.03248	0.26410	0.24325	0.01767	0.25519	0.02188	0.01645	0.02233	0.01409	0.01944	0.01096	0.00675	0.00789	0.00240	0.01052	0.00739	0.00358	0.00996
19	0.02066	0.07420	0.16794	0.02540	0.15649	0.15110	0.12971	0.06231	0.01894	0.06950	0.04286	0.01869	0.01356	0.00749	0.00730	0.00220	0.01029	0.00656	0.00435	0.01045
20	0.02310	0.01251	0.01551	0.01292	0.01703	0.01246	0.01035	0.07651	0.12227	0.32089	0.11265	0.06321	0.10226	0.01193	0.00883	0.00244	0.04688	0.00972	0.00798	0.01056
21	0.01052	0.00816	0.00978	0.01048	0.01213	0.00789	0.00774	0.01465	0.09175	0.02192	0.10309	0.34949	0.21044	0.01960	0.00911	0.00282	0.00458	0.09185	0.00707	0.00692
22	0.01629	0.01431	0.02182	0.02493	0.23248	0.01560	0.05232	0.04218	0.06704	0.04668	0.09707	0.02817	0.06573	0.01600	0.09736	0.00367	0.13541	0.00844	0.00498	0.00953
23	0.01663	0.08851	0.29569	0.20325	0.08033	0.04812	0.02124	0.07301	0.01718	0.02321	0.01493	0.05785	0.01225	0.00816	0.00712	0.00232	0.00978	0.00668	0.00381	0.00994
24	0.01092	0.00759	0.01038	0.01047	0.01152	0.00839	0.00769	0.01304	0.01224	0.01794	0.02231	0.07341	0.02211	0.18993	0.45007	0.00928	0.01449	0.00918	0.09286	0.00619
25	0.01713	0.01927	0.04142	0.10781	0.04017	0.01852	0.59427	0.02325	0.01722	0.02325	0.01482	0.02000	0.01111	0.00639	0.00861	0.00250	0.01223	0.00852	0.00370	0.00982
26	0.01977	0.21824	0.02871	0.04758	0.02452	0.04367	0.14040	0.10522	0.14162	0.04850	0.01985	0.02590	0.01666	0.00908	0.00726	0.00229	0.00857	0.07676	0.00526	0.01014
27	0.02142	0.01103	0.01424	0.05203	0.01743	0.01028	0.00974	0.07219	0.02109	0.31253	0.21255	0.04056	0.14853	0.01235	0.00803	0.00235	0.00546	0.01039	0.00805	0.00976
28	0.01722	0.02212	0.11878	0.03013	0.03804	0.01860	0.59296	0.02375	0.01731	0.02375	0.01483	0.01953	0.01105	0.00635	0.00857	0.00249	0.01234	0.00839	0.00368	0.01012
29	0.11329	0.04837	0.01651	0.01371	0.01775	0.14990	0.01086	0.10296	0.16163	0.06640	0.07945	0.03128	0.11462	0.01085	0.00725	0.00230	0.00725	0.02986	0.00630	0.00945
30	0.01678	0.16869	0.28632	0.01838	0.05338	0.04119	0.05561	0.02318	0.06146	0.05127	0.08356	0.07123	0.01974	0.00911	0.00709	0.00224	0.00869	0.00757	0.00454	0.00996
31	0.01066	0.00774	0.01087	0.01087	0.01183	0.00870	0.00796	0.01258	0.01162	0.01645	0.02085	0.03454	0.02089	0.24475	0.52380	0.01062	0.01637	0.00874	0.00412	0.00604
32	0.01896	0.01948	0.02907	0.11915	0.49003	0.10283	0.06700	0.02326	0.01722	0.02286	0.01364	0.01804	0.01124	0.00681	0.00738	0.00222	0.00977	0.00654	0.00366	0.01084
33	0.01863	0.01993	0.11368	0.02763	0.26413	0.06506	0.06163	0.04712	0.10824	0.06751	0.01981	0.08478	0.01688	0.01108	0.03821	0.00277	0.00917	0.00815	0.00493	0.01066
34	0.02228	0.04597	0.14927	0.01724	0.02316	0.06665	0.05264	0.20833	0.06122	0.12570	0.09462	0.02287	0.01942	0.00927	0.00835	0.00232	0.04638	0.00732	0.00613	0.01085
35	0.01120	0.00857	0.01018	0.01014	0.01244	0.00802	0.00812	0.05088	0.01916	0.02488	0.23530	0.06696	0.31239	0.01764	0.00907	0.00267	0.00472	0.17342	0.00727	0.00699
36	0.01847	0.01725	0.02836	0.15039	0.46916	0.01801	0.05530	0.07811	0.04559	0.02558	0.01490	0.01903	0.01196	0.00707	0.00745	0.00228	0.00901	0.00681	0.00410	0.01117
37	0.02202	0.30432	0.07517	0.02161	0.13749	0.20521	0.05033	0.02526	0.01750	0.05897	0.01280	0.01486	0.01052	0.00695	0.00624	0.00192	0.00988	0.00519	0.00381	0.00997
38	0.01669	0.01592	0.02710	0.30627	0.44522	0.01720	0.02195	0.02131	0.01611	0.02221	0.01367	0.01892	0.01104	0.00693	0.00738	0.00231	0.00923	0.00661	0.00353	0.01040
39	0.01483	0.01019	0.01186	0.01110	0.01415	0.00993	0.00885	0.04677	0.12301	0.10569	0.14868	0.05642	0.27335	0.01560	0.00861	0.00260	0.00505	0.11748	0.00748	0.00836
40	0.02123	0.01437	0.04548	0.01702	0.10277	0.01369	0.01210	0.14938	0.07805	0.18030	0.04664	0.09028	0.02175	0.07335	0.01002	0.00272	0.00662	0.00886	0.09512	0.01023
41	0.01523	0.01384	0.02227	0.66102	0.04873	0.01705	0.02006	0.07450	0.01656	0.02135	0.01359	0.01962	0.01013	0.00755	0.00742	0.00245	0.00975	0.00660	0.00365	0.00862
42	0.01736	0.01956	0.04121	0.02983	0.03642	0.01926	0.58578	0.02305	0.01676	0.02305	0.01437	0.01956	0.01108	0.00709	0.01068	0.00259	0.10039	0.00848	0.00369	0.00978
43	0.00931	0.00743	0.00833	0.00833	0.01041	0.00646	0.00616	0.01160	0.01784	0.02277	0.25053	0.13265	0.44561	0.01819	0.00884	0.00251	0.00374	0.01555	0.00727	0.00646
44	0.01759	0.01750	0.03169	0.08589	0.45466	0.01771	0.16354	0.02229	0.01668	0.02346	0.01483	0.02096	0.01249	0.00733	0.00847	0.00237	0.03934	0.02864	0.00376	0.01082
45	0.00889	0.00706	0.00800	0.00875	0.01035	0.00616	0.00619	0.01052	0.01574	0.01957	0.06019	0.36172	0.40920	0.02075	0.00908	0.00273	0.00400	0.01805	0.00689	0.00616
46	0.01250	0.00822	0.01026	0.00986	0.01223	0.00742	0.00777	0.01544	0.01920	0.09243	0.33867	0.06163	0.24502	0.01649	0.00887	0.00255	0.00438	0.11205	0.00768	0.00732
47	0.01099	0.00851	0.01266	0.01244	0.01368	0.01019	0.00975	0.01357	0.01189	0.01728	0.01920	0.02829	0.01796	0.05280	0.66341	0.01134	0.06753	0.00786	0.00393	0.00673
48	0.01539	0.01319	0.01539	0.01100	0.01759	0.00990	0.00880	0.01869	0.01539	0.02419	0.01319	0.01539	0.01100	0.00550	0.00550	0.00110	0.00550	0.00440	0.00440	0.78449
49	0.01751	0.15034	0.43424	0.02010	0.02894	0.09741	0.07372	0.02471	0.04525	0.02227	0.01350	0.01567	0.01017	0.00707	0.00680	0.00220	0.01065	0.00555	0.00346	0.01043
50	0.01941	0.00976	0.01353	0.01242	0.01554	0.00927	0.01016	0.02242	0.01812	0.27620	0.12518	0.06927	0.03303	0.02240	0.14466	0.00448	0.00861	0.16921	0.00736	0.00897
51	0.02138	0.12141	0.02234	0.01777	0.07762	0.10666	0.01325	0.17237	0.22946	0.03002	0.05773	0.02161	0.01809	0.00874	0.00697	0.00213	0.00772	0.00686	0.00598	0.05190
52	0.04204	0.18315	0.18545	0.01873	0.04780	0.05971	0.09426	0.06898	0.08072	0.06340	0.01551	0.01704	0.01183	0.00722	0.00664	0.00207	0.00900	0.00588	0.00448	0.07610
53	0.01846	0.12845	0.30919	0.01935	0.06982	0.08893	0.01919	0.11377	0.01889	0.02521	0.04983	0.01935	0.01431	0.04003	0.03193	0.00270	0.01000	0.00618	0.00421	0.01019
54	0.01823	0.24967	0.39357	0.01749	0.02614	0.02048	0.02045	0.02529	0.06119	0.08011	0.01493	0.01617	0.01112	0.00723	0.00642	0.00213	0.00930	0.00539	0.00397	0.01073
55	0.00917	0.00713	0.00834	0.00889	0.01049	0.00630	0.00634	0.01111	0.01660	0.02130	0.16705	0.31810	0.34295	0.01986	0.00903	0.00267	0.00392	0.01733	0.00711	0.00630
56	0.01880	0.23774	0.29535	0.02017	0.06516	0.09604	0.06337	0.05167	0.04493	0.02255	0.01331	0.01538	0.01041	0.00704	0.00652	0.00209	0.01000	0.00543	0.00366	0.01038
57	0.06417	0.02280	0.11920	0.11011	0.17370	0.12080	0.09564	0.12454	0.01955	0.02632	0.01419	0.01763	0.01103	0.00933	0.03690	0.00267	0.01055	0.00636	0.00424	0.01026
58	0.00960	0.00739	0.00882	0.00911	0.01088	0.00660	0.00677	0.01197	0.01765	0.02304	0.25995	0.20830	0.31324	0.01872	0.00902	0.00262	0.00400	0.05854	0.00729	0.00649
59	0.01467	0.01050	0.05138	0.01177	0.01446	0.00886	0.00960	0.01887	0.06274	0.13318	0.23740	0.25560	0.04592	0.01638	0.00874	0.00266	0.00512	0.07651	0.00748	0.00815
60	0.01968	0.17140	0.29998	0.01812	0.02551	0.17262	0.04696	0.02471	0.01742	0.06525	0.03836	0.01845	0.03483	0.00782	0.00674	0.00211	0.01019	0.00591	0.00401	0.00994
61	0.14991	0.10835	0.10306	0.01600	0.02145	0.09716	0.03609	0.15586	0.05435	0.02834	0.01413	0.01620	0.01117	0.01002	0.03839	0.00260	0.06616	0.00561	0.00473	0.06045
62	0.29605	0.10060	0.15767	0.01431	0.02064	0.04232	0.01396	0.10579	0.07413	0.05806	0.01454	0.01558	0.01092	0.00746	0.00595	0.00218	0.00764	0.00521	0.00491	0.04208
63	0.08695	0.28806	0.08909	0.07759	0.06879	0.19085	0.01521	0.02337	0.01631	0.02014	0.01193	0.01474	0.01010	0.00975	0.04667	0.00252	0.01028	0.00495	0.00354	0.00918

[dist]
# distance from previous block
# <min> <max>
3	5

[block]
# block no. 3 follows, 27 sequences, length 9
# corresponding to MSA columns:
# 617-625
name=unknown_D
#
# <colnr> <probs for GDERKNQSTAVLIFYWHMCP>
#	G	D	E	R	K	N	Q	S	T	A	V	L	I	F	Y	W	H	M	C	P
0	0.01913	0.02355	0.26009	0.04536	0.02840	0.01623	0.14770	0.02841	0.15019	0.14283	0.04794	0.02243	0.01654	0.00822	0.00765	0.00241	0.00910	0.00744	0.00542	0.01096
1	0.02187	0.01903	0.02677	0.02090	0.02596	0.10387	0.22377	0.09205	0.10063	0.13300	0.01967	0.02319	0.01509	0.01108	0.04279	0.00292	0.07090	0.03069	0.00555	0.01029
2	0.01711	0.00967	0.01373	0.01207	0.01521	0.00860	0.05684	0.01959	0.01781	0.22650	0.10328	0.26077	0.17617	0.01602	0.00860	0.00259	0.00533	0.01417	0.00747	0.00847
3	0.01647	0.00891	0.01102	0.00983	0.01270	0.00786	0.00745	0.01881	0.01837	0.21666	0.20435	0.09198	0.23889	0.08927	0.01141	0.00292	0.00482	0.01259	0.00762	0.00808
4	0.01630	0.01816	0.09675	0.20324	0.34959	0.01666	0.08862	0.02114	0.01589	0.02211	0.01452	0.02086	0.01214	0.06128	0.00975	0.00269	0.00957	0.00703	0.00360	0.01010
5	0.02242	0.01395	0.01677	0.01446	0.01838	0.01454	0.01195	0.28174	0.02409	0.15048	0.02556	0.03914	0.02254	0.01449	0.01097	0.10046	0.00723	0.19405	0.00704	0.00975
6	0.01980	0.01964	0.02492	0.20664	0.26824	0.13090	0.01911	0.10311	0.01874	0.02409	0.01341	0.01764	0.01083	0.00793	0.00902	0.00234	0.08323	0.00631	0.00403	0.01009
7	0.00936	0.00711	0.00834	0.00888	0.01023	0.00640	0.00617	0.01106	0.01585	0.02045	0.14840	0.30615	0.28955	0.10255	0.01236	0.00320	0.00431	0.01674	0.00681	0.00609
8	0.01550	0.01288	0.01696	0.01443	0.01800	0.01333	0.09139	0.11319	0.18446	0.02851	0.12874	0.15043	0.12755	0.01352	0.00827	0.00250	0.00605	0.01199	0.03321	0.00909

[dist]
# distance from previous block
# <min> <max>
0	1

[block]
# block no. 4 follows, 27 sequences, length 105
# corresponding to MSA columns:
# 627-731
name=unknown_E
#
# <colnr> <probs for GDERKNQSTAVLIFYWHMCP>
#	G	D	E	R	K	N	Q	S	T	A	V	L	I	F	Y	W	H	M	C	P
0	0.47559	0.01728	0.05999	0.01265	0.01796	0.01782	0.01103	0.15062	0.08300	0.06954	0.01493	0.01564	0.01100	0.00773	0.00575	0.00231	0.00661	0.00525	0.00558	0.00973
1	0.05322	0.02305	0.08961	0.01866	0.02156	0.17861	0.01610	0.06675	0.06624	0.02212	0.01262	0.01633	0.01077	0.01041	0.01531	0.00269	0.35678	0.00605	0.00403	0.00909
2	0.01774	0.07369	0.28383	0.02015	0.02746	0.04464	0.15226	0.04493	0.04236	0.07508	0.06458	0.02266	0.04470	0.00856	0.00834	0.00236	0.04452	0.00737	0.00457	0.01018
3	0.02444	0.10271	0.02210	0.01613	0.02127	0.12309	0.01314	0.28418	0.22607	0.06089	0.02027	0.01981	0.01511	0.00880	0.00706	0.00220	0.00814	0.00665	0.00653	0.01142
4	0.00899	0.00666	0.00841	0.00980	0.01063	0.00607	0.00665	0.01040	0.01473	0.01916	0.04745	0.60803	0.17111	0.02241	0.00934	0.00292	0.00420	0.02007	0.00689	0.00607
5	0.11112	0.01898	0.09003	0.22282	0.18284	0.07600	0.01826	0.02284	0.06598	0.02355	0.03927	0.01926	0.01323	0.00802	0.00816	0.00238	0.05723	0.00641	0.00407	0.00954
6	0.10059	0.19475	0.07524	0.01642	0.02126	0.34736	0.01411	0.04721	0.01809	0.02085	0.01183	0.01415	0.00997	0.00994	0.04314	0.00248	0.03497	0.00486	0.00381	0.00896
7	0.03150	0.01269	0.01704	0.01299	0.01881	0.01081	0.01070	0.03442	0.02066	0.63010	0.02767	0.02427	0.01763	0.00882	0.00727	0.00218	0.00623	0.00716	0.00871	0.09035
8	0.00997	0.00754	0.00936	0.00968	0.01121	0.00710	0.00700	0.01304	0.04406	0.02343	0.27729	0.29226	0.18425	0.02062	0.04532	0.00311	0.00478	0.01606	0.00722	0.00669
9	0.02115	0.01435	0.02032	0.05303	0.02265	0.01468	0.10646	0.11401	0.15725	0.18908	0.05906	0.10086	0.02441	0.01135	0.00813	0.00253	0.00726	0.05587	0.00707	0.01048
10	0.02122	0.44813	0.09265	0.01549	0.02127	0.17535	0.01468	0.05015	0.01700	0.01939	0.01111	0.01310	0.00967	0.00725	0.00681	0.00186	0.05734	0.00456	0.00349	0.00949
11	0.00919	0.00711	0.00838	0.00896	0.01051	0.00631	0.00638	0.01113	0.01659	0.02137	0.17195	0.32974	0.32599	0.01991	0.00905	0.00268	0.00393	0.01741	0.00712	0.00631
12	0.01705	0.02283	0.15902	0.03011	0.10215	0.01865	0.44262	0.02323	0.01671	0.02338	0.01425	0.01882	0.01088	0.00689	0.00936	0.00250	0.05991	0.00780	0.00360	0.01023
13	0.13361	0.24017	0.10274	0.01418	0.02018	0.02099	0.01337	0.14146	0.09378	0.09567	0.01671	0.01805	0.01294	0.03741	0.00741	0.00230	0.00759	0.00577	0.00530	0.01040
14	0.01784	0.01710	0.02918	0.12769	0.61481	0.01750	0.02252	0.02232	0.01665	0.02361	0.01387	0.01855	0.01153	0.00671	0.00736	0.00224	0.00895	0.00661	0.00363	0.01133
15	0.01267	0.00968	0.01353	0.01284	0.01456	0.01136	0.01013	0.07942	0.01421	0.02024	0.01915	0.02735	0.01750	0.04875	0.60343	0.01050	0.05530	0.00775	0.00429	0.00731
16	0.01835	0.02218	0.09152	0.36021	0.14560	0.19574	0.02003	0.02280	0.01686	0.02007	0.01289	0.01749	0.01006	0.00731	0.00719	0.00227	0.01073	0.00602	0.00348	0.00918
17	0.01935	0.67257	0.10553	0.01355	0.02037	0.02815	0.01419	0.02236	0.01514	0.01807	0.01062	0.01229	0.00951	0.00642	0.00499	0.00166	0.00824	0.00412	0.00317	0.00967
18	0.00960	0.00745	0.00874	0.00864	0.01059	0.00658	0.00639	0.01217	0.01853	0.02442	0.35455	0.13081	0.33968	0.01758	0.00884	0.00248	0.00370	0.01518	0.00748	0.00658
19	0.01221	0.01040	0.01617	0.18048	0.15495	0.01090	0.01346	0.01513	0.01521	0.02028	0.03080	0.35289	0.06351	0.01594	0.00860	0.00273	0.00662	0.05655	0.00543	0.00774
20	0.02162	0.01506	0.02201	0.20296	0.20117	0.01602	0.01676	0.05969	0.13740	0.19926	0.02083	0.02217	0.01499	0.00822	0.00744	0.00235	0.00789	0.00715	0.00588	0.01113
21	0.00904	0.00646	0.00861	0.01034	0.01077	0.00603	0.00689	0.01034	0.01421	0.01895	0.04092	0.73426	0.04910	0.02326	0.00948	0.00301	0.00431	0.02110	0.00689	0.00603
22	0.01489	0.03840	0.70064	0.02116	0.03213	0.01724	0.02743	0.02351	0.01567	0.02351	0.01332	0.01567	0.00940	0.00705	0.00705	0.00235	0.01097	0.00549	0.00313	0.01097
23	0.01860	0.10153	0.03459	0.07918	0.31019	0.06588	0.23675	0.02327	0.01705	0.02257	0.01369	0.01795	0.01107	0.00659	0.00749	0.00223	0.01034	0.00691	0.00363	0.01048
24	0.10499	0.02277	0.02091	0.01671	0.02214	0.14568	0.01354	0.48828	0.03017	0.04029	0.01593	0.01645	0.01161	0.00848	0.00701	0.00218	0.00886	0.00607	0.00649	0.01144
25	0.01057	0.00761	0.01009	0.01007	0.01168	0.00713	0.00771	0.01384	0.01976	0.02758	0.52936	0.12790	0.06397	0.01676	0.00905	0.00256	0.00407	0.10555	0.00785	0.00688
26	0.01952	0.02338	0.33057	0.01563	0.02279	0.01322	0.01734	0.02592	0.04435	0.20436	0.05525	0.02293	0.01720	0.00845	0.00694	0.00223	0.00779	0.00680	0.14481	0.01051
27	0.04962	0.16218	0.48500	0.02018	0.02969	0.01955	0.08901	0.02323	0.01562	0.02288	0.01283	0.01528	0.00956	0.00684	0.00671	0.00223	0.01036	0.00548	0.00327	0.01049
28	0.00904	0.00646	0.00861	0.01034	0.01077	0.00603	0.00689	0.01034	0.01421	0.01895	0.04092	0.73426	0.04910	0.02326	0.00948	0.00301	0.00431	0.02110	0.00689	0.00603
29	0.01671	0.01690	0.02637	0.02471	0.11956	0.02152	0.09614	0.01930	0.01292	0.01951	0.01100	0.01701	0.01022	0.01125	0.02000	0.00301	0.53484	0.00679	0.00337	0.00888
30	0.01752	0.02003	0.04380	0.03129	0.03880	0.01877	0.66583	0.02378	0.01752	0.02378	0.01502	0.02003	0.01126	0.00626	0.00876	0.00250	0.01252	0.00876	0.00375	0.01001
31	0.01268	0.00955	0.01231	0.01341	0.01537	0.00994	0.01114	0.01892	0.13563	0.02330	0.03792	0.17433	0.04011	0.01906	0.00965	0.00319	0.00627	0.43264	0.00697	0.00759
32	0.01062	0.00770	0.00935	0.00979	0.01094	0.00754	0.00717	0.01220	0.01393	0.01799	0.03898	0.06093	0.18157	0.32015	0.09170	0.00563	0.00760	0.17490	0.00560	0.00572
33	0.00973	0.00747	0.00892	0.00886	0.01077	0.00666	0.00660	0.01238	0.01864	0.02473	0.36928	0.13074	0.30618	0.01753	0.00888	0.00250	0.00377	0.03222	0.00751	0.00662
34	0.01644	0.25832	0.49426	0.01852	0.02805	0.02102	0.02284	0.02311	0.01549	0.02163	0.01239	0.01450	0.00944	0.00683	0.00634	0.00211	0.01003	0.00501	0.00315	0.01052
35	0.00904	0.00646	0.00861	0.01034	0.01077	0.00603	0.00689	0.01034	0.01421	0.01895	0.04092	0.73426	0.04910	0.02326	0.00948	0.00301	0.00431	0.02110	0.00689	0.00603
36	0.03219	0.01443	0.01834	0.01406	0.01985	0.01358	0.01162	0.17534	0.02426	0.55453	0.02676	0.02363	0.01711	0.00913	0.00746	0.00228	0.00672	0.00729	0.00880	0.01263
37	0.23283	0.01638	0.08381	0.01306	0.01817	0.01486	0.01144	0.12542	0.05315	0.21932	0.01999	0.02292	0.01519	0.10953	0.01084	0.00298	0.00702	0.00672	0.00632	0.01004
38	0.00958	0.00690	0.00929	0.01024	0.01110	0.00661	0.00716	0.01158	0.01574	0.02157	0.20620	0.48790	0.05144	0.02443	0.07979	0.00374	0.00567	0.01780	0.00693	0.00634
39	0.00975	0.00756	0.00888	0.00855	0.01063	0.00668	0.00641	0.01255	0.01923	0.02554	0.42188	0.06241	0.33968	0.01675	0.00876	0.00241	0.00361	0.01440	0.00762	0.00668
40	0.02229	0.22048	0.21081	0.01734	0.02443	0.12934	0.01739	0.22202	0.02225	0.02822	0.01362	0.01498	0.01045	0.00753	0.00650	0.00204	0.00968	0.00534	0.00457	0.01073
41	0.01465	0.03574	0.05604	0.05096	0.01959	0.01157	0.07544	0.01876	0.03782	0.09378	0.05148	0.04039	0.11590	0.02602	0.22371	0.00546	0.01121	0.09780	0.00547	0.00820
42	0.01936	0.02278	0.03971	0.02910	0.03595	0.14283	0.54879	0.02483	0.01815	0.02277	0.01438	0.01883	0.01096	0.00651	0.00839	0.00240	0.01267	0.00805	0.00377	0.00976
43	0.65290	0.14537	0.01594	0.01029	0.01520	0.01894	0.00888	0.02190	0.01307	0.03046	0.01033	0.01203	0.00831	0.00679	0.00462	0.00217	0.00614	0.00401	0.00434	0.00831
44	0.01673	0.29995	0.45520	0.01802	0.02728	0.02174	0.02197	0.02304	0.01545	0.02127	0.01221	0.01428	0.00945	0.00679	0.00620	0.00207	0.00985	0.00492	0.00315	0.01044
45	0.01114	0.00853	0.01124	0.01293	0.04777	0.00844	0.00899	0.01526	0.08285	0.02253	0.13027	0.39921	0.07180	0.01931	0.00917	0.00287	0.00497	0.11857	0.00696	0.00718
46	0.00912	0.00714	0.00827	0.00883	0.01045	0.00628	0.00630	0.01101	0.01649	0.02102	0.14914	0.31577	0.36389	0.01995	0.00903	0.00267	0.00393	0.01737	0.00707	0.00628
47	0.01995	0.44886	0.15659	0.01516	0.02189	0.07526	0.01552	0.09132	0.01758	0.02174	0.01222	0.01418	0.01028	0.00925	0.03995	0.00232	0.00950	0.00479	0.00371	0.00991
48	0.01859	0.01942	0.03179	0.02431	0.02879	0.07067	0.32231	0.09000	0.01763	0.02380	0.01484	0.05523	0.01280	0.00952	0.01312	0.00268	0.22274	0.00822	0.00416	0.00942
49	0.00910	0.00753	0.00797	0.00786	0.01023	0.00640	0.00589	0.01128	0.01768	0.02187	0.18960	0.06846	0.57425	0.01813	0.00877	0.00247	0.00371	0.01525	0.00713	0.00640
50	0.01622	0.02869	0.40730	0.02198	0.03009	0.01723	0.15556	0.02287	0.01561	0.05749	0.01460	0.01812	0.01096	0.01119	0.06071	0.00318	0.08776	0.00655	0.00365	0.01024
51	0.01347	0.11404	0.04502	0.04386	0.01680	0.01510	0.01152	0.01587	0.01326	0.01855	0.08369	0.02864	0.02112	0.13712	0.22883	0.00610	0.16765	0.00791	0.00415	0.00731
52	0.02871	0.02808	0.02078	0.01769	0.02236	0.42247	0.01376	0.19835	0.02471	0.12939	0.01586	0.01637	0.01171	0.00822	0.00700	0.00205	0.01094	0.00569	0.00559	0.01028
53	0.01464	0.00973	0.01182	0.01066	0.01345	0.00948	0.00820	0.02103	0.13898	0.11391	0.41726	0.04843	0.12489	0.01391	0.00838	0.00238	0.00432	0.01202	0.00805	0.00849
54	0.01988	0.10031	0.02052	0.01574	0.01960	0.16779	0.05575	0.12228	0.06699	0.05205	0.02521	0.16513	0.04140	0.01262	0.00782	0.00242	0.00832	0.08131	0.00580	0.00905
55	0.07196	0.15053	0.05696	0.11919	0.18047	0.11068	0.07665	0.04503	0.05529	0.04496	0.01425	0.01710	0.01129	0.00717	0.00676	0.00215	0.00936	0.00600	0.00412	0.01008
56	0.03331	0.01263	0.01723	0.01321	0.01895	0.01091	0.01091	0.03618	0.02125	0.69794	0.02929	0.02527	0.01838	0.00919	0.00747	0.00230	0.00632	0.00747	0.00919	0.01263
57	0.01773	0.01383	0.02375	0.09045	0.20316	0.01350	0.13163	0.02200	0.01861	0.12788	0.20110	0.03222	0.02945	0.00983	0.00811	0.00238	0.00769	0.03107	0.00583	0.00978
58	0.01771	0.44629	0.19207	0.01588	0.02256	0.02427	0.04210	0.02167	0.01484	0.01915	0.01181	0.01459	0.01019	0.01029	0.05399	0.00262	0.06217	0.00497	0.00325	0.00959
59	0.01066	0.00774	0.01086	0.01086	0.01181	0.00870	0.00794	0.01257	0.01161	0.01644	0.02087	0.03461	0.02092	0.24727	0.52132	0.01060	0.01633	0.00875	0.00412	0.00603
60	0.01945	0.01643	0.01734	0.01531	0.01968	0.01892	0.01199	0.10274	0.61449	0.03264	0.02897	0.02670	0.02165	0.00995	0.00754	0.00249	0.00611	0.00822	0.00754	0.01184
