[name]
unknown

[dist]
# distance from previous block
# <min> <max>
14	127

[block]
# block no. 0 follows, 30 sequences, length 21
# corresponding to MSA columns:
# 174-194
name=unknown_A
#
# <colnr> <probs for GDERKNQSTAVLIFYWHMCP>
#	G	D	E	R	K	N	Q	S	T	A	V	L	I	F	Y	W	H	M	C	P
0	0.01979	0.37525	0.07996	0.01543	0.02120	0.14360	0.06746	0.07635	0.07700	0.02092	0.01273	0.01415	0.01044	0.00669	0.00570	0.00178	0.00867	0.00491	0.00384	0.03412
1	0.01015	0.03676	0.01051	0.03492	0.01248	0.00833	0.00770	0.01273	0.04626	0.01875	0.03960	0.36075	0.17320	0.05636	0.03073	0.00309	0.02825	0.07207	0.03110	0.00627
2	0.01199	0.14249	0.10188	0.01048	0.01403	0.01196	0.00976	0.01510	0.01600	0.02165	0.21780	0.04042	0.21722	0.03242	0.00855	0.00224	0.03993	0.00985	0.06898	0.00725
3	0.00979	0.00692	0.00833	0.00872	0.00950	0.00664	0.00595	0.01104	0.01336	0.01766	0.11999	0.15964	0.11770	0.36128	0.02123	0.00458	0.00548	0.10138	0.00558	0.00524
4	0.01075	0.00671	0.00738	0.00738	0.00772	0.00671	0.00437	0.01144	0.01110	0.01617	0.02215	0.04152	0.02379	0.59708	0.02905	0.00568	0.00602	0.00938	0.17091	0.00471
5	0.01278	0.01302	0.02531	0.01940	0.02376	0.01206	0.36012	0.01679	0.01623	0.02165	0.11677	0.16311	0.14362	0.01185	0.00836	0.00242	0.00788	0.01200	0.00510	0.00777
6	0.01167	0.00941	0.01072	0.01062	0.01275	0.00979	0.00783	0.01954	0.24493	0.02354	0.15469	0.27426	0.15134	0.01571	0.00808	0.00249	0.00433	0.01374	0.00689	0.00767
7	0.01866	0.75896	0.03657	0.01194	0.01791	0.02761	0.01194	0.02090	0.01418	0.01642	0.00970	0.01119	0.00896	0.00597	0.00448	0.00149	0.00746	0.00373	0.00299	0.00896
8	0.01849	0.00900	0.01163	0.01010	0.01333	0.00789	0.00787	0.02095	0.01824	0.31775	0.20231	0.13324	0.17312	0.01354	0.00780	0.00230	0.00457	0.01159	0.00769	0.00858
9	0.01960	0.28057	0.15328	0.13715	0.05562	0.08156	0.01598	0.02343	0.01578	0.13517	0.01390	0.01557	0.01048	0.00682	0.00598	0.00193	0.00852	0.00513	0.00402	0.00951
10	0.01422	0.07647	0.01400	0.01131	0.01328	0.08294	0.00877	0.01626	0.01301	0.06315	0.01824	0.02667	0.01687	0.14819	0.35212	0.00707	0.03582	0.00712	0.06771	0.00678
11	0.02166	0.01494	0.01637	0.01404	0.01825	0.04636	0.01129	0.15380	0.29738	0.18418	0.02552	0.02791	0.01956	0.01205	0.04428	0.00277	0.00708	0.06491	0.00704	0.01060
12	0.01725	0.01546	0.01481	0.01342	0.01654	0.11326	0.01036	0.10343	0.29519	0.02635	0.10517	0.03244	0.02557	0.08622	0.03815	0.00309	0.00720	0.06092	0.00620	0.00896
13	0.21489	0.08967	0.05203	0.05041	0.08709	0.01452	0.04324	0.02129	0.01495	0.14703	0.03630	0.02201	0.07373	0.00881	0.00737	0.02771	0.03274	0.00644	0.04109	0.00869
14	0.01814	0.01687	0.01815	0.04792	0.13662	0.14389	0.01283	0.16386	0.01882	0.02406	0.05185	0.08021	0.01834	0.09861	0.06519	0.00340	0.06008	0.00786	0.00477	0.00852
15	0.01502	0.01348	0.09683	0.08610	0.01992	0.01117	0.05607	0.07628	0.01727	0.10560	0.12817	0.03760	0.12793	0.10443	0.03723	0.00318	0.00717	0.04293	0.00563	0.00801
16	0.01513	0.01615	0.07914	0.07659	0.15220	0.06728	0.01325	0.01838	0.01435	0.02027	0.01376	0.01994	0.01238	0.11890	0.01104	0.00243	0.03273	0.00579	0.00375	0.30654
17	0.01821	0.01405	0.07734	0.05051	0.08893	0.01229	0.01220	0.12152	0.04105	0.15618	0.13390	0.06153	0.05072	0.01108	0.02768	0.00238	0.00650	0.00832	0.06200	0.04360
18	0.04484	0.11901	0.07575	0.04354	0.02024	0.11768	0.06830	0.07310	0.08742	0.02395	0.16288	0.02473	0.02344	0.01264	0.07009	0.00286	0.00870	0.00728	0.00497	0.00857
19	0.04321	0.04228	0.01694	0.01343	0.01782	0.12624	0.04208	0.08677	0.04494	0.06272	0.10682	0.02840	0.02193	0.00925	0.00676	0.00192	0.00698	0.09022	0.00538	0.22591
20	0.01808	0.21987	0.04767	0.01567	0.07380	0.11377	0.04104	0.05532	0.03878	0.06974	0.09091	0.05307	0.08461	0.00916	0.00650	0.00194	0.00733	0.00739	0.00486	0.04049

[dist]
# distance from previous block
# <min> <max>
1	45

[block]
# block no. 1 follows, 30 sequences, length 18
# corresponding to MSA columns:
# 258-275
name=unknown_B
#
# <colnr> <probs for GDERKNQSTAVLIFYWHMCP>
#	G	D	E	R	K	N	Q	S	T	A	V	L	I	F	Y	W	H	M	C	P
0	0.02213	0.07613	0.02061	0.10018	0.09550	0.16704	0.01351	0.11374	0.08126	0.14822	0.01818	0.01897	0.03044	0.00774	0.00657	0.00199	0.00818	0.00605	0.00526	0.05831
1	0.08173	0.09555	0.13897	0.01588	0.02125	0.05848	0.09131	0.10560	0.01804	0.12601	0.06463	0.08552	0.01789	0.00915	0.00748	0.00219	0.03829	0.00752	0.00515	0.00935
2	0.06174	0.07970	0.02223	0.02159	0.18347	0.08874	0.07570	0.04520	0.10354	0.06548	0.06989	0.02567	0.01887	0.00866	0.00693	0.00214	0.00764	0.06642	0.00499	0.04140
3	0.11961	0.06569	0.01835	0.04005	0.08122	0.14513	0.03812	0.02236	0.04497	0.11182	0.07961	0.07016	0.02081	0.01001	0.00761	0.00224	0.04154	0.06695	0.00519	0.00855
4	0.04655	0.01559	0.03857	0.01344	0.03196	0.18586	0.01013	0.01842	0.03285	0.05739	0.06353	0.16328	0.02436	0.09622	0.12747	0.00421	0.02721	0.03084	0.00493	0.00719
5	0.04291	0.06891	0.01477	0.01158	0.01503	0.05677	0.00928	0.09492	0.15585	0.08016	0.17319	0.03563	0.12004	0.01123	0.00712	0.00217	0.00554	0.03608	0.05016	0.00867
6	0.01684	0.06574	0.33122	0.01773	0.02477	0.01684	0.07565	0.17631	0.04408	0.02653	0.01735	0.08447	0.01483	0.02864	0.00780	0.00237	0.00872	0.02569	0.00454	0.00986
7	0.05803	0.00929	0.01098	0.01017	0.01267	0.00925	0.00783	0.04273	0.10476	0.08599	0.34922	0.11095	0.10628	0.01375	0.00784	0.00232	0.00431	0.03873	0.00720	0.00770
8	0.01557	0.01305	0.01506	0.01086	0.01700	0.01043	0.00872	0.07857	0.01614	0.02467	0.01280	0.01468	0.01048	0.00546	0.00533	0.00113	0.00540	0.00433	0.00439	0.72593
9	0.00968	0.00768	0.00959	0.06381	0.01363	0.00724	0.00792	0.01239	0.01688	0.02176	0.23934	0.06158	0.33950	0.01623	0.00843	0.00248	0.00448	0.14447	0.00655	0.00633
10	0.00911	0.00706	0.00800	0.00779	0.00958	0.00627	0.00566	0.01124	0.01665	0.02167	0.30799	0.05869	0.37620	0.10977	0.01170	0.00285	0.00385	0.01334	0.00665	0.00595
11	0.01410	0.01370	0.02400	0.47476	0.04049	0.01580	0.15098	0.01994	0.06608	0.01974	0.01536	0.02279	0.01235	0.00787	0.00791	0.00241	0.03263	0.04716	0.00369	0.00825
12	0.00882	0.00659	0.00822	0.00905	0.01020	0.00599	0.00642	0.01063	0.01527	0.02010	0.17182	0.43117	0.20437	0.01935	0.00866	0.00262	0.00389	0.04423	0.00670	0.00592
13	0.01002	0.00728	0.01022	0.01022	0.01113	0.00819	0.00749	0.01183	0.01092	0.01547	0.01960	0.03243	0.01962	0.24530	0.53712	0.00999	0.01542	0.00821	0.00387	0.00568
14	0.61525	0.01320	0.01087	0.00970	0.01377	0.01517	0.00788	0.04659	0.08546	0.03104	0.01322	0.01452	0.01017	0.00702	0.00477	0.00213	0.00529	0.00457	0.08141	0.00798
15	0.01208	0.00891	0.01073	0.00962	0.01192	0.00867	0.00739	0.10993	0.02117	0.02920	0.53225	0.04882	0.13461	0.01382	0.00805	0.00220	0.00395	0.01196	0.00744	0.00726
16	0.01680	0.01436	0.01537	0.01408	0.01781	0.01651	0.01106	0.03502	0.63651	0.02844	0.02918	0.03083	0.02302	0.01036	0.00733	0.00244	0.00560	0.06762	0.00704	0.01062
17	0.01866	0.07703	0.11282	0.09643	0.23039	0.14753	0.06222	0.04601	0.01684	0.05768	0.01480	0.06121	0.01254	0.00765	0.00680	0.00209	0.00920	0.00659	0.00394	0.00956

[dist]
# distance from previous block
# <min> <max>
0	1

[block]
# block no. 2 follows, 30 sequences, length 28
# corresponding to MSA columns:
# 277-304
name=unknown_C
#
# <colnr> <probs for GDERKNQSTAVLIFYWHMCP>
#	G	D	E	R	K	N	Q	S	T	A	V	L	I	F	Y	W	H	M	C	P
0	0.01992	0.26002	0.12126	0.01609	0.04759	0.02003	0.05576	0.12869	0.11370	0.09490	0.01654	0.01720	0.01251	0.00729	0.00613	0.00196	0.00759	0.00573	0.03693	0.01019
1	0.54229	0.01619	0.06081	0.01417	0.01918	0.01659	0.12876	0.04895	0.01369	0.02894	0.01093	0.01330	0.00844	0.00676	0.00623	0.00224	0.04528	0.00488	0.00414	0.00824
2	0.01306	0.01241	0.04531	0.08962	0.02149	0.01259	0.12515	0.05088	0.01578	0.02184	0.12101	0.06237	0.06828	0.01768	0.11486	0.00377	0.09318	0.07511	0.02804	0.00757
3	0.02451	0.01819	0.01943	0.01527	0.02040	0.02020	0.01249	0.56129	0.12271	0.04095	0.01868	0.01854	0.01349	0.00851	0.00688	0.00211	0.00714	0.00651	0.05124	0.01145
4	0.00970	0.00716	0.00909	0.00870	0.01044	0.00654	0.00659	0.01278	0.01907	0.02643	0.59273	0.05525	0.15443	0.01494	0.00829	0.00226	0.00345	0.03821	0.00747	0.00648
5	0.01181	0.00689	0.00889	0.00968	0.01090	0.00647	0.00697	0.01369	0.01447	0.08996	0.03451	0.49701	0.03785	0.01794	0.00808	0.00259	0.00429	0.06819	0.14333	0.00650
6	0.01260	0.00749	0.00956	0.00915	0.01109	0.00681	0.00681	0.01521	0.01759	0.11878	0.35219	0.20386	0.10875	0.01501	0.00795	0.00230	0.00384	0.01317	0.07080	0.00703
7	0.02225	0.02540	0.01945	0.01717	0.01980	0.42655	0.01340	0.07750	0.01797	0.01976	0.01160	0.01454	0.00985	0.00874	0.01087	0.00216	0.21438	0.00522	0.05522	0.00817
8	0.00948	0.00702	0.00885	0.00861	0.01024	0.00638	0.00637	0.01233	0.01851	0.02553	0.54028	0.12474	0.16469	0.01557	0.00830	0.00228	0.00341	0.01368	0.00737	0.00638
9	0.01446	0.06182	0.02132	0.05075	0.04572	0.01738	0.07261	0.01618	0.01162	0.01679	0.01192	0.01930	0.01148	0.06797	0.07777	0.08387	0.38206	0.00654	0.00325	0.00719
10	0.36253	0.12180	0.01786	0.01408	0.04890	0.26448	0.01076	0.02302	0.01522	0.02375	0.01070	0.01254	0.00877	0.00670	0.00517	0.00192	0.00824	0.00423	0.03130	0.00806
11	0.01013	0.00679	0.00773	0.00769	0.00781	0.00675	0.00440	0.01036	0.01083	0.01456	0.07066	0.04612	0.02824	0.70219	0.03358	0.00644	0.00652	0.01032	0.00447	0.00440
12	0.01257	0.01185	0.04449	0.01231	0.01410	0.07662	0.06834	0.01420	0.01273	0.01633	0.02123	0.05805	0.02255	0.34941	0.10723	0.04683	0.00919	0.09188	0.00427	0.00582
13	0.01498	0.01271	0.01474	0.01058	0.01675	0.00982	0.00848	0.04591	0.01525	0.02364	0.01259	0.01457	0.01040	0.00530	0.00524	0.00108	0.00527	0.00423	0.00425	0.76421
14	0.00997	0.00748	0.01121	0.01121	0.01246	0.00872	0.00872	0.01246	0.01121	0.01620	0.01869	0.02741	0.01745	0.05234	0.72710	0.01121	0.01869	0.00748	0.00374	0.00623
15	0.00994	0.00662	0.00760	0.00793	0.00826	0.00647	0.00480	0.01054	0.01146	0.01569	0.02785	0.19136	0.06250	0.50637	0.02619	0.00532	0.00576	0.01209	0.06845	0.00479
16	0.00987	0.00735	0.01087	0.01098	0.01213	0.00844	0.00841	0.01219	0.01133	0.01622	0.02021	0.07936	0.01976	0.07441	0.65225	0.01047	0.01724	0.00845	0.00395	0.00612
17	0.01063	0.00689	0.00773	0.00752	0.00933	0.00638	0.00564	0.01353	0.01691	0.02500	0.29754	0.04622	0.20707	0.01285	0.00700	0.00203	0.00334	0.01089	0.29715	0.00638
18	0.01601	0.03016	0.53407	0.01969	0.06300	0.01549	0.02241	0.02272	0.01509	0.09193	0.01389	0.01579	0.00991	0.00702	0.00745	0.00217	0.04782	0.00539	0.00362	0.05635
19	0.01382	0.01061	0.01600	0.02094	0.25646	0.01036	0.01216	0.01738	0.01723	0.04854	0.26416	0.03787	0.03492	0.01087	0.00737	0.00218	0.00547	0.08013	0.12525	0.00830
20	0.01548	0.08810	0.01702	0.01078	0.01693	0.01175	0.00888	0.05071	0.01534	0.02314	0.01234	0.01425	0.01027	0.00541	0.00519	0.00113	0.00552	0.00420	0.00416	0.67941
21	0.01863	0.03881	0.08902	0.04579	0.11407	0.07707	0.01381	0.05944	0.01731	0.13320	0.06323	0.04284	0.01795	0.00884	0.00754	0.00204	0.04119	0.05313	0.00509	0.15102
22	0.06939	0.04365	0.04223	0.01785	0.10215	0.17482	0.01306	0.16130	0.02045	0.16643	0.01690	0.03849	0.01287	0.00799	0.00681	0.00201	0.02279	0.00607	0.03231	0.04242
23	0.01273	0.01081	0.01058	0.01031	0.01181	0.08090	0.00715	0.04807	0.08500	0.01992	0.10103	0.20283	0.08729	0.26058	0.01707	0.00384	0.00602	0.01201	0.00566	0.00640
24	0.01673	0.04808	0.16120	0.05144	0.07046	0.10163	0.09614	0.02142	0.04214	0.07672	0.02057	0.11276	0.05175	0.00921	0.00701	0.00211	0.00826	0.00803	0.00452	0.08981
25	0.07350	0.16514	0.17585	0.01817	0.12735	0.04521	0.01519	0.02176	0.01517	0.07765	0.01298	0.01477	0.01016	0.00626	0.00576	0.00174	0.00761	0.00482	0.00390	0.19699
26	0.01903	0.08022	0.28374	0.06324	0.05933	0.08946	0.03235	0.07750	0.01716	0.10943	0.01423	0.01601	0.01044	0.00723	0.00735	0.00208	0.04725	0.00548	0.00418	0.05430
27	0.01460	0.10994	0.09015	0.01613	0.06689	0.03900	0.01330	0.01745	0.01363	0.01915	0.01745	0.09505	0.04353	0.01176	0.03422	0.00250	0.20379	0.03308	0.00393	0.15446

[dist]
# distance from previous block
# <min> <max>
14	37

[block]
# block no. 3 follows, 30 sequences, length 22
# corresponding to MSA columns:
# 349-370
name=unknown_D
#
# <colnr> <probs for GDERKNQSTAVLIFYWHMCP>
#	G	D	E	R	K	N	Q	S	T	A	V	L	I	F	Y	W	H	M	C	P
0	0.14933	0.01291	0.04286	0.01204	0.01552	0.01338	0.00998	0.12821	0.12141	0.02718	0.07840	0.02389	0.01911	0.02220	0.23004	0.00494	0.00984	0.00692	0.03779	0.03406
1	0.04770	0.18494	0.07392	0.04056	0.07884	0.01470	0.04019	0.04616	0.01535	0.02190	0.02394	0.11546	0.09496	0.00996	0.00628	0.00202	0.00622	0.00829	0.16055	0.00804
2	0.01718	0.01721	0.02014	0.30399	0.10235	0.17147	0.03241	0.04901	0.01694	0.04018	0.08756	0.04717	0.01713	0.00856	0.00771	0.00220	0.03922	0.00708	0.00419	0.00830
3	0.01530	0.01359	0.01925	0.24778	0.17370	0.04439	0.01512	0.09305	0.01572	0.02096	0.01509	0.02271	0.01332	0.11536	0.11660	0.00415	0.03494	0.00686	0.00388	0.00823
4	0.00956	0.00693	0.00824	0.00815	0.00986	0.00627	0.00602	0.01217	0.01737	0.02394	0.37452	0.13294	0.24769	0.01550	0.00797	0.00226	0.00345	0.01343	0.08746	0.00627
5	0.01132	0.00696	0.00919	0.00975	0.01102	0.00636	0.00688	0.01310	0.01535	0.09875	0.15797	0.51656	0.07230	0.01884	0.00855	0.00262	0.00411	0.01690	0.00694	0.00654
6	0.02034	0.29832	0.02561	0.01723	0.10665	0.18991	0.01281	0.08952	0.04812	0.02180	0.01342	0.01520	0.01108	0.00693	0.00563	0.00175	0.00825	0.00499	0.09330	0.00912
7	0.00887	0.00698	0.00801	0.00799	0.00987	0.00612	0.00590	0.01113	0.01702	0.02206	0.29895	0.13904	0.39941	0.01691	0.00832	0.00235	0.00350	0.01454	0.00692	0.00612
8	0.01540	0.05468	0.35154	0.13163	0.05905	0.01717	0.17589	0.05111	0.03581	0.02248	0.01344	0.01665	0.00990	0.00663	0.00701	0.00223	0.01005	0.00614	0.00342	0.00978
9	0.01070	0.00846	0.01076	0.01199	0.07870	0.00797	0.00809	0.01439	0.05171	0.02394	0.31456	0.05299	0.26344	0.01442	0.00799	0.00229	0.00420	0.06029	0.04611	0.00700
10	0.01177	0.01223	0.11764	0.01075	0.01391	0.00902	0.00975	0.04460	0.04175	0.02717	0.44322	0.07046	0.04707	0.01231	0.00754	0.00216	0.00465	0.01066	0.09586	0.00748
11	0.01594	0.04029	0.15126	0.19006	0.30046	0.01698	0.10530	0.04039	0.01566	0.02182	0.01290	0.01708	0.01013	0.00661	0.00734	0.00220	0.02614	0.00621	0.00338	0.00986
12	0.10359	0.01277	0.01761	0.02336	0.29732	0.01316	0.01313	0.02005	0.12166	0.02313	0.02754	0.11941	0.12426	0.04272	0.00833	0.00247	0.00620	0.00940	0.00500	0.00889
13	0.01524	0.02817	0.43901	0.02149	0.07637	0.01665	0.10416	0.02522	0.15818	0.02366	0.01609	0.01778	0.01182	0.00710	0.00695	0.00225	0.00935	0.00618	0.00392	0.01041
14	0.02362	0.01850	0.01932	0.01505	0.02046	0.04836	0.01226	0.48419	0.10486	0.03794	0.01716	0.01728	0.01258	0.00796	0.00669	0.00195	0.00725	0.00606	0.00642	0.13210
15	0.00860	0.00642	0.00801	0.00902	0.01000	0.00582	0.00623	0.01017	0.01466	0.01920	0.12148	0.51759	0.19726	0.02006	0.00868	0.00265	0.00385	0.01787	0.00661	0.00582
16	0.01129	0.00833	0.01196	0.07625	0.01721	0.00858	0.01175	0.01455	0.01576	0.02048	0.03486	0.10293	0.03772	0.01831	0.00937	0.00312	0.00657	0.57830	0.00614	0.00651
17	0.17081	0.01033	0.01249	0.01202	0.01377	0.01227	0.00954	0.01631	0.06030	0.02079	0.02016	0.10734	0.02011	0.05254	0.24357	0.00559	0.12724	0.07330	0.00457	0.00694
18	0.01001	0.00730	0.01031	0.01031	0.01125	0.00823	0.00760	0.01188	0.01095	0.01553	0.01952	0.03199	0.01943	0.22825	0.55391	0.01010	0.01570	0.00815	0.00386	0.00573
19	0.01878	0.17293	0.02833	0.05107	0.32498	0.01958	0.06380	0.13770	0.05013	0.02539	0.03299	0.01742	0.01265	0.00692	0.00655	0.00200	0.00802	0.00610	0.00425	0.01041
20	0.07036	0.03666	0.08512	0.06282	0.11276	0.01215	0.01249	0.01948	0.01527	0.06623	0.07409	0.01870	0.01528	0.00670	0.00597	0.00163	0.00632	0.00553	0.00443	0.36800
21	0.07910	0.15570	0.04260	0.01788	0.04109	0.21776	0.11673	0.11982	0.07848	0.02389	0.01357	0.01541	0.01076	0.00753	0.00691	0.02443	0.00932	0.00554	0.00429	0.00921

[dist]
# distance from previous block
# <min> <max>
0	11

[block]
# block no. 4 follows, 30 sequences, length 28
# corresponding to MSA columns:
# 382-409
name=unknown_E
#
# <colnr> <probs for GDERKNQSTAVLIFYWHMCP>
#	G	D	E	R	K	N	Q	S	T	A	V	L	I	F	Y	W	H	M	C	P
0	0.43379	0.01593	0.05640	0.01244	0.01676	0.03447	0.01077	0.07474	0.05232	0.11653	0.01368	0.01488	0.01020	0.00783	0.00759	0.00227	0.10060	0.00501	0.00496	0.00882
1	0.08450	0.06421	0.17306	0.01998	0.15832	0.01600	0.01570	0.15163	0.01809	0.02669	0.01555	0.08584	0.01358	0.00810	0.00644	0.00201	0.00746	0.00665	0.00447	0.12172
2	0.01871	0.01633	0.02357	0.07903	0.21915	0.01799	0.07681	0.19830	0.08401	0.02784	0.01688	0.01954	0.02989	0.00825	0.00908	0.00227	0.10206	0.00679	0.03336	0.01013
3	0.01537	0.32485	0.02425	0.04167	0.05470	0.01806	0.03211	0.02000	0.10195	0.01957	0.01948	0.18642	0.01951	0.01009	0.00626	0.00196	0.00645	0.00842	0.00448	0.08438
4	0.01012	0.00686	0.00809	0.00809	0.00825	0.00702	0.00482	0.01045	0.01029	0.01388	0.02155	0.04325	0.02432	0.66175	0.12709	0.00735	0.00834	0.00979	0.00416	0.00449
5	0.00941	0.00665	0.00871	0.00939	0.00987	0.00679	0.00629	0.01054	0.01176	0.01599	0.02808	0.33667	0.03212	0.27263	0.19635	0.00622	0.00859	0.01355	0.00505	0.00533
6	0.01602	0.01530	0.02607	0.25520	0.50863	0.01625	0.02079	0.02032	0.01530	0.02128	0.01291	0.01768	0.01052	0.00645	0.00693	0.00215	0.00860	0.00621	0.00335	0.01004
7	0.00858	0.00695	0.00761	0.00772	0.00970	0.00599	0.00569	0.01055	0.01628	0.02037	0.18203	0.15204	0.50695	0.01759	0.00833	0.00239	0.00356	0.01500	0.00670	0.00599
8	0.01638	0.01422	0.01609	0.01622	0.08385	0.01598	0.01144	0.03259	0.55364	0.02787	0.06626	0.02917	0.06564	0.00993	0.00721	0.00233	0.00554	0.00841	0.00674	0.01048
9	0.01242	0.00817	0.01022	0.00991	0.01165	0.00797	0.00723	0.01658	0.09288	0.08629	0.30435	0.21108	0.04585	0.11013	0.01169	0.00298	0.00450	0.03212	0.00694	0.00704
10	0.01966	0.01183	0.01678	0.01373	0.01739	0.01149	0.09214	0.10522	0.06134	0.23933	0.06532	0.16682	0.02544	0.10689	0.01126	0.00291	0.00643	0.01033	0.00667	0.00904
11	0.01462	0.08365	0.01405	0.01170	0.01386	0.10212	0.00876	0.08290	0.01683	0.05143	0.06172	0.44479	0.03402	0.01614	0.00784	0.00244	0.00589	0.01404	0.00598	0.00724
12	0.01602	0.01332	0.01530	0.01107	0.01719	0.01088	0.00891	0.10355	0.01682	0.02546	0.01296	0.01476	0.01053	0.00558	0.00540	0.00117	0.00549	0.00441	0.00450	0.69666
13	0.01704	0.01810	0.02341	0.36889	0.14686	0.16170	0.07865	0.02207	0.05805	0.01959	0.01333	0.01764	0.01038	0.00695	0.00695	0.00218	0.00980	0.00614	0.00355	0.00871
14	0.01146	0.00769	0.01040	0.01140	0.01261	0.00789	0.00938	0.01364	0.01448	0.01991	0.03093	0.11887	0.03300	0.04122	0.01227	0.09241	0.03407	0.40562	0.10680	0.00597
15	0.00960	0.00723	0.00894	0.00883	0.01066	0.00658	0.00682	0.01246	0.01821	0.02453	0.44419	0.05972	0.24149	0.01586	0.00842	0.00237	0.00376	0.09678	0.00719	0.00637
16	0.02404	0.01766	0.01795	0.01391	0.01938	0.10617	0.01124	0.27518	0.02322	0.17558	0.01701	0.01704	0.01220	0.00737	0.00638	0.00177	0.00723	0.00560	0.00608	0.23500
17	0.16904	0.01614	0.01565	0.01305	0.01776	0.08766	0.01041	0.10070	0.21318	0.16929	0.01986	0.01914	0.01439	0.00790	0.00625	0.00205	0.00650	0.00600	0.00619	0.09885
18	0.01353	0.00797	0.00956	0.00964	0.01148	0.00779	0.00702	0.01755	0.09176	0.11074	0.03354	0.36330	0.06378	0.01516	0.00743	0.00237	0.00423	0.01329	0.20255	0.00729
19	0.01437	0.01362	0.02309	0.53534	0.24138	0.01582	0.01997	0.01888	0.01452	0.01928	0.01261	0.01822	0.00981	0.00676	0.00696	0.00225	0.00901	0.00621	0.00320	0.00871
20	0.05905	0.01760	0.01985	0.01946	0.13262	0.04586	0.01354	0.29895	0.22711	0.06402	0.01956	0.01951	0.01448	0.00823	0.00685	0.00217	0.00714	0.00660	0.00626	0.01114
21	0.01216	0.00752	0.00978	0.01010	0.01122	0.00742	0.00740	0.01368	0.01324	0.08395	0.02881	0.17201	0.03114	0.30344	0.08848	0.00518	0.00728	0.17569	0.00555	0.00596
22	0.00857	0.00697	0.00721	0.00730	0.00917	0.00602	0.00519	0.01002	0.01483	0.01793	0.06102	0.10014	0.56151	0.13822	0.01273	0.00310	0.00409	0.01425	0.00611	0.00561
23	0.01400	0.03610	0.71860	0.01989	0.03020	0.01621	0.02578	0.02210	0.01473	0.02210	0.01252	0.01473	0.00884	0.00663	0.00663	0.00221	0.01031	0.00516	0.00295	0.01031
24	0.07068	0.02336	0.02056	0.10020	0.09043	0.29098	0.01448	0.25474	0.02279	0.02790	0.01320	0.01508	0.01014	0.00744	0.00655	0.00201	0.00967	0.00543	0.00474	0.00962
25	0.63520	0.01364	0.01414	0.01174	0.01618	0.01514	0.09447	0.02012	0.01314	0.02988	0.06989	0.01578	0.01292	0.00707	0.00515	0.00219	0.00603	0.00511	0.00450	0.00771
26	0.01258	0.01234	0.01313	0.01146	0.01411	0.11734	0.07227	0.01493	0.01667	0.02050	0.19701	0.04619	0.27380	0.10827	0.01134	0.00276	0.00612	0.01112	0.00567	0.03239
27	0.01799	0.03429	0.03479	0.04486	0.01792	0.07440	0.01080	0.13867	0.15942	0.08936	0.05921	0.11546	0.07475	0.01388	0.04294	0.04008	0.00711	0.00910	0.00607	0.00891

[dist]
# distance from previous block
# <min> <max>
0	69

[block]
# block no. 5 follows, 30 sequences, length 30
# corresponding to MSA columns:
# 480-509
name=unknown_F
#
# <colnr> <probs for GDERKNQSTAVLIFYWHMCP>
#	G	D	E	R	K	N	Q	S	T	A	V	L	I	F	Y	W	H	M	C	P
0	0.02143	0.13467	0.01993	0.01343	0.01800	0.14304	0.01106	0.12988	0.01973	0.14090	0.10355	0.02039	0.01832	0.00827	0.00715	0.00185	0.04438	0.00615	0.00547	0.13241
1	0.00973	0.00661	0.00756	0.00799	0.00892	0.00623	0.00531	0.01112	0.01345	0.01857	0.07302	0.24793	0.17037	0.23966	0.01613	0.00370	0.00460	0.01339	0.13026	0.00546
2	0.19063	0.01274	0.01453	0.01169	0.01605	0.01261	0.04533	0.11614	0.01662	0.02657	0.04085	0.05611	0.09271	0.03540	0.03183	0.00237	0.02716	0.00712	0.00500	0.23855
3	0.11125	0.01404	0.03921	0.23591	0.02653	0.03405	0.03571	0.08020	0.01568	0.02330	0.03700	0.02009	0.01313	0.08200	0.00913	0.00239	0.00741	0.00601	0.00416	0.20282
4	0.01475	0.01280	0.02089	0.01672	0.02089	0.01250	0.22000	0.04223	0.12591	0.06348	0.12392	0.04089	0.14902	0.01162	0.00812	0.00242	0.00702	0.09237	0.00595	0.00850
5	0.01749	0.01114	0.01328	0.01162	0.01497	0.01144	0.00908	0.02679	0.27377	0.18288	0.30084	0.03600	0.03828	0.01121	0.00754	0.00225	0.00472	0.00959	0.00768	0.00944
6	0.01033	0.00720	0.00985	0.00985	0.01083	0.00802	0.00723	0.01229	0.01131	0.01656	0.01991	0.03172	0.01942	0.21902	0.48412	0.00914	0.01419	0.00803	0.08520	0.00577
7	0.01400	0.03610	0.71860	0.01989	0.03020	0.01621	0.02578	0.02210	0.01473	0.02210	0.01252	0.01473	0.00884	0.00663	0.00663	0.00221	0.01031	0.00516	0.00295	0.01031
8	0.02854	0.01309	0.01635	0.01268	0.01777	0.01245	0.01043	0.17834	0.02234	0.50171	0.02468	0.02240	0.01612	0.00853	0.00681	0.00210	0.00608	0.00681	0.08142	0.01137
9	0.10348	0.02957	0.01845	0.01674	0.02044	0.58912	0.01266	0.02798	0.08225	0.01964	0.01232	0.01371	0.00999	0.00733	0.00617	0.00189	0.01120	0.00474	0.00399	0.00831
10	0.00882	0.00666	0.00815	0.00870	0.01001	0.00599	0.00617	0.01078	0.01589	0.02098	0.23671	0.35846	0.24028	0.01852	0.00853	0.00252	0.00369	0.01634	0.00682	0.00599
11	0.01447	0.01240	0.01447	0.01034	0.01654	0.00930	0.00827	0.01757	0.01447	0.02274	0.01240	0.01447	0.01034	0.00517	0.00517	0.00103	0.00517	0.00413	0.00413	0.79742
12	0.01220	0.00756	0.00992	0.00954	0.01058	0.00790	0.00664	0.01348	0.01156	0.08524	0.02122	0.03613	0.02137	0.39772	0.31031	0.00809	0.01147	0.00876	0.00447	0.00580
13	0.01120	0.00899	0.01024	0.00975	0.01206	0.00901	0.00735	0.01802	0.18719	0.02507	0.31770	0.10475	0.22266	0.01457	0.00801	0.00233	0.00397	0.01257	0.00713	0.00744
14	0.00865	0.00618	0.00827	0.00989	0.01036	0.00580	0.00674	0.00997	0.01351	0.01798	0.03838	0.71367	0.04583	0.02172	0.00895	0.00285	0.00418	0.05490	0.00647	0.00571
15	0.01318	0.01240	0.02093	0.73798	0.04806	0.01550	0.01938	0.01783	0.01395	0.01783	0.01240	0.01860	0.00930	0.00698	0.00698	0.00233	0.00930	0.00620	0.00310	0.00775
16	0.01026	0.00700	0.00929	0.00929	0.00982	0.00753	0.00632	0.01104	0.01050	0.01454	0.01966	0.03560	0.02076	0.38708	0.32971	0.08231	0.01179	0.00863	0.00391	0.00497
17	0.00891	0.00651	0.00847	0.00989	0.01073	0.00607	0.00710	0.01051	0.01410	0.01843	0.04215	0.55977	0.12593	0.02094	0.00894	0.00284	0.00437	0.12207	0.00647	0.00582
18	0.00871	0.00678	0.00792	0.00829	0.00987	0.00598	0.00596	0.01066	0.01602	0.02067	0.20993	0.27421	0.35373	0.01817	0.00845	0.00247	0.00364	0.01581	0.00676	0.00598
19	0.01866	0.75896	0.03657	0.01194	0.01791	0.02761	0.01194	0.02090	0.01418	0.01642	0.00970	0.01119	0.00896	0.00597	0.00448	0.00149	0.00746	0.00373	0.00299	0.00896
20	0.08443	0.01554	0.01872	0.12927	0.19384	0.08327	0.01410	0.08322	0.10089	0.06145	0.01766	0.05194	0.01429	0.00808	0.00655	0.00212	0.00735	0.00674	0.09119	0.00935
21	0.05542	0.25390	0.08948	0.02256	0.20946	0.18021	0.01599	0.05899	0.01687	0.02099	0.01152	0.01379	0.00962	0.00653	0.00587	0.00185	0.00902	0.00485	0.00353	0.00955
22	0.00984	0.00806	0.00886	0.00892	0.01116	0.00756	0.00683	0.01406	0.09983	0.02111	0.12030	0.12099	0.43803	0.01686	0.00830	0.00247	0.00409	0.07944	0.00667	0.00662
23	0.01661	0.08815	0.01651	0.01247	0.01615	0.01581	0.00994	0.13082	0.32115	0.02848	0.14726	0.03152	0.07288	0.05089	0.00864	0.00244	0.00560	0.00864	0.00657	0.00946
24	0.58364	0.01359	0.01147	0.01017	0.01432	0.01564	0.00824	0.05963	0.12176	0.03132	0.01394	0.01495	0.01066	0.00717	0.00494	0.00215	0.00540	0.00475	0.05799	0.00828
25	0.38394	0.01173	0.01043	0.00919	0.01267	0.01305	0.00739	0.11955	0.01609	0.03119	0.01577	0.01777	0.01216	0.00740	0.00493	0.00195	0.00492	0.00520	0.30685	0.00780
26	0.09597	0.01606	0.01671	0.01328	0.01786	0.01769	0.01085	0.47542	0.02679	0.03878	0.01744	0.01832	0.01281	0.00814	0.00626	0.00200	0.00648	0.00610	0.18276	0.01027
27	0.01220	0.00610	0.00885	0.00885	0.00900	0.00610	0.00595	0.00976	0.00961	0.01342	0.01311	0.02166	0.01266	0.02274	0.02519	0.72284	0.00580	0.00610	0.07670	0.00335
28	0.00877	0.00657	0.00791	0.00861	0.00971	0.00596	0.00592	0.01030	0.01462	0.01903	0.13436	0.38810	0.23988	0.09333	0.01130	0.00301	0.00407	0.01642	0.00641	0.00571
29	0.05039	0.01294	0.01986	0.26412	0.15930	0.01417	0.05050	0.09296	0.01694	0.02344	0.06380	0.11785	0.02044	0.01013	0.00742	0.00236	0.00762	0.05264	0.00464	0.00849

[dist]
# distance from previous block
# <min> <max>
0	74

[block]
# block no. 6 follows, 30 sequences, length 30
# corresponding to MSA columns:
# 585-614
name=unknown_G
#
# <colnr> <probs for GDERKNQSTAVLIFYWHMCP>
#	G	D	E	R	K	N	Q	S	T	A	V	L	I	F	Y	W	H	M	C	P
0	0.01866	0.75896	0.03657	0.01194	0.01791	0.02761	0.01194	0.02090	0.01418	0.01642	0.00970	0.01119	0.00896	0.00597	0.00448	0.00149	0.00746	0.00373	0.00299	0.00896
1	0.00825	0.00707	0.00707	0.00707	0.00943	0.00589	0.00530	0.01001	0.01591	0.01885	0.07069	0.06716	0.70839	0.01767	0.00825	0.00236	0.00353	0.01473	0.00648	0.00589
2	0.01400	0.03610	0.71860	0.01989	0.03020	0.01621	0.02578	0.02210	0.01473	0.02210	0.01252	0.01473	0.00884	0.00663	0.00663	0.00221	0.01031	0.00516	0.00295	0.01031
3	0.01301	0.00650	0.00650	0.00650	0.00813	0.00650	0.00488	0.01626	0.01463	0.02602	0.02276	0.02602	0.01789	0.00813	0.00488	0.00163	0.00325	0.00650	0.79350	0.00650
4	0.00903	0.00710	0.00816	0.00789	0.00991	0.00622	0.00592	0.01153	0.01776	0.02325	0.37738	0.05992	0.39896	0.01603	0.00824	0.00228	0.00342	0.01371	0.00706	0.00622
5	0.01939	0.01613	0.02476	0.03365	0.48992	0.01647	0.01820	0.07747	0.11516	0.09326	0.01700	0.01912	0.01319	0.00709	0.00695	0.00212	0.00762	0.00654	0.00476	0.01120
6	0.01177	0.01524	0.16756	0.05485	0.01783	0.05543	0.01238	0.01489	0.01409	0.01860	0.02691	0.29594	0.02956	0.11751	0.01191	0.00320	0.00703	0.11338	0.00500	0.00689
7	0.08163	0.14387	0.06365	0.01989	0.14313	0.10071	0.03741	0.13605	0.13253	0.02617	0.01709	0.01819	0.03509	0.00761	0.00634	0.00203	0.00793	0.00599	0.00473	0.00995
8	0.70074	0.01388	0.01142	0.00990	0.01437	0.01583	0.00815	0.07390	0.01397	0.06950	0.01124	0.01244	0.00843	0.00674	0.00468	0.00215	0.00561	0.00415	0.00476	0.00813
9	0.01620	0.01806	0.10160	0.02475	0.25857	0.05578	0.05662	0.02331	0.13776	0.02404	0.08924	0.02167	0.01819	0.00759	0.00686	0.00201	0.00753	0.00681	0.00460	0.11884
10	0.80405	0.01350	0.01026	0.00918	0.01350	0.01565	0.00756	0.02051	0.01188	0.03131	0.00972	0.01134	0.00756	0.00648	0.00432	0.00216	0.00540	0.00378	0.00432	0.00756
11	0.01015	0.00677	0.00761	0.00761	0.00761	0.00677	0.00423	0.01015	0.01015	0.01353	0.02199	0.04567	0.02537	0.75476	0.03552	0.00677	0.00677	0.01015	0.00423	0.00423
12	0.01447	0.01240	0.01447	0.01034	0.01654	0.00930	0.00827	0.01757	0.01447	0.02274	0.01240	0.01447	0.01034	0.00517	0.00517	0.00103	0.00517	0.00413	0.00413	0.79742
13	0.01776	0.05423	0.36157	0.01899	0.02623	0.19110	0.08469	0.06134	0.01757	0.02243	0.06723	0.01756	0.01372	0.00738	0.00678	0.00209	0.01021	0.00590	0.00377	0.00943
14	0.02478	0.01208	0.01553	0.01161	0.01732	0.00989	0.00949	0.02764	0.01784	0.44740	0.02167	0.02016	0.01459	0.00729	0.00630	0.00172	0.00564	0.00590	0.00689	0.31627
15	0.01777	0.02618	0.25113	0.02346	0.11910	0.14802	0.12311	0.04296	0.06113	0.02185	0.01334	0.01617	0.01038	0.00739	0.00862	0.00223	0.08788	0.00597	0.00363	0.00967
16	0.02123	0.02486	0.10402	0.02354	0.19760	0.29629	0.01636	0.04816	0.09621	0.06005	0.01496	0.01676	0.01171	0.00857	0.02763	0.00229	0.01006	0.00569	0.00428	0.00973
17	0.01866	0.75896	0.03657	0.01194	0.01791	0.02761	0.01194	0.02090	0.01418	0.01642	0.00970	0.01119	0.00896	0.00597	0.00448	0.00149	0.00746	0.00373	0.00299	0.00896
18	0.01575	0.01316	0.01516	0.01094	0.01708	0.01061	0.00880	0.08866	0.01642	0.02499	0.01286	0.01471	0.01050	0.00551	0.00536	0.00115	0.00543	0.00436	0.00444	0.71411
19	0.00960	0.00712	0.00895	0.00849	0.01026	0.00647	0.00637	0.01264	0.01911	0.02645	0.60075	0.05465	0.17360	0.01484	0.00823	0.00222	0.00333	0.01297	0.00748	0.00647
20	0.00825	0.00707	0.00707	0.00707	0.00943	0.00589	0.00530	0.01001	0.01591	0.01885	0.07069	0.06716	0.70839	0.01767	0.00825	0.00236	0.00353	0.01473	0.00648	0.00589
21	0.01742	0.01805	0.03724	0.02694	0.03360	0.01719	0.58070	0.02447	0.08346	0.06317	0.01629	0.01981	0.01202	0.00639	0.00805	0.00234	0.01082	0.00813	0.00417	0.00971
22	0.00825	0.00707	0.00707	0.00707	0.00943	0.00589	0.00530	0.01001	0.01591	0.01885	0.07069	0.06716	0.70839	0.01767	0.00825	0.00236	0.00353	0.01473	0.00648	0.00589
23	0.02754	0.01793	0.01994	0.01529	0.02083	0.01924	0.01263	0.54981	0.03010	0.18596	0.01903	0.01823	0.01301	0.00843	0.00699	0.00211	0.00731	0.00644	0.00733	0.01187
24	0.02580	0.01919	0.02054	0.01591	0.02136	0.02130	0.01309	0.63661	0.08533	0.04281	0.01767	0.01749	0.01261	0.00846	0.00699	0.00212	0.00751	0.00641	0.00699	0.01180
25	0.00915	0.00710	0.00832	0.00802	0.00998	0.00628	0.00601	0.01177	0.01804	0.02393	0.42472	0.05880	0.35120	0.01578	0.00824	0.00227	0.00340	0.01356	0.00715	0.00628
26	0.00913	0.00675	0.00855	0.00901	0.01029	0.00617	0.00650	0.01137	0.01652	0.02230	0.31987	0.32416	0.16386	0.01794	0.00855	0.00250	0.00374	0.03973	0.00697	0.00611
27	0.01485	0.01555	0.10025	0.01755	0.08582	0.01519	0.01402	0.07309	0.13554	0.02311	0.06010	0.02576	0.01861	0.01956	0.16963	0.00442	0.15106	0.04239	0.00472	0.00878
28	0.01314	0.01474	0.12587	0.01397	0.01759	0.01218	0.06434	0.02144	0.22162	0.02198	0.02564	0.20176	0.02465	0.10454	0.05432	0.00349	0.00728	0.01058	0.03264	0.00822
29	0.01335	0.01303	0.02309	0.01871	0.02155	0.01402	0.23873	0.01670	0.01488	0.02078	0.11423	0.15716	0.02695	0.01275	0.01218	0.00268	0.19224	0.07458	0.00478	0.00763

[dist]
# distance from previous block
# <min> <max>
2	33

[block]
# block no. 7 follows, 30 sequences, length 70
# corresponding to MSA columns:
# 684-724,844-872
name=unknown_H
#
# <colnr> <probs for GDERKNQSTAVLIFYWHMCP>
#	G	D	E	R	K	N	Q	S	T	A	V	L	I	F	Y	W	H	M	C	P
0	0.01304	0.05528	0.14516	0.01175	0.01639	0.01132	0.01111	0.09225	0.01717	0.02317	0.07385	0.14319	0.21949	0.01250	0.00724	0.00212	0.00580	0.01047	0.00541	0.12328
1	0.05467	0.20354	0.28463	0.09748	0.02560	0.10772	0.01759	0.02107	0.01489	0.01979	0.02943	0.01572	0.01092	0.01000	0.05701	0.00263	0.00997	0.00513	0.00330	0.00890
2	0.01811	0.09372	0.04374	0.01758	0.12539	0.09111	0.01254	0.10585	0.07666	0.02467	0.01507	0.03739	0.01252	0.00703	0.00603	0.00168	0.00711	0.00561	0.02845	0.26974
3	0.01417	0.01120	0.06117	0.01198	0.04996	0.00958	0.00926	0.01963	0.12142	0.10663	0.07765	0.13727	0.19854	0.01288	0.00732	0.00226	0.00488	0.01096	0.12515	0.00810
4	0.01775	0.01158	0.01743	0.04017	0.08174	0.01144	0.11031	0.07027	0.03794	0.13742	0.06863	0.02443	0.01853	0.00900	0.00762	0.04362	0.00617	0.00724	0.27008	0.00863
5	0.01920	0.02076	0.02522	0.19817	0.24296	0.21920	0.09482	0.05740	0.01749	0.02104	0.01259	0.01640	0.01004	0.00675	0.00691	0.00209	0.01012	0.00596	0.00360	0.00928
6	0.00983	0.00695	0.00826	0.00804	0.00897	0.00660	0.00532	0.01138	0.01474	0.02009	0.31102	0.05065	0.11565	0.36888	0.02129	0.00440	0.00498	0.01166	0.00590	0.00538
7	0.00884	0.00698	0.00796	0.00796	0.00985	0.00610	0.00588	0.01107	0.01694	0.02188	0.28620	0.13919	0.41243	0.01697	0.00832	0.00235	0.00351	0.01458	0.00689	0.00610
8	0.00996	0.00669	0.00767	0.00785	0.00790	0.00664	0.00449	0.01010	0.01052	0.01402	0.02389	0.12686	0.02777	0.67029	0.03245	0.00631	0.00645	0.01126	0.00449	0.00439
9	0.02081	0.01518	0.01659	0.01420	0.01860	0.01690	0.01125	0.13113	0.49885	0.13567	0.02658	0.02434	0.01932	0.00918	0.00707	0.00230	0.00590	0.00752	0.00732	0.01129
10	0.00849	0.00613	0.00804	0.00958	0.01009	0.00568	0.00642	0.00973	0.01349	0.01787	0.04015	0.71444	0.08082	0.02164	0.00887	0.00281	0.00402	0.01957	0.00648	0.00568
11	0.05789	0.09294	0.02426	0.15214	0.33603	0.07967	0.01718	0.02012	0.01504	0.02051	0.01399	0.07234	0.01276	0.00795	0.00750	0.00215	0.04799	0.00672	0.00361	0.00922
12	0.01465	0.08162	0.60103	0.01878	0.02815	0.01708	0.02335	0.02357	0.08530	0.02246	0.01398	0.01567	0.01013	0.00688	0.00654	0.00218	0.00963	0.00534	0.00338	0.01030
13	0.01351	0.00748	0.00757	0.00739	0.00928	0.00775	0.00559	0.01866	0.09346	0.02638	0.02341	0.02602	0.01828	0.00828	0.00513	0.00171	0.00351	0.00666	0.70287	0.00703
14	0.02713	0.21865	0.02249	0.01281	0.01840	0.01669	0.01116	0.12536	0.02024	0.42586	0.02106	0.01928	0.01420	0.00787	0.00631	0.00197	0.00661	0.00601	0.00684	0.01107
15	0.02263	0.01828	0.01971	0.01531	0.02074	0.09931	0.05602	0.28886	0.08481	0.09778	0.01696	0.01738	0.01246	0.00745	0.00657	0.00186	0.00757	0.00592	0.00586	0.19451
16	0.00867	0.00681	0.00784	0.00817	0.00983	0.00598	0.00590	0.01061	0.01603	0.02053	0.19866	0.25196	0.38802	0.01809	0.00843	0.00245	0.00362	0.01568	0.00674	0.00598
17	0.07804	0.01356	0.01660	0.01288	0.01766	0.01336	0.01058	0.10302	0.01791	0.27859	0.01778	0.01803	0.01268	0.00796	0.00864	0.00195	0.11565	0.00571	0.00597	0.24343
18	0.58014	0.04681	0.07918	0.01165	0.01648	0.12596	0.01035	0.02181	0.01345	0.02769	0.01014	0.01184	0.00795	0.00658	0.00485	0.00208	0.00705	0.00402	0.00403	0.00795
19	0.02788	0.01428	0.01718	0.01337	0.01853	0.01421	0.01098	0.25188	0.05948	0.41375	0.02368	0.02167	0.01571	0.00856	0.00688	0.00212	0.00634	0.00679	0.05522	0.01151
20	0.01552	0.01414	0.01325	0.01211	0.01418	0.13909	0.00909	0.04063	0.09800	0.04434	0.10378	0.07257	0.11060	0.13705	0.01390	0.00304	0.09539	0.00934	0.04667	0.00733
21	0.00953	0.00700	0.00893	0.00869	0.01028	0.00640	0.00643	0.01242	0.01858	0.02578	0.55878	0.13427	0.13587	0.01552	0.00831	0.00229	0.00341	0.01369	0.00741	0.00640
22	0.01161	0.00718	0.00898	0.00910	0.01049	0.00657	0.00634	0.01317	0.01491	0.09923	0.14263	0.32584	0.14189	0.15332	0.01338	0.00331	0.00457	0.01469	0.00650	0.00629
23	0.01668	0.01029	0.01255	0.01103	0.01291	0.01094	0.00820	0.22072	0.01695	0.02324	0.01449	0.02025	0.01255	0.01790	0.01900	0.48025	0.00632	0.00617	0.07350	0.00608
24	0.01015	0.00677	0.00761	0.00761	0.00761	0.00677	0.00423	0.01015	0.01015	0.01353	0.02199	0.04567	0.02537	0.75476	0.03552	0.00677	0.00677	0.01015	0.00423	0.00423
25	0.01880	0.26258	0.18275	0.01715	0.06997	0.11677	0.01571	0.03977	0.05389	0.06331	0.04954	0.01669	0.01334	0.00746	0.00685	0.00196	0.04457	0.00541	0.00402	0.00947
26	0.02067	0.37212	0.04855	0.05722	0.02135	0.15179	0.01320	0.13017	0.08323	0.02241	0.01305	0.01429	0.01062	0.00699	0.00567	0.00180	0.00844	0.00486	0.00413	0.00943
27	0.01400	0.03610	0.71860	0.01989	0.03020	0.01621	0.02578	0.02210	0.01473	0.02210	0.01252	0.01473	0.00884	0.00663	0.00663	0.00221	0.01031	0.00516	0.00295	0.01031
28	0.01678	0.08846	0.12917	0.20882	0.23431	0.01747	0.06389	0.05792	0.05189	0.04480	0.01406	0.01741	0.01083	0.00679	0.00676	0.00214	0.00875	0.00607	0.00380	0.00986
29	0.01587	0.19912	0.18764	0.01621	0.02209	0.01727	0.11793	0.02265	0.11797	0.04416	0.01868	0.10206	0.01623	0.00871	0.00658	0.00211	0.00776	0.00755	0.06020	0.00920
30	0.00995	0.00711	0.00976	0.01137	0.01241	0.00692	0.00900	0.01222	0.01479	0.01944	0.03766	0.39541	0.04299	0.02050	0.00929	0.00303	0.00530	0.36033	0.00645	0.00607
31	0.00858	0.00614	0.00817	0.00966	0.01014	0.00572	0.00648	0.00992	0.01374	0.01842	0.07866	0.70826	0.04734	0.02141	0.00887	0.00280	0.00400	0.01940	0.00655	0.00572
32	0.01391	0.06956	0.14932	0.01424	0.05405	0.01141	0.01234	0.05638	0.01588	0.07864	0.02996	0.31950	0.07637	0.01455	0.00776	0.00246	0.00622	0.05382	0.00558	0.00804
33	0.08364	0.01278	0.01780	0.01727	0.13341	0.01170	0.01193	0.03095	0.01872	0.55173	0.02386	0.02179	0.01555	0.00808	0.00681	0.00214	0.00629	0.00665	0.00747	0.01143
34	0.01212	0.00606	0.00909	0.00909	0.00909	0.00606	0.00606	0.00909	0.00909	0.01212	0.01212	0.02121	0.01212	0.02424	0.02727	0.79697	0.00606	0.00606	0.00303	0.00303
35	0.02388	0.01791	0.02100	0.12605	0.17244	0.12993	0.01509	0.15652	0.02071	0.22109	0.01743	0.01844	0.01238	0.00759	0.00686	0.00209	0.00834	0.00618	0.00558	0.01049
36	0.01623	0.26262	0.33548	0.01904	0.04683	0.04657	0.11501	0.02158	0.01499	0.02003	0.01257	0.03596	0.01030	0.00677	0.00624	0.00200	0.00945	0.00559	0.00319	0.00955
37	0.01047	0.00727	0.00824	0.00832	0.00865	0.00739	0.00497	0.01200	0.05923	0.01513	0.02434	0.12547	0.02748	0.61756	0.03044	0.00600	0.00636	0.01110	0.00469	0.00488
38	0.00927	0.00685	0.00819	0.00829	0.00955	0.00628	0.00577	0.01113	0.01567	0.02090	0.28611	0.18497	0.21374	0.16573	0.01386	0.00328	0.00419	0.01399	0.00646	0.00577
39	0.01333	0.01237	0.01509	0.27491	0.02618	0.06270	0.01235	0.01985	0.14757	0.02185	0.14291	0.05571	0.14522	0.01102	0.00744	0.00229	0.00663	0.00939	0.00537	0.00782
40	0.01933	0.01529	0.07890	0.08600	0.06152	0.01366	0.11308	0.10650	0.04378	0.18856	0.02287	0.02632	0.06377	0.09569	0.03088	0.00300	0.00811	0.00778	0.00552	0.00944
41	0.01174	0.00837	0.01012	0.00969	0.01178	0.00811	0.00724	0.01681	0.11740	0.06545	0.35487	0.17086	0.15035	0.01508	0.00811	0.00235	0.00394	0.01318	0.00726	0.00728
42	0.01866	0.75896	0.03657	0.01194	0.01791	0.02761	0.01194	0.02090	0.01418	0.01642	0.00970	0.01119	0.00896	0.00597	0.00448	0.00149	0.00746	0.00373	0.00299	0.00896
43	0.01447	0.01240	0.01447	0.01034	0.01654	0.00930	0.00827	0.01757	0.01447	0.02274	0.01240	0.01447	0.01034	0.00517	0.00517	0.00103	0.00517	0.00413	0.00413	0.79742
44	0.01866	0.75896	0.03657	0.01194	0.01791	0.02761	0.01194	0.02090	0.01418	0.01642	0.00970	0.01119	0.00896	0.00597	0.00448	0.00149	0.00746	0.00373	0.00299	0.00896
45	0.00955	0.00682	0.00776	0.00782	0.00859	0.00646	0.00496	0.01048	0.01296	0.01697	0.12440	0.10947	0.18465	0.43253	0.02365	0.00486	0.00536	0.01229	0.00537	0.00503
46	0.00862	0.00646	0.00802	0.00908	0.01011	0.00586	0.00634	0.01018	0.01452	0.01885	0.09081	0.50768	0.21639	0.02021	0.00872	0.00268	0.00395	0.03916	0.00656	0.00581
47	0.01812	0.01537	0.01621	0.01436	0.01844	0.01771	0.01123	0.09115	0.64331	0.03042	0.02743	0.02526	0.02052	0.00938	0.00709	0.00234	0.00570	0.00776	0.00709	0.01111
48	0.80405	0.01350	0.01026	0.00918	0.01350	0.01565	0.00756	0.02051	0.01188	0.03131	0.00972	0.01134	0.00756	0.00648	0.00432	0.00216	0.00540	0.00378	0.00432	0.00756
49	0.01022	0.00731	0.01097	0.01097	0.01207	0.00842	0.00842	0.01207	0.01097	0.01573	0.01793	0.02670	0.01683	0.04910	0.64645	0.10177	0.01724	0.00731	0.00366	0.00586
50	0.02607	0.03326	0.01978	0.01798	0.02157	0.72674	0.01348	0.02787	0.01978	0.01708	0.01079	0.01258	0.00899	0.00719	0.00629	0.00180	0.01258	0.00449	0.00360	0.00809
51	0.01053	0.00679	0.00685	0.00685	0.00871	0.00623	0.00503	0.01284	0.01493	0.02171	0.04564	0.04709	0.34875	0.06552	0.00866	0.00234	0.00364	0.01070	0.36114	0.00605
52	0.00888	0.00705	0.00770	0.00757	0.00947	0.00617	0.00550	0.01083	0.01622	0.02056	0.22669	0.06087	0.46662	0.10176	0.01139	0.00282	0.00385	0.01366	0.00653	0.00588
53	0.02396	0.02938	0.01843	0.01680	0.02015	0.60922	0.01260	0.05072	0.01988	0.01886	0.05866	0.05973	0.01509	0.00859	0.00660	0.00190	0.01127	0.00602	0.00417	0.00799
54	0.01015	0.00677	0.00761	0.00761	0.00761	0.00677	0.00423	0.01015	0.01015	0.01353	0.02199	0.04567	0.02537	0.75476	0.03552	0.00677	0.00677	0.01015	0.00423	0.00423
55	0.01866	0.75896	0.03657	0.01194	0.01791	0.02761	0.01194	0.02090	0.01418	0.01642	0.00970	0.01119	0.00896	0.00597	0.00448	0.00149	0.00746	0.00373	0.00299	0.00896
