[name]
unknown

[dist]
# distance from previous block
# <min> <max>
0	31

[block]
# block no. 0 follows, 28 sequences, length 14
# corresponding to MSA columns:
# 33-46
name=unknown_A
#
# <colnr> <probs for GDERKNQSTAVLIFYWHMCP>
#	G	D	E	R	K	N	Q	S	T	A	V	L	I	F	Y	W	H	M	C	P
0	0.02142	0.01232	0.01811	0.18928	0.10092	0.01254	0.01386	0.04943	0.01776	0.28354	0.02327	0.03149	0.01871	0.08825	0.01078	0.00292	0.00753	0.08197	0.00617	0.00972
1	0.12903	0.01019	0.01172	0.01299	0.09095	0.01023	0.00818	0.01607	0.06206	0.02245	0.10484	0.04272	0.19493	0.21219	0.01539	0.00358	0.00564	0.01022	0.00551	0.03109
2	0.10658	0.01436	0.02076	0.11927	0.16280	0.01499	0.06933	0.08369	0.04941	0.13996	0.01829	0.02358	0.01473	0.11778	0.01151	0.00299	0.00790	0.00721	0.00521	0.00965
3	0.01840	0.01442	0.02150	0.16394	0.26224	0.01522	0.01637	0.07176	0.09627	0.10385	0.11933	0.02549	0.02174	0.00873	0.00746	0.00228	0.00740	0.00777	0.00551	0.01030
4	0.15669	0.01957	0.01886	0.01769	0.09197	0.12263	0.01277	0.31877	0.02446	0.03395	0.02138	0.02198	0.09044	0.00908	0.00683	0.00218	0.00792	0.00683	0.00581	0.01019
5	0.02106	0.01683	0.02058	0.02116	0.16480	0.01788	0.01410	0.20776	0.26039	0.06480	0.02103	0.02111	0.01579	0.00831	0.00710	0.00216	0.00697	0.00692	0.00630	0.09495
6	0.02183	0.01498	0.01679	0.12015	0.02225	0.09428	0.01198	0.14178	0.02149	0.21169	0.13943	0.10289	0.02674	0.01101	0.00764	0.00230	0.00715	0.00918	0.00680	0.00962
7	0.11013	0.01818	0.01922	0.01879	0.12081	0.09183	0.01309	0.25780	0.05852	0.11092	0.02323	0.02330	0.08427	0.00914	0.00702	0.00220	0.00759	0.00714	0.00619	0.01062
8	0.02280	0.02047	0.01767	0.01562	0.01985	0.21283	0.01210	0.03545	0.39964	0.12765	0.02430	0.02283	0.01796	0.00907	0.00715	0.00227	0.00788	0.00709	0.00661	0.01077
9	0.01712	0.01878	0.01900	0.01643	0.01933	0.24668	0.10949	0.01995	0.01831	0.02191	0.20853	0.14504	0.03261	0.01223	0.00910	0.00234	0.05963	0.01038	0.00538	0.00774
10	0.02004	0.06942	0.02179	0.02184	0.20982	0.11883	0.01378	0.02326	0.01696	0.10136	0.01451	0.01648	0.01150	0.00648	0.00624	0.00167	0.00771	0.00529	0.00448	0.30851
11	0.01850	0.12304	0.01938	0.01378	0.01744	0.07220	0.01137	0.19346	0.06829	0.02757	0.09945	0.03191	0.09407	0.03384	0.04182	0.00285	0.06821	0.04794	0.00581	0.00905
12	0.01836	0.09090	0.07614	0.34216	0.11386	0.09332	0.01857	0.11895	0.01844	0.02336	0.01324	0.01720	0.01019	0.00729	0.00690	0.00220	0.00957	0.00595	0.00391	0.00948
13	0.10882	0.07319	0.02535	0.02203	0.11541	0.21633	0.14376	0.02643	0.06305	0.09386	0.01588	0.03617	0.01261	0.00763	0.00689	0.00215	0.00966	0.00649	0.00463	0.00967

[dist]
# distance from previous block
# <min> <max>
6	12

[block]
# block no. 1 follows, 28 sequences, length 20
# corresponding to MSA columns:
# 59-78
name=unknown_B
#
# <colnr> <probs for GDERKNQSTAVLIFYWHMCP>
#	G	D	E	R	K	N	Q	S	T	A	V	L	I	F	Y	W	H	M	C	P
0	0.05445	0.01171	0.01549	0.18493	0.05881	0.06208	0.01263	0.01628	0.01339	0.01862	0.01739	0.05438	0.01590	0.03340	0.38972	0.00738	0.01471	0.00753	0.00386	0.00732
1	0.01469	0.01390	0.02354	0.57314	0.19647	0.01640	0.02067	0.01942	0.01499	0.01974	0.01309	0.01907	0.01010	0.00709	0.00725	0.00236	0.00945	0.00646	0.00331	0.00885
2	0.02332	0.08956	0.02197	0.01741	0.05685	0.09550	0.01344	0.31119	0.23284	0.03412	0.01967	0.01947	0.01477	0.00859	0.00698	0.00218	0.00786	0.00661	0.00634	0.01134
3	0.02033	0.09655	0.02608	0.05649	0.38279	0.11692	0.01763	0.02388	0.01762	0.09607	0.06340	0.02000	0.01570	0.00750	0.00695	0.00208	0.00858	0.00651	0.00445	0.01047
4	0.06918	0.02324	0.15535	0.01655	0.02297	0.08965	0.01543	0.30563	0.04327	0.16065	0.01797	0.01790	0.01250	0.00821	0.00698	0.00220	0.00853	0.00616	0.00625	0.01136
5	0.01806	0.01608	0.02011	0.02317	0.21000	0.01785	0.01454	0.03404	0.49799	0.02854	0.02512	0.02456	0.01919	0.00891	0.00734	0.00238	0.00656	0.00773	0.00633	0.01151
6	0.01017	0.01072	0.06171	0.01135	0.01459	0.00827	0.07866	0.01306	0.01671	0.02128	0.13349	0.13829	0.42166	0.01637	0.00855	0.00248	0.00514	0.01427	0.00631	0.00692
7	0.02059	0.02200	0.05458	0.12521	0.34303	0.18087	0.01925	0.10317	0.01933	0.02433	0.01344	0.01686	0.01077	0.00711	0.00705	0.00214	0.00983	0.00602	0.00401	0.01040
8	0.01288	0.01177	0.01947	0.60203	0.04317	0.01436	0.01784	0.01710	0.01443	0.01857	0.01765	0.14502	0.01638	0.00997	0.00762	0.00251	0.00874	0.00894	0.00384	0.00770
9	0.00886	0.00633	0.00843	0.01012	0.01054	0.00590	0.00675	0.01012	0.01392	0.01856	0.04006	0.73979	0.04808	0.02277	0.00928	0.00295	0.00422	0.02066	0.00675	0.00590
10	0.02333	0.02766	0.07004	0.02691	0.22486	0.38528	0.05365	0.02665	0.01887	0.05668	0.01320	0.01569	0.01054	0.00715	0.00692	0.00204	0.01121	0.00562	0.00393	0.00978
11	0.01117	0.00798	0.01109	0.01276	0.01420	0.00790	0.01077	0.01412	0.01620	0.02114	0.03879	0.20744	0.04302	0.02059	0.00989	0.00327	0.00622	0.53020	0.00670	0.00654
12	0.01038	0.00779	0.01168	0.01168	0.01298	0.00909	0.00909	0.01298	0.01168	0.01687	0.01947	0.02856	0.01817	0.05452	0.71573	0.01168	0.01947	0.00779	0.00389	0.00649
13	0.01785	0.01885	0.02378	0.37655	0.23281	0.16668	0.01948	0.02190	0.01642	0.01991	0.01278	0.01763	0.01015	0.00709	0.00709	0.00223	0.01012	0.00608	0.00345	0.00915
14	0.02076	0.07348	0.24062	0.01747	0.02453	0.01923	0.03828	0.21574	0.17245	0.07630	0.01895	0.01912	0.01370	0.00817	0.00705	0.00225	0.00837	0.00648	0.00568	0.01137
15	0.01749	0.01676	0.02861	0.12403	0.62366	0.01714	0.02206	0.02187	0.01632	0.02315	0.01359	0.01815	0.01130	0.00657	0.00720	0.00219	0.00876	0.00647	0.00356	0.01111
16	0.20423	0.01307	0.01444	0.01097	0.01677	0.01148	0.00890	0.02289	0.01573	0.17930	0.01581	0.01648	0.01171	0.00652	0.00561	0.00162	0.00562	0.00490	0.00541	0.42854
17	0.02058	0.15964	0.04839	0.02086	0.10691	0.29930	0.09255	0.02366	0.01814	0.02008	0.05947	0.02097	0.06279	0.00819	0.00681	0.00200	0.01009	0.00654	0.00406	0.00896
18	0.01178	0.00913	0.01371	0.01286	0.01455	0.00888	0.08649	0.05976	0.01563	0.02098	0.06685	0.42522	0.03769	0.09513	0.01301	0.04674	0.00592	0.04303	0.00604	0.00661
19	0.07593	0.05611	0.17710	0.02435	0.22018	0.06690	0.01793	0.10674	0.01858	0.08100	0.01679	0.07588	0.01410	0.00848	0.00696	0.00222	0.00853	0.00703	0.00470	0.01047

[dist]
# distance from previous block
# <min> <max>
0	4

[block]
# block no. 2 follows, 28 sequences, length 8
# corresponding to MSA columns:
# 83-90
name=unknown_C
#
# <colnr> <probs for GDERKNQSTAVLIFYWHMCP>
#	G	D	E	R	K	N	Q	S	T	A	V	L	I	F	Y	W	H	M	C	P
0	0.01636	0.01573	0.01673	0.06500	0.09858	0.15115	0.01394	0.02157	0.09319	0.02197	0.02752	0.05060	0.02755	0.01401	0.00854	0.00276	0.00828	0.33271	0.00560	0.00823
1	0.01893	0.16716	0.10422	0.16997	0.10187	0.16731	0.01703	0.02541	0.11897	0.02101	0.01465	0.01709	0.01161	0.00738	0.00657	0.00210	0.00944	0.00572	0.00397	0.00961
2	0.02009	0.01633	0.10162	0.07750	0.10078	0.01397	0.03414	0.02464	0.04356	0.22016	0.06277	0.02349	0.03802	0.00893	0.00906	0.00225	0.08929	0.00715	0.00563	0.10061
3	0.01681	0.01924	0.10621	0.02979	0.27429	0.01606	0.19168	0.02279	0.05469	0.02391	0.01464	0.01806	0.01159	0.00641	0.00718	0.00206	0.00902	0.00658	0.00392	0.16508
4	0.01943	0.01472	0.01584	0.01231	0.01770	0.04658	0.00985	0.15092	0.05529	0.10756	0.02531	0.02521	0.11231	0.00871	0.00661	0.00175	0.00614	0.00693	0.00594	0.35090
5	0.17290	0.01664	0.01609	0.01434	0.01815	0.11696	0.04607	0.02830	0.27524	0.06541	0.02385	0.13396	0.02072	0.01069	0.00706	0.00240	0.00693	0.00879	0.00608	0.00941
6	0.02012	0.09809	0.29977	0.01849	0.06848	0.01693	0.01835	0.02878	0.14956	0.18011	0.01965	0.01963	0.01396	0.00787	0.00689	0.00224	0.00827	0.00630	0.00532	0.01117
7	0.01565	0.01112	0.01376	0.01114	0.01587	0.00907	0.00903	0.01888	0.01699	0.10149	0.14291	0.03415	0.02713	0.00990	0.00694	0.00180	0.00533	0.11095	0.00590	0.43199

[dist]
# distance from previous block
# <min> <max>
0	1

[block]
# block no. 3 follows, 28 sequences, length 55
# corresponding to MSA columns:
# 92-146
name=unknown_D
#
# <colnr> <probs for GDERKNQSTAVLIFYWHMCP>
#	G	D	E	R	K	N	Q	S	T	A	V	L	I	F	Y	W	H	M	C	P
0	0.02030	0.01049	0.01481	0.15481	0.02167	0.01027	0.01095	0.02376	0.01902	0.30078	0.23317	0.03308	0.03217	0.01044	0.00751	0.00225	0.00580	0.00892	0.07047	0.00933
1	0.01373	0.01292	0.02180	0.72707	0.05006	0.01615	0.02019	0.01857	0.01453	0.01857	0.01292	0.01938	0.00969	0.00727	0.00727	0.00242	0.00969	0.00646	0.00323	0.00807
2	0.00874	0.00737	0.00757	0.00752	0.00991	0.00620	0.00564	0.01071	0.01691	0.02045	0.12711	0.06861	0.64227	0.01810	0.00859	0.00244	0.00366	0.01515	0.00686	0.00620
3	0.01659	0.02806	0.35028	0.02104	0.02875	0.09858	0.19070	0.02291	0.01643	0.02306	0.01482	0.01791	0.01107	0.00700	0.00703	0.00220	0.01035	0.00633	0.11725	0.00965
4	0.01507	0.01292	0.01507	0.01077	0.01723	0.00969	0.00861	0.01830	0.01507	0.02369	0.01292	0.01507	0.01077	0.00538	0.00538	0.00108	0.00538	0.00431	0.00431	0.78898
5	0.02153	0.56010	0.03371	0.01377	0.01966	0.10051	0.01282	0.12399	0.01840	0.02163	0.01137	0.01271	0.00980	0.00674	0.00527	0.00169	0.00837	0.00438	0.00382	0.00970
6	0.01269	0.01180	0.01890	0.58239	0.04197	0.01414	0.01724	0.01694	0.01494	0.01879	0.02513	0.02955	0.14770	0.00951	0.00753	0.00243	0.00848	0.00825	0.00394	0.00769
7	0.01556	0.01479	0.02512	0.43341	0.32938	0.01663	0.02110	0.02018	0.01540	0.02080	0.01324	0.01878	0.01047	0.00693	0.00724	0.00231	0.00924	0.00647	0.00339	0.00955
8	0.01263	0.00631	0.00947	0.00947	0.00947	0.00631	0.00631	0.00947	0.00947	0.01263	0.01263	0.02210	0.01263	0.02525	0.02841	0.78851	0.00631	0.00631	0.00316	0.00316
9	0.01057	0.00705	0.00793	0.00793	0.00793	0.00705	0.00440	0.01057	0.01057	0.01409	0.02290	0.04757	0.02643	0.74454	0.03700	0.00705	0.00705	0.01057	0.00440	0.00440
10	0.53196	0.01956	0.01374	0.01238	0.01665	0.19907	0.00978	0.02477	0.06917	0.02856	0.01199	0.01339	0.00942	0.00719	0.00527	0.00217	0.00759	0.00448	0.00454	0.00831
11	0.02715	0.03464	0.02060	0.01873	0.02247	0.71536	0.01404	0.02903	0.02060	0.01779	0.01124	0.01311	0.00936	0.00749	0.00655	0.00187	0.01311	0.00468	0.00375	0.00843
12	0.01808	0.01561	0.01644	0.01479	0.01890	0.01808	0.01151	0.03863	0.68606	0.03041	0.02959	0.02712	0.02219	0.00986	0.00740	0.00247	0.00575	0.00822	0.00740	0.01151
13	0.01373	0.01292	0.02180	0.72707	0.05006	0.01615	0.02019	0.01857	0.01453	0.01857	0.01292	0.01938	0.00969	0.00727	0.00727	0.00242	0.00969	0.00646	0.00323	0.00807
14	0.01185	0.00908	0.01107	0.01028	0.01248	0.00911	0.00779	0.01872	0.15435	0.02940	0.56152	0.04883	0.05926	0.01386	0.00834	0.00232	0.00390	0.01216	0.00788	0.00779
15	0.00890	0.00710	0.00798	0.00834	0.01016	0.00618	0.00604	0.01081	0.01643	0.02070	0.15264	0.24474	0.43626	0.01906	0.00877	0.00256	0.00379	0.01644	0.00693	0.00618
16	0.02143	0.11114	0.02093	0.01525	0.02009	0.05745	0.01241	0.21552	0.38175	0.03240	0.02272	0.02169	0.01711	0.00895	0.00697	0.00224	0.00703	0.00701	0.00662	0.01131
17	0.01716	0.01961	0.04289	0.03064	0.03799	0.01838	0.67279	0.02328	0.01716	0.02328	0.01471	0.01961	0.01103	0.00613	0.00858	0.00245	0.01225	0.00858	0.00368	0.00980
18	0.06736	0.05067	0.23148	0.01926	0.06020	0.12277	0.04231	0.14308	0.12077	0.04861	0.01635	0.01741	0.01213	0.00774	0.00686	0.00221	0.00925	0.00601	0.00489	0.01064
19	0.01777	0.01789	0.03304	0.04092	0.52448	0.01756	0.19419	0.02257	0.01671	0.02363	0.01395	0.01842	0.01139	0.00638	0.00756	0.00224	0.00959	0.00703	0.00362	0.01106
20	0.00964	0.00688	0.00933	0.01101	0.01177	0.00658	0.00810	0.01147	0.01469	0.01943	0.03963	0.56042	0.04637	0.02204	0.00949	0.00306	0.00489	0.19235	0.00673	0.00612
21	0.01808	0.05783	0.42988	0.01915	0.04918	0.01728	0.02111	0.06552	0.13115	0.09437	0.01761	0.01837	0.01257	0.00769	0.00697	0.00228	0.00908	0.00610	0.00467	0.01110
22	0.01920	0.02108	0.07301	0.01548	0.01969	0.23509	0.05175	0.05275	0.10551	0.06839	0.03083	0.09984	0.15375	0.01153	0.00758	0.00228	0.00844	0.00942	0.00557	0.00883
23	0.01044	0.00707	0.00811	0.00830	0.00849	0.00700	0.00493	0.01074	0.01127	0.01492	0.02645	0.09692	0.05085	0.63909	0.03297	0.00645	0.00673	0.03988	0.00474	0.00467
24	0.01351	0.01263	0.02121	0.69517	0.04831	0.01569	0.01959	0.01820	0.01451	0.01857	0.01413	0.05143	0.01140	0.00796	0.00736	0.00245	0.00945	0.00709	0.00339	0.00798
25	0.02010	0.10746	0.27058	0.02010	0.02726	0.21892	0.10912	0.06967	0.04816	0.02281	0.01348	0.01557	0.01031	0.00715	0.00685	0.00212	0.01091	0.00566	0.00383	0.00994
26	0.01885	0.05394	0.35699	0.02396	0.16254	0.01649	0.05020	0.02590	0.05696	0.13952	0.01679	0.01824	0.01204	0.00729	0.00705	0.00225	0.00920	0.00618	0.00447	0.01113
27	0.01049	0.00726	0.00964	0.01093	0.01204	0.00689	0.00825	0.01251	0.01526	0.03837	0.06279	0.42300	0.08741	0.04725	0.01040	0.00315	0.00509	0.21622	0.00675	0.00632
28	0.08713	0.08443	0.28320	0.01849	0.05188	0.01866	0.04301	0.19580	0.02074	0.10632	0.01557	0.01663	0.01109	0.00751	0.00674	0.00220	0.00880	0.00582	0.00501	0.01099
29	0.01738	0.02718	0.31328	0.10808	0.20581	0.07894	0.06134	0.06045	0.01722	0.02357	0.01339	0.01667	0.01016	0.00695	0.00711	0.00224	0.01022	0.00598	0.00356	0.01047
30	0.02332	0.05150	0.03959	0.01266	0.01711	0.01241	0.01070	0.06572	0.04434	0.35712	0.15549	0.03214	0.08118	0.01089	0.00847	0.00230	0.04839	0.00875	0.00761	0.01031
31	0.02114	0.10616	0.02280	0.02135	0.17644	0.01870	0.01425	0.14362	0.23397	0.10354	0.02169	0.04942	0.01697	0.00885	0.00706	0.00223	0.00705	0.00738	0.00612	0.01126
32	0.02360	0.15408	0.06575	0.01700	0.02188	0.18375	0.01471	0.27599	0.02316	0.02880	0.01331	0.01507	0.01053	0.00845	0.00898	0.00215	0.11220	0.00554	0.00488	0.01018
33	0.02129	0.53729	0.03299	0.01431	0.01966	0.20558	0.01298	0.02348	0.01614	0.01729	0.01038	0.01219	0.00935	0.00679	0.00587	0.00170	0.03621	0.00418	0.00328	0.00904
34	0.01507	0.01292	0.01507	0.01077	0.01723	0.00969	0.00861	0.01830	0.01507	0.02369	0.01292	0.01507	0.01077	0.00538	0.00538	0.00108	0.00538	0.00431	0.00431	0.78898
35	0.01193	0.00965	0.01413	0.24287	0.02386	0.01126	0.01146	0.01545	0.04783	0.01734	0.01887	0.03100	0.01802	0.23622	0.25241	0.00685	0.01198	0.00818	0.00401	0.00667
36	0.02540	0.01842	0.01948	0.01571	0.02091	0.04710	0.01271	0.37158	0.22870	0.12816	0.02237	0.02117	0.01596	0.00906	0.00729	0.00226	0.00728	0.00708	0.00740	0.01195
37	0.01153	0.00936	0.01229	0.01119	0.01258	0.01034	0.00876	0.01438	0.01783	0.02547	0.45443	0.04604	0.11405	0.01450	0.01199	0.00249	0.17142	0.01158	0.03276	0.00704
38	0.00967	0.00729	0.00894	0.00877	0.01054	0.00656	0.00648	0.01242	0.01874	0.02538	0.45321	0.13594	0.23603	0.01671	0.00866	0.00241	0.00359	0.01459	0.00752	0.00656
39	0.00910	0.00682	0.00845	0.00923	0.01043	0.00617	0.00647	0.01097	0.01600	0.02109	0.18883	0.42773	0.21223	0.02000	0.00896	0.00269	0.00392	0.01774	0.00702	0.00617
40	0.01752	0.01679	0.02865	0.12025	0.62725	0.01715	0.02207	0.02189	0.01633	0.02317	0.01359	0.01814	0.01131	0.00656	0.00720	0.00219	0.00875	0.00647	0.00356	0.01113
41	0.01486	0.01289	0.02151	0.68407	0.04817	0.01582	0.01962	0.01959	0.01491	0.05986	0.01387	0.01970	0.01019	0.00737	0.00727	0.00241	0.00948	0.00651	0.00358	0.00833
42	0.02746	0.01943	0.02109	0.01630	0.02200	0.02131	0.01342	0.58476	0.07234	0.09830	0.01909	0.01863	0.01341	0.00882	0.00728	0.00220	0.00772	0.00671	0.00742	0.01231
43	0.01799	0.01727	0.02950	0.04462	0.69919	0.01727	0.02231	0.02231	0.01655	0.02375	0.01367	0.01799	0.01151	0.00648	0.00720	0.00216	0.00864	0.00648	0.00360	0.01151
44	0.00882	0.00647	0.00828	0.00973	0.01044	0.00594	0.00657	0.01017	0.01429	0.01871	0.04484	0.64450	0.14029	0.02215	0.00918	0.00288	0.00414	0.01991	0.00675	0.00594
45	0.01507	0.01292	0.01507	0.01077	0.01723	0.00969	0.00861	0.01830	0.01507	0.02369	0.01292	0.01507	0.01077	0.00538	0.00538	0.00108	0.00538	0.00431	0.00431	0.78898
46	0.01143	0.00884	0.01075	0.01114	0.01311	0.00885	0.00870	0.01704	0.13009	0.02374	0.17605	0.19474	0.15231	0.01755	0.00891	0.00276	0.00489	0.18472	0.00710	0.00729
47	0.06498	0.02330	0.15896	0.01725	0.02374	0.02106	0.01622	0.48046	0.02823	0.03929	0.01583	0.01666	0.01137	0.00843	0.00778	0.00225	0.04032	0.00616	0.00610	0.01161
48	0.00885	0.00637	0.00839	0.01001	0.01051	0.00591	0.00670	0.01013	0.01403	0.01860	0.04147	0.71172	0.07524	0.02259	0.00925	0.00293	0.00419	0.02044	0.00675	0.00591
49	0.00917	0.00668	0.00829	0.00928	0.01008	0.00618	0.00622	0.01051	0.01440	0.01892	0.09392	0.47819	0.15372	0.12345	0.01303	0.00340	0.00447	0.01778	0.00651	0.00580
50	0.01988	0.15188	0.02743	0.10143	0.26572	0.08022	0.05145	0.02566	0.10029	0.08306	0.01611	0.01838	0.01262	0.00723	0.00679	0.00211	0.00859	0.00624	0.00444	0.01046
51	0.10211	0.20556	0.08176	0.01579	0.02076	0.16007	0.03578	0.05068	0.05152	0.02213	0.01224	0.01450	0.01019	0.00773	0.00837	0.00205	0.11095	0.00506	0.00392	0.07883
52	0.07571	0.02130	0.11274	0.04400	0.05776	0.10952	0.01463	0.21630	0.11519	0.03145	0.10917	0.02265	0.02009	0.00899	0.00712	0.00222	0.00804	0.00708	0.00580	0.01023
53	0.21391	0.16243	0.04839	0.01729	0.08427	0.15104	0.04052	0.07083	0.01769	0.08602	0.03607	0.01605	0.01222	0.00735	0.00602	0.00204	0.00836	0.00535	0.00463	0.00948
54	0.04317	0.08771	0.14628	0.03502	0.04759	0.03855	0.04306	0.08273	0.01788	0.04696	0.05225	0.06863	0.12668	0.01080	0.00728	0.00222	0.00739	0.05201	0.00513	0.07867

[dist]
# distance from previous block
# <min> <max>
0	27

[block]
# block no. 4 follows, 28 sequences, length 16
# corresponding to MSA columns:
# 175-190
name=unknown_E
#
# <colnr> <probs for GDERKNQSTAVLIFYWHMCP>
#	G	D	E	R	K	N	Q	S	T	A	V	L	I	F	Y	W	H	M	C	P
0	0.24164	0.02183	0.01822	0.01730	0.08334	0.23956	0.01243	0.13708	0.01980	0.06218	0.01324	0.01470	0.01021	0.00730	0.00610	0.00201	0.00871	0.00506	0.00486	0.07442
1	0.10442	0.05769	0.17769	0.01699	0.06574	0.01651	0.01538	0.14987	0.07189	0.10951	0.02183	0.02524	0.05177	0.01062	0.02859	0.00260	0.00804	0.04972	0.00559	0.01032
2	0.09918	0.02004	0.02177	0.02377	0.21382	0.15688	0.01520	0.14913	0.02088	0.15634	0.01624	0.01751	0.01204	0.00786	0.00751	0.00217	0.03749	0.00604	0.00541	0.01073
3	0.00917	0.00677	0.00821	0.00906	0.00999	0.00621	0.00611	0.01054	0.01455	0.01895	0.09658	0.42223	0.19855	0.13231	0.01333	0.00341	0.00447	0.01727	0.00649	0.00580
4	0.01082	0.00688	0.00908	0.01021	0.01117	0.00631	0.00701	0.01224	0.01463	0.07570	0.04084	0.64584	0.07888	0.02140	0.00908	0.00287	0.00435	0.01928	0.00694	0.00645
5	0.02287	0.01987	0.02185	0.12515	0.14538	0.13567	0.01573	0.21888	0.11495	0.08085	0.01760	0.01898	0.01310	0.00809	0.00716	0.00221	0.00877	0.00650	0.00559	0.01081
6	0.01013	0.00792	0.01052	0.01252	0.06827	0.00736	0.00833	0.01240	0.01627	0.02145	0.15905	0.31961	0.20872	0.01866	0.00890	0.00269	0.00460	0.08923	0.00670	0.00668
7	0.01513	0.02953	0.45935	0.06773	0.03158	0.01645	0.13115	0.05431	0.01642	0.02354	0.01578	0.07674	0.01294	0.00821	0.00742	0.00238	0.01024	0.00731	0.00370	0.01009
8	0.02248	0.01975	0.01942	0.01524	0.02050	0.12498	0.01229	0.30653	0.02396	0.03196	0.01438	0.01587	0.01115	0.00773	0.00782	0.00184	0.06387	0.00550	0.00543	0.26931
9	0.01041	0.00731	0.00949	0.00968	0.01025	0.00777	0.00657	0.01159	0.01145	0.01573	0.02345	0.09419	0.02551	0.40812	0.28715	0.00834	0.01145	0.03171	0.00447	0.00537
10	0.07225	0.02818	0.22398	0.01938	0.02608	0.19570	0.09287	0.15166	0.07282	0.02733	0.01473	0.01636	0.01099	0.00754	0.00696	0.00220	0.01026	0.00592	0.00456	0.01023
11	0.04398	0.34079	0.20862	0.09655	0.02728	0.02246	0.07740	0.04780	0.01571	0.02105	0.01188	0.01456	0.00957	0.00680	0.00652	0.00202	0.02882	0.00517	0.00338	0.00963
12	0.01447	0.01197	0.01325	0.01213	0.01524	0.01303	0.00933	0.02728	0.39004	0.02904	0.27229	0.04053	0.09641	0.01239	0.00792	0.00240	0.00474	0.01060	0.00756	0.00938
13	0.01053	0.00720	0.00868	0.00868	0.00894	0.00746	0.00534	0.01105	0.01079	0.01465	0.02222	0.04376	0.02477	0.60630	0.17298	0.00798	0.00954	0.01001	0.00430	0.00482
14	0.60824	0.01498	0.01302	0.01102	0.01582	0.01691	0.00908	0.13130	0.01666	0.08737	0.01279	0.01376	0.00941	0.00725	0.00518	0.00224	0.00606	0.00463	0.00531	0.00897
15	0.08047	0.06162	0.06199	0.06202	0.29341	0.01748	0.07295	0.10468	0.01839	0.07332	0.01464	0.01735	0.01134	0.00688	0.00681	0.00209	0.00830	0.00613	0.00449	0.07564

[dist]
# distance from previous block
# <min> <max>
0	2

[block]
# block no. 5 follows, 28 sequences, length 8
# corresponding to MSA columns:
# 193-200
name=unknown_F
#
# <colnr> <probs for GDERKNQSTAVLIFYWHMCP>
#	G	D	E	R	K	N	Q	S	T	A	V	L	I	F	Y	W	H	M	C	P
0	0.01882	0.01858	0.09942	0.23572	0.23534	0.01748	0.06393	0.13297	0.01911	0.06645	0.01499	0.01853	0.01122	0.00727	0.00730	0.00228	0.00916	0.00656	0.00438	0.01050
1	0.01496	0.01386	0.02232	0.33040	0.13745	0.01550	0.07828	0.02222	0.12658	0.02301	0.08796	0.02717	0.01984	0.00889	0.00767	0.00242	0.00832	0.03934	0.00468	0.00914
2	0.01435	0.01414	0.02564	0.60037	0.04787	0.01656	0.13891	0.01943	0.01501	0.01943	0.01324	0.01942	0.00993	0.00706	0.00751	0.00243	0.01016	0.00685	0.00331	0.00839
3	0.01799	0.01727	0.02950	0.04462	0.69919	0.01727	0.02231	0.02231	0.01655	0.02375	0.01367	0.01799	0.01151	0.00648	0.00720	0.00216	0.00864	0.00648	0.00360	0.01151
4	0.01468	0.01389	0.02352	0.57491	0.19479	0.01640	0.02066	0.01941	0.01498	0.01973	0.01309	0.01907	0.01010	0.00709	0.00725	0.00236	0.00945	0.00646	0.00331	0.00884
5	0.01794	0.01245	0.01504	0.01105	0.01704	0.00968	0.00887	0.02111	0.01648	0.14786	0.06135	0.01945	0.01594	0.00667	0.00595	0.00137	0.00540	0.00544	0.00541	0.59548
6	0.01925	0.02038	0.02884	0.08815	0.45399	0.14431	0.09415	0.02337	0.01721	0.02223	0.01329	0.01739	0.01093	0.00668	0.00724	0.00216	0.00994	0.00639	0.00361	0.01051
7	0.00927	0.00680	0.00874	0.00979	0.01081	0.00628	0.00694	0.01115	0.01568	0.02084	0.16370	0.48032	0.13885	0.02056	0.00911	0.00279	0.00417	0.06106	0.00697	0.00616

[dist]
# distance from previous block
# <min> <max>
0	2

[block]
# block no. 6 follows, 28 sequences, length 12
# corresponding to MSA columns:
# 203-214
name=unknown_G
#
# <colnr> <probs for GDERKNQSTAVLIFYWHMCP>
#	G	D	E	R	K	N	Q	S	T	A	V	L	I	F	Y	W	H	M	C	P
0	0.05835	0.01942	0.02647	0.02067	0.02568	0.15607	0.26855	0.07374	0.01877	0.10047	0.01933	0.09999	0.01690	0.03204	0.00873	0.00251	0.00988	0.02815	0.00506	0.00923
1	0.01935	0.00998	0.01282	0.01122	0.01419	0.00956	0.00861	0.02329	0.07777	0.27255	0.15683	0.03960	0.03157	0.17408	0.06128	0.00402	0.00671	0.05067	0.00717	0.00873
2	0.02379	0.23210	0.09964	0.01580	0.02202	0.08133	0.01458	0.30342	0.04719	0.07053	0.01542	0.01595	0.01157	0.00776	0.00643	0.00200	0.00848	0.00560	0.00543	0.01095
3	0.02256	0.21349	0.02441	0.01519	0.02042	0.08547	0.01278	0.25310	0.22267	0.03106	0.01857	0.01841	0.01422	0.00829	0.00655	0.00207	0.00773	0.00617	0.00589	0.01095
4	0.00906	0.00657	0.00845	0.00967	0.01039	0.00608	0.00654	0.01054	0.01469	0.01955	0.11054	0.57647	0.10708	0.05502	0.01043	0.00303	0.00422	0.01894	0.00677	0.00595
5	0.13766	0.02890	0.42373	0.01768	0.02609	0.01741	0.02031	0.12174	0.05700	0.06149	0.01498	0.01626	0.01066	0.00743	0.00664	0.00228	0.00903	0.00559	0.00446	0.01067
6	0.01614	0.21227	0.47163	0.01807	0.02702	0.01996	0.02174	0.02427	0.08219	0.02229	0.01397	0.01561	0.01053	0.00703	0.00640	0.00213	0.00951	0.00529	0.00351	0.01047
7	0.00947	0.00670	0.00876	0.00987	0.01043	0.00645	0.00668	0.01085	0.01389	0.01871	0.09120	0.49773	0.04418	0.14827	0.05291	0.00410	0.00558	0.04214	0.00629	0.00579
8	0.02456	0.01084	0.01429	0.01177	0.01601	0.00966	0.00940	0.02808	0.05000	0.45566	0.14598	0.09321	0.07439	0.01182	0.00778	0.00234	0.00536	0.01000	0.00842	0.01043
9	0.07231	0.04825	0.15926	0.05087	0.07489	0.09919	0.09757	0.15574	0.04185	0.07124	0.01647	0.05062	0.01298	0.00816	0.00710	0.00224	0.00925	0.00683	0.00491	0.01029
10	0.02067	0.21067	0.02924	0.09434	0.08340	0.16401	0.13202	0.05791	0.01790	0.06489	0.01479	0.05127	0.01246	0.00771	0.00677	0.00207	0.00969	0.00655	0.00417	0.00947
11	0.02255	0.01018	0.01343	0.01105	0.01503	0.00891	0.00884	0.02545	0.02023	0.40488	0.25020	0.03964	0.11405	0.01200	0.00787	0.00229	0.00500	0.01015	0.00841	0.00985

[dist]
# distance from previous block
# <min> <max>
18	42

[block]
# block no. 7 follows, 28 sequences, length 55
# corresponding to MSA columns:
# 270-324
name=unknown_H
#
# <colnr> <probs for GDERKNQSTAVLIFYWHMCP>
#	G	D	E	R	K	N	Q	S	T	A	V	L	I	F	Y	W	H	M	C	P
0	0.01569	0.02216	0.28335	0.01502	0.02063	0.04634	0.01554	0.08658	0.04650	0.04741	0.09723	0.07170	0.02295	0.13587	0.01240	0.00311	0.00806	0.00844	0.03211	0.00891
1	0.05236	0.08813	0.08399	0.10738	0.18556	0.01805	0.01646	0.12518	0.10682	0.04927	0.03779	0.02016	0.01466	0.01067	0.05021	0.00278	0.00868	0.00657	0.00490	0.01037
2	0.05277	0.12778	0.17973	0.02196	0.19374	0.01568	0.01662	0.02023	0.01532	0.06546	0.01959	0.16853	0.01887	0.01222	0.03782	0.00269	0.00824	0.00881	0.00447	0.00950
3	0.05222	0.01761	0.18658	0.01647	0.07766	0.01265	0.01428	0.08009	0.01699	0.07495	0.07392	0.10417	0.04518	0.08384	0.08650	0.00383	0.00870	0.03033	0.00524	0.00881
4	0.02221	0.01760	0.02007	0.01782	0.06998	0.10620	0.05287	0.10892	0.12797	0.16328	0.02323	0.02339	0.06162	0.00920	0.00864	0.00222	0.07056	0.00724	0.00603	0.08098
5	0.01903	0.14353	0.08310	0.01986	0.15237	0.01804	0.01466	0.18717	0.02080	0.02875	0.08762	0.01993	0.01720	0.00775	0.00657	0.00189	0.00735	0.00628	0.00501	0.15307
6	0.02005	0.31642	0.23155	0.01634	0.02306	0.12574	0.01705	0.02412	0.01609	0.07871	0.01272	0.01440	0.01007	0.00730	0.00716	0.00200	0.05883	0.00491	0.00371	0.00978
7	0.01846	0.04862	0.10834	0.01665	0.06295	0.01540	0.03411	0.16041	0.02026	0.09772	0.14186	0.05067	0.04672	0.06080	0.01118	0.00267	0.07920	0.00859	0.00587	0.00950
8	0.00919	0.00718	0.00834	0.00848	0.01030	0.00633	0.00620	0.01144	0.01735	0.02252	0.26918	0.19549	0.36583	0.01811	0.00872	0.00250	0.00370	0.01567	0.00716	0.00633
9	0.01000	0.00690	0.00852	0.00924	0.00956	0.00680	0.00593	0.01079	0.01223	0.01633	0.02999	0.30257	0.03492	0.40312	0.05717	0.00554	0.00657	0.05324	0.00538	0.00519
10	0.01720	0.01625	0.02753	0.13143	0.51384	0.01668	0.05141	0.04607	0.01683	0.02357	0.01538	0.06234	0.01352	0.00765	0.00740	0.00226	0.00865	0.00744	0.00389	0.01067
11	0.01616	0.01534	0.02519	0.03735	0.56476	0.01510	0.01904	0.01999	0.01655	0.02295	0.02537	0.02812	0.14505	0.00880	0.00747	0.00222	0.00767	0.00821	0.00421	0.01047
12	0.79588	0.01406	0.01068	0.00956	0.01406	0.01631	0.00787	0.02137	0.01237	0.03261	0.01012	0.01181	0.00787	0.00675	0.00450	0.00225	0.00562	0.00394	0.00450	0.00787
13	0.01790	0.01639	0.02160	0.01788	0.02262	0.01814	0.14047	0.03563	0.55562	0.02902	0.02668	0.02566	0.02001	0.00913	0.00763	0.00246	0.00702	0.00829	0.00667	0.01117
14	0.02763	0.02036	0.02182	0.01672	0.02254	0.02254	0.01382	0.67496	0.03418	0.04581	0.01745	0.01745	0.01236	0.00873	0.00727	0.00218	0.00800	0.00654	0.00727	0.01236
15	0.01678	0.01603	0.02731	0.23875	0.51454	0.01695	0.02171	0.02125	0.01598	0.02228	0.01346	0.01839	0.01100	0.00670	0.00722	0.00223	0.00894	0.00647	0.00349	0.01054
16	0.01373	0.01292	0.02180	0.72707	0.05006	0.01615	0.02019	0.01857	0.01453	0.01857	0.01292	0.01938	0.00969	0.00727	0.00727	0.00242	0.00969	0.00646	0.00323	0.00807
17	0.00859	0.00736	0.00736	0.00736	0.00982	0.00614	0.00552	0.01043	0.01657	0.01964	0.07364	0.06996	0.69624	0.01841	0.00859	0.00245	0.00368	0.01534	0.00675	0.00614
18	0.01263	0.00631	0.00947	0.00947	0.00947	0.00631	0.00631	0.00947	0.00947	0.01263	0.01263	0.02210	0.01263	0.02525	0.02841	0.78851	0.00631	0.00631	0.00316	0.00316
19	0.43197	0.01475	0.01778	0.01444	0.01940	0.01584	0.12298	0.02542	0.10167	0.11441	0.01698	0.01979	0.01300	0.00790	0.00617	0.00236	0.00689	0.03366	0.00539	0.00919
20	0.01458	0.03760	0.70688	0.02072	0.03146	0.01688	0.02686	0.02302	0.01535	0.02302	0.01304	0.01535	0.00921	0.00691	0.00691	0.00230	0.01074	0.00537	0.00307	0.01074
21	0.00886	0.00633	0.00843	0.01012	0.01054	0.00590	0.00675	0.01012	0.01392	0.01856	0.04006	0.73979	0.04808	0.02277	0.00928	0.00295	0.00422	0.02066	0.00675	0.00590
22	0.01086	0.00849	0.01260	0.01233	0.01351	0.01023	0.00968	0.01337	0.01163	0.01693	0.01861	0.02746	0.01742	0.05088	0.65560	0.01094	0.08133	0.00766	0.00383	0.00662
23	0.01799	0.01727	0.02950	0.04462	0.69919	0.01727	0.02231	0.02231	0.01655	0.02375	0.01367	0.01799	0.01151	0.00648	0.00720	0.00216	0.00864	0.00648	0.00360	0.01151
24	0.01029	0.00743	0.00972	0.00914	0.01086	0.00686	0.00686	0.01372	0.02058	0.02915	0.69536	0.05430	0.06859	0.01486	0.00857	0.00229	0.00343	0.01315	0.00800	0.00686
25	0.00869	0.00737	0.00751	0.00747	0.00988	0.00618	0.00560	0.01063	0.01681	0.02022	0.11164	0.06900	0.65788	0.01819	0.00859	0.00244	0.00367	0.01521	0.00683	0.00618
26	0.01943	0.74891	0.03809	0.01244	0.01866	0.02876	0.01244	0.02177	0.01477	0.01710	0.01011	0.01166	0.00933	0.00622	0.00466	0.00155	0.00777	0.00389	0.00311	0.00933
27	0.02434	0.01663	0.01786	0.01408	0.01887	0.01810	0.01151	0.48342	0.02888	0.06973	0.01950	0.02017	0.01417	0.00867	0.00673	0.00206	0.00677	0.00664	0.20090	0.01097
28	0.02807	0.01967	0.02139	0.01640	0.02220	0.02151	0.01354	0.61938	0.03301	0.10303	0.01843	0.01809	0.01285	0.00875	0.00727	0.00219	0.00784	0.00661	0.00742	0.01236
29	0.01943	0.74891	0.03809	0.01244	0.01866	0.02876	0.01244	0.02177	0.01477	0.01710	0.01011	0.01166	0.00933	0.00622	0.00466	0.00155	0.00777	0.00389	0.00311	0.00933
30	0.00945	0.00740	0.00856	0.00827	0.01035	0.00650	0.00620	0.01210	0.01861	0.02447	0.38960	0.06200	0.37726	0.01661	0.00858	0.00237	0.00355	0.01423	0.00739	0.00650
31	0.00884	0.00721	0.00781	0.00800	0.01006	0.00619	0.00587	0.01079	0.01666	0.02063	0.14431	0.16952	0.52157	0.01864	0.00869	0.00251	0.00373	0.01588	0.00690	0.00619
32	0.00986	0.00714	0.00862	0.00868	0.01033	0.00648	0.00634	0.01246	0.01780	0.02450	0.35183	0.18958	0.21911	0.01675	0.00841	0.00241	0.00364	0.01461	0.07496	0.00648
33	0.01644	0.02248	0.16884	0.02672	0.03347	0.01876	0.43409	0.02224	0.01577	0.02224	0.01350	0.01814	0.01042	0.00741	0.01087	0.00255	0.13535	0.00757	0.00347	0.00967
34	0.01029	0.00743	0.00972	0.00914	0.01086	0.00686	0.00686	0.01372	0.02058	0.02915	0.69536	0.05430	0.06859	0.01486	0.00857	0.00229	0.00343	0.01315	0.00800	0.00686
35	0.00905	0.00685	0.00836	0.00911	0.01038	0.00616	0.00640	0.01090	0.01598	0.02089	0.17448	0.40810	0.24711	0.01996	0.00894	0.00268	0.00391	0.01764	0.00699	0.00616
36	0.01943	0.74891	0.03809	0.01244	0.01866	0.02876	0.01244	0.02177	0.01477	0.01710	0.01011	0.01166	0.00933	0.00622	0.00466	0.00155	0.00777	0.00389	0.00311	0.00933
37	0.03026	0.01349	0.01717	0.01327	0.01873	0.01252	0.01093	0.14770	0.02293	0.54522	0.02943	0.02621	0.05844	0.00952	0.00738	0.00225	0.00636	0.00766	0.00855	0.01199
38	0.01373	0.01292	0.02180	0.72707	0.05006	0.01615	0.02019	0.01857	0.01453	0.01857	0.01292	0.01938	0.00969	0.00727	0.00727	0.00242	0.00969	0.00646	0.00323	0.00807
39	0.02041	0.65817	0.03587	0.01324	0.01914	0.11599	0.01264	0.02269	0.01551	0.01719	0.01025	0.01184	0.00933	0.00638	0.00490	0.00160	0.00845	0.00399	0.00319	0.00921
40	0.01507	0.01292	0.01507	0.01077	0.01723	0.00969	0.00861	0.01830	0.01507	0.02369	0.01292	0.01507	0.01077	0.00538	0.00538	0.00108	0.00538	0.00431	0.00431	0.78898
41	0.01157	0.04421	0.10275	0.01303	0.01644	0.00996	0.03937	0.01511	0.01641	0.02129	0.06766	0.10577	0.21273	0.01671	0.00884	0.00279	0.00640	0.27570	0.00601	0.00727
42	0.79588	0.01406	0.01068	0.00956	0.01406	0.01631	0.00787	0.02137	0.01237	0.03261	0.01012	0.01181	0.00787	0.00675	0.00450	0.00225	0.00562	0.00394	0.00450	0.00787
43	0.01808	0.01561	0.01644	0.01479	0.01890	0.01808	0.01151	0.03863	0.68606	0.03041	0.02959	0.02712	0.02219	0.00986	0.00740	0.00247	0.00575	0.00822	0.00740	0.01151
44	0.01373	0.01292	0.02180	0.72707	0.05006	0.01615	0.02019	0.01857	0.01453	0.01857	0.01292	0.01938	0.00969	0.00727	0.00727	0.00242	0.00969	0.00646	0.00323	0.00807
45	0.01355	0.00678	0.00678	0.00678	0.00847	0.00678	0.00508	0.01694	0.01524	0.02710	0.02371	0.02710	0.01863	0.00847	0.00508	0.00169	0.00339	0.00678	0.78489	0.00678
46	0.01379	0.01231	0.01872	0.17142	0.18776	0.01389	0.01475	0.01754	0.04571	0.01981	0.02179	0.11955	0.04788	0.09314	0.05627	0.00362	0.10018	0.02931	0.00439	0.00816
47	0.01490	0.01339	0.02134	0.42904	0.08314	0.01602	0.03995	0.07501	0.01577	0.02110	0.01434	0.02049	0.01154	0.01574	0.12991	0.00402	0.05534	0.00676	0.00373	0.00846
48	0.00918	0.00668	0.00855	0.00954	0.01041	0.00616	0.00654	0.01087	0.01535	0.02054	0.17053	0.50457	0.12061	0.05198	0.01027	0.00295	0.00413	0.01819	0.00689	0.00605
49	0.01458	0.03760	0.70688	0.02072	0.03146	0.01688	0.02686	0.02302	0.01535	0.02302	0.01304	0.01535	0.00921	0.00691	0.00691	0.00230	0.01074	0.00537	0.00307	0.01074
50	0.01924	0.02644	0.24726	0.02888	0.27333	0.12274	0.04872	0.04969	0.04092	0.05309	0.01449	0.01705	0.01110	0.00707	0.00708	0.00219	0.00992	0.00603	0.00396	0.01079
51	0.01438	0.01349	0.01463	0.04433	0.01660	0.12391	0.01080	0.03929	0.01387	0.01793	0.01711	0.02569	0.01605	0.09916	0.41909	0.00813	0.08727	0.00729	0.00393	0.00704
52	0.00892	0.00688	0.00819	0.00918	0.01052	0.00615	0.00655	0.01056	0.01519	0.01920	0.05392	0.42050	0.31714	0.02079	0.00904	0.00277	0.00415	0.05754	0.00675	0.00605
53	0.01779	0.01719	0.05467	0.24934	0.38432	0.01759	0.02075	0.10572	0.01817	0.02499	0.01390	0.01824	0.01097	0.00703	0.00722	0.00225	0.00897	0.00643	0.00394	0.01054
54	0.01903	0.04407	0.09033	0.09991	0.42184	0.04787	0.02033	0.06559	0.04331	0.05645	0.01488	0.01808	0.01173	0.00702	0.00708	0.00218	0.00883	0.00632	0.00414	0.01101

[dist]
# distance from previous block
# <min> <max>
0	1

[block]
# block no. 8 follows, 28 sequences, length 41
# corresponding to MSA columns:
# 326-366
name=unknown_I
#
# <colnr> <probs for GDERKNQSTAVLIFYWHMCP>
#	G	D	E	R	K	N	Q	S	T	A	V	L	I	F	Y	W	H	M	C	P
0	0.01554	0.01389	0.02270	0.22472	0.34590	0.01517	0.01816	0.01963	0.01520	0.02193	0.01504	0.02030	0.01237	0.01106	0.06428	0.00298	0.04070	0.00661	0.10442	0.00939
1	0.01967	0.01665	0.02588	0.02193	0.11040	0.01577	0.19420	0.12874	0.06554	0.08299	0.01667	0.01869	0.01256	0.00687	0.00709	0.00196	0.00820	0.00663	0.00512	0.23445
2	0.07081	0.02029	0.02266	0.01818	0.02223	0.13294	0.09834	0.26283	0.02217	0.02993	0.01447	0.01783	0.01161	0.03602	0.01152	0.00253	0.15515	0.00646	0.03433	0.00972
3	0.01799	0.01727	0.02950	0.04462	0.69919	0.01727	0.02231	0.02231	0.01655	0.02375	0.01367	0.01799	0.01151	0.00648	0.00720	0.00216	0.00864	0.00648	0.00360	0.01151
4	0.01506	0.01233	0.01732	0.01525	0.01629	0.01574	0.01242	0.01728	0.01351	0.07526	0.11920	0.02562	0.02143	0.02292	0.18849	0.00504	0.38664	0.00783	0.00457	0.00779
5	0.00933	0.00707	0.00872	0.00985	0.01119	0.00647	0.00732	0.01120	0.01536	0.01955	0.05094	0.38676	0.26288	0.02079	0.00920	0.00286	0.00453	0.14311	0.00674	0.00614
6	0.00918	0.00722	0.00829	0.00838	0.01027	0.00633	0.00615	0.01143	0.01742	0.02249	0.26639	0.17355	0.39109	0.01799	0.00870	0.00248	0.00369	0.01550	0.00715	0.00633
7	0.00920	0.00654	0.00847	0.00976	0.01021	0.00625	0.00644	0.01034	0.01335	0.01779	0.03733	0.57393	0.06276	0.14113	0.04693	0.00401	0.00538	0.01826	0.00623	0.00570
8	0.00947	0.00705	0.00881	0.00910	0.01054	0.00640	0.00655	0.01186	0.01757	0.02372	0.35269	0.28231	0.19086	0.01818	0.00881	0.00254	0.00374	0.01606	0.00733	0.00640
9	0.00925	0.00682	0.00873	0.00999	0.01100	0.00630	0.00716	0.01099	0.01510	0.01974	0.08293	0.50326	0.16082	0.02123	0.00921	0.00288	0.00439	0.09730	0.00681	0.00610
10	0.02715	0.03464	0.02060	0.01873	0.02247	0.71536	0.01404	0.02903	0.02060	0.01779	0.01124	0.01311	0.00936	0.00749	0.00655	0.00187	0.01311	0.00468	0.00375	0.00843
11	0.01799	0.01727	0.02950	0.04462	0.69919	0.01727	0.02231	0.02231	0.01655	0.02375	0.01367	0.01799	0.01151	0.00648	0.00720	0.00216	0.00864	0.00648	0.00360	0.01151
12	0.01117	0.00719	0.00829	0.00802	0.00984	0.00671	0.00601	0.01432	0.01804	0.02687	0.35628	0.04722	0.15319	0.01318	0.00734	0.00210	0.00346	0.01125	0.28282	0.00671
13	0.01943	0.74891	0.03809	0.01244	0.01866	0.02876	0.01244	0.02177	0.01477	0.01710	0.01011	0.01166	0.00933	0.00622	0.00466	0.00155	0.00777	0.00389	0.00311	0.00933
14	0.00886	0.00633	0.00843	0.01012	0.01054	0.00590	0.00675	0.01012	0.01392	0.01856	0.04006	0.73979	0.04808	0.02277	0.00928	0.00295	0.00422	0.02066	0.00675	0.00590
15	0.00949	0.00740	0.00861	0.00831	0.01037	0.00652	0.00623	0.01218	0.01870	0.02469	0.40422	0.06163	0.36251	0.01652	0.00858	0.00237	0.00355	0.01417	0.00742	0.00652
16	0.01507	0.01292	0.01507	0.01077	0.01723	0.00969	0.00861	0.01830	0.01507	0.02369	0.01292	0.01507	0.01077	0.00538	0.00538	0.00108	0.00538	0.00431	0.00431	0.78898
17	0.02096	0.01782	0.02044	0.02117	0.16192	0.06615	0.01406	0.16372	0.25992	0.06002	0.02055	0.02077	0.01556	0.00821	0.00704	0.00213	0.00731	0.00678	0.00604	0.09943
18	0.01620	0.01038	0.01534	0.06167	0.01713	0.01080	0.06396	0.10383	0.03824	0.04992	0.01479	0.02137	0.01283	0.01892	0.02076	0.49978	0.00724	0.00665	0.00417	0.00600
19	0.01029	0.00743	0.00972	0.00914	0.01086	0.00686	0.00686	0.01372	0.02058	0.02915	0.69536	0.05430	0.06859	0.01486	0.00857	0.00229	0.00343	0.01315	0.00800	0.00686
20	0.02514	0.01275	0.01564	0.01288	0.01760	0.01243	0.01034	0.03340	0.22687	0.40886	0.06230	0.03051	0.07730	0.01030	0.00750	0.00233	0.00572	0.00851	0.00827	0.01134
21	0.02346	0.01903	0.11406	0.12916	0.08189	0.01682	0.07125	0.20739	0.02220	0.21350	0.01868	0.01967	0.01288	0.00794	0.00734	0.00227	0.00854	0.00675	0.00597	0.01121
22	0.01976	0.01471	0.02163	0.13911	0.27465	0.04067	0.01634	0.02321	0.01701	0.18222	0.02437	0.02611	0.09991	0.00919	0.00853	0.00232	0.05723	0.00773	0.00519	0.01012
23	0.01263	0.00631	0.00947	0.00947	0.00947	0.00631	0.00631	0.00947	0.00947	0.01263	0.01263	0.02210	0.01263	0.02525	0.02841	0.78851	0.00631	0.00631	0.00316	0.00316
24	0.00942	0.00761	0.00842	0.00843	0.01054	0.00679	0.00624	0.01236	0.04640	0.02210	0.20675	0.14771	0.44580	0.01778	0.00862	0.00248	0.00378	0.01520	0.00706	0.00650
25	0.08822	0.01690	0.02483	0.17094	0.40561	0.04208	0.01919	0.07113	0.04701	0.02526	0.01411	0.01790	0.01129	0.00701	0.00696	0.00222	0.00855	0.00626	0.00406	0.01047
26	0.01226	0.01113	0.01588	0.10424	0.01905	0.01284	0.05573	0.01430	0.01349	0.01796	0.03226	0.06988	0.20563	0.16659	0.01856	0.00363	0.20466	0.01053	0.00462	0.00676
27	0.00952	0.00681	0.00917	0.01016	0.01073	0.00689	0.00696	0.01092	0.01281	0.01740	0.03206	0.44720	0.03699	0.14842	0.19237	0.00583	0.00853	0.01576	0.00564	0.00581
28	0.15229	0.02233	0.01949	0.01586	0.02096	0.18436	0.01276	0.38665	0.02681	0.06799	0.01533	0.01586	0.01119	0.00813	0.00665	0.00212	0.00873	0.00572	0.00607	0.01071
29	0.01954	0.01599	0.02412	0.22602	0.30299	0.01721	0.01855	0.15830	0.02012	0.07454	0.04090	0.02010	0.01378	0.00766	0.00729	0.00225	0.00843	0.00679	0.00480	0.01061
30	0.01468	0.07744	0.41695	0.01844	0.05677	0.01627	0.02015	0.02321	0.11151	0.02304	0.02273	0.02398	0.09336	0.01068	0.03755	0.00269	0.00926	0.00702	0.00419	0.01006
31	0.01141	0.00874	0.01250	0.16009	0.01976	0.00945	0.01031	0.01412	0.01438	0.04016	0.06889	0.11751	0.13827	0.08052	0.21181	0.00552	0.01001	0.05465	0.00516	0.00676
32	0.01535	0.01317	0.01520	0.01114	0.01738	0.01047	0.00888	0.02019	0.07722	0.02431	0.01446	0.01619	0.01182	0.00580	0.00557	0.00121	0.00542	0.00467	0.00459	0.71696
33	0.01808	0.01561	0.01644	0.01479	0.01890	0.01808	0.01151	0.03863	0.68606	0.03041	0.02959	0.02712	0.02219	0.00986	0.00740	0.00247	0.00575	0.00822	0.00740	0.01151
34	0.00930	0.00719	0.00848	0.00859	0.01036	0.00637	0.00628	0.01164	0.01760	0.02310	0.30712	0.19524	0.32681	0.01789	0.00872	0.00249	0.00369	0.01554	0.00723	0.00637
35	0.02875	0.01203	0.01606	0.01246	0.01784	0.01023	0.01015	0.03151	0.01960	0.57045	0.02745	0.07245	0.01913	0.00948	0.00720	0.00215	0.00595	0.00784	0.00824	0.11103
36	0.01062	0.00726	0.00883	0.00894	0.00928	0.00749	0.00571	0.01129	0.01118	0.01509	0.02338	0.04667	0.02607	0.57682	0.15135	0.00759	0.00915	0.05388	0.00447	0.00492
37	0.01623	0.01668	0.02658	0.02229	0.04789	0.02132	0.14493	0.01881	0.01251	0.01886	0.01071	0.01671	0.00991	0.01120	0.02025	0.00300	0.56360	0.00680	0.00329	0.00845
38	0.03135	0.01439	0.01812	0.01389	0.01956	0.01368	0.01148	0.19708	0.02419	0.53779	0.02584	0.02290	0.01657	0.00893	0.00730	0.00223	0.00664	0.00712	0.00856	0.01237
39	0.02502	0.06953	0.02394	0.02016	0.10838	0.02228	0.01495	0.50115	0.02899	0.03906	0.01592	0.01702	0.01185	0.00855	0.00824	0.00221	0.05846	0.00634	0.00623	0.01174
40	0.01131	0.01143	0.06109	0.01608	0.14677	0.00927	0.01066	0.01453	0.01757	0.02327	0.22722	0.05169	0.34294	0.01430	0.00820	0.00234	0.00508	0.01231	0.00622	0.00771

[dist]
# distance from previous block
# <min> <max>
0	1

[block]
# block no. 9 follows, 28 sequences, length 22
# corresponding to MSA columns:
# 368-389
name=unknown_J
#
# <colnr> <probs for GDERKNQSTAVLIFYWHMCP>
#	G	D	E	R	K	N	Q	S	T	A	V	L	I	F	Y	W	H	M	C	P
0	0.02056	0.02350	0.09747	0.02442	0.20105	0.19008	0.01684	0.07336	0.22689	0.02576	0.01821	0.01930	0.01411	0.00798	0.00707	0.00220	0.00903	0.00646	0.00501	0.01072
