[name]
unknown

[dist]
# distance from previous block
# <min> <max>
0	37

[block]
# block no. 0 follows, 28 sequences, length 142
# corresponding to MSA columns:
# 37-178
name=unknown_A
#
# <colnr> <probs for GDERKNQSTAVLIFYWHMCP>
#	G	D	E	R	K	N	Q	S	T	A	V	L	I	F	Y	W	H	M	C	P
0	0.00954	0.00674	0.00883	0.01025	0.01078	0.00644	0.00710	0.01091	0.01379	0.01831	0.03710	0.53393	0.04372	0.13735	0.01380	0.00366	0.00503	0.11055	0.00637	0.00578
1	0.01263	0.00631	0.00947	0.00947	0.00947	0.00631	0.00631	0.00947	0.00947	0.01263	0.01263	0.02210	0.01263	0.02525	0.02841	0.78851	0.00631	0.00631	0.00316	0.00316
2	0.02029	0.66969	0.03615	0.01314	0.01908	0.10492	0.01262	0.02257	0.01542	0.01718	0.01023	0.01182	0.00933	0.00636	0.00487	0.00159	0.00837	0.00397	0.00318	0.00923
3	0.01038	0.00779	0.01168	0.01168	0.01298	0.00909	0.00909	0.01298	0.01168	0.01687	0.01947	0.02856	0.01817	0.05452	0.71573	0.01168	0.01947	0.00779	0.00389	0.00649
4	0.01289	0.01162	0.01857	0.39995	0.08648	0.01379	0.01616	0.01643	0.01432	0.01899	0.02073	0.21043	0.02105	0.01220	0.00930	0.00264	0.06932	0.03313	0.00430	0.00771
5	0.01473	0.01582	0.01281	0.06745	0.01693	0.21852	0.00949	0.01691	0.01769	0.01983	0.10865	0.12921	0.29561	0.01446	0.00796	0.00232	0.00700	0.01190	0.00570	0.00702
6	0.62625	0.01545	0.01314	0.01114	0.01593	0.01768	0.00918	0.16569	0.01719	0.03553	0.01174	0.01305	0.00886	0.00718	0.00511	0.00223	0.00615	0.00451	0.00511	0.00886
7	0.02130	0.01510	0.01638	0.01348	0.01792	0.01622	0.01083	0.30425	0.16930	0.09227	0.05724	0.03037	0.12159	0.01069	0.00738	0.00226	0.00616	0.00859	0.06809	0.01057
8	0.00884	0.00641	0.00835	0.00991	0.01049	0.00592	0.00665	0.01015	0.01412	0.01864	0.04268	0.68751	0.09867	0.02243	0.00922	0.00291	0.00418	0.02025	0.00675	0.00592
9	0.00950	0.00712	0.00860	0.00878	0.01025	0.00645	0.00625	0.01168	0.01703	0.02270	0.30928	0.22080	0.23526	0.07967	0.01116	0.00290	0.00399	0.01532	0.00705	0.00622
10	0.01862	0.49858	0.17577	0.01508	0.02161	0.06826	0.01583	0.02214	0.01497	0.01841	0.01075	0.01285	0.00932	0.00695	0.00675	0.00186	0.06520	0.00444	0.00315	0.00946
11	0.01528	0.01363	0.02075	0.09784	0.32029	0.01418	0.01577	0.02197	0.12420	0.02590	0.21948	0.03042	0.03006	0.00960	0.00765	0.00227	0.00673	0.00874	0.00548	0.00978
12	0.01056	0.00707	0.00807	0.00807	0.00812	0.00712	0.00458	0.01066	0.01061	0.01420	0.02278	0.04686	0.02612	0.71892	0.06220	0.00722	0.00751	0.01047	0.00439	0.00448
13	0.01634	0.03339	0.55501	0.02316	0.11036	0.01751	0.02496	0.09040	0.01744	0.02547	0.01358	0.01588	0.00981	0.00704	0.00698	0.00227	0.01021	0.00562	0.00357	0.01100
14	0.08102	0.11773	0.49034	0.01777	0.02640	0.01740	0.02154	0.02162	0.01462	0.02244	0.01316	0.01607	0.01010	0.01209	0.08505	0.00325	0.01092	0.00534	0.00329	0.00986
15	0.01590	0.01590	0.02226	0.01908	0.01908	0.02226	0.01590	0.01749	0.01113	0.01749	0.00954	0.01590	0.00954	0.01272	0.02385	0.00318	0.73123	0.00636	0.00318	0.00795
16	0.01482	0.12028	0.57251	0.01882	0.02832	0.01752	0.02357	0.02214	0.01569	0.02279	0.06595	0.01795	0.01386	0.00744	0.00677	0.00221	0.00982	0.00580	0.00346	0.01027
17	0.79588	0.01406	0.01068	0.00956	0.01406	0.01631	0.00787	0.02137	0.01237	0.03261	0.01012	0.01181	0.00787	0.00675	0.00450	0.00225	0.00562	0.00394	0.00450	0.00787
18	0.01507	0.01292	0.01507	0.01077	0.01723	0.00969	0.00861	0.01830	0.01507	0.02369	0.01292	0.01507	0.01077	0.00538	0.00538	0.00108	0.00538	0.00431	0.00431	0.78898
19	0.01029	0.00743	0.00972	0.00914	0.01086	0.00686	0.00686	0.01372	0.02058	0.02915	0.69536	0.05430	0.06859	0.01486	0.00857	0.00229	0.00343	0.01315	0.00800	0.00686
20	0.01373	0.01292	0.02180	0.72707	0.05006	0.01615	0.02019	0.01857	0.01453	0.01857	0.01292	0.01938	0.00969	0.00727	0.00727	0.00242	0.00969	0.00646	0.00323	0.00807
21	0.67568	0.01409	0.01184	0.01023	0.01491	0.01586	0.00843	0.04733	0.01419	0.11377	0.01262	0.01357	0.00925	0.00709	0.00494	0.00225	0.00578	0.00444	0.00514	0.00858
22	0.00906	0.00730	0.00807	0.00805	0.01015	0.00631	0.00597	0.01128	0.01742	0.02207	0.23549	0.11810	0.47961	0.01781	0.00864	0.00245	0.00366	0.01518	0.00708	0.00631
23	0.01860	0.61723	0.06174	0.01294	0.01857	0.02642	0.01283	0.02118	0.01454	0.01799	0.01102	0.01310	0.00992	0.00689	0.00628	0.00172	0.06409	0.00432	0.05150	0.00912
24	0.01057	0.00705	0.00793	0.00793	0.00793	0.00705	0.00440	0.01057	0.01057	0.01409	0.02290	0.04757	0.02643	0.74454	0.03700	0.00705	0.00705	0.01057	0.00440	0.00440
25	0.01590	0.01590	0.02226	0.01908	0.01908	0.02226	0.01590	0.01749	0.01113	0.01749	0.00954	0.01590	0.00954	0.01272	0.02385	0.00318	0.73123	0.00636	0.00318	0.00795
26	0.08480	0.01782	0.12715	0.01494	0.02053	0.01449	0.05752	0.18333	0.02067	0.09077	0.07382	0.10241	0.04879	0.01016	0.00723	0.00221	0.00710	0.00853	0.00590	0.10184
27	0.01957	0.01938	0.11689	0.01491	0.01965	0.07029	0.01322	0.30115	0.02455	0.03279	0.15054	0.10528	0.02710	0.04063	0.00883	0.00248	0.00745	0.00924	0.00635	0.00972
28	0.01716	0.01961	0.04289	0.03064	0.03799	0.01838	0.67279	0.02328	0.01716	0.02328	0.01471	0.01961	0.01103	0.00613	0.00858	0.00245	0.01225	0.00858	0.00368	0.00980
29	0.01507	0.01292	0.01507	0.01077	0.01723	0.00969	0.00861	0.01830	0.01507	0.02369	0.01292	0.01507	0.01077	0.00538	0.00538	0.00108	0.00538	0.00431	0.00431	0.78898
30	0.00878	0.00661	0.00814	0.00935	0.01034	0.00597	0.00641	0.01021	0.01465	0.01886	0.04940	0.55349	0.22836	0.02156	0.00909	0.00281	0.00407	0.01918	0.00675	0.00597
31	0.01057	0.00705	0.00793	0.00793	0.00793	0.00705	0.00440	0.01057	0.01057	0.01409	0.02290	0.04757	0.02643	0.74454	0.03700	0.00705	0.00705	0.01057	0.00440	0.00440
32	0.01333	0.00800	0.01038	0.00943	0.01163	0.00733	0.00720	0.01668	0.02019	0.11331	0.55966	0.04848	0.05837	0.01363	0.00814	0.00224	0.00377	0.01192	0.06877	0.00754
33	0.02689	0.01999	0.02140	0.01658	0.02226	0.02220	0.01364	0.62565	0.08469	0.04462	0.01839	0.01820	0.01312	0.00881	0.00728	0.00220	0.00782	0.00667	0.00728	0.01230
34	0.73630	0.01393	0.01117	0.00982	0.01441	0.01587	0.00809	0.02246	0.01303	0.08504	0.01157	0.01282	0.00866	0.00692	0.00472	0.00225	0.00567	0.00420	0.00485	0.00822
35	0.64933	0.01373	0.01187	0.01021	0.01492	0.01523	0.00841	0.02407	0.01399	0.16157	0.01368	0.01429	0.00982	0.00718	0.00504	0.00225	0.00573	0.00458	0.00536	0.00874
36	0.01943	0.74891	0.03809	0.01244	0.01866	0.02876	0.01244	0.02177	0.01477	0.01710	0.01011	0.01166	0.00933	0.00622	0.00466	0.00155	0.00777	0.00389	0.00311	0.00933
37	0.01943	0.74891	0.03809	0.01244	0.01866	0.02876	0.01244	0.02177	0.01477	0.01710	0.01011	0.01166	0.00933	0.00622	0.00466	0.00155	0.00777	0.00389	0.00311	0.00933
38	0.01279	0.01048	0.01402	0.06806	0.01721	0.01248	0.01062	0.01922	0.16068	0.01981	0.02071	0.02815	0.01843	0.09631	0.39280	0.00787	0.07019	0.00791	0.00460	0.00766
39	0.01587	0.07209	0.02212	0.13372	0.14056	0.06819	0.08019	0.02114	0.08924	0.02168	0.02064	0.15774	0.01952	0.01050	0.00795	0.00235	0.03334	0.00928	0.06507	0.00882
40	0.00959	0.00740	0.00875	0.00841	0.01043	0.00656	0.00631	0.01236	0.01892	0.02522	0.43884	0.06076	0.32755	0.01632	0.00858	0.00236	0.00353	0.01405	0.00749	0.00656
41	0.01424	0.01314	0.02068	0.08381	0.38448	0.01300	0.01586	0.01783	0.01685	0.02282	0.10555	0.03628	0.20414	0.01072	0.00773	0.00227	0.00679	0.00963	0.00492	0.00927
42	0.01002	0.00722	0.00948	0.00933	0.01080	0.00668	0.00684	0.01304	0.01933	0.02716	0.57253	0.18279	0.06474	0.01634	0.00871	0.00241	0.00358	0.01456	0.00777	0.00668
43	0.01263	0.00631	0.00947	0.00947	0.00947	0.00631	0.00631	0.00947	0.00947	0.01263	0.01263	0.02210	0.01263	0.02525	0.02841	0.78851	0.00631	0.00631	0.00316	0.00316
44	0.02448	0.24450	0.02609	0.01652	0.02121	0.36366	0.01360	0.13742	0.02081	0.02239	0.01190	0.01354	0.00988	0.00753	0.00681	0.00188	0.03944	0.00483	0.00414	0.00935
45	0.00991	0.00721	0.00929	0.00971	0.01059	0.00738	0.00680	0.01137	0.01263	0.01692	0.03265	0.19595	0.11654	0.24765	0.24513	0.00693	0.00998	0.03250	0.00513	0.00570
46	0.01784	0.01545	0.02126	0.10791	0.18226	0.01781	0.01577	0.07623	0.20075	0.04894	0.06330	0.02286	0.01793	0.00952	0.01056	0.00248	0.14624	0.00741	0.00528	0.01020
47	0.01489	0.04050	0.11151	0.01930	0.02438	0.01508	0.22466	0.02349	0.18316	0.02356	0.02490	0.21478	0.02352	0.01165	0.00813	0.00254	0.00813	0.01119	0.00534	0.00928
48	0.01519	0.01447	0.02417	0.46507	0.24428	0.01697	0.02050	0.01962	0.01488	0.02006	0.01288	0.01869	0.01023	0.00745	0.00854	0.00240	0.06569	0.00646	0.00334	0.00911
49	0.01737	0.01715	0.03080	0.12056	0.51705	0.01732	0.12806	0.02204	0.01642	0.02308	0.01375	0.01841	0.01123	0.00651	0.00743	0.00224	0.00935	0.00682	0.00357	0.01084
50	0.01437	0.00987	0.01378	0.01811	0.19311	0.00987	0.01095	0.01800	0.01588	0.02516	0.02394	0.03543	0.02129	0.01021	0.00661	0.00214	0.00543	0.13270	0.42513	0.00802
51	0.00984	0.00790	0.01149	0.01133	0.01297	0.00725	0.06328	0.01204	0.01581	0.02090	0.14368	0.42258	0.16929	0.01923	0.00901	0.00273	0.00478	0.04275	0.00668	0.00646
52	0.01055	0.00712	0.00831	0.00831	0.00844	0.00725	0.00487	0.01081	0.01068	0.01437	0.02256	0.04566	0.02560	0.67522	0.10518	0.00751	0.00830	0.01029	0.00435	0.00461
53	0.02288	0.01858	0.01830	0.01726	0.07197	0.15004	0.01253	0.08287	0.28011	0.16052	0.06887	0.02435	0.02046	0.00923	0.00727	0.00225	0.00749	0.00743	0.00675	0.01084
54	0.00929	0.00654	0.00847	0.00984	0.01023	0.00622	0.00651	0.01040	0.01340	0.01785	0.03678	0.58372	0.04377	0.15796	0.01450	0.00374	0.00485	0.04397	0.00631	0.00565
55	0.01618	0.01407	0.06790	0.01426	0.04070	0.01303	0.01127	0.16439	0.12605	0.05159	0.09686	0.26751	0.05687	0.01439	0.00812	0.00252	0.00593	0.01248	0.00677	0.00912
56	0.79588	0.01406	0.01068	0.00956	0.01406	0.01631	0.00787	0.02137	0.01237	0.03261	0.01012	0.01181	0.00787	0.00675	0.00450	0.00225	0.00562	0.00394	0.00450	0.00787
57	0.01590	0.01590	0.02226	0.01908	0.01908	0.02226	0.01590	0.01749	0.01113	0.01749	0.00954	0.01590	0.00954	0.01272	0.02385	0.00318	0.73123	0.00636	0.00318	0.00795
58	0.01033	0.00818	0.00959	0.01089	0.01175	0.03523	0.00753	0.01305	0.06192	0.01946	0.03812	0.64047	0.04451	0.02117	0.00906	0.00289	0.00476	0.03802	0.00667	0.00643
59	0.01943	0.74891	0.03809	0.01244	0.01866	0.02876	0.01244	0.02177	0.01477	0.01710	0.01011	0.01166	0.00933	0.00622	0.00466	0.00155	0.00777	0.00389	0.00311	0.00933
60	0.01038	0.00779	0.01168	0.01168	0.01298	0.00909	0.00909	0.01298	0.01168	0.01687	0.01947	0.02856	0.01817	0.05452	0.71573	0.01168	0.01947	0.00779	0.00389	0.00649
61	0.00918	0.00730	0.00824	0.00820	0.01023	0.00636	0.00608	0.01150	0.01768	0.02272	0.27856	0.12299	0.43004	0.01760	0.00864	0.00244	0.00364	0.01507	0.00717	0.00636
62	0.01373	0.01292	0.02180	0.72707	0.05006	0.01615	0.02019	0.01857	0.01453	0.01857	0.01292	0.01938	0.00969	0.00727	0.00727	0.00242	0.00969	0.00646	0.00323	0.00807
63	0.01921	0.01551	0.01765	0.01733	0.08011	0.01743	0.01241	0.03691	0.57387	0.08241	0.02808	0.02611	0.02090	0.00949	0.00737	0.00242	0.00605	0.00799	0.00718	0.01157
64	0.01107	0.00825	0.01039	0.00971	0.01167	0.00799	0.00733	0.01622	0.08743	0.02928	0.62847	0.05157	0.06393	0.01436	0.00846	0.00230	0.00366	0.01265	0.00794	0.00733
65	0.01534	0.02143	0.19340	0.02459	0.05733	0.01586	0.36810	0.02080	0.01547	0.02152	0.01581	0.02377	0.01350	0.14474	0.01345	0.00327	0.01077	0.00811	0.00367	0.00908
66	0.01057	0.00705	0.00793	0.00793	0.00793	0.00705	0.00440	0.01057	0.01057	0.01409	0.02290	0.04757	0.02643	0.74454	0.03700	0.00705	0.00705	0.01057	0.00440	0.00440
67	0.01590	0.01590	0.02226	0.01908	0.01908	0.02226	0.01590	0.01749	0.01113	0.01749	0.00954	0.01590	0.00954	0.01272	0.02385	0.00318	0.73123	0.00636	0.00318	0.00795
68	0.01526	0.08821	0.04923	0.01907	0.12589	0.01638	0.01367	0.02061	0.11153	0.02136	0.01910	0.12827	0.01832	0.01439	0.06591	0.00311	0.16122	0.00842	0.00457	0.09549
69	0.01723	0.02567	0.26748	0.04880	0.07674	0.13613	0.01788	0.06742	0.07859	0.02452	0.08838	0.02520	0.07655	0.00918	0.00727	0.00224	0.00896	0.00737	0.00472	0.00968
70	0.01183	0.00945	0.01249	0.01219	0.01379	0.03920	0.00950	0.04217	0.01302	0.01816	0.01904	0.02743	0.01755	0.05058	0.65556	0.01086	0.01871	0.00760	0.00403	0.00682
71	0.01507	0.01292	0.01507	0.01077	0.01723	0.00969	0.00861	0.01830	0.01507	0.02369	0.01292	0.01507	0.01077	0.00538	0.00538	0.00108	0.00538	0.00431	0.00431	0.78898
72	0.01263	0.00631	0.00947	0.00947	0.00947	0.00631	0.00631	0.00947	0.00947	0.01263	0.01263	0.02210	0.01263	0.02525	0.02841	0.78851	0.00631	0.00631	0.00316	0.00316
73	0.00903	0.00729	0.00803	0.00803	0.01013	0.00629	0.00595	0.01121	0.01732	0.02186	0.22222	0.12301	0.48835	0.01792	0.00865	0.00246	0.00367	0.01526	0.00705	0.00629
74	0.00943	0.00680	0.00902	0.01036	0.01121	0.00638	0.00743	0.01128	0.01522	0.02032	0.11862	0.53509	0.07685	0.02126	0.00928	0.00291	0.00446	0.11105	0.00689	0.00614
75	0.02763	0.02036	0.02182	0.01672	0.02254	0.02254	0.01382	0.67496	0.03418	0.04581	0.01745	0.01745	0.01236	0.00873	0.00727	0.00218	0.00800	0.00654	0.00727	0.01236
76	0.02783	0.01325	0.01621	0.01276	0.01771	0.01282	0.01043	0.17100	0.04356	0.42499	0.02543	0.02364	0.01701	0.00888	0.00692	0.00215	0.00609	0.00708	0.14086	0.01139
77	0.02763	0.02036	0.02182	0.01672	0.02254	0.02254	0.01382	0.67496	0.03418	0.04581	0.01745	0.01745	0.01236	0.00873	0.00727	0.00218	0.00800	0.00654	0.00727	0.01236
78	0.01943	0.74891	0.03809	0.01244	0.01866	0.02876	0.01244	0.02177	0.01477	0.01710	0.01011	0.01166	0.00933	0.00622	0.00466	0.00155	0.00777	0.00389	0.00311	0.00933
79	0.01943	0.74891	0.03809	0.01244	0.01866	0.02876	0.01244	0.02177	0.01477	0.01710	0.01011	0.01166	0.00933	0.00622	0.00466	0.00155	0.00777	0.00389	0.00311	0.00933
80	0.01716	0.01961	0.04289	0.03064	0.03799	0.01838	0.67279	0.02328	0.01716	0.02328	0.01471	0.01961	0.01103	0.00613	0.00858	0.00245	0.01225	0.00858	0.00368	0.00980
81	0.01878	0.01709	0.01676	0.01510	0.01918	0.07211	0.01170	0.03788	0.63450	0.02943	0.02816	0.02603	0.02120	0.00968	0.00733	0.00242	0.00632	0.00794	0.00711	0.01127
82	0.01076	0.00776	0.00937	0.00925	0.01143	0.00696	0.00725	0.01350	0.01834	0.05248	0.30888	0.06386	0.31843	0.01689	0.00876	0.00252	0.00417	0.11529	0.00732	0.00677
83	0.01373	0.01292	0.02180	0.72707	0.05006	0.01615	0.02019	0.01857	0.01453	0.01857	0.01292	0.01938	0.00969	0.00727	0.00727	0.00242	0.00969	0.00646	0.00323	0.00807
84	0.00863	0.00720	0.00753	0.00780	0.00993	0.00610	0.00572	0.01038	0.01615	0.01946	0.06829	0.17666	0.59300	0.01910	0.00870	0.00253	0.00377	0.01619	0.00675	0.00610
85	0.01263	0.00631	0.00947	0.00947	0.00947	0.00631	0.00631	0.00947	0.00947	0.01263	0.01263	0.02210	0.01263	0.02525	0.02841	0.78851	0.00631	0.00631	0.00316	0.00316
86	0.02715	0.03464	0.02060	0.01873	0.02247	0.71536	0.01404	0.02903	0.02060	0.01779	0.01124	0.01311	0.00936	0.00749	0.00655	0.00187	0.01311	0.00468	0.00375	0.00843
87	0.01263	0.00631	0.00947	0.00947	0.00947	0.00631	0.00631	0.00947	0.00947	0.01263	0.01263	0.02210	0.01263	0.02525	0.02841	0.78851	0.00631	0.00631	0.00316	0.00316
88	0.01716	0.01961	0.04289	0.03064	0.03799	0.01838	0.67279	0.02328	0.01716	0.02328	0.01471	0.01961	0.01103	0.00613	0.00858	0.00245	0.01225	0.00858	0.00368	0.00980
89	0.11280	0.02087	0.02048	0.01610	0.02160	0.08066	0.01318	0.54763	0.03061	0.04197	0.01611	0.01646	0.01161	0.00840	0.00690	0.00216	0.00817	0.00610	0.00666	0.01153
90	0.01373	0.01292	0.02180	0.72707	0.05006	0.01615	0.02019	0.01857	0.01453	0.01857	0.01292	0.01938	0.00969	0.00727	0.00727	0.00242	0.00969	0.00646	0.00323	0.00807
91	0.02071	0.01637	0.01930	0.01557	0.01995	0.07465	0.08168	0.21840	0.10559	0.09699	0.21745	0.02997	0.03015	0.01030	0.00775	0.00226	0.00710	0.00881	0.00698	0.01004
92	0.01355	0.00678	0.00678	0.00678	0.00847	0.00678	0.00508	0.01694	0.01524	0.02710	0.02371	0.02710	0.01863	0.00847	0.00508	0.00169	0.00339	0.00678	0.78489	0.00678
93	0.00865	0.00713	0.00760	0.00797	0.00998	0.00609	0.00579	0.01036	0.01598	0.01940	0.06623	0.21771	0.55327	0.01937	0.00874	0.00256	0.00380	0.01652	0.00675	0.00609
94	0.02884	0.01629	0.01903	0.01483	0.02037	0.01677	0.01217	0.32156	0.09784	0.33802	0.02376	0.02174	0.01593	0.00897	0.00730	0.00224	0.00695	0.00706	0.00805	0.01227
95	0.00982	0.00741	0.00907	0.00865	0.01057	0.00666	0.00649	0.01281	0.01947	0.02652	0.52320	0.05863	0.24239	0.01584	0.00858	0.00233	0.00350	0.01375	0.00766	0.00666
96	0.00878	0.00664	0.00811	0.00928	0.01032	0.00597	0.00637	0.01022	0.01472	0.01889	0.05029	0.53575	0.24552	0.02144	0.00907	0.00280	0.00405	0.01904	0.00675	0.00597
97	0.02173	0.01622	0.02022	0.01653	0.02149	0.01756	0.08505	0.12888	0.40873	0.14165	0.02602	0.02449	0.01884	0.00914	0.00750	0.00239	0.00687	0.00787	0.00723	0.01158
98	0.79588	0.01406	0.01068	0.00956	0.01406	0.01631	0.00787	0.02137	0.01237	0.03261	0.01012	0.01181	0.00787	0.00675	0.00450	0.00225	0.00562	0.00394	0.00450	0.00787
99	0.01590	0.01590	0.02226	0.01908	0.01908	0.02226	0.01590	0.01749	0.01113	0.01749	0.00954	0.01590	0.00954	0.01272	0.02385	0.00318	0.73123	0.00636	0.00318	0.00795
100	0.02410	0.02887	0.01966	0.01787	0.02130	0.51348	0.01366	0.02921	0.13374	0.02009	0.01534	0.01848	0.01287	0.00881	0.00819	0.00214	0.06765	0.03125	0.00444	0.00885
101	0.01590	0.01590	0.02226	0.01908	0.01908	0.02226	0.01590	0.01749	0.01113	0.01749	0.00954	0.01590	0.00954	0.01272	0.02385	0.00318	0.73123	0.00636	0.00318	0.00795
102	0.01040	0.00773	0.01139	0.01139	0.01259	0.00893	0.00872	0.01279	0.01160	0.01666	0.01974	0.03004	0.01882	0.10838	0.66275	0.01132	0.01850	0.00801	0.00393	0.00633
103	0.01029	0.00743	0.00972	0.00914	0.01086	0.00686	0.00686	0.01372	0.02058	0.02915	0.69536	0.05430	0.06859	0.01486	0.00857	0.00229	0.00343	0.01315	0.00800	0.00686
104	0.01171	0.00837	0.01171	0.01339	0.01506	0.00837	0.01171	0.01506	0.01673	0.02175	0.03849	0.08199	0.04183	0.02008	0.01004	0.00335	0.00669	0.65027	0.00669	0.00669
105	0.01773	0.01113	0.01189	0.01029	0.01325	0.01191	0.00814	0.22357	0.02092	0.03219	0.02141	0.02418	0.01662	0.01214	0.06124	0.00263	0.00609	0.00678	0.47938	0.00851
106	0.02915	0.01474	0.01802	0.01394	0.01933	0.01447	0.01147	0.25420	0.02540	0.42456	0.07685	0.02454	0.02000	0.00936	0.00740	0.00223	0.00660	0.00750	0.00832	0.01194
107	0.01331	0.01702	0.15238	0.22456	0.07574	0.01372	0.10017	0.01845	0.03648	0.02081	0.02374	0.18922	0.06085	0.01136	0.00791	0.00251	0.00839	0.01042	0.00444	0.00852
108	0.01057	0.00705	0.00793	0.00793	0.00793	0.00705	0.00440	0.01057	0.01057	0.01409	0.02290	0.04757	0.02643	0.74454	0.03700	0.00705	0.00705	0.01057	0.00440	0.00440
109	0.01590	0.01590	0.02226	0.01908	0.01908	0.02226	0.01590	0.01749	0.01113	0.01749	0.00954	0.01590	0.00954	0.01272	0.02385	0.00318	0.73123	0.00636	0.00318	0.00795
110	0.01507	0.01292	0.01507	0.01077	0.01723	0.00969	0.00861	0.01830	0.01507	0.02369	0.01292	0.01507	0.01077	0.00538	0.00538	0.00108	0.00538	0.00431	0.00431	0.78898
111	0.01889	0.01634	0.01905	0.01856	0.09535	0.04594	0.01323	0.15827	0.24401	0.02880	0.06192	0.02469	0.01946	0.05391	0.03217	0.00298	0.12272	0.00767	0.00589	0.01015
112	0.01488	0.02374	0.28015	0.02454	0.08506	0.01569	0.26190	0.02091	0.01572	0.02227	0.01730	0.10357	0.01522	0.01140	0.05170	0.00300	0.01090	0.00860	0.00382	0.00962
113	0.02056	0.64511	0.03555	0.01335	0.01921	0.12854	0.01267	0.02282	0.01562	0.01720	0.01027	0.01187	0.00933	0.00640	0.00494	0.00160	0.00855	0.00400	0.00320	0.00920
114	0.00910	0.00670	0.00866	0.01003	0.01088	0.00626	0.00705	0.01066	0.01444	0.01890	0.04405	0.56190	0.14160	0.02320	0.03757	0.00326	0.00494	0.06815	0.00663	0.00602
115	0.00913	0.00705	0.00834	0.00872	0.01033	0.00626	0.00627	0.01122	0.01681	0.02186	0.23059	0.27872	0.32092	0.01884	0.00880	0.00257	0.00378	0.01644	0.00709	0.00626
116	0.01410	0.00830	0.01029	0.00942	0.01204	0.00731	0.00719	0.01672	0.01878	0.16039	0.30885	0.11154	0.25600	0.01549	0.00839	0.00239	0.00413	0.01331	0.00770	0.00765
117	0.02642	0.01976	0.02113	0.01648	0.02208	0.02198	0.01352	0.59417	0.11693	0.04386	0.01899	0.01868	0.01361	0.00887	0.00729	0.00222	0.00771	0.00676	0.00729	0.01225
118	0.07887	0.01406	0.01747	0.01347	0.01907	0.01338	0.01113	0.16116	0.02293	0.53232	0.02531	0.02250	0.01625	0.00880	0.00713	0.00224	0.00651	0.00695	0.00838	0.01209
119	0.02763	0.02036	0.02182	0.01672	0.02254	0.02254	0.01382	0.67496	0.03418	0.04581	0.01745	0.01745	0.01236	0.00873	0.00727	0.00218	0.00800	0.00654	0.00727	0.01236
120	0.00953	0.00681	0.00921	0.01090	0.01162	0.00649	0.00793	0.01129	0.01459	0.01931	0.03969	0.58367	0.04660	0.02213	0.00946	0.00305	0.00480	0.17010	0.00673	0.00609
121	0.01943	0.74891	0.03809	0.01244	0.01866	0.02876	0.01244	0.02177	0.01477	0.01710	0.01011	0.01166	0.00933	0.00622	0.00466	0.00155	0.00777	0.00389	0.00311	0.00933
122	0.01708	0.01847	0.03646	0.03116	0.16141	0.01890	0.42480	0.02201	0.01591	0.02229	0.01354	0.01860	0.01084	0.00743	0.01118	0.00253	0.14629	0.00776	0.00357	0.00979
123	0.01932	0.01623	0.01713	0.01504	0.01937	0.01866	0.01180	0.12108	0.60159	0.03240	0.02801	0.02587	0.02092	0.00971	0.00738	0.00243	0.00604	0.00800	0.00738	0.01162
124	0.01616	0.00867	0.01089	0.00992	0.01278	0.00760	0.00757	0.01851	0.01816	0.22561	0.18256	0.18081	0.24051	0.01570	0.00834	0.00245	0.00448	0.01350	0.00768	0.00810
125	0.01373	0.01292	0.02180	0.72707	0.05006	0.01615	0.02019	0.01857	0.01453	0.01857	0.01292	0.01938	0.00969	0.00727	0.00727	0.00242	0.00969	0.00646	0.00323	0.00807
126	0.00937	0.00729	0.00851	0.00843	0.01035	0.00643	0.00624	0.01185	0.01807	0.02373	0.34503	0.13033	0.35374	0.01728	0.00865	0.00243	0.00362	0.01491	0.00730	0.00643
127	0.01263	0.00631	0.00947	0.00947	0.00947	0.00631	0.00631	0.00947	0.00947	0.01263	0.01263	0.02210	0.01263	0.02525	0.02841	0.78851	0.00631	0.00631	0.00316	0.00316
128	0.01943	0.74891	0.03809	0.01244	0.01866	0.02876	0.01244	0.02177	0.01477	0.01710	0.01011	0.01166	0.00933	0.00622	0.00466	0.00155	0.00777	0.00389	0.00311	0.00933
129	0.01101	0.00887	0.00960	0.00919	0.01142	0.00866	0.00672	0.01637	0.14187	0.02259	0.17606	0.05537	0.34331	0.13180	0.01289	0.00316	0.00456	0.01283	0.00674	0.00700
130	0.02159	0.01939	0.07948	0.02165	0.15188	0.01919	0.01568	0.26020	0.24916	0.05398	0.02079	0.02086	0.01542	0.00853	0.00727	0.00229	0.00754	0.00702	0.00630	0.01177
131	0.41085	0.01111	0.01145	0.01067	0.01372	0.01227	0.03425	0.01734	0.01346	0.02678	0.06657	0.15799	0.02197	0.01739	0.10925	0.00374	0.00738	0.00867	0.03788	0.00725
132	0.00886	0.00633	0.00843	0.01012	0.01054	0.00590	0.00675	0.01012	0.01392	0.01856	0.04006	0.73979	0.04808	0.02277	0.00928	0.00295	0.00422	0.02066	0.00675	0.00590
133	0.01415	0.01277	0.02065	0.53959	0.09388	0.01516	0.01815	0.04576	0.01640	0.02166	0.11235	0.02426	0.01850	0.00837	0.00745	0.00237	0.00863	0.00744	0.00412	0.00835
134	0.01458	0.03760	0.70688	0.02072	0.03146	0.01688	0.02686	0.02302	0.01535	0.02302	0.01304	0.01535	0.00921	0.00691	0.00691	0.00230	0.01074	0.00537	0.00307	0.01074
135	0.01756	0.01683	0.02873	0.11318	0.63398	0.01716	0.02210	0.02193	0.01635	0.02323	0.01360	0.01813	0.01133	0.00656	0.00720	0.00219	0.00874	0.00648	0.00356	0.01117
136	0.02206	0.02290	0.02056	0.02086	0.11937	0.25897	0.01437	0.09596	0.26479	0.02608	0.01886	0.01951	0.01468	0.00856	0.00777	0.00222	0.04019	0.00650	0.00539	0.01038
137	0.15930	0.07142	0.01143	0.00880	0.01141	0.01046	0.00699	0.01680	0.01695	0.02816	0.30839	0.03460	0.03727	0.01070	0.00644	0.00204	0.00420	0.00873	0.23867	0.00723
138	0.16739	0.01468	0.01724	0.01731	0.12554	0.01514	0.01187	0.20003	0.02137	0.15922	0.02839	0.02794	0.14376	0.00991	0.00700	0.00226	0.00648	0.00788	0.00639	0.01019
139	0.13835	0.01069	0.01295	0.12711	0.01909	0.01148	0.01000	0.04306	0.01637	0.08282	0.10164	0.12758	0.19943	0.01338	0.00859	0.00248	0.05043	0.01093	0.00594	0.00768
140	0.08693	0.01561	0.02299	0.02238	0.14708	0.01679	0.11462	0.09166	0.10052	0.10071	0.01924	0.07591	0.01605	0.01092	0.03110	0.00275	0.10132	0.00802	0.00533	0.01007
141	0.26406	0.01730	0.01660	0.01367	0.01833	0.07462	0.01114	0.20602	0.04364	0.05213	0.01489	0.01772	0.01183	0.00829	0.00747	0.00215	0.06357	0.02827	0.00540	0.12292

[dist]
# distance from previous block
# <min> <max>
3	110

[block]
# block no. 1 follows, 28 sequences, length 32
# corresponding to MSA columns:
# 299-305,308-332
name=unknown_B
#
# <colnr> <probs for GDERKNQSTAVLIFYWHMCP>
#	G	D	E	R	K	N	Q	S	T	A	V	L	I	F	Y	W	H	M	C	P
0	0.07047	0.01738	0.01855	0.09145	0.06806	0.12814	0.01285	0.12600	0.01996	0.22125	0.01852	0.02113	0.01392	0.07031	0.00987	0.00256	0.02819	0.00652	0.00585	0.04903
1	0.01932	0.05393	0.10828	0.01842	0.06074	0.11717	0.01539	0.14796	0.01861	0.02488	0.01449	0.06466	0.01288	0.00965	0.01110	0.00230	0.19057	0.00667	0.00443	0.09855
2	0.08452	0.01617	0.01430	0.01298	0.01594	0.16222	0.01000	0.05446	0.09946	0.05872	0.14869	0.09456	0.12456	0.01244	0.00862	0.00235	0.05579	0.00983	0.00611	0.00828
3	0.01901	0.37911	0.27108	0.01641	0.02381	0.13886	0.01779	0.02342	0.01594	0.01930	0.01133	0.01320	0.00929	0.00667	0.00577	0.00187	0.00971	0.00454	0.00320	0.00968
4	0.01130	0.00881	0.01268	0.08922	0.06328	0.00890	0.01122	0.01426	0.01614	0.02125	0.09302	0.22123	0.09648	0.01785	0.00913	0.00291	0.00603	0.28311	0.00625	0.00695
5	0.07944	0.00840	0.00928	0.00930	0.01029	0.00872	0.00616	0.01428	0.06916	0.01894	0.06455	0.12476	0.03033	0.44923	0.02520	0.00527	0.00626	0.04940	0.00528	0.00576
6	0.41817	0.01380	0.01462	0.01209	0.01674	0.01470	0.05049	0.05442	0.06824	0.11798	0.09181	0.02038	0.01769	0.00817	0.00598	0.00221	0.00597	0.00617	0.00576	0.05459
7	0.02116	0.01062	0.01337	0.01111	0.01482	0.00970	0.00857	0.02510	0.07593	0.32670	0.14385	0.03608	0.06865	0.13795	0.01264	0.00304	0.00562	0.00925	0.00746	0.05838
8	0.02441	0.02153	0.02153	0.01744	0.02256	0.13986	0.05465	0.35816	0.19997	0.03560	0.01936	0.01935	0.01431	0.00865	0.00726	0.00222	0.00856	0.00679	0.00647	0.01130
9	0.01943	0.74891	0.03809	0.01244	0.01866	0.02876	0.01244	0.02177	0.01477	0.01710	0.01011	0.01166	0.00933	0.00622	0.00466	0.00155	0.00777	0.00389	0.00311	0.00933
10	0.02100	0.00980	0.01315	0.01096	0.01455	0.00869	0.00869	0.02413	0.02069	0.35297	0.37556	0.04012	0.04432	0.01205	0.00797	0.00227	0.00475	0.01035	0.00848	0.00950
11	0.01009	0.00809	0.00912	0.00907	0.01117	0.00755	0.00671	0.01424	0.08791	0.02314	0.22970	0.16889	0.35322	0.01726	0.00857	0.00249	0.00392	0.01486	0.00715	0.00686
12	0.01355	0.00678	0.00678	0.00678	0.00847	0.00678	0.00508	0.01694	0.01524	0.02710	0.02371	0.02710	0.01863	0.00847	0.00508	0.00169	0.00339	0.00678	0.78489	0.00678
13	0.01447	0.01312	0.02157	0.09176	0.40546	0.01325	0.01676	0.01778	0.01547	0.02151	0.02271	0.26712	0.02397	0.01217	0.00792	0.00246	0.00720	0.01137	0.00465	0.00928
14	0.01161	0.00921	0.01218	0.01159	0.01193	0.01095	0.00837	0.01270	0.01125	0.01592	0.02048	0.09539	0.02243	0.34999	0.19189	0.00689	0.17735	0.00981	0.00420	0.00585
15	0.01365	0.01243	0.01201	0.01116	0.01382	0.09073	0.00847	0.02050	0.17279	0.02609	0.32975	0.04668	0.18621	0.01363	0.00807	0.00232	0.00513	0.01151	0.00710	0.00795
16	0.00901	0.00662	0.00850	0.00993	0.01074	0.00611	0.00690	0.01050	0.01450	0.01893	0.04497	0.59517	0.14445	0.02194	0.00923	0.00290	0.00431	0.06256	0.00674	0.00599
17	0.01469	0.07422	0.38043	0.01603	0.02317	0.01526	0.01827	0.02320	0.11460	0.02505	0.11404	0.02375	0.02070	0.00861	0.00686	0.00220	0.00792	0.00696	0.09429	0.00975
18	0.72871	0.07763	0.01305	0.00981	0.01446	0.01738	0.00827	0.02140	0.01258	0.03127	0.01012	0.01180	0.00800	0.00670	0.00451	0.00219	0.00581	0.00393	0.00438	0.00800
19	0.01590	0.01590	0.02226	0.01908	0.01908	0.02226	0.01590	0.01749	0.01113	0.01749	0.00954	0.01590	0.00954	0.01272	0.02385	0.00318	0.73123	0.00636	0.00318	0.00795
20	0.01833	0.13983	0.44845	0.01856	0.02748	0.01997	0.02169	0.17373	0.01962	0.02741	0.01363	0.01528	0.00996	0.00722	0.00666	0.00216	0.00966	0.00542	0.00405	0.01091
21	0.01782	0.01594	0.02488	0.33239	0.30481	0.01769	0.01994	0.13269	0.01871	0.02531	0.01400	0.01849	0.01088	0.00720	0.00724	0.00228	0.00898	0.00648	0.00407	0.01019
22	0.79588	0.01406	0.01068	0.00956	0.01406	0.01631	0.00787	0.02137	0.01237	0.03261	0.01012	0.01181	0.00787	0.00675	0.00450	0.00225	0.00562	0.00394	0.00450	0.00787
23	0.01210	0.00785	0.01017	0.00935	0.01145	0.00714	0.00710	0.01537	0.02033	0.08667	0.59622	0.05280	0.10632	0.01459	0.00847	0.00229	0.00368	0.01279	0.00800	0.00729
24	0.02715	0.03464	0.02060	0.01873	0.02247	0.71536	0.01404	0.02903	0.02060	0.01779	0.01124	0.01311	0.00936	0.00749	0.00655	0.00187	0.01311	0.00468	0.00375	0.00843
25	0.01240	0.00664	0.00940	0.00940	0.00991	0.00687	0.00658	0.01132	0.01081	0.01576	0.01565	0.02404	0.01458	0.02748	0.14246	0.52424	0.00808	0.00664	0.13341	0.00433
26	0.02535	0.01055	0.01377	0.01112	0.01544	0.00931	0.00899	0.02827	0.01959	0.47056	0.10766	0.03139	0.06655	0.01018	0.00717	0.00217	0.00524	0.00840	0.13790	0.01041
27	0.01735	0.05701	0.01366	0.01071	0.01439	0.01153	0.00855	0.04052	0.15727	0.16834	0.08151	0.04182	0.25614	0.01255	0.00749	0.00227	0.00497	0.01034	0.07454	0.00903
28	0.01057	0.00705	0.00793	0.00793	0.00793	0.00705	0.00440	0.01057	0.01057	0.01409	0.02290	0.04757	0.02643	0.74454	0.03700	0.00705	0.00705	0.01057	0.00440	0.00440
29	0.01566	0.01551	0.01970	0.01715	0.01737	0.06115	0.01382	0.01700	0.01160	0.01693	0.01194	0.02117	0.01243	0.13798	0.02507	0.00377	0.56398	0.00698	0.00342	0.00737
30	0.15044	0.09428	0.05974	0.01326	0.01835	0.06321	0.01156	0.02007	0.01431	0.02305	0.01147	0.01417	0.00973	0.00716	0.00840	0.00181	0.12735	0.00463	0.00391	0.34310
31	0.02245	0.06202	0.01949	0.01530	0.01965	0.09997	0.01231	0.18140	0.26184	0.10517	0.06100	0.02293	0.01909	0.00948	0.00820	0.00229	0.05274	0.00723	0.00663	0.01082

[dist]
# distance from previous block
# <min> <max>
0	1

[block]
# block no. 2 follows, 28 sequences, length 42
# corresponding to MSA columns:
# 334-375
name=unknown_C
#
# <colnr> <probs for GDERKNQSTAVLIFYWHMCP>
#	G	D	E	R	K	N	Q	S	T	A	V	L	I	F	Y	W	H	M	C	P
0	0.02024	0.02017	0.01757	0.01386	0.01945	0.21454	0.01088	0.10979	0.01924	0.02497	0.01305	0.01483	0.01058	0.00644	0.00597	0.00145	0.00796	0.00472	0.00454	0.45975
1	0.00972	0.00675	0.00822	0.00932	0.01043	0.00627	0.00663	0.01157	0.01486	0.02028	0.04421	0.45032	0.17252	0.01957	0.00858	0.00270	0.00418	0.06540	0.12233	0.00614
2	0.01543	0.00855	0.01048	0.00964	0.01248	0.00744	0.00734	0.01765	0.01780	0.20762	0.14165	0.17811	0.30516	0.01615	0.00836	0.00247	0.00443	0.01382	0.00754	0.00790
3	0.02102	0.00993	0.01241	0.01035	0.01437	0.00852	0.00827	0.02348	0.01904	0.37089	0.09788	0.04561	0.30125	0.01332	0.00793	0.00234	0.00494	0.01106	0.00800	0.00938
4	0.02370	0.01841	0.01960	0.01593	0.02104	0.02070	0.01286	0.41281	0.30273	0.03947	0.02245	0.02144	0.01641	0.00919	0.00732	0.00230	0.00707	0.00723	0.00732	0.01201
5	0.20350	0.01275	0.01548	0.01218	0.01755	0.01194	0.01005	0.03228	0.01892	0.55386	0.02452	0.02185	0.01573	0.00849	0.00668	0.00225	0.00606	0.00655	0.00799	0.01136
6	0.22228	0.01764	0.01830	0.01438	0.01983	0.01929	0.01187	0.41924	0.02678	0.13588	0.01719	0.01706	0.01203	0.00827	0.00658	0.00221	0.00714	0.00599	0.00682	0.01123
7	0.01943	0.74891	0.03809	0.01244	0.01866	0.02876	0.01244	0.02177	0.01477	0.01710	0.01011	0.01166	0.00933	0.00622	0.00466	0.00155	0.00777	0.00389	0.00311	0.00933
8	0.01943	0.74891	0.03809	0.01244	0.01866	0.02876	0.01244	0.02177	0.01477	0.01710	0.01011	0.01166	0.00933	0.00622	0.00466	0.00155	0.00777	0.00389	0.00311	0.00933
9	0.01548	0.01345	0.02186	0.28716	0.31455	0.01464	0.01788	0.01980	0.01553	0.02256	0.01552	0.02043	0.01235	0.00719	0.00677	0.00216	0.00791	0.00653	0.16896	0.00925
10	0.01547	0.01237	0.01393	0.01315	0.01606	0.01358	0.01009	0.09508	0.32763	0.02812	0.09013	0.22298	0.03361	0.01440	0.00819	0.00262	0.00545	0.06060	0.00721	0.00933
11	0.00928	0.00739	0.00833	0.00809	0.01024	0.00643	0.00607	0.01177	0.01821	0.02352	0.32776	0.06356	0.43970	0.01696	0.00858	0.00239	0.00358	0.01444	0.00726	0.00643
12	0.01586	0.01510	0.02566	0.38559	0.37487	0.01671	0.02125	0.02044	0.01554	0.02116	0.01330	0.01868	0.01060	0.00687	0.00723	0.00229	0.00916	0.00647	0.00341	0.00980
13	0.01026	0.00702	0.00886	0.00956	0.01086	0.00635	0.00672	0.01207	0.01587	0.05585	0.15144	0.45900	0.17928	0.01992	0.00893	0.00271	0.00409	0.01770	0.00707	0.00644
14	0.01263	0.00631	0.00947	0.00947	0.00947	0.00631	0.00631	0.00947	0.00947	0.01263	0.01263	0.02210	0.01263	0.02525	0.02841	0.78851	0.00631	0.00631	0.00316	0.00316
15	0.01373	0.01292	0.02180	0.72707	0.05006	0.01615	0.02019	0.01857	0.01453	0.01857	0.01292	0.01938	0.00969	0.00727	0.00727	0.00242	0.00969	0.00646	0.00323	0.00807
16	0.01041	0.00769	0.01117	0.01117	0.01229	0.00881	0.00844	0.01265	0.01153	0.01649	0.01994	0.03116	0.01930	0.14914	0.62266	0.01105	0.01777	0.00817	0.00396	0.00620
17	0.02525	0.08240	0.02157	0.01713	0.02163	0.38167	0.01346	0.18939	0.12899	0.02665	0.01559	0.01629	0.01213	0.00807	0.00672	0.00202	0.01028	0.00564	0.00515	0.00995
18	0.20260	0.25835	0.17083	0.01594	0.02278	0.02146	0.08384	0.10349	0.01699	0.02624	0.01213	0.01403	0.00952	0.00679	0.00583	0.00205	0.00839	0.00503	0.00401	0.00971
19	0.01887	0.05364	0.01621	0.01295	0.01675	0.13457	0.01006	0.05379	0.12196	0.09802	0.07036	0.02694	0.03941	0.09230	0.08439	0.00352	0.00858	0.00739	0.00559	0.12470
20	0.02107	0.02009	0.02529	0.08520	0.37090	0.12204	0.01856	0.16212	0.05527	0.02749	0.01488	0.01773	0.01179	0.00734	0.00713	0.00216	0.00910	0.00631	0.00457	0.01097
21	0.01760	0.00856	0.01074	0.00952	0.01188	0.00784	0.00698	0.01880	0.01546	0.22486	0.06529	0.03768	0.12234	0.16910	0.01703	0.13193	0.00553	0.00927	0.10231	0.00727
22	0.01215	0.00663	0.00994	0.00994	0.01021	0.00690	0.00690	0.01021	0.00994	0.01353	0.01408	0.02346	0.01380	0.03145	0.17401	0.62395	0.00910	0.00663	0.00331	0.00386
23	0.01674	0.02993	0.37317	0.02463	0.03336	0.07873	0.29184	0.02366	0.01655	0.02267	0.01357	0.01691	0.00997	0.00664	0.00756	0.00233	0.01157	0.00663	0.00338	0.01015
24	0.01306	0.01063	0.01198	0.01138	0.01399	0.01124	0.00858	0.02300	0.29321	0.02682	0.24048	0.14658	0.13094	0.01445	0.00820	0.00248	0.00454	0.01252	0.00740	0.00853
25	0.02202	0.38956	0.02838	0.01477	0.01942	0.30965	0.01256	0.02368	0.01671	0.01699	0.01079	0.01317	0.00963	0.00841	0.00752	0.07068	0.00984	0.00443	0.00338	0.00842
26	0.01501	0.01263	0.01317	0.01190	0.01548	0.01355	0.00924	0.08280	0.35310	0.02732	0.04667	0.04392	0.29901	0.01328	0.00788	0.00244	0.00510	0.01101	0.00712	0.00937
27	0.00914	0.00644	0.00835	0.00976	0.01012	0.00609	0.00636	0.01020	0.01337	0.01783	0.03726	0.62649	0.04453	0.14091	0.01382	0.00362	0.00468	0.01901	0.00636	0.00566
28	0.01399	0.01319	0.02227	0.68536	0.08974	0.01622	0.02032	0.01880	0.01466	0.01889	0.01297	0.01929	0.00980	0.00722	0.00726	0.00241	0.00963	0.00646	0.00325	0.00829
29	0.63089	0.09367	0.08800	0.01105	0.01640	0.01767	0.01038	0.02159	0.01294	0.02996	0.01043	0.01217	0.00817	0.00671	0.00477	0.00218	0.00640	0.00408	0.00420	0.00833
30	0.01590	0.01590	0.02226	0.01908	0.01908	0.02226	0.01590	0.01749	0.01113	0.01749	0.00954	0.01590	0.00954	0.01272	0.02385	0.00318	0.73123	0.00636	0.00318	0.00795
31	0.01380	0.01617	0.16049	0.01474	0.04877	0.01208	0.04579	0.06474	0.05525	0.02034	0.01983	0.03370	0.01967	0.38899	0.05135	0.00513	0.00867	0.00862	0.00442	0.00746
32	0.02516	0.21939	0.02512	0.01710	0.02149	0.53777	0.01363	0.02715	0.01909	0.01761	0.01094	0.01273	0.00935	0.00716	0.00607	0.00179	0.01173	0.00448	0.00358	0.00866
33	0.02715	0.03464	0.02060	0.01873	0.02247	0.71536	0.01404	0.02903	0.02060	0.01779	0.01124	0.01311	0.00936	0.00749	0.00655	0.00187	0.01311	0.00468	0.00375	0.00843
34	0.01010	0.00742	0.00946	0.00895	0.01075	0.00678	0.00671	0.01336	0.02014	0.02812	0.62826	0.05599	0.13633	0.01524	0.00858	0.00230	0.00346	0.01338	0.00787	0.00678
35	0.02279	0.01664	0.01767	0.01432	0.01895	0.01844	0.01158	0.40847	0.16848	0.03880	0.02128	0.02143	0.01570	0.00892	0.00686	0.00214	0.00660	0.00695	0.16293	0.01106
36	0.02139	0.01337	0.01437	0.01176	0.01562	0.01423	0.00947	0.31708	0.02426	0.08707	0.02125	0.02254	0.01574	0.00863	0.00625	0.00196	0.00569	0.00671	0.37288	0.00974
37	0.00928	0.00666	0.00882	0.00983	0.01064	0.00619	0.00678	0.01119	0.01590	0.02172	0.23554	0.53531	0.05420	0.02041	0.00907	0.00275	0.00398	0.01842	0.00712	0.00619
38	0.01181	0.00827	0.01064	0.01181	0.06339	0.00745	0.00786	0.01407	0.01695	0.08148	0.17487	0.24981	0.27971	0.01724	0.00856	0.00252	0.00438	0.01506	0.00695	0.00716
39	0.01044	0.00716	0.00879	0.00949	0.00991	0.00707	0.00636	0.01137	0.01251	0.01657	0.02966	0.20109	0.03410	0.44666	0.02573	0.00544	0.00638	0.14073	0.00536	0.00518
40	0.01453	0.01410	0.01935	0.01679	0.01723	0.01892	0.01384	0.01634	0.01270	0.01895	0.08834	0.02571	0.08916	0.01355	0.02062	0.00301	0.57709	0.00803	0.00407	0.00764
41	0.01719	0.01545	0.02220	0.02224	0.19723	0.01401	0.07886	0.07251	0.05484	0.02578	0.01459	0.01715	0.01175	0.00626	0.00643	0.00166	0.00714	0.00569	0.00447	0.40455

[dist]
# distance from previous block
# <min> <max>
0	3

[block]
# block no. 3 follows, 28 sequences, length 39
# corresponding to MSA columns:
# 379-417
name=unknown_D
#
# <colnr> <probs for GDERKNQSTAVLIFYWHMCP>
#	G	D	E	R	K	N	Q	S	T	A	V	L	I	F	Y	W	H	M	C	P
0	0.01987	0.41431	0.17921	0.01702	0.05694	0.12550	0.01638	0.05789	0.01687	0.02035	0.01148	0.01330	0.00958	0.00670	0.00569	0.00183	0.00925	0.00460	0.00344	0.00978
1	0.01010	0.00698	0.00995	0.01056	0.01137	0.00728	0.00761	0.01142	0.01292	0.01786	0.07828	0.30633	0.03288	0.03494	0.28828	0.11880	0.01042	0.01300	0.00521	0.00581
2	0.00911	0.00660	0.00866	0.01022	0.01092	0.00616	0.00713	0.01062	0.01439	0.01894	0.04249	0.62582	0.09713	0.02218	0.00930	0.00295	0.00441	0.08024	0.00674	0.00600
3	0.00875	0.00674	0.00801	0.00902	0.01025	0.00600	0.00626	0.01024	0.01497	0.01899	0.05342	0.47333	0.30592	0.02104	0.00900	0.00275	0.00400	0.01855	0.00675	0.00600
4	0.02709	0.02009	0.02151	0.01662	0.02234	0.02229	0.01369	0.63916	0.07085	0.04494	0.01813	0.01800	0.01291	0.00879	0.00728	0.00220	0.00787	0.00664	0.00728	0.01231
5	0.02068	0.11487	0.01949	0.01498	0.01858	0.35358	0.01169	0.02564	0.11360	0.02232	0.18489	0.02521	0.02599	0.00951	0.00694	0.00202	0.00898	0.00720	0.00525	0.00858
6	0.02763	0.02036	0.02182	0.01672	0.02254	0.02254	0.01382	0.67496	0.03418	0.04581	0.01745	0.01745	0.01236	0.00873	0.00727	0.00218	0.00800	0.00654	0.00727	0.01236
7	0.01458	0.03760	0.70688	0.02072	0.03146	0.01688	0.02686	0.02302	0.01535	0.02302	0.01304	0.01535	0.00921	0.00691	0.00691	0.00230	0.01074	0.00537	0.00307	0.01074
8	0.01943	0.74891	0.03809	0.01244	0.01866	0.02876	0.01244	0.02177	0.01477	0.01710	0.01011	0.01166	0.00933	0.00622	0.00466	0.00155	0.00777	0.00389	0.00311	0.00933
9	0.01603	0.01601	0.02343	0.39270	0.17918	0.06866	0.01935	0.01991	0.01474	0.01940	0.01230	0.01795	0.01002	0.00818	0.01044	0.00247	0.15076	0.00631	0.00334	0.00880
10	0.02091	0.01702	0.01803	0.01536	0.01998	0.01940	0.01219	0.22689	0.49319	0.03497	0.02600	0.02426	0.01928	0.00953	0.00736	0.00238	0.00642	0.00772	0.00736	0.01176
11	0.00877	0.00742	0.00761	0.00771	0.01012	0.00626	0.00588	0.01070	0.01658	0.01976	0.07164	0.07064	0.65897	0.01850	0.00867	0.00251	0.00385	0.05151	0.00675	0.00617
12	0.01458	0.01379	0.02334	0.59112	0.17938	0.01637	0.02061	0.01932	0.01494	0.01960	0.01307	0.01910	0.01005	0.00711	0.00725	0.00237	0.00948	0.00646	0.00330	0.00876
13	0.00941	0.00740	0.00849	0.00822	0.01032	0.00648	0.00616	0.01201	0.01849	0.02420	0.37202	0.06244	0.39501	0.01671	0.00858	0.00237	0.00356	0.01429	0.00735	0.00648
14	0.01263	0.00631	0.00947	0.00947	0.00947	0.00631	0.00631	0.00947	0.00947	0.01263	0.01263	0.02210	0.01263	0.02525	0.02841	0.78851	0.00631	0.00631	0.00316	0.00316
15	0.01943	0.74891	0.03809	0.01244	0.01866	0.02876	0.01244	0.02177	0.01477	0.01710	0.01011	0.01166	0.00933	0.00622	0.00466	0.00155	0.00777	0.00389	0.00311	0.00933
16	0.01193	0.00939	0.01077	0.01053	0.01273	0.00946	0.00780	0.05066	0.15103	0.02507	0.19992	0.24530	0.19406	0.01661	0.00848	0.00254	0.00441	0.01446	0.00720	0.00763
17	0.02224	0.02192	0.02062	0.08727	0.09436	0.21597	0.01466	0.16697	0.22632	0.02828	0.01859	0.01942	0.01418	0.00835	0.00710	0.00220	0.00898	0.00652	0.00555	0.01049
18	0.01759	0.01686	0.02806	0.09545	0.49935	0.01738	0.07044	0.02437	0.11075	0.02423	0.01593	0.01951	0.01283	0.00699	0.00734	0.00225	0.00859	0.00688	0.00411	0.01110
19	0.01298	0.01054	0.01729	0.44671	0.03468	0.01269	0.01515	0.01551	0.01287	0.01685	0.01377	0.02135	0.01162	0.01842	0.11236	0.20045	0.01022	0.00661	0.00331	0.00662
20	0.01984	0.01316	0.01585	0.01509	0.06873	0.01371	0.01078	0.07939	0.25803	0.17622	0.10938	0.03264	0.06127	0.08037	0.01038	0.00279	0.00598	0.00895	0.00720	0.01024
21	0.07261	0.00748	0.00850	0.00914	0.01064	0.00733	0.00665	0.01403	0.01449	0.02306	0.03085	0.36238	0.03278	0.01567	0.00733	0.00241	0.00424	0.05501	0.27899	0.03642
