[name]
unknown

[dist]
# distance from previous block
# <min> <max>
0	26

[block]
# block no. 0 follows, 33 sequences, length 13
# corresponding to MSA columns:
# 26-38
name=unknown_A
#
# <colnr> <probs for GDERKNQSTAVLIFYWHMCP>
#	G	D	E	R	K	N	Q	S	T	A	V	L	I	F	Y	W	H	M	C	P
0	0.26802	0.01470	0.01731	0.01494	0.04353	0.06686	0.11180	0.09340	0.04130	0.02514	0.04492	0.02307	0.08129	0.00880	0.00773	0.00219	0.08311	0.03947	0.00455	0.00788
1	0.04195	0.01402	0.01519	0.01261	0.01627	0.12883	0.06215	0.06907	0.01686	0.19248	0.05086	0.10299	0.07787	0.06120	0.02942	0.00251	0.00699	0.00822	0.00554	0.08496
2	0.07614	0.01434	0.08289	0.01099	0.01681	0.01088	0.00972	0.08468	0.01543	0.02423	0.04675	0.01540	0.01212	0.00582	0.00526	0.00132	0.00550	0.00456	0.00423	0.55295
3	0.08625	0.00752	0.00838	0.00816	0.01030	0.00686	0.00604	0.01172	0.01475	0.02102	0.19999	0.22491	0.26285	0.01474	0.00729	0.00216	0.00372	0.01266	0.00596	0.08471
4	0.01742	0.07371	0.02245	0.01961	0.13897	0.05882	0.13091	0.13814	0.07653	0.05160	0.01952	0.06883	0.05974	0.00812	0.00660	0.00194	0.00732	0.00726	0.00473	0.08778
5	0.01274	0.01287	0.08033	0.01123	0.01396	0.08094	0.00933	0.01791	0.12002	0.04947	0.25367	0.16809	0.05988	0.03324	0.04392	0.00270	0.00594	0.01063	0.00588	0.00726
6	0.02028	0.01783	0.01953	0.09135	0.12434	0.17147	0.03866	0.07683	0.16334	0.13333	0.01701	0.01804	0.01271	0.00765	0.00750	0.00207	0.05765	0.00603	0.00496	0.00943
7	0.01465	0.01404	0.08294	0.01265	0.01653	0.01289	0.02846	0.13664	0.23610	0.02648	0.12515	0.13172	0.06822	0.01095	0.00702	0.00214	0.00551	0.00937	0.00602	0.05250
8	0.01267	0.00773	0.01030	0.08201	0.01434	0.00729	0.00777	0.01491	0.01557	0.15152	0.18465	0.26465	0.17155	0.01464	0.00764	0.00229	0.00439	0.01282	0.00642	0.00685
9	0.01431	0.10419	0.01411	0.01058	0.01312	0.08069	0.00827	0.08321	0.01781	0.06753	0.29392	0.20300	0.03818	0.01265	0.00712	0.00208	0.00516	0.01081	0.00606	0.00722
10	0.02117	0.07921	0.02086	0.15975	0.07929	0.36534	0.01422	0.14361	0.01910	0.02110	0.01156	0.01390	0.00916	0.00679	0.00609	0.00184	0.00979	0.00492	0.00381	0.00848
11	0.00802	0.00573	0.00764	0.00917	0.00955	0.00535	0.00611	0.00917	0.01260	0.01681	0.03628	0.76434	0.04354	0.02062	0.00840	0.00267	0.00382	0.01872	0.00611	0.00535
12	0.13289	0.01643	0.10501	0.08075	0.13562	0.03928	0.01379	0.13931	0.03681	0.12825	0.01722	0.09553	0.01426	0.00837	0.00635	0.00209	0.00697	0.00688	0.00497	0.00921

[dist]
# distance from previous block
# <min> <max>
0	2

[block]
# block no. 1 follows, 33 sequences, length 17
# corresponding to MSA columns:
# 41-57
name=unknown_B
#
# <colnr> <probs for GDERKNQSTAVLIFYWHMCP>
#	G	D	E	R	K	N	Q	S	T	A	V	L	I	F	Y	W	H	M	C	P
0	0.01743	0.23248	0.16830	0.01474	0.04954	0.07633	0.01376	0.08059	0.07621	0.04638	0.01307	0.01423	0.01027	0.00629	0.00549	0.00165	0.00742	0.00468	0.00392	0.15721
1	0.00997	0.00807	0.01197	0.01140	0.01293	0.00829	0.07289	0.01328	0.07182	0.01736	0.02789	0.31989	0.05978	0.09526	0.22179	0.00519	0.00882	0.01230	0.00496	0.00615
2	0.58666	0.11735	0.01438	0.01028	0.01446	0.12824	0.00854	0.02047	0.01264	0.02559	0.00932	0.01086	0.00751	0.00615	0.00438	0.00190	0.00640	0.00366	0.00380	0.00738
3	0.00877	0.00645	0.00745	0.00755	0.00860	0.00596	0.00507	0.01011	0.01361	0.01783	0.19262	0.14909	0.24241	0.27626	0.01675	0.00369	0.00440	0.01262	0.00563	0.00513
4	0.03733	0.07190	0.02303	0.02074	0.15639	0.16927	0.12220	0.10797	0.01802	0.05291	0.07186	0.01774	0.01431	0.00689	0.00634	0.00183	0.00825	0.00596	0.00430	0.08277
5	0.02027	0.12714	0.16719	0.01463	0.02036	0.13180	0.01390	0.17917	0.05319	0.10744	0.01469	0.01549	0.01092	0.00847	0.03304	0.00215	0.00840	0.00517	0.00467	0.06190
6	0.12627	0.02052	0.15789	0.01703	0.08605	0.07189	0.01447	0.27865	0.02103	0.12217	0.01473	0.01537	0.01049	0.00710	0.00614	0.00199	0.00764	0.00537	0.00516	0.01003
7	0.02226	0.01593	0.01606	0.01288	0.01703	0.07603	0.01036	0.42245	0.02455	0.09884	0.01759	0.01899	0.01311	0.04171	0.00735	0.00207	0.00663	0.00605	0.16050	0.00960
8	0.00957	0.00638	0.00718	0.00718	0.00718	0.00638	0.00399	0.00957	0.00957	0.01276	0.02074	0.04308	0.02393	0.76864	0.03351	0.00638	0.00638	0.00957	0.00399	0.00399
9	0.01304	0.01232	0.02084	0.64078	0.15264	0.01479	0.01859	0.01735	0.01345	0.01756	0.01181	0.01735	0.00904	0.00647	0.00657	0.00216	0.00863	0.00585	0.00298	0.00780
10	0.00927	0.00625	0.00727	0.00757	0.00764	0.00618	0.00440	0.00949	0.01016	0.01355	0.02378	0.18383	0.02776	0.62267	0.02861	0.00566	0.00588	0.01136	0.00440	0.00425
11	0.50754	0.13506	0.01638	0.01313	0.08034	0.11648	0.00975	0.02044	0.01292	0.02474	0.00960	0.01135	0.00783	0.00611	0.00458	0.00188	0.00658	0.00386	0.00371	0.00771
12	0.02025	0.01901	0.01532	0.01355	0.01683	0.29520	0.01038	0.11196	0.09132	0.10607	0.13811	0.09100	0.02330	0.00973	0.00672	0.00198	0.00762	0.00771	0.00561	0.00834
13	0.00937	0.00695	0.00883	0.00917	0.01038	0.00675	0.00656	0.01300	0.08044	0.02205	0.34035	0.37870	0.04960	0.01636	0.00796	0.00237	0.00363	0.01465	0.00667	0.00620
14	0.02238	0.01441	0.01626	0.01337	0.01788	0.01550	0.01075	0.20793	0.33873	0.23290	0.02371	0.02168	0.01670	0.00844	0.00665	0.00211	0.00585	0.00681	0.00708	0.01085
15	0.00855	0.00634	0.00784	0.00864	0.00969	0.00585	0.00619	0.01015	0.01385	0.01804	0.11576	0.37142	0.20607	0.08795	0.01059	0.00289	0.00413	0.09457	0.00603	0.00545
16	0.16585	0.12245	0.38929	0.01545	0.02246	0.01741	0.01758	0.08318	0.01462	0.02333	0.01111	0.01308	0.00841	0.00669	0.00674	0.00204	0.06330	0.00461	0.00339	0.00902

[dist]
# distance from previous block
# <min> <max>
0	1

[block]
# block no. 2 follows, 33 sequences, length 17
# corresponding to MSA columns:
# 59-75
name=unknown_C
#
# <colnr> <probs for GDERKNQSTAVLIFYWHMCP>
#	G	D	E	R	K	N	Q	S	T	A	V	L	I	F	Y	W	H	M	C	P
0	0.01811	0.60532	0.05334	0.01171	0.01718	0.02379	0.01145	0.10871	0.01571	0.01958	0.01083	0.01218	0.00930	0.00607	0.00462	0.00151	0.00692	0.00403	0.05094	0.00871
1	0.01476	0.01378	0.02284	0.40082	0.34645	0.01536	0.01885	0.05221	0.01485	0.02011	0.01221	0.01691	0.00963	0.00633	0.00655	0.00208	0.00828	0.00586	0.00325	0.00888
2	0.01196	0.01090	0.01196	0.01144	0.01225	0.09645	0.00846	0.01329	0.01144	0.01501	0.01840	0.12282	0.01963	0.22623	0.24088	0.00600	0.14459	0.00868	0.00385	0.00575
3	0.00863	0.00648	0.00800	0.00809	0.00953	0.00584	0.00589	0.01091	0.01630	0.02199	0.39785	0.22313	0.22133	0.01596	0.00792	0.00225	0.00333	0.01402	0.00670	0.00584
4	0.11692	0.00810	0.00830	0.00768	0.00984	0.00839	0.00593	0.06926	0.01596	0.02696	0.18689	0.02793	0.02595	0.00887	0.00544	0.00176	0.00367	0.00716	0.44831	0.00668
5	0.00885	0.00656	0.00825	0.00814	0.00963	0.00596	0.00599	0.01140	0.01707	0.02342	0.50360	0.16299	0.17354	0.01513	0.00787	0.00219	0.00326	0.01331	0.00687	0.00596
6	0.01647	0.01590	0.02407	0.20865	0.47143	0.06296	0.01875	0.06437	0.01583	0.02133	0.01230	0.01628	0.00995	0.00623	0.00650	0.00200	0.00828	0.00576	0.00340	0.00955
7	0.01646	0.28553	0.32942	0.01529	0.02189	0.01912	0.01709	0.02089	0.01370	0.08688	0.01184	0.01363	0.00918	0.00691	0.00758	0.00195	0.10555	0.00468	0.00332	0.00910
8	0.01689	0.11426	0.01958	0.01386	0.01813	0.10559	0.08008	0.10549	0.19161	0.02428	0.10425	0.02362	0.06092	0.00838	0.00639	0.00189	0.00672	0.00696	0.00519	0.08591
9	0.12020	0.14835	0.19116	0.01445	0.05377	0.04527	0.01359	0.12135	0.01681	0.02473	0.09992	0.01759	0.01554	0.00714	0.00573	0.00182	0.00700	0.00543	0.00423	0.08592
10	0.15412	0.01609	0.04611	0.01220	0.01651	0.10389	0.01002	0.12270	0.15254	0.02653	0.07958	0.04869	0.01735	0.00802	0.00594	0.00185	0.00621	0.00622	0.00514	0.16027
11	0.02100	0.25614	0.17534	0.01444	0.02033	0.17382	0.01413	0.07061	0.01689	0.15855	0.01368	0.01422	0.01015	0.00666	0.00565	0.00178	0.00838	0.00473	0.00423	0.00927
12	0.27357	0.02318	0.18848	0.01556	0.02122	0.17954	0.08026	0.10430	0.01633	0.02507	0.01123	0.01302	0.00849	0.00646	0.00567	0.00198	0.00856	0.00472	0.00384	0.00852
13	0.11668	0.08377	0.01457	0.10741	0.01756	0.01300	0.00978	0.01808	0.14140	0.02048	0.02203	0.27034	0.02245	0.01188	0.00762	0.00225	0.05752	0.00988	0.00488	0.04841
14	0.01760	0.01643	0.11279	0.01600	0.02084	0.01453	0.13889	0.19270	0.08901	0.09372	0.01766	0.02150	0.01397	0.08702	0.11342	0.00371	0.00930	0.00686	0.00497	0.00905
15	0.01006	0.01042	0.08122	0.01125	0.01365	0.00836	0.07050	0.01284	0.01490	0.02049	0.27040	0.17799	0.12053	0.10424	0.01138	0.00277	0.03527	0.01185	0.00555	0.00632
16	0.01377	0.00841	0.01037	0.00905	0.01164	0.00759	0.00683	0.04623	0.01684	0.14846	0.29052	0.08310	0.12720	0.10175	0.01032	0.00252	0.00436	0.01032	0.00645	0.08427

[dist]
# distance from previous block
# <min> <max>
10	25

[block]
# block no. 3 follows, 33 sequences, length 26
# corresponding to MSA columns:
# 102-127
name=unknown_D
#
# <colnr> <probs for GDERKNQSTAVLIFYWHMCP>
#	G	D	E	R	K	N	Q	S	T	A	V	L	I	F	Y	W	H	M	C	P
0	0.01275	0.01200	0.01979	0.50815	0.19284	0.01380	0.01717	0.01672	0.01378	0.01797	0.01821	0.02257	0.09192	0.00759	0.00671	0.00214	0.00793	0.00678	0.00337	0.00780
1	0.01623	0.01492	0.02373	0.12556	0.49844	0.01512	0.01787	0.07737	0.01595	0.02259	0.01251	0.01611	0.01020	0.00601	0.00634	0.00187	0.00755	0.00564	0.00357	0.10239
2	0.01370	0.01185	0.01417	0.01139	0.01556	0.01143	0.00908	0.01953	0.15342	0.02124	0.01520	0.01757	0.01261	0.01242	0.10689	0.00273	0.08623	0.00523	0.00430	0.45543
3	0.01219	0.01003	0.01358	0.07764	0.09892	0.01057	0.01162	0.01832	0.15240	0.02096	0.03278	0.05162	0.11635	0.01377	0.00795	0.00258	0.00598	0.32967	0.00560	0.00746
4	0.01615	0.01606	0.02910	0.03792	0.59156	0.01584	0.15431	0.02038	0.01510	0.02143	0.01257	0.01658	0.01034	0.00580	0.00676	0.00201	0.00846	0.00624	0.00327	0.01012
5	0.11269	0.01137	0.01468	0.01139	0.01637	0.01021	0.00941	0.03074	0.01803	0.65777	0.02419	0.02117	0.01533	0.00793	0.00635	0.00204	0.00555	0.00630	0.00772	0.01077
6	0.01390	0.15145	0.62325	0.01757	0.02665	0.01700	0.02225	0.02067	0.01382	0.02000	0.01139	0.01337	0.00836	0.00616	0.00593	0.00198	0.00930	0.00465	0.00279	0.00953
7	0.09153	0.01394	0.01593	0.01270	0.01724	0.01442	0.01032	0.32993	0.02290	0.28075	0.02119	0.10422	0.01639	0.00931	0.00660	0.00208	0.00609	0.00745	0.00687	0.01018
8	0.11592	0.01115	0.01370	0.01111	0.01543	0.01065	0.00901	0.02832	0.10678	0.46553	0.11866	0.02495	0.02193	0.00873	0.00649	0.00207	0.00516	0.00709	0.00737	0.00996
9	0.00810	0.00643	0.00733	0.00797	0.00951	0.00566	0.00585	0.00971	0.01421	0.01762	0.05381	0.29914	0.43847	0.01812	0.00810	0.00244	0.00373	0.07217	0.00611	0.00553
10	0.01046	0.00857	0.01164	0.01328	0.07274	0.00887	0.00983	0.01282	0.01427	0.01859	0.03892	0.13275	0.22131	0.01625	0.00983	0.00266	0.08864	0.29673	0.00549	0.00634
11	0.01833	0.02094	0.01958	0.01716	0.01847	0.29822	0.01375	0.01987	0.01338	0.01595	0.00923	0.01343	0.00858	0.00970	0.01557	0.00242	0.46980	0.00518	0.00308	0.00737
12	0.01365	0.01170	0.01365	0.00975	0.01560	0.00878	0.00780	0.01658	0.01365	0.02145	0.01170	0.01365	0.00975	0.00488	0.00488	0.00098	0.00488	0.00390	0.00390	0.80888
13	0.01651	0.01586	0.01523	0.03566	0.05499	0.15194	0.01078	0.08457	0.25938	0.02397	0.10500	0.07217	0.07612	0.01015	0.00742	0.00213	0.03573	0.00822	0.00560	0.00857
14	0.01527	0.31498	0.32976	0.01723	0.06484	0.02000	0.03471	0.01985	0.01340	0.01830	0.01052	0.01290	0.00858	0.00653	0.00715	0.00190	0.08766	0.00457	0.00285	0.00899
15	0.01652	0.08080	0.01696	0.01408	0.07639	0.19731	0.00996	0.01922	0.03530	0.01859	0.01283	0.01749	0.01161	0.10949	0.00918	0.00205	0.00730	0.00500	0.00372	0.33621
16	0.00893	0.00747	0.00787	0.00763	0.00991	0.00680	0.00576	0.01261	0.08972	0.02014	0.16324	0.05708	0.54871	0.01536	0.00766	0.00220	0.00350	0.01291	0.00635	0.00617
17	0.00832	0.00635	0.00764	0.00804	0.00940	0.00567	0.00575	0.01022	0.01520	0.01995	0.24794	0.31077	0.28665	0.01715	0.00800	0.00234	0.00344	0.01504	0.00644	0.00567
18	0.02490	0.01005	0.01341	0.01065	0.01487	0.00882	0.00866	0.02758	0.01828	0.55927	0.12241	0.02635	0.02272	0.00883	0.00657	0.00199	0.00499	0.00730	0.09238	0.00997
19	0.00818	0.00597	0.00770	0.00878	0.00952	0.00549	0.00601	0.00965	0.01370	0.01824	0.13499	0.59087	0.11824	0.01921	0.00825	0.00254	0.00367	0.01726	0.00627	0.00549
20	0.01380	0.01343	0.02377	0.48323	0.22199	0.01512	0.09800	0.01820	0.01391	0.01854	0.01207	0.01725	0.00935	0.00628	0.00670	0.00213	0.00880	0.00608	0.00306	0.00831
21	0.39461	0.01191	0.01267	0.01029	0.01491	0.01204	0.00849	0.02617	0.01529	0.40563	0.01816	0.01696	0.01204	0.00720	0.00544	0.00204	0.00537	0.00520	0.00625	0.00931
22	0.01609	0.01422	0.02101	0.16423	0.22980	0.01598	0.04026	0.13987	0.07781	0.02364	0.03372	0.01874	0.01281	0.01111	0.07053	0.00287	0.08774	0.00634	0.00417	0.00907
23	0.01620	0.01129	0.01214	0.01068	0.01389	0.07089	0.00825	0.04416	0.07548	0.17461	0.05189	0.13589	0.15137	0.01548	0.08250	0.00290	0.00656	0.00944	0.00590	0.10045
24	0.01609	0.19913	0.36779	0.01990	0.11978	0.01846	0.04589	0.09966	0.01596	0.02210	0.01180	0.01383	0.00904	0.00622	0.00592	0.00190	0.00862	0.00493	0.00331	0.00967
25	0.29252	0.05917	0.05252	0.01268	0.01706	0.27121	0.01052	0.05600	0.01563	0.02319	0.03606	0.01326	0.01023	0.00654	0.00520	0.00176	0.00783	0.00433	0.00392	0.10035

[dist]
# distance from previous block
# <min> <max>
0	2

[block]
# block no. 4 follows, 33 sequences, length 11
# corresponding to MSA columns:
# 130-140
name=unknown_E
#
# <colnr> <probs for GDERKNQSTAVLIFYWHMCP>
#	G	D	E	R	K	N	Q	S	T	A	V	L	I	F	Y	W	H	M	C	P
0	0.37371	0.01685	0.01689	0.01389	0.01832	0.11241	0.10101	0.11527	0.12556	0.02794	0.01350	0.01464	0.01026	0.00681	0.00556	0.00204	0.00709	0.00513	0.00463	0.00849
1	0.01190	0.01055	0.01657	0.01383	0.01595	0.01176	0.13330	0.01467	0.01320	0.01918	0.08160	0.02920	0.12800	0.01785	0.14695	0.00382	0.19158	0.00820	0.12515	0.00676
2	0.01267	0.00932	0.01079	0.01018	0.01186	0.00987	0.00739	0.12419	0.10394	0.02171	0.08665	0.15931	0.02872	0.27002	0.05281	0.00412	0.00619	0.05811	0.00551	0.00662
3	0.00860	0.00653	0.00792	0.00794	0.00949	0.00585	0.00582	0.01090	0.01640	0.02196	0.39323	0.18475	0.26510	0.01577	0.00789	0.00223	0.00331	0.01377	0.00669	0.00585
4	0.01554	0.01776	0.03885	0.02775	0.03441	0.01665	0.70366	0.02109	0.01554	0.02109	0.01332	0.01776	0.00999	0.00555	0.00777	0.00222	0.01110	0.00777	0.00333	0.00888
5	0.00893	0.00671	0.00826	0.00787	0.00959	0.00605	0.00590	0.01167	0.01771	0.02420	0.55663	0.05279	0.23095	0.01428	0.00777	0.00211	0.00316	0.01241	0.00696	0.00605
6	0.00918	0.00630	0.00766	0.00803	0.00825	0.00633	0.00496	0.00971	0.01042	0.01402	0.02421	0.21753	0.02792	0.50828	0.10378	0.00593	0.00697	0.01154	0.00446	0.00452
7	0.05386	0.12309	0.01930	0.01506	0.01814	0.47434	0.01174	0.02236	0.01624	0.01664	0.01268	0.09297	0.01221	0.00852	0.00730	0.00188	0.07683	0.00581	0.00359	0.00743
8	0.00796	0.00598	0.00738	0.00851	0.00938	0.00540	0.00582	0.00924	0.01324	0.01706	0.04432	0.57920	0.22350	0.01958	0.00824	0.00255	0.00369	0.01744	0.00611	0.00540
9	0.01384	0.18104	0.47936	0.01610	0.02378	0.01678	0.01926	0.02031	0.04676	0.01947	0.01261	0.01501	0.00979	0.01090	0.08521	0.00287	0.00982	0.00495	0.00305	0.00909
10	0.01866	0.01574	0.01594	0.01372	0.01763	0.05426	0.01075	0.20410	0.47033	0.02977	0.02284	0.02260	0.01742	0.04629	0.00796	0.00235	0.00613	0.00700	0.00637	0.01015

[dist]
# distance from previous block
# <min> <max>
0	2

[block]
# block no. 5 follows, 33 sequences, length 37
# corresponding to MSA columns:
# 143-179
name=unknown_F
#
# <colnr> <probs for GDERKNQSTAVLIFYWHMCP>
#	G	D	E	R	K	N	Q	S	T	A	V	L	I	F	Y	W	H	M	C	P
0	0.01506	0.01472	0.02275	0.30313	0.39083	0.06003	0.01851	0.01897	0.01455	0.01933	0.01320	0.01960	0.01116	0.00685	0.00664	0.00209	0.00833	0.04210	0.00329	0.00886
1	0.00851	0.00630	0.00790	0.00899	0.00996	0.00584	0.00650	0.01002	0.01339	0.01727	0.04188	0.44409	0.19394	0.06585	0.00994	0.00286	0.00426	0.13109	0.00597	0.00543
2	0.59960	0.01198	0.01006	0.00883	0.01264	0.01351	0.00721	0.06210	0.01324	0.06720	0.01239	0.01378	0.00938	0.00657	0.00445	0.00196	0.00494	0.00427	0.12843	0.00745
3	0.01841	0.05674	0.12509	0.01357	0.01834	0.01472	0.01238	0.13118	0.21708	0.15118	0.02011	0.02069	0.01499	0.01520	0.13655	0.00357	0.00857	0.00639	0.00558	0.00967
4	0.01544	0.01022	0.01383	0.01226	0.01352	0.01192	0.00951	0.01684	0.01234	0.17388	0.01985	0.13895	0.01943	0.17312	0.06358	0.00387	0.27075	0.00883	0.00482	0.00705
5	0.01696	0.01667	0.02406	0.01952	0.06096	0.12588	0.27047	0.02177	0.06977	0.07388	0.05877	0.05619	0.01611	0.02494	0.00749	0.00206	0.00841	0.00733	0.00442	0.11436
6	0.00947	0.00653	0.00794	0.00845	0.00892	0.00642	0.00568	0.01037	0.01155	0.01528	0.04804	0.16148	0.05217	0.46365	0.02339	0.00491	0.00573	0.14042	0.00488	0.00471
7	0.08183	0.16747	0.04609	0.01554	0.07145	0.17066	0.01222	0.18350	0.04292	0.04578	0.01265	0.01379	0.00992	0.00659	0.00560	0.00172	0.00777	0.00473	0.00436	0.09540
8	0.01386	0.08687	0.58353	0.01948	0.02847	0.01629	0.11977	0.02080	0.01409	0.02048	0.01183	0.01420	0.00858	0.00611	0.00632	0.00205	0.00972	0.00518	0.00286	0.00951
9	0.01738	0.07255	0.07425	0.06169	0.07658	0.04062	0.03307	0.20883	0.01825	0.04177	0.01408	0.01765	0.01150	0.05207	0.08563	0.00296	0.02764	0.00566	0.00437	0.13344
10	0.00879	0.00679	0.00807	0.00799	0.00983	0.00607	0.00615	0.01126	0.01669	0.02195	0.36586	0.05798	0.34739	0.01535	0.00791	0.00224	0.00352	0.08362	0.00663	0.00591
11	0.01207	0.01039	0.01019	0.00949	0.01151	0.09824	0.00715	0.04196	0.03966	0.02445	0.44583	0.06345	0.11620	0.01238	0.00724	0.00202	0.00446	0.01056	0.06614	0.00662
12	0.00946	0.00682	0.00940	0.00940	0.01017	0.00759	0.00676	0.01100	0.01023	0.01441	0.01871	0.03184	0.01905	0.29889	0.49658	0.00912	0.01373	0.00793	0.00369	0.00522
13	0.01144	0.00572	0.00858	0.00858	0.00858	0.00572	0.00572	0.00858	0.00858	0.01144	0.01144	0.02001	0.01144	0.02287	0.02573	0.80846	0.00572	0.00572	0.00286	0.00286
14	0.01510	0.01449	0.02309	0.36000	0.37476	0.04029	0.01885	0.03921	0.01477	0.01980	0.01210	0.01669	0.00964	0.00628	0.00653	0.00205	0.00837	0.00580	0.00321	0.00895
15	0.01144	0.00572	0.00858	0.00858	0.00858	0.00572	0.00572	0.00858	0.00858	0.01144	0.01144	0.02001	0.01144	0.02287	0.02573	0.80846	0.00572	0.00572	0.00286	0.00286
16	0.00858	0.00624	0.00752	0.00805	0.00929	0.00566	0.00572	0.01046	0.01472	0.01984	0.19932	0.35450	0.23117	0.01693	0.00780	0.00233	0.00347	0.01489	0.06786	0.00566
17	0.11135	0.01886	0.01702	0.01420	0.01827	0.19546	0.01134	0.20934	0.09826	0.16012	0.01628	0.01638	0.01184	0.00786	0.00729	0.00202	0.06355	0.00554	0.00555	0.00948
18	0.01898	0.07552	0.05668	0.01353	0.01878	0.19996	0.03505	0.07344	0.04501	0.07603	0.01320	0.01440	0.01029	0.00616	0.00561	0.00150	0.00756	0.00465	0.00425	0.31941
19	0.01541	0.19817	0.02264	0.30061	0.09088	0.04199	0.01470	0.04839	0.11719	0.01963	0.01490	0.02003	0.01240	0.00741	0.00615	0.00201	0.00762	0.04760	0.00384	0.00841
20	0.01298	0.04210	0.17526	0.01314	0.04081	0.01220	0.01190	0.07013	0.15587	0.02274	0.10639	0.09681	0.13042	0.06922	0.00900	0.00248	0.00598	0.00921	0.00527	0.00809
21	0.00809	0.00598	0.00740	0.00849	0.00923	0.00547	0.00572	0.00926	0.01287	0.01670	0.04143	0.56275	0.18403	0.07736	0.01020	0.00287	0.00392	0.01701	0.00595	0.00529
22	0.07536	0.01033	0.01352	0.01077	0.01504	0.00925	0.00876	0.02701	0.01831	0.53439	0.17610	0.02746	0.02563	0.00917	0.00671	0.00204	0.00503	0.00757	0.00769	0.00986
23	0.00814	0.00640	0.00735	0.00771	0.00926	0.00562	0.00556	0.00992	0.01497	0.01910	0.18027	0.26821	0.39963	0.01724	0.00796	0.00233	0.00344	0.01495	0.00632	0.00562
24	0.00890	0.00671	0.00822	0.00784	0.00958	0.00603	0.00588	0.01162	0.01765	0.02406	0.54582	0.05302	0.24185	0.01433	0.00777	0.00211	0.00317	0.01244	0.00694	0.00603
25	0.12223	0.01304	0.01321	0.01178	0.01532	0.01488	0.00924	0.07993	0.46260	0.02838	0.02282	0.02207	0.01721	0.00829	0.00602	0.00208	0.00501	0.00661	0.12991	0.00938
26	0.07540	0.35697	0.28252	0.01403	0.02079	0.02015	0.01556	0.02196	0.09929	0.01994	0.01227	0.01349	0.00974	0.00630	0.00525	0.00180	0.00764	0.00449	0.00337	0.00905
27	0.01723	0.01767	0.07439	0.10937	0.30158	0.09429	0.01649	0.07535	0.11983	0.04351	0.01510	0.01766	0.01186	0.00909	0.04596	0.00247	0.00854	0.00594	0.00412	0.00955
28	0.10281	0.01874	0.06927	0.01375	0.01783	0.18275	0.01151	0.15477	0.05523	0.14429	0.01705	0.06366	0.01383	0.03650	0.03681	0.00252	0.03829	0.00637	0.00518	0.00882
29	0.00908	0.00672	0.00847	0.00803	0.00969	0.00611	0.00602	0.01196	0.01807	0.02507	0.62256	0.05137	0.16449	0.01396	0.00777	0.00209	0.00314	0.01221	0.00707	0.00611
30	0.00962	0.00689	0.01026	0.01026	0.01128	0.00791	0.00783	0.01136	0.01034	0.01480	0.01710	0.02584	0.01619	0.07082	0.64515	0.09233	0.01603	0.00700	0.00347	0.00550
31	0.01440	0.01440	0.02016	0.01728	0.01728	0.02016	0.01440	0.01584	0.01008	0.01584	0.00864	0.01440	0.00864	0.01152	0.02160	0.00288	0.75659	0.00576	0.00288	0.00720
32	0.01144	0.00572	0.00858	0.00858	0.00858	0.00572	0.00572	0.00858	0.00858	0.01144	0.01144	0.02001	0.01144	0.02287	0.02573	0.80846	0.00572	0.00572	0.00286	0.00286
33	0.01760	0.13312	0.04700	0.05353	0.01949	0.17940	0.01194	0.02712	0.31589	0.02158	0.01889	0.02145	0.01535	0.00813	0.00620	0.00198	0.00739	0.04784	0.00486	0.04124
34	0.00830	0.00653	0.00750	0.00760	0.00930	0.00572	0.00557	0.01032	0.01572	0.02030	0.26591	0.17883	0.40228	0.01635	0.00788	0.00225	0.00335	0.01410	0.00647	0.00572
35	0.36655	0.13383	0.09079	0.15742	0.02215	0.07717	0.01226	0.01995	0.01301	0.03962	0.01042	0.01273	0.00811	0.00625	0.00503	0.00195	0.00717	0.00427	0.00356	0.00778
36	0.04003	0.01800	0.17457	0.04364	0.04484	0.01425	0.01361	0.21373	0.07278	0.02692	0.02170	0.04646	0.08844	0.00887	0.00653	0.00200	0.00677	0.04004	0.00498	0.11182

[dist]
# distance from previous block
# <min> <max>
0	11

[block]
# block no. 6 follows, 33 sequences, length 14
# corresponding to MSA columns:
# 191-204
name=unknown_G
#
# <colnr> <probs for GDERKNQSTAVLIFYWHMCP>
#	G	D	E	R	K	N	Q	S	T	A	V	L	I	F	Y	W	H	M	C	P
0	0.01529	0.07427	0.22128	0.01378	0.01918	0.05687	0.01368	0.11341	0.14383	0.02415	0.07635	0.05200	0.09394	0.00911	0.00651	0.00201	0.00686	0.00734	0.00492	0.04522
1	0.01241	0.01038	0.01232	0.00962	0.01426	0.00802	0.00743	0.01494	0.01342	0.02043	0.01713	0.17945	0.01721	0.00835	0.00565	0.00135	0.00464	0.00717	0.00439	0.63141
2	0.01368	0.01419	0.07791	0.09922	0.11456	0.01338	0.08730	0.02233	0.23198	0.02308	0.12485	0.05571	0.05412	0.00940	0.00708	0.00219	0.00654	0.02862	0.00515	0.00870
3	0.01275	0.01142	0.01864	0.08678	0.38073	0.01159	0.01447	0.01573	0.01397	0.01948	0.04584	0.25014	0.02279	0.01331	0.05002	0.00270	0.00706	0.01014	0.00428	0.00818
4	0.00944	0.00730	0.00874	0.00871	0.01062	0.00684	0.00682	0.01296	0.05880	0.02229	0.33170	0.05705	0.28608	0.01514	0.00794	0.00230	0.00383	0.13061	0.00661	0.00621
5	0.01015	0.00643	0.00724	0.00736	0.00775	0.00643	0.00459	0.01093	0.01076	0.01544	0.02193	0.04200	0.02368	0.57328	0.02639	0.00524	0.00575	0.05909	0.15101	0.00454
6	0.03859	0.04766	0.49211	0.07206	0.02711	0.04589	0.02042	0.10046	0.01619	0.06090	0.01281	0.01459	0.00910	0.00657	0.00621	0.00204	0.00904	0.00506	0.00358	0.00960
7	0.01287	0.01200	0.02013	0.52473	0.19261	0.01397	0.01755	0.01684	0.01351	0.01785	0.01419	0.08832	0.01245	0.00776	0.00674	0.00219	0.00809	0.00708	0.00330	0.00781
8	0.02185	0.01795	0.20057	0.01385	0.01969	0.01293	0.01357	0.12138	0.08508	0.32803	0.02130	0.05325	0.01516	0.00825	0.00654	0.00207	0.00668	0.00668	0.03486	0.01030
9	0.63854	0.01384	0.01612	0.01287	0.01752	0.01518	0.16097	0.01974	0.01216	0.02767	0.01008	0.01225	0.00776	0.00599	0.00489	0.00208	0.00642	0.00449	0.00391	0.00752
10	0.01366	0.01355	0.04788	0.21448	0.30546	0.01340	0.05765	0.03629	0.01535	0.02091	0.09540	0.02546	0.09607	0.00814	0.00688	0.00208	0.00730	0.00750	0.00400	0.00852
11	0.00836	0.00587	0.00754	0.00873	0.00903	0.00558	0.00564	0.00926	0.01193	0.01591	0.03285	0.60504	0.03921	0.18583	0.01395	0.00349	0.00439	0.01670	0.00564	0.00505
12	0.02007	0.01049	0.01485	0.01291	0.04784	0.00946	0.06044	0.05240	0.01729	0.36508	0.03431	0.12769	0.17541	0.01136	0.00719	0.00217	0.00545	0.00983	0.00678	0.00898
13	0.01680	0.40018	0.30105	0.01460	0.02176	0.02126	0.01642	0.10143	0.01566	0.02062	0.01096	0.01246	0.00873	0.00614	0.00528	0.00173	0.00810	0.00432	0.00325	0.00926

[dist]
# distance from previous block
# <min> <max>
0	1

[block]
# block no. 7 follows, 33 sequences, length 11
# corresponding to MSA columns:
# 206-216
name=unknown_H
#
# <colnr> <probs for GDERKNQSTAVLIFYWHMCP>
#	G	D	E	R	K	N	Q	S	T	A	V	L	I	F	Y	W	H	M	C	P
0	0.14875	0.15281	0.02004	0.01355	0.01821	0.20090	0.01121	0.23836	0.02044	0.09781	0.01319	0.01375	0.00990	0.00696	0.00561	0.00182	0.00787	0.00478	0.00488	0.00918
1	0.01475	0.01173	0.01297	0.01139	0.01451	0.01270	0.00889	0.14277	0.29822	0.02877	0.26602	0.03472	0.09288	0.01095	0.00713	0.00213	0.00469	0.00925	0.00682	0.00871
2	0.01574	0.01719	0.03559	0.03115	0.22044	0.01638	0.52023	0.02085	0.01539	0.02120	0.01307	0.01736	0.01011	0.00563	0.00743	0.00215	0.01022	0.00726	0.00331	0.00929
3	0.00796	0.00648	0.00705	0.00733	0.00911	0.00557	0.00534	0.00964	0.01481	0.01831	0.11632	0.20873	0.52598	0.01723	0.00791	0.00230	0.00342	0.01473	0.00621	0.00557
4	0.00844	0.00653	0.00769	0.00775	0.00938	0.00578	0.00568	0.01058	0.01603	0.02105	0.32329	0.18069	0.34128	0.01609	0.00788	0.00224	0.00333	0.01395	0.00656	0.00578
5	0.31524	0.10956	0.01613	0.01188	0.01526	0.10692	0.00981	0.08730	0.01416	0.02342	0.01139	0.01437	0.00966	0.01445	0.13591	0.00349	0.08491	0.00472	0.00387	0.00755
6	0.00940	0.00705	0.01058	0.01058	0.01176	0.00823	0.00823	0.01176	0.01058	0.01528	0.01763	0.02586	0.01646	0.04937	0.74255	0.01058	0.01763	0.00705	0.00353	0.00588
7	0.07523	0.01446	0.02010	0.01523	0.02051	0.01432	0.12806	0.20935	0.04946	0.35380	0.02008	0.01920	0.01344	0.00754	0.00665	0.00206	0.00692	0.00647	0.00660	0.01052
8	0.01754	0.01324	0.01449	0.01242	0.01606	0.01461	0.00981	0.18901	0.35516	0.06394	0.15309	0.02694	0.02542	0.00942	0.00676	0.00210	0.00521	0.00780	0.04733	0.00964
9	0.01859	0.66767	0.03225	0.01207	0.01739	0.12743	0.01147	0.02064	0.01412	0.01558	0.00930	0.01075	0.00845	0.00580	0.00447	0.00145	0.00772	0.00362	0.00290	0.00833
10	0.01929	0.13081	0.02340	0.02396	0.31014	0.01686	0.01460	0.15391	0.05394	0.10645	0.01680	0.01805	0.03738	0.00700	0.00618	0.00187	0.00692	0.00590	0.00470	0.04183

[dist]
# distance from previous block
# <min> <max>
0	4

[block]
# block no. 8 follows, 33 sequences, length 12
# corresponding to MSA columns:
# 221-232
name=unknown_I
#
# <colnr> <probs for GDERKNQSTAVLIFYWHMCP>
#	G	D	E	R	K	N	Q	S	T	A	V	L	I	F	Y	W	H	M	C	P
0	0.05299	0.17633	0.14223	0.01457	0.01997	0.10287	0.03894	0.11838	0.14238	0.07456	0.01621	0.04484	0.01282	0.00755	0.00600	0.00193	0.00760	0.00584	0.00467	0.00934
1	0.07023	0.01422	0.01930	0.07805	0.02204	0.09558	0.16073	0.03887	0.01584	0.11539	0.02009	0.07680	0.01831	0.00976	0.00709	0.00220	0.00771	0.14666	0.00488	0.07626
2	0.01483	0.01427	0.02487	0.16442	0.48544	0.01467	0.07640	0.01873	0.01451	0.02023	0.01438	0.08043	0.01292	0.00723	0.00680	0.00208	0.00793	0.00712	0.00345	0.00931
3	0.01144	0.00572	0.00858	0.00858	0.00858	0.00572	0.00572	0.00858	0.00858	0.01144	0.01144	0.02001	0.01144	0.02287	0.02573	0.80846	0.00572	0.00572	0.00286	0.00286
4	0.01549	0.00708	0.00784	0.00718	0.00937	0.00680	0.00555	0.01846	0.01474	0.15644	0.02231	0.02415	0.01677	0.00776	0.00498	0.00163	0.00354	0.00623	0.65662	0.00708
5	0.00859	0.00639	0.00809	0.00903	0.01016	0.00590	0.00667	0.01042	0.01433	0.01872	0.12751	0.39801	0.19634	0.01843	0.00831	0.00256	0.00402	0.13465	0.00624	0.00563
6	0.00822	0.00601	0.00774	0.00873	0.00953	0.00552	0.00600	0.00978	0.01394	0.01862	0.16194	0.55887	0.12300	0.01891	0.00822	0.00252	0.00364	0.01697	0.00631	0.00552
7	0.01542	0.01037	0.01171	0.01083	0.01344	0.01109	0.00849	0.08005	0.23155	0.08476	0.02532	0.03507	0.02207	0.11386	0.01034	0.00276	0.00529	0.12845	0.17114	0.00801
8	0.66719	0.01255	0.01017	0.00895	0.01287	0.01437	0.00733	0.07693	0.01314	0.03004	0.01097	0.01253	0.00846	0.00642	0.00434	0.00198	0.00507	0.00402	0.08531	0.00737
9	0.00790	0.00650	0.00694	0.00719	0.00905	0.00555	0.00526	0.00954	0.01474	0.01801	0.09188	0.18840	0.57183	0.01723	0.00789	0.00230	0.00341	0.01467	0.00617	0.00555
10	0.01690	0.01204	0.01395	0.01186	0.01490	0.01336	0.00948	0.32607	0.02024	0.02843	0.01749	0.02172	0.01440	0.04946	0.27492	0.00519	0.01037	0.00649	0.12445	0.00826
11	0.01674	0.01333	0.01467	0.01244	0.01635	0.01408	0.00973	0.21362	0.26807	0.02833	0.02280	0.15806	0.02013	0.01010	0.00666	0.00202	0.00546	0.00849	0.00606	0.15287

[dist]
# distance from previous block
# <min> <max>
3	13

[block]
# block no. 9 follows, 33 sequences, length 34
# corresponding to MSA columns:
# 246-279
name=unknown_J
#
# <colnr> <probs for GDERKNQSTAVLIFYWHMCP>
#	G	D	E	R	K	N	Q	S	T	A	V	L	I	F	Y	W	H	M	C	P
0	0.01842	0.01462	0.01575	0.01330	0.01727	0.01639	0.01057	0.26578	0.38095	0.03225	0.11892	0.02489	0.02277	0.00920	0.00681	0.00212	0.00563	0.00753	0.00673	0.01011
1	0.00854	0.00676	0.00772	0.00767	0.00960	0.00595	0.00587	0.01081	0.01627	0.02091	0.29097	0.05935	0.44041	0.01569	0.00788	0.00224	0.00348	0.06755	0.00650	0.00582
2	0.01649	0.47469	0.10960	0.06002	0.10261	0.02192	0.03547	0.02097	0.06877	0.01798	0.01149	0.01333	0.00965	0.00604	0.00516	0.00168	0.00752	0.00452	0.00319	0.00892
3	0.81514	0.01273	0.00968	0.00866	0.01273	0.01477	0.00713	0.01935	0.01120	0.02954	0.00917	0.01069	0.00713	0.00611	0.00407	0.00204	0.00509	0.00356	0.00407	0.00713
4	0.01925	0.07407	0.02141	0.01555	0.01963	0.01671	0.11263	0.25970	0.02001	0.10501	0.04860	0.02023	0.03554	0.01279	0.08653	0.00302	0.10828	0.00669	0.00518	0.00915
5	0.00904	0.00676	0.00861	0.00972	0.01108	0.00634	0.00768	0.01111	0.01433	0.01828	0.04401	0.28458	0.22756	0.01853	0.00852	0.00270	0.00462	0.29475	0.00609	0.00570
6	0.01514	0.01693	0.03655	0.02648	0.03272	0.01591	0.64740	0.02048	0.01551	0.02098	0.01507	0.02234	0.01225	0.00658	0.00788	0.00229	0.01069	0.06260	0.00355	0.00865
7	0.00802	0.00573	0.00764	0.00917	0.00955	0.00535	0.00611	0.00917	0.01260	0.01681	0.03628	0.76434	0.04354	0.02062	0.00840	0.00267	0.00382	0.01872	0.00611	0.00535
8	0.00943	0.00696	0.01008	0.01008	0.01109	0.00796	0.00761	0.01144	0.01043	0.01491	0.01809	0.02838	0.01755	0.15474	0.63868	0.00997	0.01599	0.00742	0.00359	0.00560
9	0.02503	0.01844	0.01976	0.01515	0.02042	0.02042	0.01251	0.70562	0.03095	0.04149	0.01581	0.01581	0.01120	0.00790	0.00659	0.00198	0.00724	0.00593	0.00659	0.01120
10	0.01235	0.00866	0.01026	0.01015	0.01213	0.00902	0.00789	0.01884	0.18725	0.04699	0.15933	0.11804	0.03379	0.05768	0.00883	0.00255	0.00459	0.15191	0.13258	0.00715
11	0.01357	0.14690	0.56655	0.01674	0.02517	0.01623	0.02082	0.01999	0.01420	0.02046	0.06922	0.01624	0.01272	0.00674	0.00606	0.00198	0.00877	0.00523	0.00315	0.00924
12	0.01318	0.01211	0.02011	0.24605	0.35334	0.01290	0.01629	0.01658	0.01388	0.01899	0.01784	0.19399	0.01778	0.00958	0.00698	0.00220	0.00716	0.00891	0.00384	0.00829
13	0.01514	0.01495	0.02304	0.31238	0.36649	0.05859	0.01856	0.01891	0.01412	0.01893	0.01170	0.01637	0.00953	0.00664	0.00769	0.00210	0.06716	0.00576	0.00311	0.00881
14	0.01453	0.01536	0.03104	0.02781	0.19480	0.01463	0.43150	0.01900	0.01495	0.02051	0.01672	0.13530	0.01539	0.00800	0.00757	0.00223	0.00917	0.00905	0.00375	0.00869
15	0.01567	0.01654	0.03069	0.02306	0.02714	0.01819	0.40341	0.05961	0.01440	0.02032	0.01171	0.01638	0.00955	0.00794	0.01291	0.00245	0.29139	0.00690	0.00335	0.00838
16	0.01554	0.01776	0.03885	0.02775	0.03441	0.01665	0.70366	0.02109	0.01554	0.02109	0.01332	0.01776	0.00999	0.00555	0.00777	0.00222	0.01110	0.00777	0.00333	0.00888
17	0.01087	0.00969	0.01561	0.01341	0.01583	0.00936	0.17148	0.01482	0.08759	0.01853	0.03175	0.31642	0.12122	0.11822	0.01144	0.00297	0.00598	0.01303	0.00522	0.00656
18	0.00815	0.00607	0.00732	0.00824	0.00907	0.00554	0.00554	0.00929	0.01287	0.01655	0.04252	0.48235	0.22542	0.11527	0.01145	0.00303	0.00402	0.01624	0.00584	0.00523
19	0.01358	0.03145	0.62348	0.02020	0.02944	0.01551	0.13276	0.02089	0.01416	0.02089	0.01205	0.01451	0.00860	0.00614	0.00650	0.00211	0.00995	0.00533	0.00287	0.00959
20	0.81514	0.01273	0.00968	0.00866	0.01273	0.01477	0.00713	0.01935	0.01120	0.02954	0.00917	0.01069	0.00713	0.00611	0.00407	0.00204	0.00509	0.00356	0.00407	0.00713
21	0.01144	0.00976	0.01335	0.01220	0.01256	0.01240	0.00939	0.01271	0.01008	0.01474	0.01501	0.02656	0.01563	0.25330	0.24075	0.00625	0.30733	0.00731	0.00341	0.00583
22	0.02436	0.01179	0.01454	0.01156	0.01611	0.01115	0.00941	0.12741	0.07743	0.46011	0.03098	0.02808	0.12775	0.00952	0.00680	0.00207	0.00545	0.00774	0.00748	0.01025
23	0.62891	0.01237	0.01100	0.00938	0.01370	0.01356	0.00773	0.02237	0.01301	0.19609	0.01315	0.01347	0.00930	0.00659	0.00468	0.00204	0.00521	0.00429	0.00504	0.00810
24	0.01507	0.01148	0.01046	0.00962	0.01206	0.09216	0.00737	0.06288	0.16470	0.02542	0.07802	0.02458	0.01994	0.00832	0.00558	0.00177	0.00477	0.00666	0.43161	0.00753
25	0.00957	0.00638	0.00718	0.00718	0.00718	0.00638	0.00399	0.00957	0.00957	0.01276	0.02074	0.04308	0.02393	0.76864	0.03351	0.00638	0.00638	0.00957	0.00399	0.00399
26	0.70038	0.01466	0.01081	0.00970	0.01369	0.08746	0.00784	0.02075	0.04356	0.02811	0.01006	0.01143	0.00785	0.00630	0.00438	0.00201	0.00577	0.00381	0.00412	0.00733
27	0.10763	0.02233	0.14598	0.07892	0.04596	0.16644	0.12490	0.16642	0.03674	0.02509	0.01266	0.01479	0.00950	0.00667	0.00630	0.00201	0.00910	0.00546	0.00407	0.00902
28	0.00821	0.00606	0.00733	0.00825	0.00902	0.00556	0.00551	0.00930	0.01270	0.01640	0.04115	0.48159	0.20458	0.13779	0.01222	0.00315	0.00411	0.01611	0.00578	0.00518
29	0.01033	0.00857	0.01228	0.18898	0.07628	0.00878	0.00988	0.01306	0.01543	0.02043	0.27112	0.04113	0.22585	0.01264	0.00845	0.04984	0.00507	0.01015	0.00531	0.00644
30	0.01288	0.00885	0.01028	0.00951	0.01169	0.00879	0.00708	0.07192	0.10491	0.08415	0.18765	0.12364	0.16440	0.13275	0.01161	0.00288	0.00464	0.02902	0.00632	0.00701
31	0.01903	0.45096	0.04917	0.01714	0.13150	0.05512	0.01336	0.15381	0.01731	0.02169	0.01108	0.01265	0.00930	0.00618	0.00518	0.00164	0.00750	0.00443	0.00365	0.00930
32	0.01747	0.13414	0.19009	0.01690	0.07890	0.20366	0.01481	0.02289	0.09272	0.01973	0.01269	0.01422	0.01010	0.00634	0.00572	0.00171	0.00843	0.00471	0.00360	0.14118
33	0.08227	0.13461	0.07692	0.01218	0.01615	0.01329	0.06177	0.03825	0.05528	0.16888	0.01674	0.02169	0.01392	0.13981	0.01324	0.10970	0.00672	0.00623	0.00461	0.00774

[dist]
# distance from previous block
# <min> <max>
1	8

[block]
# block no. 10 follows, 33 sequences, length 13
# corresponding to MSA columns:
# 288-300
name=unknown_K
#
# <colnr> <probs for GDERKNQSTAVLIFYWHMCP>
#	G	D	E	R	K	N	Q	S	T	A	V	L	I	F	Y	W	H	M	C	P
0	0.01586	0.01310	0.01655	0.01682	0.15457	0.01260	0.01110	0.11230	0.09987	0.04926	0.02168	0.02251	0.10385	0.00783	0.00666	0.00172	0.03147	0.00643	0.00487	0.29096
1	0.01725	0.01346	0.02029	0.01850	0.10829	0.01363	0.15097	0.05609	0.22242	0.13317	0.11782	0.02653	0.05386	0.00867	0.00707	0.00213	0.00651	0.00802	0.00585	0.00947
2	0.11053	0.01630	0.01585	0.01227	0.01745	0.09429	0.00989	0.25473	0.01987	0.02867	0.01265	0.01386	0.00981	0.00627	0.00549	0.00152	0.00649	0.00460	0.00479	0.35469
3	0.00866	0.00633	0.00801	0.00835	0.00946	0.00582	0.00590	0.01068	0.01541	0.02097	0.34572	0.31795	0.13367	0.06068	0.00951	0.00257	0.00359	0.01456	0.00649	0.00568
4	0.00862	0.00627	0.00754	0.00798	0.00885	0.00582	0.00535	0.00993	0.01341	0.01772	0.16514	0.30294	0.17961	0.21336	0.01470	0.00344	0.00426	0.01410	0.00577	0.00520
5	0.01274	0.00756	0.00805	0.00748	0.00946	0.00759	0.00573	0.08638	0.01650	0.02608	0.14239	0.03091	0.08122	0.00939	0.00560	0.00173	0.00353	0.00771	0.52332	0.00663
6	0.00957	0.00638	0.00718	0.00718	0.00718	0.00638	0.00399	0.00957	0.00957	0.01276	0.02074	0.04308	0.02393	0.76864	0.03351	0.00638	0.00638	0.00957	0.00399	0.00399
7	0.01298	0.00799	0.00941	0.00889	0.01117	0.00773	0.00702	0.03464	0.06679	0.09745	0.20049	0.04348	0.15363	0.01219	0.00693	0.00210	0.00406	0.10063	0.20539	0.00701
8	0.01320	0.03405	0.73453	0.01876	0.02849	0.01529	0.02432	0.02085	0.01390	0.02085	0.01181	0.01390	0.00834	0.00625	0.00625	0.00208	0.00973	0.00486	0.00278	0.00973
9	0.01530	0.01480	0.02415	0.13105	0.45860	0.01663	0.01850	0.01866	0.01352	0.01946	0.01136	0.01599	0.00976	0.00737	0.01028	0.00222	0.19418	0.00584	0.00312	0.00920
10	0.01625	0.11784	0.02737	0.07746	0.59215	0.01699	0.01888	0.01994	0.01467	0.02042	0.01191	0.01559	0.01006	0.00588	0.00621	0.00189	0.00777	0.00555	0.00318	0.00998
11	0.01646	0.01505	0.02348	0.27389	0.19678	0.05743	0.11915	0.05143	0.01541	0.07072	0.01311	0.01686	0.01003	0.00651	0.00712	0.00204	0.03459	0.00598	0.00369	0.06028
12	0.35177	0.13184	0.08555	0.01264	0.01745	0.18831	0.01126	0.09350	0.01562	0.02474	0.01035	0.01180	0.00819	0.00640	0.00501	0.00186	0.00764	0.00409	0.00387	0.00812

[dist]
# distance from previous block
# <min> <max>
1	2

[block]
# block no. 11 follows, 33 sequences, length 14
# corresponding to MSA columns:
# 303-316
name=unknown_L
#
# <colnr> <probs for GDERKNQSTAVLIFYWHMCP>
#	G	D	E	R	K	N	Q	S	T	A	V	L	I	F	Y	W	H	M	C	P
0	0.01592	0.04073	0.15984	0.05023	0.01996	0.19274	0.01323	0.03915	0.10149	0.02146	0.12979	0.04510	0.02127	0.00885	0.00654	0.00196	0.00768	0.04309	0.00460	0.07638
1	0.01742	0.01305	0.01334	0.01143	0.01456	0.07169	0.00883	0.20953	0.05315	0.09178	0.02603	0.03383	0.11013	0.18305	0.01296	0.00305	0.00644	0.06540	0.00564	0.04869
2	0.01521	0.01453	0.02476	0.24096	0.53552	0.01536	0.01966	0.01925	0.01448	0.02019	0.01219	0.01665	0.00996	0.00607	0.00654	0.00202	0.00809	0.00586	0.00316	0.00955
3	0.00810	0.00593	0.00761	0.00878	0.00949	0.00545	0.00598	0.00947	0.01341	0.01772	0.09669	0.61606	0.13208	0.01953	0.00827	0.00257	0.00370	0.01754	0.00620	0.00545
4	0.01398	0.01378	0.01935	0.01671	0.01681	0.01915	0.01388	0.01550	0.01012	0.01580	0.00941	0.01538	0.00931	0.01475	0.08303	0.00354	0.69363	0.00587	0.00294	0.00709
5	0.00895	0.00637	0.00782	0.00804	0.00937	0.00583	0.00581	0.01122	0.01576	0.02188	0.33760	0.25788	0.17130	0.01557	0.00765	0.00222	0.00335	0.01369	0.08385	0.00583
6	0.01102	0.00852	0.01269	0.18086	0.02086	0.00918	0.01236	0.01436	0.01470	0.01905	0.02958	0.06134	0.03126	0.01554	0.00852	0.00284	0.00668	0.52894	0.00535	0.00635
7	0.01760	0.77260	0.03450	0.01126	0.01690	0.02605	0.01126	0.01971	0.01338	0.01549	0.00915	0.01056	0.00845	0.00563	0.00422	0.00141	0.00704	0.00352	0.00282	0.00845
8	0.00794	0.00654	0.00698	0.00715	0.00906	0.00558	0.00526	0.00964	0.01495	0.01833	0.11474	0.16221	0.57490	0.01698	0.00787	0.00228	0.00339	0.01442	0.00620	0.00558
9	0.08678	0.01038	0.01282	0.01131	0.01405	0.01134	0.00897	0.15316	0.01581	0.12387	0.01787	0.02290	0.01494	0.06806	0.38972	0.00668	0.01217	0.00659	0.00487	0.00771
10	0.13050	0.01566	0.01580	0.01284	0.01751	0.05494	0.01033	0.24539	0.20099	0.09085	0.01771	0.01741	0.01302	0.00745	0.00599	0.00190	0.00619	0.00567	0.00585	0.12402
11	0.01853	0.01600	0.02356	0.02089	0.12306	0.05636	0.19437	0.16500	0.04792	0.08550	0.01694	0.08319	0.01409	0.00798	0.00732	0.00204	0.02986	0.00739	0.00484	0.07515
12	0.05341	0.01415	0.02092	0.44542	0.20642	0.04590	0.01745	0.08136	0.01538	0.02080	0.01206	0.01652	0.00931	0.00651	0.00642	0.00209	0.00836	0.00568	0.00342	0.00843
13	0.10869	0.09052	0.14703	0.01382	0.01890	0.04491	0.04543	0.08644	0.15874	0.08993	0.07575	0.05757	0.01789	0.00836	0.00626	0.00205	0.00672	0.00677	0.00516	0.00908

[dist]
# distance from previous block
# <min> <max>
1	29

[block]
# block no. 12 follows, 33 sequences, length 8
# corresponding to MSA columns:
# 346-353
name=unknown_M
#
# <colnr> <probs for GDERKNQSTAVLIFYWHMCP>
#	G	D	E	R	K	N	Q	S	T	A	V	L	I	F	Y	W	H	M	C	P
0	0.01201	0.00761	0.00943	0.00900	0.01112	0.00701	0.00684	0.01520	0.05410	0.12140	0.28486	0.17171	0.20282	0.01468	0.00772	0.00226	0.00389	0.04470	0.00683	0.00683
1	0.01948	0.06754	0.01570	0.01213	0.01570	0.13811	0.00965	0.17101	0.09213	0.11323	0.13740	0.02395	0.02174	0.03050	0.00707	0.00201	0.00639	0.00686	0.10074	0.00867
2	0.01556	0.01179	0.01627	0.01704	0.15085	0.01186	0.05818	0.11707	0.08495	0.07760	0.11982	0.05754	0.12293	0.00991	0.00684	0.00204	0.00559	0.00868	0.09694	0.00855
3	0.01503	0.30595	0.34591	0.01425	0.02118	0.01782	0.01637	0.01958	0.01395	0.05486	0.01647	0.06158	0.05592	0.00764	0.00574	0.00187	0.00775	0.00586	0.00348	0.00880
4	0.00852	0.00643	0.00770	0.00849	0.00967	0.00589	0.00616	0.01002	0.01351	0.01713	0.04518	0.31840	0.28586	0.10743	0.01126	0.00301	0.00430	0.11981	0.00585	0.00537
5	0.01645	0.02190	0.23865	0.05959	0.02413	0.09346	0.08267	0.05170	0.06364	0.06113	0.01354	0.01555	0.01021	0.00673	0.00726	0.00191	0.06042	0.00534	0.00387	0.16187
