[name]
unknown

[dist]
# distance from previous block
# <min> <max>
0	99

[block]
# block no. 0 follows, 35 sequences, length 12
# corresponding to MSA columns:
# 99-110
name=unknown_A
#
# <colnr> <probs for GDERKNQSTAVLIFYWHMCP>
#	G	D	E	R	K	N	Q	S	T	A	V	L	I	F	Y	W	H	M	C	P
0	0.01022	0.00730	0.01022	0.01168	0.01314	0.00730	0.01022	0.01314	0.01460	0.01899	0.03359	0.07156	0.03651	0.01752	0.00876	0.00292	0.00584	0.69478	0.00584	0.00584
1	0.02846	0.01080	0.01472	0.01129	0.01619	0.00932	0.00932	0.03092	0.01816	0.74187	0.02503	0.02159	0.01570	0.00785	0.00638	0.00196	0.00540	0.00638	0.00785	0.01080
2	0.00811	0.00645	0.00727	0.00707	0.00894	0.00561	0.00530	0.01028	0.01590	0.02055	0.33989	0.05543	0.45715	0.01479	0.00749	0.00208	0.00312	0.01260	0.00634	0.00561
3	0.82186	0.01227	0.00932	0.00834	0.01227	0.01423	0.00687	0.01865	0.01080	0.02846	0.00883	0.01031	0.00687	0.00589	0.00393	0.00196	0.00491	0.00344	0.00393	0.00687
4	0.01570	0.01507	0.02575	0.03894	0.73748	0.01507	0.01947	0.01947	0.01444	0.02073	0.01193	0.01570	0.01005	0.00565	0.00628	0.00188	0.00754	0.00565	0.00314	0.01005
5	0.02370	0.03023	0.01798	0.01634	0.01961	0.75158	0.01226	0.02533	0.01798	0.01553	0.00981	0.01144	0.00817	0.00654	0.00572	0.00163	0.01144	0.00409	0.00327	0.00735
6	0.01570	0.01507	0.02575	0.03894	0.73748	0.01507	0.01947	0.01947	0.01444	0.02073	0.01193	0.01570	0.01005	0.00565	0.00628	0.00188	0.00754	0.00565	0.00314	0.01005
7	0.01198	0.01128	0.01903	0.76180	0.04369	0.01409	0.01762	0.01621	0.01268	0.01621	0.01128	0.01691	0.00846	0.00634	0.00634	0.00211	0.00846	0.00564	0.00282	0.00705
8	0.01011	0.00783	0.00950	0.00956	0.01150	0.00778	0.00767	0.01512	0.12581	0.02197	0.27625	0.05383	0.18243	0.01431	0.00772	0.00233	0.00422	0.21930	0.00633	0.00644
9	0.02412	0.01777	0.01904	0.01460	0.01967	0.01967	0.01206	0.71633	0.02983	0.03998	0.01523	0.01523	0.01079	0.00762	0.00635	0.00190	0.00698	0.00571	0.00635	0.01079
10	0.01570	0.01507	0.02575	0.03894	0.73748	0.01507	0.01947	0.01947	0.01444	0.02073	0.01193	0.01570	0.01005	0.00565	0.00628	0.00188	0.00754	0.00565	0.00314	0.01005
11	0.82186	0.01227	0.00932	0.00834	0.01227	0.01423	0.00687	0.01865	0.01080	0.02846	0.00883	0.01031	0.00687	0.00589	0.00393	0.00196	0.00491	0.00344	0.00393	0.00687

[dist]
# distance from previous block
# <min> <max>
0	1

[block]
# block no. 1 follows, 35 sequences, length 27
# corresponding to MSA columns:
# 112-138
name=unknown_B
#
# <colnr> <probs for GDERKNQSTAVLIFYWHMCP>
#	G	D	E	R	K	N	Q	S	T	A	V	L	I	F	Y	W	H	M	C	P
0	0.01494	0.01429	0.02437	0.18731	0.59507	0.01487	0.01909	0.01880	0.01408	0.01980	0.01180	0.01595	0.00972	0.00579	0.00629	0.00193	0.00773	0.00565	0.00307	0.00943
1	0.01570	0.01507	0.02575	0.03894	0.73748	0.01507	0.01947	0.01947	0.01444	0.02073	0.01193	0.01570	0.01005	0.00565	0.00628	0.00188	0.00754	0.00565	0.00314	0.01005
2	0.82186	0.01227	0.00932	0.00834	0.01227	0.01423	0.00687	0.01865	0.01080	0.02846	0.00883	0.01031	0.00687	0.00589	0.00393	0.00196	0.00491	0.00344	0.00393	0.00687
3	0.73068	0.01250	0.01019	0.00887	0.01292	0.01426	0.00731	0.05904	0.01230	0.07031	0.01013	0.01124	0.00760	0.00610	0.00421	0.00196	0.00505	0.00373	0.00429	0.00732
4	0.01507	0.01443	0.02461	0.16099	0.62033	0.01491	0.01916	0.01892	0.01415	0.01996	0.01182	0.01591	0.00978	0.00577	0.00629	0.00192	0.00769	0.00565	0.00309	0.00954
5	0.01570	0.01507	0.02575	0.03894	0.73748	0.01507	0.01947	0.01947	0.01444	0.02073	0.01193	0.01570	0.01005	0.00565	0.00628	0.00188	0.00754	0.00565	0.00314	0.01005
6	0.01570	0.01507	0.02575	0.03894	0.73748	0.01507	0.01947	0.01947	0.01444	0.02073	0.01193	0.01570	0.01005	0.00565	0.00628	0.00188	0.00754	0.00565	0.00314	0.01005
7	0.01056	0.00690	0.00858	0.00792	0.00992	0.00616	0.00602	0.01314	0.01709	0.09531	0.49216	0.04828	0.22747	0.01324	0.00738	0.00203	0.00329	0.01145	0.00679	0.00631
8	0.19852	0.00880	0.00905	0.00842	0.01090	0.00912	0.00650	0.01592	0.11339	0.02453	0.32552	0.03839	0.18522	0.01138	0.00652	0.00204	0.00376	0.00942	0.00597	0.00662
9	0.01696	0.78087	0.03324	0.01085	0.01628	0.02510	0.01085	0.01900	0.01289	0.01493	0.00882	0.01018	0.00814	0.00543	0.00407	0.00136	0.00678	0.00339	0.00271	0.00814
10	0.01376	0.01071	0.01263	0.00965	0.01436	0.00885	0.00764	0.01810	0.08588	0.06986	0.13007	0.02028	0.01894	0.00663	0.00543	0.00130	0.00450	0.00552	0.00482	0.55105
11	0.00897	0.00607	0.00713	0.00738	0.00749	0.00606	0.00436	0.00925	0.00976	0.01306	0.02239	0.16432	0.02595	0.61881	0.05818	0.00572	0.00618	0.01061	0.00417	0.00414
12	0.01703	0.01122	0.01302	0.01157	0.01457	0.01178	0.00890	0.19430	0.17313	0.14542	0.02640	0.29544	0.02489	0.01236	0.00702	0.00221	0.00508	0.01065	0.00645	0.00856
13	0.01424	0.01359	0.02312	0.32188	0.46592	0.01469	0.01874	0.01819	0.01376	0.01896	0.01168	0.01618	0.00943	0.00592	0.00630	0.00197	0.00790	0.00565	0.00301	0.00887
14	0.01570	0.01507	0.02575	0.03894	0.73748	0.01507	0.01947	0.01947	0.01444	0.02073	0.01193	0.01570	0.01005	0.00565	0.00628	0.00188	0.00754	0.00565	0.00314	0.01005
15	0.01272	0.03281	0.74418	0.01808	0.02746	0.01473	0.02344	0.02009	0.01339	0.02009	0.01138	0.01339	0.00804	0.00603	0.00603	0.00201	0.00938	0.00469	0.00268	0.00938
16	0.01083	0.00635	0.00897	0.00894	0.00908	0.00672	0.00626	0.00938	0.00916	0.01232	0.01462	0.02793	0.01544	0.14834	0.02418	0.54325	0.05605	0.07539	0.00325	0.00353
17	0.00906	0.00680	0.01020	0.01020	0.01133	0.00793	0.00793	0.01133	0.01020	0.01473	0.01699	0.02492	0.01586	0.04758	0.75191	0.01020	0.01699	0.00680	0.00340	0.00566
18	0.01789	0.47555	0.02606	0.01225	0.01665	0.20039	0.01079	0.02122	0.07964	0.01622	0.01236	0.06231	0.01142	0.00695	0.00496	0.00158	0.00755	0.00488	0.00340	0.00793
19	0.00794	0.00568	0.00755	0.00869	0.00925	0.00529	0.00591	0.00936	0.01312	0.01774	0.15158	0.65190	0.04494	0.01872	0.00799	0.00248	0.00357	0.01694	0.00607	0.00529
20	0.01478	0.01434	0.02215	0.20268	0.45940	0.05939	0.01767	0.01844	0.01427	0.01918	0.01383	0.02133	0.01222	0.00706	0.00651	0.00203	0.00782	0.07479	0.00334	0.00876
21	0.02846	0.01080	0.01472	0.01129	0.01619	0.00932	0.00932	0.03092	0.01816	0.74187	0.02503	0.02159	0.01570	0.00785	0.00638	0.00196	0.00540	0.00638	0.00785	0.01080
22	0.01315	0.01128	0.01315	0.00940	0.01503	0.00846	0.00752	0.01597	0.01315	0.02067	0.01128	0.01315	0.00940	0.00470	0.00470	0.00094	0.00470	0.00376	0.00376	0.81583
23	0.01916	0.01554	0.01575	0.01454	0.07139	0.13291	0.01062	0.22637	0.09693	0.10523	0.19753	0.02435	0.02413	0.00877	0.00654	0.00191	0.00636	0.00712	0.00594	0.00889
24	0.01004	0.00768	0.00962	0.01022	0.01167	0.00794	0.00783	0.01501	0.14725	0.01957	0.09464	0.31961	0.06315	0.01826	0.05720	0.00302	0.00526	0.17974	0.00592	0.00635
25	0.00923	0.00615	0.00692	0.00692	0.00692	0.00615	0.00384	0.00923	0.00923	0.01230	0.01999	0.04151	0.02306	0.77705	0.03229	0.00615	0.00615	0.00923	0.00384	0.00384
26	0.01725	0.01790	0.02108	0.02182	0.18847	0.19485	0.10150	0.08993	0.04585	0.02050	0.01512	0.07639	0.01388	0.00860	0.00827	0.00209	0.09534	0.04891	0.00398	0.00829

[dist]
# distance from previous block
# <min> <max>
0	3

[block]
# block no. 2 follows, 35 sequences, length 36
# corresponding to MSA columns:
# 142-177
name=unknown_C
#
# <colnr> <probs for GDERKNQSTAVLIFYWHMCP>
#	G	D	E	R	K	N	Q	S	T	A	V	L	I	F	Y	W	H	M	C	P
0	0.01169	0.09494	0.01603	0.01158	0.01449	0.01092	0.10337	0.01711	0.12188	0.02374	0.45071	0.03563	0.04129	0.01045	0.00695	0.00197	0.00476	0.00940	0.00592	0.00717
1	0.01406	0.01122	0.01849	0.66732	0.04023	0.01349	0.01657	0.01806	0.01337	0.10757	0.01301	0.01750	0.00937	0.00653	0.00635	0.00210	0.00807	0.00573	0.00345	0.00752
2	0.02211	0.02947	0.09898	0.01755	0.05427	0.61522	0.01383	0.04327	0.01762	0.01694	0.01023	0.01196	0.00832	0.00647	0.00580	0.00170	0.01091	0.00427	0.00328	0.00780
3	0.00901	0.00619	0.00686	0.00686	0.00713	0.00605	0.00397	0.00921	0.00988	0.01291	0.02556	0.04397	0.11268	0.68125	0.02917	0.00565	0.00578	0.00975	0.00410	0.00403
4	0.73195	0.01156	0.00895	0.00807	0.01173	0.01331	0.00660	0.01822	0.01107	0.02793	0.01015	0.01179	0.00791	0.00606	0.00398	0.00191	0.00469	0.00371	0.09365	0.00676
5	0.01656	0.01722	0.02571	0.02971	0.38962	0.10811	0.16995	0.02242	0.11635	0.02081	0.01384	0.01661	0.01105	0.00612	0.00650	0.00195	0.00836	0.00607	0.00364	0.00938
6	0.01578	0.01363	0.01434	0.01291	0.01650	0.01578	0.01004	0.03371	0.72602	0.02654	0.02582	0.02367	0.01937	0.00861	0.00646	0.00215	0.00502	0.00717	0.00646	0.01004
7	0.00767	0.00575	0.00712	0.00822	0.00904	0.00520	0.00562	0.00890	0.01273	0.01643	0.04239	0.59251	0.21757	0.01891	0.00795	0.00247	0.00356	0.01686	0.00589	0.00520
8	0.01211	0.00703	0.00905	0.00819	0.01017	0.00645	0.00627	0.01502	0.01740	0.12725	0.54332	0.04073	0.04808	0.01154	0.00694	0.00193	0.00333	0.01005	0.10849	0.00666
9	0.01907	0.01667	0.01610	0.01378	0.01776	0.09858	0.01087	0.23011	0.44617	0.02920	0.02098	0.01987	0.01564	0.00809	0.00634	0.00202	0.00630	0.00641	0.00607	0.00996
10	0.01512	0.01448	0.02471	0.15126	0.62967	0.01492	0.01918	0.01896	0.01417	0.02002	0.01183	0.01589	0.00980	0.00576	0.00629	0.00192	0.00768	0.00565	0.00309	0.00958
11	0.02040	0.01773	0.01683	0.01411	0.01827	0.12221	0.01120	0.31845	0.33356	0.03060	0.01910	0.01839	0.01418	0.00790	0.00630	0.00197	0.00676	0.00612	0.00596	0.00997
12	0.01779	0.01286	0.02280	0.01698	0.02190	0.01184	0.30861	0.05733	0.01667	0.23446	0.04690	0.02789	0.15663	0.00854	0.00710	0.00207	0.00724	0.00835	0.00538	0.00863
13	0.82186	0.01227	0.00932	0.00834	0.01227	0.01423	0.00687	0.01865	0.01080	0.02846	0.00883	0.01031	0.00687	0.00589	0.00393	0.00196	0.00491	0.00344	0.00393	0.00687
14	0.01450	0.01254	0.01445	0.01501	0.09315	0.01405	0.01038	0.02829	0.53756	0.02432	0.02665	0.11828	0.04311	0.00993	0.00667	0.00218	0.00507	0.00857	0.00601	0.00928
15	0.01570	0.01507	0.02575	0.03894	0.73748	0.01507	0.01947	0.01947	0.01444	0.02073	0.01193	0.01570	0.01005	0.00565	0.00628	0.00188	0.00754	0.00565	0.00314	0.01005
16	0.00887	0.00683	0.00980	0.01253	0.10092	0.00649	0.00761	0.01052	0.01308	0.01779	0.10967	0.59705	0.03993	0.01732	0.00780	0.00242	0.00409	0.01575	0.00566	0.00586
17	0.02846	0.01080	0.01472	0.01129	0.01619	0.00932	0.00932	0.03092	0.01816	0.74187	0.02503	0.02159	0.01570	0.00785	0.00638	0.00196	0.00540	0.00638	0.00785	0.01080
18	0.01447	0.01377	0.10457	0.01177	0.01559	0.01214	0.01038	0.11971	0.23625	0.05894	0.25842	0.03083	0.06628	0.00993	0.00677	0.00204	0.00510	0.00835	0.00617	0.00852
19	0.01696	0.78087	0.03324	0.01085	0.01628	0.02510	0.01085	0.01900	0.01289	0.01493	0.00882	0.01018	0.00814	0.00543	0.00407	0.00136	0.00678	0.00339	0.00271	0.00814
20	0.38781	0.01603	0.01398	0.01158	0.01589	0.10814	0.00940	0.23215	0.01832	0.11307	0.01277	0.01325	0.00925	0.00672	0.00517	0.00190	0.00641	0.00455	0.00503	0.00857
21	0.00773	0.00552	0.00736	0.00883	0.00920	0.00515	0.00589	0.00883	0.01215	0.01619	0.03497	0.77291	0.04196	0.01987	0.00810	0.00258	0.00368	0.01803	0.00589	0.00515
22	0.01337	0.01250	0.02096	0.34393	0.36065	0.01365	0.01718	0.01725	0.01408	0.01932	0.09182	0.01974	0.01490	0.00676	0.00644	0.00199	0.00742	0.00629	0.00343	0.00832
23	0.70679	0.01250	0.01076	0.00953	0.01289	0.01497	0.00787	0.01817	0.01064	0.02658	0.00876	0.01081	0.00708	0.00663	0.00633	0.00208	0.11323	0.00374	0.00376	0.00688
24	0.01198	0.01128	0.01903	0.76180	0.04369	0.01409	0.01762	0.01621	0.01268	0.01621	0.01128	0.01691	0.00846	0.00634	0.00634	0.00211	0.00846	0.00564	0.00282	0.00705
25	0.00849	0.00647	0.00780	0.00747	0.00918	0.00578	0.00560	0.01103	0.01680	0.02270	0.51327	0.05189	0.28243	0.01399	0.00749	0.00204	0.00307	0.01210	0.00662	0.00578
26	0.00911	0.00661	0.00923	0.00923	0.01003	0.00741	0.00672	0.01071	0.00991	0.01401	0.01788	0.02981	0.01798	0.26268	0.53971	0.00900	0.01380	0.00751	0.00353	0.00513
27	0.01394	0.24802	0.53966	0.01600	0.02424	0.01772	0.01982	0.01978	0.01325	0.01860	0.01065	0.01247	0.00807	0.00585	0.00546	0.00182	0.00863	0.00432	0.00269	0.00902
28	0.00905	0.00656	0.00859	0.00829	0.00981	0.00609	0.00636	0.01200	0.01753	0.02456	0.64614	0.05014	0.07787	0.01350	0.00761	0.00209	0.00328	0.07773	0.00684	0.00595
29	0.02385	0.02572	0.01836	0.01571	0.01963	0.48649	0.01219	0.27561	0.02227	0.02438	0.01177	0.01281	0.00912	0.00693	0.00595	0.00173	0.00983	0.00467	0.00438	0.00860
30	0.00804	0.00575	0.00772	0.00919	0.00970	0.00542	0.00643	0.00938	0.01246	0.01655	0.03479	0.68461	0.04127	0.01958	0.00818	0.00262	0.00395	0.10324	0.00588	0.00524
31	0.02846	0.01080	0.01472	0.01129	0.01619	0.00932	0.00932	0.03092	0.01816	0.74187	0.02503	0.02159	0.01570	0.00785	0.00638	0.00196	0.00540	0.00638	0.00785	0.01080
32	0.01696	0.78087	0.03324	0.01085	0.01628	0.02510	0.01085	0.01900	0.01289	0.01493	0.00882	0.01018	0.00814	0.00543	0.00407	0.00136	0.00678	0.00339	0.00271	0.00814
33	0.00773	0.00552	0.00736	0.00883	0.00920	0.00515	0.00589	0.00883	0.01215	0.01619	0.03497	0.77291	0.04196	0.01987	0.00810	0.00258	0.00368	0.01803	0.00589	0.00515
34	0.02110	0.02604	0.01957	0.01713	0.02060	0.57637	0.10043	0.02335	0.01722	0.01651	0.01283	0.01883	0.01150	0.00761	0.00628	0.00184	0.01072	0.08118	0.00355	0.00734
35	0.02083	0.01806	0.01760	0.01936	0.18741	0.26827	0.01236	0.04425	0.01676	0.19865	0.01769	0.11855	0.01516	0.00850	0.00636	0.00191	0.00782	0.00697	0.00483	0.00866

[dist]
# distance from previous block
# <min> <max>
0	1

[block]
# block no. 3 follows, 35 sequences, length 160
# corresponding to MSA columns:
# 179-338
name=unknown_D
#
# <colnr> <probs for GDERKNQSTAVLIFYWHMCP>
#	G	D	E	R	K	N	Q	S	T	A	V	L	I	F	Y	W	H	M	C	P
0	0.01696	0.78087	0.03324	0.01085	0.01628	0.02510	0.01085	0.01900	0.01289	0.01493	0.00882	0.01018	0.00814	0.00543	0.00407	0.00136	0.00678	0.00339	0.00271	0.00814
1	0.01325	0.12575	0.65586	0.01718	0.02607	0.01602	0.02188	0.01995	0.01333	0.01945	0.01107	0.01299	0.00805	0.00595	0.00578	0.00193	0.00905	0.00453	0.00268	0.00922
2	0.06999	0.63679	0.11997	0.01159	0.01740	0.02309	0.01215	0.01911	0.01281	0.01647	0.00914	0.01058	0.00804	0.00553	0.00430	0.00148	0.00698	0.00356	0.00279	0.00821
3	0.01484	0.01671	0.03520	0.02549	0.03111	0.01646	0.62741	0.01969	0.01432	0.01969	0.01227	0.01671	0.00946	0.00606	0.00914	0.00222	0.10446	0.00725	0.00315	0.00836
4	0.34035	0.01214	0.01307	0.01049	0.01503	0.01239	0.00866	0.10146	0.01654	0.38382	0.01757	0.01645	0.01169	0.00705	0.00541	0.00196	0.00538	0.00515	0.00614	0.00925
5	0.01012	0.00798	0.01073	0.01016	0.01058	0.00955	0.00745	0.01126	0.00969	0.01382	0.01646	0.02958	0.01732	0.34485	0.30083	0.00698	0.16646	0.00756	0.00346	0.00517
6	0.01250	0.01180	0.01996	0.66117	0.14027	0.01423	0.01788	0.01666	0.01293	0.01684	0.01137	0.01674	0.00868	0.00625	0.00633	0.00208	0.00833	0.00564	0.00286	0.00747
7	0.01570	0.01507	0.02575	0.03894	0.73748	0.01507	0.01947	0.01947	0.01444	0.02073	0.01193	0.01570	0.01005	0.00565	0.00628	0.00188	0.00754	0.00565	0.00314	0.01005
8	0.00794	0.00652	0.00705	0.00713	0.00912	0.00562	0.00548	0.00985	0.01491	0.01835	0.14454	0.06036	0.58389	0.01582	0.00762	0.00220	0.00344	0.07867	0.00602	0.00548
9	0.01599	0.01517	0.02552	0.03810	0.71266	0.01523	0.01921	0.04356	0.01498	0.02139	0.01205	0.01568	0.01007	0.00572	0.00628	0.00188	0.00752	0.00565	0.00325	0.01007
10	0.00773	0.00552	0.00736	0.00883	0.00920	0.00515	0.00589	0.00883	0.01215	0.01619	0.03497	0.77291	0.04196	0.01987	0.00810	0.00258	0.00368	0.01803	0.00589	0.00515
11	0.01247	0.01004	0.01529	0.01216	0.01544	0.00962	0.18448	0.08183	0.01567	0.02237	0.03161	0.03272	0.23550	0.00957	0.00633	0.00189	0.00538	0.00859	0.28218	0.00688
12	0.01183	0.00591	0.00591	0.00591	0.00739	0.00591	0.00443	0.01478	0.01330	0.02365	0.02069	0.02365	0.01626	0.00739	0.00443	0.00148	0.00296	0.00591	0.81227	0.00591
13	0.01331	0.13695	0.64521	0.01708	0.02590	0.01618	0.02169	0.01994	0.01332	0.01937	0.01103	0.01295	0.00805	0.00594	0.00575	0.00192	0.00901	0.00451	0.00268	0.00920
14	0.01535	0.46574	0.22934	0.01368	0.01945	0.02142	0.01478	0.01878	0.01259	0.01641	0.00947	0.01159	0.00814	0.00638	0.00695	0.00174	0.11312	0.00405	0.00271	0.00832
15	0.00836	0.00667	0.00752	0.00727	0.00919	0.00593	0.00546	0.01104	0.03739	0.02087	0.34126	0.05425	0.43300	0.01456	0.00746	0.00208	0.00318	0.01241	0.00636	0.00576
16	0.01510	0.01726	0.03081	0.02271	0.02810	0.10597	0.52848	0.01954	0.01547	0.01975	0.05698	0.02176	0.07275	0.00681	0.00727	0.00207	0.00973	0.00778	0.00365	0.00800
17	0.71075	0.01477	0.01053	0.00946	0.01329	0.11688	0.00762	0.01958	0.01180	0.02666	0.00897	0.01046	0.00705	0.00598	0.00418	0.00192	0.00582	0.00353	0.00383	0.00694
18	0.01244	0.01175	0.01987	0.67167	0.13020	0.01422	0.01785	0.01662	0.01290	0.01677	0.01136	0.01676	0.00866	0.00626	0.00633	0.00209	0.00834	0.00564	0.00286	0.00742
19	0.01949	0.12761	0.02143	0.01561	0.01969	0.31676	0.09852	0.09365	0.13649	0.02094	0.05787	0.01661	0.01366	0.00709	0.00600	0.00179	0.00866	0.00555	0.00425	0.00832
20	0.01183	0.00591	0.00591	0.00591	0.00739	0.00591	0.00443	0.01478	0.01330	0.02365	0.02069	0.02365	0.01626	0.00739	0.00443	0.00148	0.00296	0.00591	0.81227	0.00591
21	0.00800	0.00578	0.00793	0.00911	0.00963	0.00571	0.00630	0.00933	0.01175	0.01590	0.03136	0.62273	0.03672	0.02544	0.15744	0.00411	0.00635	0.01578	0.00539	0.00526
22	0.01578	0.01363	0.01434	0.01291	0.01650	0.01578	0.01004	0.03371	0.72602	0.02654	0.02582	0.02367	0.01937	0.00861	0.00646	0.00215	0.00502	0.00717	0.00646	0.01004
23	0.01747	0.56254	0.12513	0.01268	0.01829	0.13899	0.01275	0.02015	0.01376	0.01571	0.00932	0.01080	0.00813	0.00568	0.00459	0.00149	0.00787	0.00367	0.00280	0.00818
24	0.00923	0.00615	0.00692	0.00692	0.00692	0.00615	0.00384	0.00923	0.00923	0.01230	0.01999	0.04151	0.02306	0.77705	0.03229	0.00615	0.00615	0.00923	0.00384	0.00384
25	0.01358	0.01296	0.01951	0.01622	0.01725	0.01678	0.09942	0.01571	0.01088	0.01705	0.01087	0.01597	0.00982	0.01097	0.03895	0.00274	0.54294	0.00588	0.11554	0.00696
26	0.82186	0.01227	0.00932	0.00834	0.01227	0.01423	0.00687	0.01865	0.01080	0.02846	0.00883	0.01031	0.00687	0.00589	0.00393	0.00196	0.00491	0.00344	0.00393	0.00687
27	0.01227	0.00902	0.01139	0.01179	0.01377	0.00940	0.00987	0.11375	0.07044	0.02215	0.03059	0.15757	0.03232	0.01577	0.00815	0.00267	0.00564	0.45071	0.00597	0.00677
28	0.02101	0.34532	0.02498	0.01321	0.01822	0.10962	0.01157	0.33565	0.02117	0.02635	0.01184	0.01262	0.00934	0.00655	0.00530	0.00164	0.00743	0.00453	0.00443	0.00925
29	0.00880	0.00675	0.00824	0.00866	0.01042	0.00619	0.00702	0.01119	0.01527	0.01961	0.19899	0.06187	0.33605	0.01592	0.00795	0.00239	0.00411	0.25877	0.00611	0.00567
30	0.01578	0.01363	0.01434	0.01291	0.01650	0.01578	0.01004	0.03371	0.72602	0.02654	0.02582	0.02367	0.01937	0.00861	0.00646	0.00215	0.00502	0.00717	0.00646	0.01004
31	0.01198	0.01128	0.01903	0.76180	0.04369	0.01409	0.01762	0.01621	0.01268	0.01621	0.01128	0.01691	0.00846	0.00634	0.00634	0.00211	0.00846	0.00564	0.00282	0.00705
32	0.01696	0.78087	0.03324	0.01085	0.01628	0.02510	0.01085	0.01900	0.01289	0.01493	0.00882	0.01018	0.00814	0.00543	0.00407	0.00136	0.00678	0.00339	0.00271	0.00814
33	0.01526	0.01452	0.02471	0.03703	0.68916	0.01460	0.01870	0.01893	0.01416	0.02033	0.01227	0.01631	0.01044	0.00844	0.05590	0.00244	0.00817	0.00573	0.00316	0.00976
34	0.00780	0.00568	0.00747	0.00872	0.00929	0.00535	0.00594	0.00902	0.01221	0.01618	0.03621	0.66391	0.09788	0.02140	0.05754	0.00305	0.00453	0.01690	0.00572	0.00520
35	0.01166	0.00597	0.00618	0.00618	0.00763	0.00604	0.00465	0.01457	0.01311	0.02310	0.02047	0.02373	0.01624	0.00987	0.05046	0.00201	0.00382	0.00597	0.76246	0.00590
36	0.02125	0.01563	0.01713	0.01354	0.01779	0.01731	0.01100	0.58169	0.02602	0.03500	0.01577	0.01818	0.01224	0.06378	0.10070	0.00322	0.00817	0.00608	0.00581	0.00969
37	0.00771	0.00558	0.00730	0.00867	0.00916	0.00517	0.00582	0.00885	0.01230	0.01626	0.03691	0.72554	0.08807	0.01962	0.00806	0.00255	0.00365	0.01773	0.00589	0.00517
38	0.00799	0.00645	0.00710	0.00694	0.00887	0.00556	0.00520	0.01005	0.01561	0.01987	0.28478	0.05655	0.51268	0.01505	0.00749	0.00209	0.00314	0.01276	0.00625	0.00556
39	0.01198	0.01128	0.01903	0.76180	0.04369	0.01409	0.01762	0.01621	0.01268	0.01621	0.01128	0.01691	0.00846	0.00634	0.00634	0.00211	0.00846	0.00564	0.00282	0.00705
40	0.01570	0.01507	0.02575	0.03894	0.73748	0.01507	0.01947	0.01947	0.01444	0.02073	0.01193	0.01570	0.01005	0.00565	0.00628	0.00188	0.00754	0.00565	0.00314	0.01005
41	0.12654	0.01232	0.01102	0.01043	0.01193	0.16993	0.00771	0.01448	0.01135	0.01585	0.01175	0.01716	0.01070	0.01852	0.11279	0.33959	0.03436	0.00511	0.05340	0.00506
42	0.01214	0.01154	0.01820	0.01546	0.01676	0.01448	0.10449	0.01440	0.01060	0.01573	0.01232	0.01863	0.01145	0.02462	0.30522	0.00560	0.37235	0.00630	0.00308	0.00665
43	0.01986	0.01565	0.01664	0.01374	0.01805	0.01769	0.01103	0.36783	0.38525	0.03312	0.02064	0.01954	0.01517	0.00812	0.00640	0.00203	0.00598	0.00646	0.00640	0.01041
44	0.00804	0.00574	0.00772	0.00919	0.00969	0.00542	0.00643	0.00937	0.01245	0.01654	0.03479	0.68578	0.04128	0.01958	0.00818	0.00262	0.00395	0.10211	0.00588	0.00524
45	0.00759	0.00643	0.00655	0.00652	0.00862	0.00539	0.00489	0.00928	0.01468	0.01765	0.10551	0.06021	0.69334	0.01588	0.00750	0.00213	0.00320	0.01327	0.00596	0.00539
46	0.01287	0.03177	0.69715	0.01866	0.02784	0.01482	0.06942	0.02011	0.01350	0.02011	0.01148	0.01364	0.00814	0.00598	0.00612	0.00202	0.00946	0.00487	0.00271	0.00932
47	0.13891	0.01100	0.01397	0.01088	0.01565	0.01001	0.00898	0.02921	0.01713	0.64256	0.02277	0.02002	0.01447	0.00758	0.00604	0.00196	0.00533	0.00597	0.00731	0.01025
48	0.01177	0.00944	0.01208	0.01091	0.01146	0.01150	0.00816	0.05531	0.01101	0.01591	0.01557	0.02780	0.01622	0.34381	0.11934	0.00506	0.25302	0.00732	0.04869	0.00563
49	0.01390	0.00879	0.01016	0.00918	0.01165	0.00902	0.00709	0.02087	0.20858	0.11165	0.27351	0.03176	0.03237	0.00974	0.00629	0.00190	0.00382	0.00827	0.21382	0.00765
50	0.01785	0.68129	0.03122	0.01158	0.01672	0.12148	0.01104	0.01984	0.01356	0.01501	0.00895	0.01034	0.00815	0.00557	0.00429	0.00139	0.00740	0.00348	0.00279	0.00804
51	0.00898	0.00648	0.00848	0.00798	0.00948	0.00599	0.00599	0.01197	0.01796	0.02544	0.73413	0.04739	0.05986	0.01297	0.00748	0.00200	0.00299	0.01147	0.00698	0.00599
52	0.01554	0.01499	0.02510	0.05088	0.51690	0.01528	0.10107	0.02185	0.13217	0.02153	0.01432	0.01722	0.01150	0.00612	0.00646	0.00196	0.00752	0.00612	0.00369	0.00980
53	0.01578	0.01363	0.01434	0.01291	0.01650	0.01578	0.01004	0.03371	0.72602	0.02654	0.02582	0.02367	0.01937	0.00861	0.00646	0.00215	0.00502	0.00717	0.00646	0.01004
54	0.01335	0.00881	0.01048	0.00988	0.01211	0.00874	0.00740	0.10820	0.08544	0.11155	0.10356	0.33536	0.13061	0.01445	0.00735	0.00225	0.00433	0.01260	0.00636	0.00719
55	0.01696	0.78087	0.03324	0.01085	0.01628	0.02510	0.01085	0.01900	0.01289	0.01493	0.00882	0.01018	0.00814	0.00543	0.00407	0.00136	0.00678	0.00339	0.00271	0.00814
56	0.73274	0.01427	0.01029	0.00924	0.01309	0.09656	0.00747	0.01939	0.01160	0.02702	0.00894	0.01043	0.00702	0.00596	0.00413	0.00193	0.00564	0.00351	0.00385	0.00692
57	0.00908	0.00672	0.00979	0.00979	0.01078	0.00771	0.00742	0.01107	0.01007	0.01443	0.01736	0.02698	0.01675	0.13820	0.66251	0.00969	0.01565	0.00710	0.00345	0.00544
58	0.01456	0.01399	0.01817	0.01529	0.01781	0.05112	0.09722	0.02298	0.28564	0.02156	0.11192	0.02235	0.01953	0.00947	0.01120	0.00230	0.24474	0.00712	0.00482	0.00822
59	0.00773	0.00552	0.00736	0.00883	0.00920	0.00515	0.00589	0.00883	0.01215	0.01619	0.03497	0.77291	0.04196	0.01987	0.00810	0.00258	0.00368	0.01803	0.00589	0.00515
60	0.01198	0.01128	0.01903	0.76180	0.04369	0.01409	0.01762	0.01621	0.01268	0.01621	0.01128	0.01691	0.00846	0.00634	0.00634	0.00211	0.00846	0.00564	0.00282	0.00705
61	0.00944	0.00674	0.00932	0.01078	0.01190	0.00662	0.00886	0.01178	0.01383	0.01810	0.03402	0.29282	0.03823	0.01827	0.00855	0.00281	0.00516	0.48128	0.00586	0.00562
62	0.00923	0.00615	0.00692	0.00692	0.00692	0.00615	0.00384	0.00923	0.00923	0.01230	0.01999	0.04151	0.02306	0.77705	0.03229	0.00615	0.00615	0.00923	0.00384	0.00384
63	0.01369	0.00697	0.00731	0.00681	0.00873	0.00699	0.00523	0.05905	0.01464	0.07245	0.02065	0.02300	0.01589	0.00744	0.00468	0.00154	0.00337	0.00593	0.70912	0.00654
64	0.00764	0.00643	0.00662	0.00658	0.00866	0.00542	0.00493	0.00938	0.01480	0.01794	0.12862	0.05974	0.67005	0.01577	0.00750	0.00213	0.00319	0.01320	0.00600	0.00542
65	0.44494	0.01157	0.01189	0.00974	0.01413	0.01190	0.00804	0.02448	0.01429	0.36738	0.01653	0.01567	0.01107	0.00682	0.00509	0.00196	0.00514	0.00483	0.00579	0.00874
66	0.00925	0.00639	0.00797	0.00806	0.00845	0.00668	0.00530	0.01002	0.00983	0.01336	0.02014	0.03933	0.02214	0.54253	0.21222	0.00696	0.00886	0.05423	0.00386	0.00444
67	0.01578	0.01363	0.01434	0.01291	0.01650	0.01578	0.01004	0.03371	0.72602	0.02654	0.02582	0.02367	0.01937	0.00861	0.00646	0.00215	0.00502	0.00717	0.00646	0.01004
68	0.01414	0.01597	0.10959	0.27024	0.42808	0.01472	0.01935	0.01849	0.01375	0.01919	0.01165	0.01582	0.00929	0.00592	0.00627	0.00197	0.00805	0.00553	0.00298	0.00900
69	0.01250	0.01180	0.01996	0.66117	0.14027	0.01423	0.01788	0.01666	0.01293	0.01684	0.01137	0.01674	0.00868	0.00625	0.00633	0.00208	0.00833	0.00564	0.00286	0.00747
70	0.01271	0.01105	0.01714	0.54037	0.03509	0.01321	0.01535	0.08614	0.01464	0.01898	0.01609	0.07054	0.01448	0.00879	0.00677	0.00223	0.00767	0.09783	0.00377	0.00715
71	0.01603	0.01104	0.01375	0.01020	0.01545	0.00868	0.02255	0.01879	0.01422	0.16418	0.01531	0.03263	0.01227	0.00610	0.00530	0.00127	0.00498	0.02855	0.00468	0.59403
72	0.27510	0.31027	0.05135	0.01178	0.01633	0.20931	0.01047	0.02057	0.01356	0.01961	0.00919	0.01068	0.00774	0.00589	0.00453	0.00165	0.00750	0.00364	0.00324	0.00758
73	0.01497	0.01711	0.03743	0.02674	0.03316	0.01604	0.71444	0.02032	0.01497	0.02032	0.01283	0.01711	0.00963	0.00535	0.00749	0.00214	0.01070	0.00749	0.00321	0.00856
74	0.00977	0.00784	0.00977	0.01079	0.05883	0.00767	0.00740	0.01408	0.11377	0.02052	0.20458	0.22979	0.20964	0.01465	0.00750	0.00225	0.00398	0.05469	0.00604	0.00645
75	0.01570	0.01507	0.02575	0.03894	0.73748	0.01507	0.01947	0.01947	0.01444	0.02073	0.01193	0.01570	0.01005	0.00565	0.00628	0.00188	0.00754	0.00565	0.00314	0.01005
76	0.02197	0.01532	0.01686	0.01341	0.01792	0.01669	0.01091	0.44725	0.16737	0.12351	0.06641	0.01986	0.01639	0.00820	0.00645	0.00197	0.00613	0.00647	0.00660	0.01032
77	0.01578	0.01363	0.01434	0.01291	0.01650	0.01578	0.01004	0.03371	0.72602	0.02654	0.02582	0.02367	0.01937	0.00861	0.00646	0.00215	0.00502	0.00717	0.00646	0.01004
78	0.01264	0.00670	0.00679	0.00649	0.00821	0.00683	0.00494	0.06146	0.01440	0.02474	0.02033	0.02309	0.01590	0.00741	0.00456	0.00151	0.00322	0.00590	0.75864	0.00624
79	0.00906	0.00680	0.01020	0.01020	0.01133	0.00793	0.00793	0.01133	0.01020	0.01473	0.01699	0.02492	0.01586	0.04758	0.75191	0.01020	0.01699	0.00680	0.00340	0.00566
80	0.02408	0.00985	0.01316	0.01042	0.01464	0.00854	0.00848	0.02651	0.01777	0.58514	0.11433	0.02853	0.09085	0.00927	0.00662	0.00198	0.00490	0.00767	0.00756	0.00969
81	0.01387	0.01462	0.02827	0.27422	0.07803	0.01575	0.34953	0.01825	0.01352	0.01833	0.01169	0.01656	0.00910	0.00642	0.00868	0.00219	0.10351	0.00651	0.00302	0.00794
82	0.01955	0.01550	0.01647	0.01367	0.01793	0.01754	0.01095	0.34221	0.41139	0.03261	0.02103	0.01986	0.01549	0.00816	0.00641	0.00204	0.00591	0.00651	0.00641	0.01038
83	0.02308	0.01725	0.01846	0.01439	0.01928	0.01919	0.01181	0.63152	0.11632	0.03831	0.01655	0.01628	0.01185	0.00774	0.00636	0.00193	0.00674	0.00589	0.00636	0.01070
84	0.01488	0.01635	0.03417	0.08191	0.15032	0.01574	0.54919	0.01988	0.01472	0.02009	0.01257	0.01686	0.00961	0.00547	0.00720	0.00210	0.01001	0.00705	0.00317	0.00869
85	0.00891	0.00729	0.00840	0.00863	0.03474	0.00669	0.00620	0.01224	0.06711	0.02057	0.26703	0.05279	0.43107	0.01424	0.00741	0.00211	0.00349	0.02885	0.00617	0.00607
86	0.01309	0.01241	0.02103	0.54638	0.25045	0.01439	0.01817	0.01718	0.01321	0.01755	0.01147	0.01655	0.00893	0.00614	0.00632	0.00205	0.00818	0.00564	0.00291	0.00794
87	0.01791	0.01129	0.01848	0.13579	0.12180	0.01098	0.10493	0.02111	0.01558	0.27334	0.07291	0.09586	0.03690	0.00894	0.00684	0.00209	0.00650	0.02465	0.00543	0.00865
88	0.00777	0.00638	0.00685	0.00685	0.00877	0.00545	0.00509	0.00959	0.01493	0.01855	0.18077	0.10247	0.57302	0.01575	0.00753	0.00214	0.00320	0.01334	0.00608	0.00545
89	0.01221	0.01159	0.01908	0.67197	0.04043	0.01474	0.01717	0.01610	0.01233	0.01610	0.01092	0.01655	0.00844	0.00692	0.00809	0.00219	0.09972	0.00563	0.00281	0.00703
90	0.01676	0.01419	0.02430	0.12669	0.51271	0.01430	0.06422	0.02053	0.01472	0.10971	0.01354	0.01668	0.01052	0.00599	0.00638	0.00194	0.00760	0.00586	0.00369	0.00966
91	0.01458	0.01434	0.02141	0.05639	0.53028	0.06224	0.01620	0.01782	0.01462	0.01956	0.02149	0.02389	0.14455	0.00767	0.00647	0.00192	0.00702	0.00699	0.00365	0.00889
92	0.01022	0.00730	0.01022	0.01168	0.01314	0.00730	0.01022	0.01314	0.01460	0.01899	0.03359	0.07156	0.03651	0.01752	0.00876	0.00292	0.00584	0.69478	0.00584	0.00584
93	0.00903	0.00657	0.00855	0.00828	0.00981	0.00609	0.00636	0.01193	0.01741	0.02431	0.62395	0.05066	0.09516	0.01362	0.00762	0.00210	0.00330	0.08253	0.00680	0.00594
94	0.01726	0.17223	0.16442	0.10953	0.07177	0.01776	0.06363	0.17143	0.07644	0.05582	0.01364	0.01522	0.01023	0.00651	0.00591	0.00188	0.00765	0.00531	0.00411	0.00925
95	0.00913	0.00776	0.00955	0.01103	0.09960	0.00706	0.00707	0.01187	0.03982	0.01972	0.20222	0.05115	0.47319	0.01384	0.00731	0.00208	0.00376	0.01180	0.00581	0.00624
96	0.00986	0.00719	0.00972	0.01099	0.01254	0.00704	0.00951	0.01261	0.01458	0.01874	0.03766	0.07017	0.12916	0.01733	0.00859	0.00282	0.00549	0.60439	0.00585	0.00578
97	0.01822	0.01610	0.02320	0.06396	0.02410	0.07698	0.23815	0.09714	0.19676	0.10939	0.01723	0.01845	0.01267	0.00719	0.00750	0.00209	0.05026	0.00658	0.00487	0.00915
98	0.02455	0.01486	0.06434	0.11125	0.02107	0.10009	0.01179	0.04687	0.01743	0.49099	0.02020	0.01903	0.01319	0.00737	0.00627	0.00194	0.00684	0.00587	0.00625	0.00979
99	0.01286	0.03185	0.70066	0.01861	0.02781	0.01481	0.06599	0.02010	0.01349	0.02010	0.01147	0.01362	0.00813	0.00599	0.00612	0.00202	0.00946	0.00486	0.00271	0.00933
100	0.02835	0.01098	0.01484	0.01138	0.01629	0.00960	0.00940	0.04927	0.01847	0.72308	0.02477	0.02142	0.01557	0.00785	0.00638	0.00196	0.00544	0.00636	0.00781	0.01080
101	0.02314	0.01890	0.11470	0.01465	0.02027	0.01773	0.01323	0.53881	0.02620	0.12454	0.01594	0.01578	0.01103	0.00743	0.00631	0.00193	0.00710	0.00566	0.00605	0.01060
102	0.12359	0.01608	0.02123	0.02627	0.36854	0.08603	0.06135	0.03980	0.15221	0.02282	0.01414	0.01620	0.01124	0.00637	0.00603	0.00194	0.00727	0.00562	0.00398	0.00929
103	0.01404	0.01021	0.01108	0.00992	0.01259	0.01108	0.00770	0.10540	0.26867	0.02706	0.18977	0.02823	0.02696	0.00916	0.00610	0.00189	0.00418	0.00764	0.24034	0.00798
104	0.01644	0.01648	0.01952	0.01580	0.01991	0.15101	0.16724	0.08976	0.17953	0.02223	0.01837	0.12210	0.01617	0.00848	0.00655	0.00194	0.00745	0.00761	0.00471	0.10871
105	0.00780	0.00557	0.00744	0.00891	0.00931	0.00521	0.00601	0.00895	0.01221	0.01627	0.03493	0.75345	0.04181	0.01981	0.00812	0.00259	0.00374	0.03681	0.00589	0.00517
106	0.01485	0.01206	0.01998	0.50811	0.19428	0.01372	0.01700	0.01876	0.01376	0.10736	0.01313	0.01723	0.00971	0.00638	0.00633	0.00204	0.00787	0.00573	0.00352	0.00818
107	0.06516	0.42582	0.23287	0.01624	0.10881	0.02024	0.01526	0.01934	0.01310	0.01795	0.00994	0.01178	0.00827	0.00565	0.00489	0.00165	0.00750	0.00404	0.00283	0.00865
108	0.00801	0.00573	0.00761	0.00864	0.00926	0.00534	0.00591	0.00953	0.01343	0.01824	0.18970	0.61234	0.04592	0.01835	0.00796	0.00245	0.00353	0.01658	0.00613	0.00534
109	0.00898	0.00648	0.00848	0.00798	0.00948	0.00599	0.00599	0.01197	0.01796	0.02544	0.73413	0.04739	0.05986	0.01297	0.00748	0.00200	0.00299	0.01147	0.00698	0.00599
110	0.01530	0.01483	0.02582	0.10811	0.62700	0.01504	0.06208	0.01921	0.01431	0.02026	0.01192	0.01591	0.00987	0.00570	0.00636	0.00192	0.00782	0.00576	0.00311	0.00967
111	0.01675	0.01541	0.02492	0.03591	0.64830	0.01564	0.01855	0.10604	0.01636	0.02312	0.01234	0.01564	0.01014	0.00590	0.00629	0.00189	0.00747	0.00566	0.00354	0.01014
112	0.00856	0.00609	0.00708	0.00737	0.00797	0.00577	0.00468	0.00938	0.01165	0.01530	0.09982	0.21037	0.15710	0.39805	0.02006	0.00423	0.00477	0.01216	0.00497	0.00461
113	0.00759	0.00643	0.00655	0.00652	0.00862	0.00539	0.00489	0.00928	0.01468	0.01765	0.10551	0.06021	0.69334	0.01588	0.00750	0.00213	0.00320	0.01327	0.00596	0.00539
114	0.01279	0.01078	0.01279	0.00968	0.01480	0.00831	0.00785	0.01562	0.01333	0.02046	0.01405	0.02041	0.01276	0.00629	0.00520	0.00119	0.00484	0.08961	0.00402	0.71520
115	0.11325	0.03026	0.65289	0.01687	0.02557	0.01467	0.02138	0.01991	0.01307	0.02113	0.01107	0.01301	0.00789	0.00601	0.00577	0.00200	0.00882	0.00453	0.00283	0.00906
116	0.02333	0.01816	0.01784	0.01409	0.01875	0.10903	0.01145	0.54132	0.02663	0.08224	0.01823	0.01800	0.05538	0.00802	0.00634	0.00189	0.00720	0.00603	0.00604	0.01003
117	0.00760	0.00643	0.00656	0.00653	0.00863	0.00540	0.00490	0.00930	0.01469	0.01769	0.10884	0.06014	0.68999	0.01586	0.00750	0.00213	0.00320	0.01326	0.00596	0.00540
118	0.72134	0.01482	0.10062	0.00955	0.01416	0.01429	0.00893	0.01883	0.01112	0.02742	0.00915	0.01069	0.00702	0.00591	0.00419	0.00197	0.00546	0.00359	0.00377	0.00718
119	0.01524	0.01460	0.02491	0.12874	0.65129	0.01495	0.01924	0.01906	0.01423	0.02016	0.01185	0.01585	0.00985	0.00574	0.00629	0.00191	0.00765	0.00565	0.00310	0.00968
120	0.01482	0.10668	0.49299	0.01802	0.02609	0.01657	0.10930	0.10336	0.01551	0.02196	0.01176	0.01376	0.00858	0.00607	0.00605	0.00195	0.00899	0.00503	0.00319	0.00931
121	0.00770	0.00643	0.00671	0.00664	0.00870	0.00544	0.00498	0.00950	0.01495	0.01829	0.15752	0.05915	0.64093	0.01564	0.00750	0.00212	0.00318	0.01312	0.00604	0.00544
122	0.01210	0.02942	0.65264	0.01693	0.02519	0.01354	0.02126	0.01869	0.01324	0.01961	0.01431	0.10775	0.01225	0.00775	0.00628	0.00208	0.00867	0.00635	0.00308	0.00885
123	0.01968	0.01586	0.02214	0.02856	0.44293	0.07564	0.01599	0.10851	0.01722	0.15332	0.01446	0.01632	0.01097	0.00648	0.00657	0.00190	0.02339	0.00566	0.00440	0.00999
124	0.02585	0.01179	0.01784	0.01345	0.01847	0.01052	0.10748	0.05257	0.01811	0.59553	0.04439	0.02153	0.01602	0.00765	0.00657	0.00199	0.00612	0.00666	0.00713	0.01034
125	0.01258	0.00664	0.00672	0.00645	0.00815	0.00676	0.00490	0.05798	0.01432	0.02466	0.02036	0.02313	0.01592	0.00740	0.00455	0.00150	0.00320	0.00590	0.76264	0.00621
126	0.01588	0.01443	0.02265	0.20268	0.44231	0.01546	0.01754	0.10616	0.05976	0.02242	0.01304	0.01642	0.01034	0.00624	0.00631	0.00196	0.00753	0.00575	0.00367	0.00944
127	0.13826	0.01724	0.10843	0.01770	0.11865	0.01693	0.01393	0.24733	0.01809	0.07142	0.01257	0.01446	0.00957	0.00760	0.00882	0.00210	0.15804	0.00525	0.00447	0.00916
128	0.00799	0.00645	0.00711	0.00694	0.00887	0.00556	0.00521	0.01005	0.01562	0.01988	0.28584	0.05653	0.51162	0.01504	0.00749	0.00209	0.00314	0.01275	0.00625	0.00556
129	0.00899	0.00628	0.00735	0.00735	0.00779	0.00632	0.00458	0.00953	0.01002	0.01327	0.02504	0.04145	0.11042	0.57311	0.13713	0.00626	0.00741	0.00938	0.00403	0.00430
130	0.01315	0.01128	0.01315	0.00940	0.01503	0.00846	0.00752	0.01597	0.01315	0.02067	0.01128	0.01315	0.00940	0.00470	0.00470	0.00094	0.00470	0.00376	0.00376	0.81583
131	0.00788	0.00564	0.00750	0.00873	0.00924	0.00526	0.00590	0.00922	0.01287	0.01734	0.12183	0.68278	0.04418	0.01902	0.00802	0.00250	0.00360	0.01722	0.00602	0.00526
132	0.01497	0.01711	0.03743	0.02674	0.03316	0.01604	0.71444	0.02032	0.01497	0.02032	0.01283	0.01711	0.00963	0.00535	0.00749	0.00214	0.01070	0.00749	0.00321	0.00856
133	0.02222	0.02696	0.01827	0.01628	0.01916	0.59428	0.01249	0.06634	0.01744	0.01699	0.00991	0.01205	0.00836	0.00730	0.00807	0.00183	0.12675	0.00441	0.00338	0.00750
134	0.00898	0.00648	0.00848	0.00798	0.00948	0.00599	0.00599	0.01197	0.01796	0.02544	0.73413	0.04739	0.05986	0.01297	0.00748	0.00200	0.00299	0.01147	0.00698	0.00599
135	0.00854	0.00577	0.00711	0.00795	0.00826	0.00556	0.00505	0.00937	0.01117	0.01529	0.02861	0.45921	0.03343	0.29218	0.01658	0.00379	0.00452	0.01405	0.05881	0.00473
136	0.00774	0.00644	0.00676	0.00668	0.00872	0.00546	0.00501	0.00957	0.01503	0.01849	0.17319	0.05883	0.62513	0.01556	0.00750	0.00212	0.00318	0.01308	0.00607	0.00546
137	0.01198	0.01128	0.01903	0.76180	0.04369	0.01409	0.01762	0.01621	0.01268	0.01621	0.01128	0.01691	0.00846	0.00634	0.00634	0.00211	0.00846	0.00564	0.00282	0.00705
138	0.01570	0.01507	0.02575	0.03894	0.73748	0.01507	0.01947	0.01947	0.01444	0.02073	0.01193	0.01570	0.01005	0.00565	0.00628	0.00188	0.00754	0.00565	0.00314	0.01005
139	0.00866	0.00647	0.00803	0.00764	0.00928	0.00585	0.00573	0.01135	0.01720	0.02363	0.58834	0.05036	0.20677	0.01364	0.00749	0.00203	0.00304	0.01189	0.00675	0.00585
140	0.01570	0.01507	0.02575	0.03894	0.73748	0.01507	0.01947	0.01947	0.01444	0.02073	0.01193	0.01570	0.01005	0.00565	0.00628	0.00188	0.00754	0.00565	0.00314	0.01005
141	0.00881	0.00656	0.00825	0.00805	0.00968	0.00600	0.00619	0.01152	0.01691	0.02310	0.52689	0.05264	0.19297	0.01406	0.00762	0.00212	0.00333	0.08281	0.00665	0.00584
142	0.00794	0.00581	0.00746	0.00838	0.00918	0.00534	0.00578	0.00946	0.01353	0.01807	0.17186	0.54927	0.12833	0.01810	0.00791	0.00241	0.00349	0.01623	0.00610	0.00534
143	0.01682	0.01543	0.02486	0.03571	0.64225	0.01568	0.01849	0.11191	0.01649	0.02328	0.01237	0.01564	0.01015	0.00591	0.00629	0.00189	0.00746	0.00566	0.00357	0.01015
144	0.01518	0.01454	0.02481	0.13957	0.64090	0.01494	0.01921	0.01902	0.01420	0.02010	0.01184	0.01587	0.00983	0.00575	0.00629	0.00192	0.00766	0.00565	0.00310	0.00963
145	0.01315	0.01128	0.01315	0.00940	0.01503	0.00846	0.00752	0.01597	0.01315	0.02067	0.01128	0.01315	0.00940	0.00470	0.00470	0.00094	0.00470	0.00376	0.00376	0.81583
146	0.01739	0.01496	0.02333	0.03233	0.55258	0.01526	0.01721	0.09430	0.08023	0.06834	0.01434	0.01674	0.01132	0.00626	0.00631	0.00192	0.00712	0.00584	0.00407	0.01017
147	0.00956	0.00652	0.00756	0.00767	0.00796	0.00661	0.00464	0.01074	0.05727	0.01371	0.02191	0.14077	0.02471	0.57402	0.02674	0.05522	0.00569	0.01009	0.00424	0.00437
148	0.01780	0.68761	0.03135	0.01154	0.01670	0.11536	0.01103	0.01978	0.01352	0.01500	0.00894	0.01033	0.00814	0.00557	0.00428	0.00139	0.00736	0.00348	0.00278	0.00804
149	0.00999	0.00693	0.00863	0.00848	0.01033	0.00604	0.00615	0.01185	0.01420	0.06700	0.17226	0.36390	0.16007	0.01519	0.00734	0.00214	0.00371	0.01340	0.00597	0.10644
150	0.02127	0.01461	0.01614	0.01322	0.01761	0.01598	0.01065	0.28440	0.33476	0.16795	0.02177	0.02017	0.01551	0.00810	0.00640	0.00202	0.00581	0.00648	0.00668	0.01046
151	0.01475	0.01410	0.02402	0.22464	0.55925	0.01482	0.01899	0.01863	0.01399	0.01957	0.01176	0.01601	0.00964	0.00583	0.00630	0.00194	0.00777	0.00565	0.00306	0.00928
152	0.00792	0.00560	0.00731	0.00860	0.00892	0.00528	0.00563	0.00888	0.01178	0.01571	0.03310	0.68205	0.03961	0.11394	0.01110	0.00302	0.00399	0.01694	0.00563	0.00499
153	0.01232	0.00762	0.01059	0.01144	0.01326	0.00741	0.00982	0.01506	0.01488	0.10861	0.03262	0.11202	0.03429	0.01648	0.00842	0.00278	0.00564	0.56423	0.00609	0.00641
154	0.01272	0.03281	0.74418	0.01808	0.02746	0.01473	0.02344	0.02009	0.01339	0.02009	0.01138	0.01339	0.00804	0.00603	0.00603	0.00201	0.00938	0.00469	0.00268	0.00938
155	0.01187	0.00849	0.00997	0.00991	0.01147	0.02870	0.00719	0.11889	0.01621	0.05600	0.13994	0.48652	0.03779	0.01597	0.00758	0.00233	0.00438	0.01418	0.00615	0.00648
156	0.01388	0.01388	0.01943	0.01666	0.01666	0.01943	0.01388	0.01527	0.00972	0.01527	0.00833	0.01388	0.00833	0.01110	0.02082	0.00278	0.76544	0.00555	0.00278	0.00694
157	0.19713	0.01694	0.05875	0.01323	0.04107	0.15200	0.01050	0.04181	0.25409	0.04465	0.09141	0.01970	0.01738	0.00776	0.00582	0.00197	0.00640	0.00594	0.00504	0.00840
158	0.17719	0.32087	0.15403	0.01167	0.01704	0.01743	0.01189	0.01987	0.01296	0.10886	0.01209	0.01363	0.00955	0.00998	0.07653	0.00252	0.00769	0.00434	0.00365	0.00821
159	0.01818	0.01157	0.01464	0.01419	0.10427	0.01133	0.00990	0.15975	0.06247	0.20659	0.13598	0.04667	0.11291	0.00954	0.00663	0.00194	0.00523	0.00803	0.00622	0.05399

[dist]
# distance from previous block
# <min> <max>
5	10

[block]
# block no. 4 follows, 35 sequences, length 17
# corresponding to MSA columns:
# 349-365
name=unknown_E
#
# <colnr> <probs for GDERKNQSTAVLIFYWHMCP>
#	G	D	E	R	K	N	Q	S	T	A	V	L	I	F	Y	W	H	M	C	P
0	0.01187	0.00830	0.01199	0.01028	0.01291	0.00735	0.07053	0.01453	0.01577	0.10360	0.32055	0.18193	0.08714	0.01232	0.00716	0.00201	0.00431	0.01107	0.00608	0.10030
1	0.01654	0.06824	0.11091	0.01624	0.10892	0.03693	0.04087	0.09933	0.08546	0.10826	0.01984	0.10577	0.04731	0.00848	0.00625	0.00189	0.00645	0.00720	0.00482	0.10030
