[name]
unknown

[dist]
# distance from previous block
# <min> <max>
0	49

[block]
# block no. 0 follows, 36 sequences, length 105
# corresponding to MSA columns:
# 52-156
name=unknown_A
#
# <colnr> <probs for GDERKNQSTAVLIFYWHMCP>
#	G	D	E	R	K	N	Q	S	T	A	V	L	I	F	Y	W	H	M	C	P
0	0.00818	0.00584	0.00790	0.00935	0.00996	0.00557	0.00680	0.00969	0.01251	0.01656	0.03402	0.60779	0.03993	0.01897	0.00811	0.00261	0.00412	0.18110	0.00577	0.00522
1	0.01439	0.01375	0.02343	0.24333	0.54513	0.01453	0.01861	0.01822	0.01370	0.01911	0.01154	0.01576	0.00943	0.00574	0.00619	0.00191	0.00766	0.00555	0.00300	0.00904
2	0.01594	0.45262	0.27472	0.01344	0.02005	0.02066	0.01498	0.08891	0.01448	0.01883	0.01014	0.01156	0.00822	0.00574	0.00487	0.00160	0.00755	0.00399	0.00301	0.00867
3	0.82504	0.01205	0.00916	0.00819	0.01205	0.01398	0.00675	0.01832	0.01060	0.02795	0.00868	0.01012	0.00675	0.00578	0.00386	0.00193	0.00482	0.00337	0.00386	0.00675
4	0.29603	0.01152	0.01265	0.01102	0.01381	0.01347	0.00897	0.13603	0.01389	0.06566	0.01295	0.01626	0.01068	0.01887	0.22731	0.00440	0.10987	0.00516	0.00418	0.00729
5	0.01325	0.01161	0.01943	0.61335	0.14622	0.01372	0.01711	0.01723	0.01303	0.05873	0.01195	0.01670	0.00895	0.00621	0.00622	0.00203	0.00800	0.00558	0.00310	0.00758
6	0.01443	0.01015	0.01226	0.01093	0.01326	0.01102	0.00867	0.09123	0.12920	0.11542	0.08966	0.05385	0.13012	0.08045	0.03209	0.00278	0.10419	0.07724	0.00562	0.00741
7	0.00866	0.00605	0.00749	0.00771	0.00819	0.00603	0.00501	0.00961	0.01105	0.01501	0.11914	0.18745	0.05150	0.40863	0.11677	0.00519	0.00643	0.01090	0.00459	0.00459
8	0.24552	0.01428	0.01625	0.01744	0.17570	0.01581	0.01149	0.18753	0.20523	0.02844	0.01521	0.01588	0.01157	0.00683	0.00558	0.00195	0.00590	0.00534	0.00490	0.00916
9	0.46764	0.01482	0.01274	0.01067	0.01484	0.13345	0.03673	0.02052	0.01305	0.10833	0.01114	0.01221	0.00839	0.00594	0.00466	0.00176	0.00612	0.00401	0.00415	0.10882
10	0.01612	0.01280	0.01258	0.01100	0.01410	0.09257	0.00855	0.19162	0.11130	0.08816	0.07502	0.12753	0.18997	0.01135	0.00674	0.00202	0.00542	0.00937	0.00592	0.00787
11	0.01507	0.49715	0.30635	0.01337	0.02019	0.02076	0.01538	0.01907	0.01285	0.01660	0.00962	0.01120	0.00796	0.00556	0.00473	0.00158	0.00764	0.00382	0.00265	0.00846
12	0.01623	0.15340	0.42633	0.01605	0.02301	0.19536	0.01791	0.04912	0.01481	0.01861	0.01055	0.01225	0.00805	0.00601	0.00555	0.00178	0.00919	0.00429	0.00292	0.00859
13	0.02012	0.00976	0.01261	0.01017	0.01391	0.00888	0.00817	0.06277	0.04690	0.40056	0.25425	0.02863	0.02895	0.00917	0.00652	0.00188	0.00457	0.00772	0.00706	0.05739
14	0.01156	0.00912	0.01015	0.00942	0.01190	0.00944	0.00720	0.01962	0.28721	0.04703	0.23866	0.06985	0.21996	0.01201	0.00696	0.00208	0.00386	0.01025	0.00637	0.00735
15	0.01336	0.00718	0.00949	0.00941	0.01115	0.00662	0.00684	0.01560	0.04293	0.20915	0.08492	0.49230	0.03487	0.01545	0.00740	0.00231	0.00406	0.01378	0.00639	0.00677
16	0.01334	0.01268	0.02153	0.45245	0.34422	0.01426	0.01809	0.01730	0.01320	0.01783	0.01135	0.01610	0.00898	0.00594	0.00620	0.00198	0.00792	0.00554	0.00290	0.00819
17	0.02327	0.02970	0.01766	0.01605	0.01926	0.75602	0.01204	0.02488	0.01766	0.01525	0.00963	0.01124	0.00803	0.00642	0.00562	0.00161	0.01124	0.00401	0.00321	0.00722
18	0.00755	0.00632	0.00657	0.00651	0.00853	0.00534	0.00488	0.00931	0.01465	0.01789	0.15058	0.05823	0.65152	0.01539	0.00736	0.00209	0.00313	0.01291	0.00592	0.00534
19	0.01329	0.17630	0.61166	0.01640	0.02487	0.01642	0.02065	0.01953	0.01306	0.01876	0.01070	0.01255	0.00791	0.00581	0.00555	0.00185	0.00872	0.00436	0.00264	0.00898
20	0.02795	0.01060	0.01446	0.01109	0.01591	0.00916	0.00916	0.03036	0.01783	0.74648	0.02458	0.02121	0.01542	0.00771	0.00627	0.00193	0.00530	0.00627	0.00771	0.01060
21	0.03855	0.00648	0.00683	0.00648	0.00834	0.00633	0.00495	0.01551	0.01372	0.08521	0.06363	0.02616	0.06133	0.00807	0.00485	0.00158	0.00319	0.00652	0.62605	0.00622
22	0.01486	0.01346	0.02092	0.11623	0.30619	0.04302	0.09648	0.03819	0.06873	0.05757	0.11875	0.02228	0.04080	0.00736	0.00652	0.00195	0.00695	0.00690	0.00424	0.00857
23	0.01844	0.04096	0.17610	0.01600	0.06155	0.10987	0.05576	0.02578	0.19240	0.18541	0.01776	0.01787	0.01284	0.00831	0.03122	0.00220	0.00768	0.00576	0.00486	0.00926
24	0.00749	0.00582	0.00682	0.00763	0.00876	0.00515	0.00532	0.00879	0.01294	0.01632	0.04713	0.45833	0.35159	0.01786	0.00769	0.00234	0.00341	0.01568	0.00578	0.00515
25	0.01958	0.01294	0.01441	0.01189	0.01572	0.01402	0.00956	0.27724	0.21670	0.14883	0.02026	0.01999	0.01475	0.01002	0.04928	0.00236	0.00608	0.00620	0.12075	0.00943
26	0.08056	0.40534	0.14423	0.06682	0.02030	0.01939	0.05115	0.02037	0.06596	0.05668	0.01154	0.01294	0.00919	0.00588	0.00493	0.00167	0.00706	0.00435	0.00333	0.00831
27	0.00931	0.00752	0.00944	0.01091	0.06303	0.00714	0.00791	0.01234	0.05536	0.01812	0.04437	0.13269	0.34212	0.01548	0.00769	0.00238	0.00446	0.23813	0.00561	0.00599
28	0.01014	0.00815	0.00934	0.00954	0.01124	0.00846	0.00693	0.01667	0.24154	0.01981	0.07653	0.38508	0.14207	0.01503	0.00731	0.00230	0.00392	0.01325	0.00602	0.00667
29	0.01437	0.01519	0.05040	0.18257	0.36813	0.01488	0.22470	0.01873	0.01395	0.01931	0.01183	0.01600	0.00937	0.00561	0.00652	0.00197	0.00856	0.00605	0.00303	0.00882
30	0.01656	0.01391	0.01469	0.01289	0.01661	0.01599	0.01012	0.12219	0.64011	0.02777	0.02401	0.02217	0.01793	0.00833	0.00633	0.00208	0.00518	0.00686	0.00633	0.00996
31	0.02320	0.01698	0.01818	0.01399	0.01884	0.01878	0.01154	0.69287	0.02864	0.03862	0.01518	0.01529	0.01081	0.00747	0.00616	0.00185	0.00670	0.00562	0.03890	0.01040
32	0.00801	0.00578	0.00795	0.00913	0.00971	0.00572	0.00646	0.00944	0.01174	0.01583	0.03094	0.58526	0.03602	0.02445	0.14825	0.00396	0.00622	0.06460	0.00532	0.00520
33	0.82504	0.01205	0.00916	0.00819	0.01205	0.01398	0.00675	0.01832	0.01060	0.02795	0.00868	0.01012	0.00675	0.00578	0.00386	0.00193	0.00482	0.00337	0.00386	0.00675
34	0.01292	0.01107	0.01292	0.00923	0.01477	0.00831	0.00738	0.01569	0.01292	0.02030	0.01107	0.01292	0.00923	0.00461	0.00461	0.00092	0.00461	0.00369	0.00369	0.81912
35	0.01812	0.02076	0.01906	0.08458	0.13850	0.37725	0.06364	0.02157	0.05665	0.01720	0.01222	0.01518	0.01008	0.01066	0.08680	0.00265	0.01034	0.00514	0.02197	0.00765
36	0.25334	0.01493	0.01488	0.01186	0.01623	0.01666	0.00976	0.46049	0.02257	0.03468	0.01359	0.01425	0.00993	0.00697	0.00539	0.00185	0.00594	0.00498	0.07257	0.00909
37	0.00940	0.00671	0.00930	0.01074	0.01189	0.00662	0.00892	0.01180	0.01371	0.01793	0.03334	0.25615	0.03727	0.01782	0.00843	0.00278	0.00518	0.52072	0.00575	0.00556
38	0.02020	0.02058	0.02046	0.02110	0.19407	0.28693	0.06400	0.20573	0.01940	0.02360	0.01237	0.01432	0.00971	0.00645	0.00596	0.00176	0.00863	0.00515	0.05084	0.00875
39	0.01542	0.01480	0.02529	0.03824	0.74217	0.01480	0.01912	0.01912	0.01419	0.02036	0.01172	0.01542	0.00987	0.00555	0.00617	0.00185	0.00740	0.00555	0.00308	0.00987
40	0.00759	0.00542	0.00723	0.00868	0.00904	0.00506	0.00578	0.00868	0.01193	0.01591	0.03434	0.77697	0.04121	0.01952	0.00795	0.00253	0.00361	0.01771	0.00578	0.00506
41	0.00773	0.00626	0.00686	0.00684	0.00867	0.00539	0.00508	0.00959	0.01486	0.01870	0.22168	0.10820	0.52771	0.01532	0.00740	0.00210	0.00314	0.01303	0.00604	0.00539
42	0.00950	0.00771	0.00866	0.00816	0.00979	0.04909	0.00612	0.01223	0.01728	0.02359	0.62738	0.04588	0.12581	0.01269	0.00725	0.00195	0.00344	0.01104	0.00654	0.00589
43	0.02203	0.02674	0.01711	0.01546	0.01877	0.61733	0.01168	0.04396	0.13346	0.01761	0.01231	0.01328	0.00987	0.00678	0.00575	0.00169	0.01010	0.00454	0.00379	0.00774
44	0.01650	0.01325	0.01789	0.04012	0.01728	0.01699	0.01260	0.11028	0.01336	0.11381	0.01181	0.01552	0.00988	0.01194	0.05869	0.00291	0.49990	0.00565	0.00388	0.00774
45	0.00788	0.00593	0.00682	0.00724	0.00856	0.00522	0.00513	0.00876	0.01274	0.01577	0.04785	0.26482	0.43961	0.01764	0.00976	0.10896	0.00359	0.01348	0.00538	0.00487
46	0.29084	0.20471	0.12285	0.01235	0.01715	0.22459	0.01149	0.02044	0.01344	0.02004	0.00930	0.01084	0.00757	0.00587	0.00468	0.00170	0.00769	0.00372	0.00322	0.00753
47	0.01542	0.01480	0.02529	0.03824	0.74217	0.01480	0.01912	0.01912	0.01419	0.02036	0.01172	0.01542	0.00987	0.00555	0.00617	0.00185	0.00740	0.00555	0.00308	0.00987
48	0.01301	0.01251	0.02174	0.39371	0.25163	0.01392	0.08560	0.01696	0.01348	0.01829	0.06353	0.01832	0.01251	0.00654	0.00685	0.00202	0.03216	0.00613	0.00319	0.00789
49	0.01025	0.00735	0.00810	0.00759	0.00869	0.00729	0.00502	0.08602	0.01303	0.01706	0.08589	0.04258	0.17847	0.47173	0.02178	0.00442	0.00526	0.00974	0.00472	0.00500
50	0.00848	0.00630	0.00789	0.00761	0.00913	0.00572	0.00566	0.01106	0.01667	0.02296	0.57361	0.09116	0.18333	0.01369	0.00739	0.00202	0.00302	0.01199	0.00660	0.00572
51	0.01683	0.01405	0.01484	0.01295	0.01671	0.01612	0.01018	0.14503	0.61682	0.02821	0.02367	0.02190	0.01765	0.00829	0.00632	0.00207	0.00524	0.00681	0.00632	0.00998
52	0.02432	0.01794	0.01788	0.01403	0.01876	0.11396	0.01143	0.51854	0.02592	0.15057	0.01582	0.01548	0.01104	0.00738	0.00616	0.00184	0.00718	0.00551	0.00608	0.01016
53	0.01634	0.70448	0.03124	0.01125	0.01603	0.02407	0.01097	0.01828	0.01234	0.01469	0.00861	0.01037	0.00801	0.00591	0.00571	0.00148	0.08611	0.00355	0.00267	0.00787
54	0.01597	0.00900	0.01024	0.00913	0.01179	0.00920	0.00709	0.06332	0.16071	0.17110	0.04619	0.09678	0.01999	0.00898	0.00571	0.00183	0.00411	0.00748	0.33356	0.00782
55	0.01911	0.03553	0.08720	0.01199	0.01633	0.12192	0.01043	0.13383	0.04921	0.21649	0.02687	0.04573	0.16031	0.00916	0.00630	0.00190	0.00634	0.00726	0.00557	0.02853
56	0.01538	0.01123	0.01262	0.01143	0.01449	0.01228	0.00881	0.02727	0.46756	0.11876	0.10150	0.12516	0.02567	0.01027	0.00665	0.00213	0.00460	0.00880	0.00650	0.00890
57	0.00765	0.00640	0.00670	0.00685	0.00889	0.00546	0.00529	0.00936	0.01422	0.01702	0.05995	0.06105	0.66561	0.01593	0.00749	0.00218	0.00343	0.08542	0.00578	0.00531
58	0.00837	0.00627	0.00784	0.00856	0.00954	0.00599	0.00598	0.01104	0.06483	0.01847	0.17137	0.50848	0.11585	0.01704	0.00766	0.00235	0.00353	0.01524	0.00603	0.00558
59	0.06135	0.01927	0.19600	0.09339	0.22243	0.05413	0.01652	0.13771	0.01669	0.10408	0.01323	0.01505	0.00972	0.00633	0.00598	0.00190	0.00766	0.00521	0.00403	0.00932
60	0.09468	0.23197	0.40178	0.01584	0.02314	0.01732	0.09613	0.01933	0.01294	0.01920	0.01041	0.01241	0.00798	0.00567	0.00536	0.00181	0.00823	0.00445	0.00282	0.00855
61	0.00782	0.00562	0.00746	0.00878	0.00931	0.00526	0.00607	0.00913	0.01244	0.01656	0.06903	0.67259	0.05958	0.01893	0.00796	0.00252	0.00372	0.06624	0.00583	0.00515
62	0.01322	0.16286	0.62445	0.01653	0.02506	0.01624	0.02087	0.01955	0.01307	0.01885	0.01074	0.01261	0.00791	0.00582	0.00559	0.00186	0.00877	0.00438	0.00264	0.00900
63	0.00839	0.00635	0.00774	0.00739	0.00905	0.00570	0.00554	0.01093	0.01663	0.02260	0.54134	0.05046	0.25782	0.01363	0.00735	0.00200	0.00300	0.01182	0.00655	0.00570
64	0.01561	0.02019	0.14039	0.02123	0.02701	0.13488	0.41395	0.02029	0.01529	0.04013	0.07633	0.01809	0.01350	0.00628	0.00682	0.00198	0.00961	0.00670	0.00354	0.00818
65	0.01363	0.01363	0.01908	0.01636	0.01636	0.01908	0.01363	0.01499	0.00954	0.01499	0.00818	0.01363	0.00818	0.01091	0.02045	0.00273	0.76963	0.00545	0.00273	0.00682
66	0.01292	0.01107	0.01292	0.00923	0.01477	0.00831	0.00738	0.01569	0.01292	0.02030	0.01107	0.01292	0.00923	0.00461	0.00461	0.00092	0.00461	0.00369	0.00369	0.81912
67	0.02261	0.00942	0.01275	0.01018	0.01406	0.00824	0.00824	0.02517	0.01778	0.54509	0.22396	0.02828	0.02753	0.00911	0.00657	0.00194	0.00464	0.00766	0.00747	0.00928
68	0.11710	0.00995	0.01265	0.01012	0.01417	0.00908	0.00824	0.02534	0.01695	0.52241	0.16168	0.02484	0.02285	0.00846	0.00620	0.00193	0.00479	0.00690	0.00710	0.00924
69	0.01726	0.01847	0.02292	0.07445	0.51357	0.20777	0.01717	0.02044	0.01499	0.01877	0.01114	0.01440	0.00930	0.00582	0.00603	0.00180	0.00845	0.00515	0.00310	0.00901
70	0.00832	0.00629	0.00779	0.00842	0.00979	0.00577	0.00646	0.01031	0.01426	0.01850	0.17188	0.24926	0.26630	0.01655	0.00781	0.00237	0.00384	0.17468	0.00597	0.00543
71	0.00777	0.00562	0.00735	0.00840	0.00904	0.00520	0.00574	0.00918	0.01297	0.01740	0.14796	0.61875	0.08509	0.01822	0.00782	0.00241	0.00348	0.01642	0.00595	0.00520
72	0.01402	0.00882	0.01228	0.03340	0.11114	0.00845	0.00879	0.01767	0.05694	0.17019	0.34974	0.07850	0.06023	0.01067	0.00683	0.00197	0.00433	0.00937	0.02908	0.00756
73	0.01280	0.01051	0.01603	0.01731	0.13386	0.01057	0.08586	0.09683	0.01588	0.02114	0.02616	0.06562	0.05407	0.03445	0.00839	0.00256	0.00649	0.36927	0.00504	0.00716
74	0.02439	0.01017	0.01354	0.01089	0.01499	0.00910	0.00877	0.06816	0.01756	0.58539	0.02559	0.14373	0.01933	0.00962	0.00654	0.00202	0.00512	0.00809	0.00731	0.00970
75	0.01983	0.01037	0.01265	0.01026	0.01379	0.01009	0.00826	0.17562	0.01969	0.30587	0.21100	0.02680	0.02591	0.00893	0.00630	0.00186	0.00471	0.00739	0.11195	0.00873
76	0.01376	0.04884	0.39805	0.02338	0.14496	0.01523	0.22725	0.01966	0.01376	0.01974	0.01161	0.01450	0.00868	0.00564	0.00632	0.00197	0.00921	0.00553	0.00286	0.00904
77	0.01442	0.01039	0.01319	0.10967	0.01822	0.01130	0.01070	0.08040	0.20332	0.09245	0.02589	0.09220	0.02412	0.01191	0.00723	0.00237	0.00576	0.25291	0.00575	0.00781
78	0.01301	0.01353	0.02782	0.02123	0.02586	0.01280	0.48662	0.01737	0.01443	0.01935	0.01938	0.08086	0.01846	0.00933	0.00772	0.00233	0.00880	0.18961	0.00400	0.00748
79	0.01892	0.06355	0.04912	0.02213	0.16002	0.23182	0.19545	0.04436	0.01586	0.08982	0.01236	0.01465	0.00955	0.00622	0.00677	0.00186	0.03987	0.00548	0.00364	0.00856
80	0.01552	0.01767	0.11658	0.01754	0.02226	0.09357	0.23628	0.15498	0.01666	0.02194	0.01514	0.08370	0.01312	0.01390	0.12861	0.00331	0.01010	0.00710	0.00395	0.00805
81	0.01275	0.03043	0.66580	0.01875	0.02762	0.01462	0.10417	0.01976	0.01334	0.01976	0.01135	0.01358	0.00807	0.00584	0.00609	0.00199	0.00936	0.00492	0.00269	0.00911
82	0.00914	0.00637	0.00816	0.00835	0.00886	0.00670	0.00577	0.01017	0.01003	0.01364	0.02052	0.03987	0.02231	0.46655	0.24052	0.00679	0.00911	0.09870	0.00390	0.00455
83	0.82504	0.01205	0.00916	0.00819	0.01205	0.01398	0.00675	0.01832	0.01060	0.02795	0.00868	0.01012	0.00675	0.00578	0.00386	0.00193	0.00482	0.00337	0.00386	0.00675
84	0.22927	0.58155	0.02647	0.01001	0.01495	0.02185	0.00963	0.01857	0.01212	0.01816	0.00867	0.01003	0.00767	0.00545	0.00396	0.00149	0.00618	0.00334	0.00298	0.00767
85	0.43532	0.01262	0.01129	0.00979	0.01302	0.07192	0.00772	0.04182	0.01272	0.14736	0.01321	0.01685	0.01081	0.11729	0.00942	0.00253	0.04978	0.00492	0.00446	0.00715
86	0.05598	0.01133	0.01200	0.01080	0.01379	0.01269	0.00840	0.06269	0.43965	0.02630	0.14649	0.02615	0.02441	0.00885	0.00612	0.00198	0.00442	0.00735	0.11206	0.00852
87	0.02327	0.02970	0.01766	0.01605	0.01926	0.75602	0.01204	0.02488	0.01766	0.01525	0.00963	0.01124	0.00803	0.00642	0.00562	0.00161	0.01124	0.00401	0.00321	0.00722
88	0.01171	0.00903	0.01033	0.00975	0.01139	0.00995	0.00700	0.05220	0.24313	0.01899	0.04477	0.08457	0.02223	0.29533	0.13763	0.00483	0.00718	0.00855	0.00489	0.00652
89	0.00815	0.00585	0.00773	0.00829	0.00916	0.00543	0.00583	0.01008	0.01453	0.02004	0.35505	0.44447	0.04921	0.01643	0.00768	0.00227	0.00331	0.01478	0.00627	0.00543
90	0.00831	0.00598	0.00758	0.00823	0.00905	0.00562	0.00579	0.00984	0.01315	0.01759	0.18584	0.36054	0.11090	0.14130	0.01169	0.00297	0.00403	0.08081	0.00568	0.00511
91	0.01408	0.00892	0.01027	0.00906	0.01199	0.00858	0.00708	0.03695	0.15650	0.17822	0.16500	0.04089	0.30364	0.01185	0.00689	0.00204	0.00402	0.00994	0.00651	0.00756
92	0.00818	0.00577	0.00705	0.00774	0.00816	0.00548	0.00495	0.00900	0.01134	0.01502	0.06714	0.40582	0.09302	0.30286	0.01673	0.00378	0.00445	0.01378	0.00509	0.00464
93	0.05027	0.01036	0.01322	0.01079	0.01481	0.00966	0.00867	0.04307	0.09505	0.51918	0.02491	0.10903	0.01844	0.00908	0.00633	0.00200	0.00501	0.00756	0.03296	0.00959
94	0.64741	0.01218	0.01027	0.00909	0.01295	0.01395	0.00739	0.02142	0.12815	0.06910	0.01231	0.01290	0.00924	0.00633	0.00440	0.00196	0.00487	0.00414	0.00448	0.00748
95	0.01271	0.04988	0.53665	0.01784	0.02545	0.01452	0.11299	0.01885	0.01298	0.01914	0.01172	0.01452	0.00879	0.00868	0.05482	0.00251	0.04289	0.00513	0.02126	0.00865
96	0.00823	0.00588	0.00797	0.00941	0.01005	0.00561	0.00690	0.00978	0.01256	0.01662	0.03399	0.59177	0.03981	0.01892	0.00812	0.00262	0.00417	0.19657	0.00577	0.00524
97	0.00759	0.00542	0.00723	0.00868	0.00904	0.00506	0.00578	0.00868	0.01193	0.01591	0.03434	0.77697	0.04121	0.01952	0.00795	0.00253	0.00361	0.01771	0.00578	0.00506
98	0.05806	0.10031	0.05644	0.08705	0.04257	0.10759	0.01166	0.13030	0.14329	0.11266	0.05852	0.01889	0.03125	0.00746	0.00589	0.00187	0.00672	0.00582	0.00494	0.00872
99	0.01918	0.02353	0.04464	0.02244	0.14052	0.39977	0.20244	0.02225	0.01599	0.01746	0.01077	0.01351	0.00871	0.00606	0.00652	0.00181	0.02802	0.00521	0.00315	0.00802
100	0.02795	0.01060	0.01446	0.01109	0.01591	0.00916	0.00916	0.03036	0.01783	0.74648	0.02458	0.02121	0.01542	0.00771	0.00627	0.00193	0.00530	0.00627	0.00771	0.01060
101	0.21746	0.13887	0.11828	0.01215	0.01747	0.01640	0.01147	0.21949	0.01784	0.15480	0.01360	0.01384	0.00972	0.00655	0.00526	0.00182	0.00638	0.00468	0.00485	0.00905
102	0.01284	0.03776	0.14203	0.01528	0.10923	0.01098	0.01209	0.01578	0.01216	0.09322	0.01745	0.11786	0.01642	0.07082	0.22239	0.00462	0.07037	0.00750	0.00392	0.00728
103	0.00759	0.00542	0.00723	0.00868	0.00904	0.00506	0.00578	0.00868	0.01193	0.01591	0.03434	0.77697	0.04121	0.01952	0.00795	0.00253	0.00361	0.01771	0.00578	0.00506
104	0.00750	0.00577	0.00687	0.00775	0.00879	0.00514	0.00537	0.00878	0.01282	0.01627	0.04558	0.49685	0.31407	0.01806	0.00772	0.00236	0.00344	0.01593	0.00578	0.00514

[dist]
# distance from previous block
# <min> <max>
0	1

[block]
# block no. 1 follows, 36 sequences, length 25
# corresponding to MSA columns:
# 158-182
name=unknown_B
#
# <colnr> <probs for GDERKNQSTAVLIFYWHMCP>
#	G	D	E	R	K	N	Q	S	T	A	V	L	I	F	Y	W	H	M	C	P
0	0.05738	0.08407	0.06159	0.12035	0.19724	0.01572	0.17395	0.06212	0.01443	0.04631	0.01385	0.01685	0.03866	0.00659	0.00722	0.00198	0.06383	0.00592	0.00348	0.00845
1	0.01661	0.13896	0.15971	0.01999	0.02615	0.11832	0.34437	0.02104	0.01471	0.06355	0.01208	0.01461	0.00912	0.00570	0.00627	0.00188	0.00946	0.00572	0.00327	0.00846
2	0.82504	0.01205	0.00916	0.00819	0.01205	0.01398	0.00675	0.01832	0.01060	0.02795	0.00868	0.01012	0.00675	0.00578	0.00386	0.00193	0.00482	0.00337	0.00386	0.00675
3	0.00812	0.00573	0.00735	0.00813	0.00863	0.00542	0.00539	0.00933	0.01241	0.01682	0.16306	0.48886	0.04068	0.17498	0.01273	0.00315	0.00399	0.01473	0.00557	0.00495
4	0.01562	0.01694	0.01879	0.01629	0.01696	0.17075	0.01330	0.01703	0.01121	0.01505	0.00848	0.01314	0.00815	0.00998	0.01740	0.00250	0.61354	0.00516	0.00283	0.00690
5	0.01003	0.00844	0.01075	0.00938	0.01219	0.00746	0.05046	0.02767	0.05307	0.01951	0.11854	0.19393	0.25364	0.01256	0.00681	0.00192	0.00418	0.01098	0.00533	0.18316
6	0.02345	0.02042	0.01755	0.01445	0.01868	0.26488	0.01155	0.38577	0.02357	0.10553	0.01492	0.01660	0.01126	0.00754	0.00613	0.00183	0.00812	0.03313	0.00536	0.00927
7	0.01619	0.73645	0.03104	0.01042	0.01542	0.02350	0.01023	0.01806	0.01244	0.01450	0.00934	0.01191	0.00891	0.05348	0.00572	0.00162	0.00662	0.00369	0.00273	0.00773
8	0.00771	0.00633	0.00679	0.00668	0.00863	0.00541	0.00501	0.00962	0.01502	0.01878	0.22493	0.05675	0.57661	0.01505	0.00736	0.00207	0.00310	0.01270	0.00604	0.00541
9	0.01034	0.00807	0.01051	0.18052	0.01737	0.00819	0.00845	0.05040	0.01489	0.04984	0.12425	0.13927	0.32849	0.01294	0.00707	0.00212	0.00466	0.01109	0.00533	0.00620
10	0.01550	0.01459	0.03873	0.15325	0.26995	0.06805	0.07524	0.04538	0.08690	0.06446	0.01612	0.09485	0.01389	0.00765	0.00644	0.00200	0.00736	0.00701	0.00404	0.00860
11	0.82504	0.01205	0.00916	0.00819	0.01205	0.01398	0.00675	0.01832	0.01060	0.02795	0.00868	0.01012	0.00675	0.00578	0.00386	0.00193	0.00482	0.00337	0.00386	0.00675
12	0.00895	0.00649	0.00907	0.00907	0.00985	0.00727	0.00661	0.01052	0.00973	0.01376	0.01755	0.02927	0.01766	0.26249	0.54343	0.00885	0.01356	0.00738	0.00347	0.00504
13	0.01236	0.02667	0.55995	0.01915	0.11455	0.01342	0.02046	0.01849	0.01343	0.01954	0.01616	0.02031	0.05911	0.00727	0.00622	0.00202	0.00835	0.05064	0.00310	0.00880
14	0.00835	0.00644	0.00775	0.00850	0.00981	0.00603	0.00629	0.01082	0.05223	0.01747	0.06604	0.36963	0.27117	0.01712	0.00775	0.00240	0.00383	0.11703	0.00584	0.00551
15	0.26122	0.01103	0.01291	0.01024	0.01478	0.01057	0.00845	0.02684	0.01572	0.53621	0.01993	0.01796	0.01288	0.00715	0.00556	0.00193	0.00516	0.00542	0.00658	0.00948
16	0.00930	0.00691	0.00915	0.00935	0.01036	0.00733	0.00687	0.04710	0.01238	0.01692	0.07028	0.29152	0.06707	0.09677	0.26656	0.00533	0.03013	0.02637	0.00477	0.00553
17	0.01880	0.05625	0.17850	0.02015	0.15365	0.20000	0.07733	0.02334	0.05429	0.13762	0.01386	0.01513	0.01026	0.00632	0.00601	0.00184	0.00851	0.00522	0.00394	0.00897
18	0.01379	0.01892	0.22418	0.19565	0.33997	0.03362	0.01928	0.01849	0.01361	0.01898	0.01213	0.01693	0.00985	0.00625	0.00619	0.00197	0.00815	0.03025	0.00299	0.00880
19	0.01145	0.00841	0.00936	0.00872	0.01082	0.00833	0.00656	0.16027	0.01701	0.02272	0.12347	0.21279	0.25546	0.03961	0.00783	0.00222	0.00410	0.01165	0.07279	0.00641
20	0.01058	0.06795	0.10896	0.01045	0.01372	0.00902	0.00916	0.01369	0.04145	0.01788	0.02356	0.37802	0.02578	0.01266	0.00658	0.00199	0.00497	0.04383	0.00467	0.19507
21	0.01729	0.04044	0.27116	0.13301	0.12976	0.01409	0.01696	0.08983	0.03363	0.17178	0.01467	0.01602	0.01035	0.00648	0.00606	0.00194	0.00759	0.00535	0.00421	0.00936
22	0.00859	0.00688	0.00889	0.00860	0.00982	0.00668	0.03650	0.00997	0.01232	0.01598	0.08145	0.21095	0.27248	0.18927	0.05422	0.00353	0.04155	0.01218	0.00501	0.00515
23	0.00856	0.00590	0.00756	0.00850	0.00931	0.00546	0.00592	0.00986	0.01255	0.04084	0.05919	0.54077	0.12327	0.07238	0.00954	0.00271	0.00391	0.06276	0.00574	0.00525
24	0.01667	0.05507	0.27304	0.01632	0.06604	0.09993	0.03900	0.11118	0.04324	0.06247	0.01273	0.01408	0.00951	0.00608	0.00571	0.00171	0.00778	0.00479	0.00382	0.15084

[dist]
# distance from previous block
# <min> <max>
0	1

[block]
# block no. 2 follows, 36 sequences, length 14
# corresponding to MSA columns:
# 184-197
name=unknown_C
#
# <colnr> <probs for GDERKNQSTAVLIFYWHMCP>
#	G	D	E	R	K	N	Q	S	T	A	V	L	I	F	Y	W	H	M	C	P
0	0.08818	0.07606	0.36799	0.01661	0.06800	0.06207	0.01689	0.10059	0.10464	0.02288	0.01292	0.01416	0.00963	0.00637	0.00569	0.00190	0.00785	0.00485	0.00368	0.00906
1	0.01463	0.01267	0.10878	0.07934	0.01803	0.01057	0.03456	0.11855	0.03153	0.12681	0.02301	0.23553	0.02250	0.06194	0.00859	0.00247	0.00608	0.07159	0.00524	0.00757
2	0.01144	0.00777	0.00958	0.00865	0.01077	0.00747	0.00664	0.04583	0.07635	0.08322	0.53449	0.04233	0.10693	0.01201	0.00713	0.00198	0.00348	0.01043	0.00677	0.00674
3	0.01404	0.00755	0.00849	0.00763	0.00992	0.00734	0.00592	0.05493	0.04101	0.13153	0.12525	0.02924	0.09081	0.00896	0.00552	0.00170	0.00358	0.00737	0.43231	0.00688
4	0.01131	0.00897	0.01322	0.01362	0.07671	0.01084	0.00957	0.01201	0.00970	0.01405	0.01251	0.02014	0.01217	0.06872	0.25168	0.21822	0.22206	0.00604	0.00300	0.00545
5	0.01658	0.01777	0.12549	0.08831	0.21523	0.04736	0.01539	0.15545	0.20717	0.02473	0.01573	0.01701	0.01193	0.00684	0.00617	0.00195	0.00715	0.00575	0.00445	0.00953
6	0.00933	0.00646	0.00790	0.00802	0.00964	0.00590	0.00616	0.01160	0.01509	0.04681	0.27124	0.14822	0.24146	0.01457	0.00736	0.00217	0.00358	0.11317	0.06557	0.00574
7	0.01659	0.07484	0.20313	0.02021	0.19638	0.01548	0.01583	0.10579	0.06347	0.08713	0.01346	0.01512	0.01024	0.00667	0.00715	0.00189	0.07514	0.00519	0.00396	0.06234
8	0.09264	0.19209	0.06813	0.01402	0.01841	0.36746	0.01195	0.12988	0.01743	0.02024	0.01026	0.01156	0.00829	0.00625	0.00522	0.00164	0.00885	0.00409	0.00358	0.00800
9	0.00862	0.00592	0.00704	0.00749	0.00818	0.00563	0.00498	0.00981	0.01203	0.01645	0.10847	0.27511	0.11920	0.27405	0.01553	0.00351	0.00430	0.03145	0.07740	0.00483
10	0.01531	0.08186	0.02028	0.17632	0.22252	0.04179	0.01436	0.05862	0.02972	0.06603	0.01280	0.01652	0.01046	0.01194	0.10420	0.00301	0.09706	0.00551	0.00353	0.00818
11	0.01858	0.56888	0.02847	0.01205	0.01693	0.17038	0.01104	0.07942	0.01507	0.01686	0.00939	0.01066	0.00822	0.00573	0.00451	0.00143	0.00759	0.00366	0.00308	0.00806
12	0.03178	0.06106	0.27139	0.01590	0.06993	0.04456	0.05275	0.03239	0.03136	0.08257	0.05793	0.08568	0.03876	0.00815	0.00675	0.00194	0.03966	0.00673	0.00403	0.05669
13	0.01625	0.04959	0.16711	0.02061	0.19859	0.03371	0.07900	0.08176	0.01603	0.11400	0.04935	0.02359	0.04563	0.00785	0.00646	0.00199	0.00728	0.06798	0.00437	0.00887

[dist]
# distance from previous block
# <min> <max>
0	5

[block]
# block no. 3 follows, 36 sequences, length 12
# corresponding to MSA columns:
# 203-214
name=unknown_D
#
# <colnr> <probs for GDERKNQSTAVLIFYWHMCP>
#	G	D	E	R	K	N	Q	S	T	A	V	L	I	F	Y	W	H	M	C	P
0	0.00785	0.00596	0.00724	0.00770	0.00891	0.00535	0.00548	0.00960	0.01421	0.01868	0.23618	0.35011	0.26718	0.01648	0.00760	0.00224	0.00328	0.01450	0.00608	0.00535
1	0.10296	0.01307	0.06798	0.20446	0.25018	0.01310	0.01483	0.01649	0.01277	0.01925	0.05073	0.02100	0.01370	0.04087	0.04739	0.00264	0.05371	0.04378	0.00342	0.00766
2	0.08456	0.01441	0.01477	0.01193	0.01635	0.04177	0.00957	0.25224	0.22302	0.02870	0.01648	0.01659	0.01245	0.00690	0.00560	0.00170	0.00564	0.00533	0.03279	0.19920
3	0.01570	0.00927	0.01121	0.00977	0.01259	0.00912	0.00761	0.09375	0.10418	0.19759	0.24625	0.11252	0.07930	0.01110	0.00676	0.00201	0.00425	0.00949	0.04969	0.00786
4	0.00854	0.00641	0.00803	0.00830	0.00980	0.00589	0.00644	0.01089	0.01535	0.02040	0.32700	0.14342	0.23106	0.01530	0.00769	0.00226	0.00367	0.15775	0.00621	0.00559
5	0.11251	0.04971	0.01340	0.01056	0.01418	0.10685	0.00846	0.05118	0.04535	0.29616	0.06476	0.06052	0.05670	0.00854	0.00585	0.00187	0.00558	0.00673	0.07277	0.00831
6	0.10953	0.01482	0.01551	0.01280	0.01704	0.01664	0.01032	0.32205	0.32020	0.06650	0.01907	0.01819	0.01392	0.00771	0.00601	0.00198	0.00575	0.00599	0.00608	0.00986
7	0.01484	0.01410	0.02395	0.09693	0.64632	0.01433	0.01850	0.01853	0.01405	0.01990	0.01278	0.01839	0.01110	0.00622	0.00630	0.00192	0.00739	0.04186	0.00320	0.00941
8	0.01475	0.01536	0.01861	0.04864	0.05056	0.15190	0.12239	0.01724	0.01325	0.01740	0.03668	0.01793	0.01207	0.09432	0.01134	0.00226	0.14274	0.00567	0.00340	0.20347
9	0.03381	0.01086	0.01028	0.00994	0.01168	0.11500	0.00740	0.05018	0.03565	0.01816	0.07224	0.23938	0.22082	0.04186	0.04169	0.00265	0.05605	0.01121	0.00508	0.00604
10	0.19204	0.01056	0.01107	0.00960	0.01271	0.01137	0.00764	0.15616	0.05871	0.08580	0.01743	0.05966	0.01416	0.01213	0.09010	0.00273	0.00607	0.00603	0.20127	0.03476
11	0.01410	0.01211	0.01323	0.12159	0.01804	0.12299	0.01039	0.03206	0.05793	0.08135	0.04707	0.09257	0.06761	0.01611	0.11186	0.00329	0.04980	0.11635	0.00469	0.00687

[dist]
# distance from previous block
# <min> <max>
0	2

[block]
# block no. 4 follows, 36 sequences, length 18
# corresponding to MSA columns:
# 217-234
name=unknown_E
#
# <colnr> <probs for GDERKNQSTAVLIFYWHMCP>
#	G	D	E	R	K	N	Q	S	T	A	V	L	I	F	Y	W	H	M	C	P
0	0.01441	0.06065	0.22660	0.01280	0.01781	0.05028	0.01277	0.16222	0.01648	0.02247	0.06919	0.02180	0.06381	0.06092	0.08738	0.00293	0.00801	0.00620	0.00417	0.07911
1	0.13401	0.24389	0.29423	0.01357	0.02009	0.01657	0.03914	0.02088	0.01343	0.13288	0.01223	0.01318	0.00899	0.00599	0.00517	0.00178	0.00727	0.00441	0.00363	0.00869
2	0.13756	0.00943	0.02974	0.06282	0.05374	0.00933	0.02323	0.01431	0.05693	0.01905	0.07219	0.15966	0.02373	0.19254	0.01237	0.00305	0.00544	0.06131	0.00452	0.04903
3	0.00789	0.00601	0.00727	0.00776	0.00902	0.00540	0.00559	0.00964	0.01414	0.01845	0.20926	0.33293	0.28684	0.01656	0.00763	0.00226	0.00337	0.03861	0.00603	0.00535
4	0.03774	0.03820	0.01491	0.01210	0.01544	0.01473	0.00968	0.17472	0.29107	0.09309	0.05380	0.02392	0.06225	0.05146	0.00894	0.00228	0.07402	0.00698	0.00578	0.00888
5	0.12149	0.05320	0.02164	0.12935	0.24816	0.01605	0.08400	0.15068	0.07335	0.02436	0.01286	0.01530	0.00997	0.00623	0.00591	0.00192	0.00717	0.00546	0.00397	0.00894
6	0.00759	0.00542	0.00723	0.00868	0.00904	0.00506	0.00578	0.00868	0.01193	0.01591	0.03434	0.77697	0.04121	0.01952	0.00795	0.00253	0.00361	0.01771	0.00578	0.00506
7	0.00909	0.00683	0.00851	0.00852	0.00991	0.00662	0.00621	0.01297	0.09109	0.02203	0.42307	0.25885	0.08366	0.01443	0.00742	0.00215	0.00336	0.01281	0.00643	0.00603
8	0.02418	0.01231	0.01559	0.01352	0.06879	0.01204	0.01020	0.18734	0.06171	0.43812	0.02118	0.01961	0.01416	0.00751	0.00612	0.00189	0.00562	0.00608	0.06386	0.01017
9	0.01555	0.13423	0.24147	0.04915	0.22709	0.01635	0.11088	0.06760	0.01483	0.04799	0.01191	0.01436	0.00916	0.00583	0.00594	0.00186	0.00815	0.00521	0.00328	0.00918
10	0.02427	0.01030	0.01319	0.01045	0.01463	0.00947	0.00852	0.06435	0.05694	0.54649	0.02339	0.02133	0.01546	0.00766	0.00594	0.00185	0.00496	0.00620	0.14484	0.00975
11	0.01268	0.00701	0.00832	0.00763	0.00989	0.00627	0.00585	0.01497	0.01529	0.16486	0.19170	0.08647	0.25156	0.01196	0.00655	0.00193	0.00351	0.01011	0.17689	0.00656
12	0.02220	0.01280	0.01395	0.01134	0.01537	0.06540	0.00913	0.16047	0.10081	0.34518	0.02348	0.02203	0.05693	0.00808	0.00606	0.00187	0.00558	0.00641	0.10352	0.00938
13	0.01773	0.05194	0.01606	0.06984	0.01839	0.01503	0.01087	0.28120	0.19342	0.06962	0.02119	0.08183	0.01815	0.00968	0.00658	0.00210	0.00601	0.09557	0.00580	0.00897
14	0.00833	0.00627	0.00772	0.00769	0.00919	0.00567	0.00574	0.01066	0.01585	0.02137	0.43710	0.14335	0.23894	0.01461	0.00748	0.00211	0.00321	0.04274	0.00639	0.00560
15	0.00936	0.00680	0.00929	0.01042	0.01175	0.00673	0.00870	0.01184	0.01382	0.01806	0.06138	0.15523	0.09759	0.01945	0.06513	0.00327	0.00597	0.47401	0.00561	0.00560
16	0.01272	0.01095	0.01345	0.01139	0.06957	0.00856	0.00816	0.01544	0.01294	0.01999	0.01281	0.06854	0.01160	0.00577	0.00497	0.00111	0.00475	0.00485	0.00380	0.69862
17	0.01560	0.10896	0.14142	0.03663	0.01863	0.01325	0.01153	0.11227	0.03786	0.06163	0.01250	0.01377	0.00965	0.00565	0.00517	0.00141	0.00611	0.00436	0.00400	0.37961

[dist]
# distance from previous block
# <min> <max>
1	5

[block]
# block no. 5 follows, 36 sequences, length 36
# corresponding to MSA columns:
# 240-275
name=unknown_F
#
# <colnr> <probs for GDERKNQSTAVLIFYWHMCP>
#	G	D	E	R	K	N	Q	S	T	A	V	L	I	F	Y	W	H	M	C	P
0	0.07059	0.01784	0.18293	0.06669	0.30946	0.01439	0.01667	0.07987	0.07024	0.05476	0.04690	0.01688	0.01240	0.00650	0.00604	0.00193	0.00715	0.00561	0.00391	0.00925
1	0.03206	0.21186	0.09496	0.01622	0.10358	0.05253	0.07245	0.02021	0.07082	0.09766	0.01649	0.10234	0.01463	0.00805	0.00618	0.00188	0.02381	0.02437	0.02159	0.00828
2	0.00913	0.00612	0.00702	0.00711	0.00721	0.00612	0.00420	0.00932	0.00942	0.01253	0.02054	0.04278	0.02355	0.72908	0.03014	0.00582	0.00602	0.05608	0.00391	0.00391
3	0.01847	0.53960	0.02853	0.01280	0.01757	0.23299	0.03849	0.02048	0.01416	0.01503	0.00909	0.01061	0.00806	0.00564	0.00459	0.00144	0.00812	0.00368	0.00284	0.00779
4	0.01056	0.00843	0.00999	0.00871	0.01144	0.00777	0.00668	0.01549	0.12141	0.02332	0.40751	0.03704	0.10893	0.01062	0.00660	0.00177	0.00362	0.00917	0.00598	0.18497
5	0.01548	0.55922	0.22499	0.01304	0.01945	0.02165	0.03573	0.01899	0.01286	0.01618	0.00946	0.01105	0.00801	0.00549	0.00462	0.00153	0.00746	0.00380	0.00267	0.00833
6	0.02330	0.02907	0.01771	0.01596	0.01926	0.71866	0.01203	0.06020	0.01825	0.01647	0.00990	0.01142	0.00816	0.00647	0.00565	0.00162	0.01101	0.00409	0.00336	0.00739
7	0.00803	0.00634	0.00724	0.00701	0.00883	0.00554	0.00526	0.01023	0.01578	0.02057	0.37322	0.05380	0.42720	0.01438	0.00736	0.00204	0.00306	0.01229	0.00628	0.00554
8	0.01177	0.01107	0.01869	0.76606	0.04291	0.01384	0.01730	0.01592	0.01246	0.01592	0.01107	0.01661	0.00831	0.00623	0.00623	0.00208	0.00831	0.00554	0.00277	0.00692
9	0.00835	0.00631	0.00771	0.00745	0.00904	0.00566	0.00555	0.01081	0.01638	0.02224	0.51359	0.08715	0.24908	0.01393	0.00738	0.00203	0.00303	0.01212	0.00650	0.00566
10	0.01845	0.01109	0.01325	0.01091	0.01434	0.01120	0.00871	0.23176	0.05570	0.21274	0.26499	0.06914	0.03028	0.01003	0.00672	0.00196	0.00486	0.00843	0.00680	0.00866
11	0.01538	0.01491	0.02592	0.03758	0.70308	0.01486	0.05770	0.01917	0.01422	0.02033	0.01177	0.01550	0.00985	0.00553	0.00623	0.00186	0.00757	0.00565	0.00309	0.00979
12	0.00763	0.00577	0.00706	0.00789	0.00888	0.00519	0.00548	0.00903	0.01312	0.01700	0.10661	0.49708	0.25111	0.01779	0.00772	0.00235	0.00342	0.01577	0.00588	0.00519
13	0.01321	0.01247	0.01382	0.01216	0.01476	0.11567	0.08793	0.01951	0.19922	0.02083	0.14821	0.13255	0.06603	0.04937	0.00795	0.00222	0.00574	0.00922	0.06200	0.00712
14	0.82504	0.01205	0.00916	0.00819	0.01205	0.01398	0.00675	0.01832	0.01060	0.02795	0.00868	0.01012	0.00675	0.00578	0.00386	0.00193	0.00482	0.00337	0.00386	0.00675
15	0.82504	0.01205	0.00916	0.00819	0.01205	0.01398	0.00675	0.01832	0.01060	0.02795	0.00868	0.01012	0.00675	0.00578	0.00386	0.00193	0.00482	0.00337	0.00386	0.00675
16	0.02115	0.01775	0.01825	0.13578	0.02291	0.11451	0.01261	0.46963	0.07278	0.03146	0.01434	0.01530	0.01046	0.00721	0.00616	0.00189	0.00753	0.00549	0.00529	0.00951
17	0.00877	0.00675	0.00834	0.00878	0.01023	0.00611	0.00621	0.01102	0.04882	0.01720	0.03365	0.53944	0.10920	0.01643	0.00736	0.00225	0.00382	0.03158	0.00552	0.11852
18	0.01620	0.13152	0.05359	0.04950	0.01695	0.04490	0.01065	0.16463	0.06615	0.08807	0.02535	0.05248	0.11929	0.01020	0.00646	0.00203	0.00613	0.12268	0.00518	0.00803
19	0.01535	0.12541	0.10564	0.01926	0.02485	0.01519	0.36183	0.02038	0.05072	0.08491	0.01605	0.04838	0.01338	0.00720	0.00670	0.00204	0.00844	0.06201	0.00390	0.00837
20	0.02368	0.01745	0.01870	0.01434	0.01932	0.01932	0.01184	0.72139	0.02929	0.03927	0.01496	0.01496	0.01060	0.00748	0.00623	0.00187	0.00686	0.00561	0.00623	0.01060
21	0.01403	0.01439	0.08158	0.01420	0.05261	0.07660	0.08860	0.07432	0.14559	0.02105	0.08001	0.02495	0.01863	0.15645	0.05241	0.00314	0.00731	0.00705	0.05965	0.00745
22	0.01077	0.00801	0.00969	0.00893	0.01073	0.00810	0.00668	0.07301	0.09619	0.02439	0.47964	0.07462	0.04497	0.08192	0.03245	0.00261	0.00422	0.01029	0.00631	0.00648
23	0.00800	0.00608	0.00740	0.00781	0.00912	0.00548	0.00570	0.00988	0.01445	0.01898	0.24699	0.29278	0.27488	0.01621	0.00762	0.00224	0.00338	0.05149	0.00609	0.00540
24	0.01953	0.02457	0.08350	0.01785	0.09947	0.47171	0.01340	0.04900	0.01695	0.01783	0.03529	0.01966	0.01297	0.00771	0.00612	0.00183	0.00959	0.08176	0.00365	0.00762
25	0.82504	0.01205	0.00916	0.00819	0.01205	0.01398	0.00675	0.01832	0.01060	0.02795	0.00868	0.01012	0.00675	0.00578	0.00386	0.00193	0.00482	0.00337	0.00386	0.00675
26	0.00953	0.00690	0.00939	0.01069	0.01207	0.00677	0.00909	0.01208	0.01407	0.01818	0.03598	0.14458	0.10296	0.01732	0.00842	0.00276	0.00527	0.56257	0.00575	0.00562
27	0.01167	0.00703	0.00926	0.00855	0.01051	0.00641	0.00662	0.01442	0.01713	0.13143	0.53554	0.06579	0.07654	0.01262	0.00730	0.00204	0.00352	0.06027	0.00683	0.00653
28	0.00843	0.00678	0.00816	0.00810	0.00936	0.00666	0.00596	0.01009	0.01375	0.01804	0.20548	0.20026	0.32226	0.06747	0.01032	0.00248	0.07268	0.01269	0.00562	0.00540
29	0.01320	0.01413	0.07811	0.01157	0.01454	0.11388	0.00962	0.05343	0.19861	0.02083	0.08046	0.18034	0.12739	0.01191	0.00685	0.00213	0.00567	0.04461	0.00538	0.00736
30	0.01273	0.01233	0.02172	0.55852	0.16937	0.01421	0.08866	0.01691	0.01300	0.01714	0.01135	0.01641	0.00871	0.00601	0.00633	0.00204	0.00836	0.00572	0.00286	0.00761
31	0.01390	0.24333	0.32987	0.01403	0.02109	0.01596	0.04788	0.01845	0.01303	0.01842	0.01049	0.01236	0.00832	0.00540	0.00511	0.00154	0.00741	0.00414	0.00292	0.20635
32	0.01477	0.01134	0.01317	0.01002	0.01488	0.00976	0.00799	0.05779	0.11107	0.08150	0.07014	0.01767	0.01492	0.00616	0.00528	0.00130	0.00471	0.00504	0.00476	0.53774
33	0.07538	0.01621	0.05712	0.06534	0.01939	0.07516	0.03059	0.23506	0.11618	0.02544	0.01535	0.07647	0.01297	0.00874	0.00866	0.00211	0.14023	0.00645	0.00467	0.00846
34	0.69754	0.01263	0.01036	0.00905	0.01299	0.01456	0.00742	0.08288	0.06129	0.02885	0.01038	0.01145	0.00793	0.00612	0.00424	0.00194	0.00501	0.00383	0.00424	0.00731
35	0.01634	0.01475	0.06479	0.08080	0.01910	0.05460	0.02386	0.19169	0.20087	0.06121	0.02458	0.02567	0.11676	0.01085	0.04429	0.00242	0.00682	0.02666	0.00533	0.00861

[dist]
# distance from previous block
# <min> <max>
0	24

[block]
# block no. 6 follows, 36 sequences, length 56
# corresponding to MSA columns:
# 300-355
name=unknown_G
#
# <colnr> <probs for GDERKNQSTAVLIFYWHMCP>
#	G	D	E	R	K	N	Q	S	T	A	V	L	I	F	Y	W	H	M	C	P
0	0.01126	0.00741	0.01011	0.12054	0.01468	0.00734	0.00769	0.01427	0.01630	0.09049	0.46643	0.03796	0.06986	0.01088	0.00679	0.00193	0.00396	0.00948	0.08619	0.00644
1	0.01608	0.01928	0.15756	0.02850	0.43014	0.07502	0.01787	0.06867	0.08611	0.02167	0.01302	0.01540	0.01031	0.00611	0.00610	0.00188	0.00777	0.00540	0.00355	0.00958
2	0.01638	0.01564	0.08698	0.07252	0.26843	0.02905	0.01459	0.22057	0.01826	0.03628	0.01822	0.07990	0.06196	0.00810	0.00634	0.00194	0.00683	0.00696	0.02206	0.00899
3	0.01615	0.03673	0.05851	0.02627	0.41998	0.06328	0.01506	0.02002	0.03684	0.09225	0.08901	0.01938	0.01586	0.00677	0.00608	0.00183	0.00671	0.00606	0.05420	0.00901
4	0.21599	0.03966	0.13481	0.12917	0.14109	0.03926	0.07180	0.01786	0.01242	0.02035	0.01106	0.01455	0.00890	0.01001	0.08003	0.00275	0.03437	0.00499	0.00317	0.00775
5	0.02067	0.04530	0.01787	0.10619	0.03563	0.44681	0.03596	0.02297	0.01673	0.11091	0.07079	0.01626	0.01320	0.00698	0.00594	0.00175	0.00920	0.00520	0.00401	0.00763
6	0.03991	0.00915	0.00980	0.00863	0.01137	0.00951	0.00676	0.07718	0.15543	0.10404	0.02062	0.02154	0.01553	0.00741	0.00510	0.00166	0.00401	0.00593	0.44683	0.03961
7	0.01707	0.01840	0.02318	0.10370	0.45290	0.20756	0.04895	0.02034	0.01494	0.01857	0.01115	0.01451	0.00922	0.00583	0.00609	0.00182	0.00863	0.00523	0.00309	0.00882
8	0.01057	0.00678	0.00875	0.00802	0.00988	0.00615	0.00610	0.01333	0.01734	0.09550	0.60523	0.04529	0.11806	0.01253	0.00724	0.00197	0.00319	0.01095	0.00684	0.00629
9	0.00885	0.00652	0.00855	0.00972	0.01098	0.00622	0.00785	0.01097	0.01364	0.01754	0.03902	0.26713	0.16925	0.01759	0.00819	0.00263	0.00466	0.37949	0.00576	0.00546
10	0.01047	0.00669	0.00866	0.00811	0.00986	0.00607	0.00610	0.01307	0.01683	0.09472	0.54517	0.11336	0.11067	0.01313	0.00730	0.00202	0.00325	0.01154	0.00675	0.00622
11	0.00764	0.00552	0.00724	0.00851	0.00902	0.00511	0.00573	0.00885	0.01234	0.01642	0.07220	0.70200	0.07843	0.01898	0.00789	0.00248	0.00356	0.01714	0.00584	0.00511
12	0.49566	0.01506	0.01237	0.01053	0.01458	0.11760	0.00851	0.11790	0.01514	0.12410	0.01181	0.01243	0.00862	0.00637	0.00475	0.00187	0.00606	0.00416	0.00461	0.00786
13	0.09593	0.00774	0.00794	0.00752	0.00955	0.00817	0.00576	0.01725	0.12507	0.02450	0.16175	0.02648	0.02394	0.00837	0.00520	0.00170	0.00342	0.00682	0.44633	0.00655
14	0.75064	0.01191	0.00965	0.00846	0.01241	0.01353	0.00697	0.01944	0.01128	0.09503	0.01016	0.01116	0.00756	0.00596	0.00408	0.00193	0.00486	0.00364	0.00422	0.00711
15	0.00768	0.00546	0.00720	0.00856	0.00890	0.00512	0.00566	0.00870	0.01175	0.01567	0.03343	0.73148	0.04006	0.06657	0.00942	0.00275	0.00376	0.01718	0.00566	0.00498
16	0.01250	0.03223	0.74875	0.01776	0.02697	0.01447	0.02302	0.01973	0.01315	0.01973	0.01118	0.01315	0.00789	0.00592	0.00592	0.00197	0.00921	0.00460	0.00263	0.00921
17	0.08946	0.00855	0.00954	0.00896	0.01113	0.00883	0.00686	0.01834	0.12807	0.12151	0.02405	0.03425	0.04857	0.18926	0.01201	0.00297	0.00490	0.11007	0.15598	0.00671
18	0.02045	0.01146	0.01409	0.01154	0.01520	0.01175	0.00931	0.12296	0.15295	0.32834	0.15962	0.02512	0.02331	0.00898	0.00736	0.00201	0.05222	0.00723	0.00678	0.00932
19	0.35683	0.01354	0.01459	0.01222	0.01629	0.01526	0.07500	0.09365	0.29169	0.02759	0.01612	0.01630	0.01213	0.00694	0.00538	0.00201	0.00559	0.00539	0.00499	0.00849
20	0.01522	0.01314	0.01396	0.01231	0.01605	0.01473	0.00960	0.03124	0.65410	0.02545	0.02383	0.02214	0.01797	0.00804	0.00616	0.00199	0.00490	0.00669	0.00606	0.09644
21	0.01250	0.03223	0.74875	0.01776	0.02697	0.01447	0.02302	0.01973	0.01315	0.01973	0.01118	0.01315	0.00789	0.00592	0.00592	0.00197	0.00921	0.00460	0.00263	0.00921
22	0.09802	0.01191	0.01398	0.01146	0.01576	0.01209	0.00926	0.05349	0.25780	0.41280	0.02303	0.02065	0.01566	0.00777	0.00606	0.00199	0.00518	0.00624	0.00684	0.00999
23	0.01543	0.01462	0.02380	0.03485	0.64577	0.01490	0.01789	0.02098	0.10936	0.02111	0.01353	0.01646	0.01108	0.00594	0.00619	0.00189	0.00707	0.00575	0.00352	0.00987
