[name]
unknown

[dist]
# distance from previous block
# <min> <max>
1	77

[block]
# block no. 0 follows, 32 sequences, length 36
# corresponding to MSA columns:
# 77-112
name=unknown_A
#
# <colnr> <probs for GDERKNQSTAVLIFYWHMCP>
#	G	D	E	R	K	N	Q	S	T	A	V	L	I	F	Y	W	H	M	C	P
0	0.01878	0.01585	0.08971	0.09760	0.26589	0.01423	0.01593	0.12249	0.01857	0.15244	0.10310	0.02171	0.01798	0.00778	0.00681	0.00206	0.00717	0.00679	0.00515	0.00996
1	0.01157	0.01417	0.12892	0.01603	0.02012	0.01044	0.19630	0.01514	0.01395	0.01936	0.02459	0.37839	0.02656	0.01319	0.00774	0.00236	0.00693	0.01255	0.00474	0.07696
2	0.09078	0.01661	0.01734	0.01418	0.01884	0.01873	0.01146	0.38649	0.28935	0.03579	0.01980	0.01907	0.01452	0.00830	0.00653	0.00212	0.00640	0.00642	0.00653	0.01075
3	0.01583	0.01208	0.01589	0.21447	0.02433	0.01175	0.01147	0.10046	0.01628	0.08560	0.01635	0.09385	0.01403	0.00780	0.00619	0.00174	0.00631	0.00660	0.00466	0.33431
4	0.01456	0.18231	0.02472	0.02247	0.23284	0.01547	0.10484	0.01793	0.01513	0.01988	0.04157	0.03375	0.07972	0.00985	0.00702	0.00217	0.00731	0.15581	0.00423	0.00842
5	0.01264	0.03023	0.61742	0.01761	0.02604	0.01401	0.02191	0.01940	0.01396	0.02061	0.01591	0.12989	0.01407	0.00865	0.00671	0.00222	0.00898	0.00715	0.00336	0.00922
6	0.01629	0.49849	0.29046	0.01429	0.02157	0.02252	0.01638	0.02052	0.01383	0.01780	0.01033	0.01201	0.00857	0.00597	0.00507	0.00169	0.00818	0.00409	0.00286	0.00909
7	0.04565	0.22441	0.02308	0.01367	0.01893	0.02085	0.01177	0.36692	0.09382	0.09297	0.01608	0.01598	0.01189	0.00749	0.00599	0.00189	0.00691	0.00551	0.00573	0.01044
8	0.00793	0.00680	0.00680	0.00680	0.00906	0.00566	0.00510	0.00963	0.01529	0.01813	0.06797	0.06457	0.71961	0.01699	0.00793	0.00227	0.00340	0.01416	0.00623	0.00566
9	0.02337	0.01110	0.01615	0.19778	0.02408	0.01088	0.01219	0.02650	0.01729	0.46240	0.02389	0.02798	0.01733	0.00914	0.00704	0.00224	0.00658	0.08756	0.00670	0.00979
10	0.01588	0.01386	0.02161	0.09253	0.39972	0.01437	0.01701	0.10069	0.01712	0.02350	0.01876	0.03157	0.01764	0.00946	0.00732	0.00229	0.00753	0.17539	0.00442	0.00932
11	0.01081	0.00772	0.01081	0.01236	0.01390	0.00772	0.01081	0.01390	0.01545	0.02008	0.03553	0.07569	0.03862	0.01854	0.00927	0.00309	0.00618	0.67717	0.00618	0.00618
12	0.00811	0.00610	0.00751	0.00864	0.00955	0.00551	0.00592	0.00942	0.01352	0.01740	0.04554	0.56790	0.23077	0.01991	0.00839	0.00260	0.00376	0.01772	0.00623	0.00551
13	0.01148	0.01010	0.01340	0.01152	0.01455	0.00997	0.09051	0.01837	0.19165	0.02317	0.20898	0.04547	0.29826	0.01284	0.00765	0.00223	0.00478	0.01126	0.00632	0.00749
14	0.01474	0.00691	0.00744	0.00698	0.00900	0.00671	0.00535	0.01780	0.01472	0.11407	0.02247	0.02474	0.01712	0.00788	0.00495	0.00163	0.00345	0.00632	0.70082	0.00691
15	0.01654	0.01613	0.02831	0.04006	0.66231	0.01603	0.07975	0.02067	0.01533	0.02188	0.01270	0.01674	0.01059	0.00595	0.00675	0.00202	0.00826	0.00615	0.00333	0.01049
16	0.01375	0.00909	0.01083	0.00981	0.01230	0.00920	0.00754	0.02069	0.18606	0.09996	0.39468	0.03816	0.04248	0.01132	0.00714	0.00208	0.00395	0.00976	0.10330	0.00789
17	0.01468	0.01468	0.02055	0.01762	0.01762	0.02055	0.01468	0.01615	0.01028	0.01615	0.00881	0.01468	0.00881	0.01174	0.02202	0.00294	0.75191	0.00587	0.00294	0.00734
18	0.00807	0.00680	0.00699	0.00694	0.00915	0.00572	0.00521	0.00989	0.01562	0.01889	0.12481	0.06331	0.66230	0.01671	0.00793	0.00225	0.00338	0.01398	0.00633	0.00572
19	0.81159	0.01298	0.00986	0.00882	0.01298	0.01505	0.00727	0.01972	0.01142	0.03010	0.00934	0.01090	0.00727	0.00623	0.00415	0.00208	0.00519	0.00363	0.00415	0.00727
20	0.01831	0.01405	0.01522	0.01345	0.01741	0.01586	0.01053	0.03530	0.62671	0.11252	0.02721	0.02477	0.02001	0.00901	0.00682	0.00225	0.00536	0.00748	0.00701	0.01072
21	0.01661	0.01594	0.02724	0.04119	0.72233	0.01594	0.02059	0.02059	0.01528	0.02192	0.01262	0.01661	0.01063	0.00598	0.00664	0.00199	0.00797	0.00598	0.00332	0.01063
22	0.02506	0.03198	0.01901	0.01729	0.02074	0.73725	0.01296	0.02679	0.01901	0.01642	0.01037	0.01210	0.00864	0.00691	0.00605	0.00173	0.01210	0.00432	0.00346	0.00778
23	0.00914	0.00658	0.00865	0.00869	0.00995	0.00609	0.00630	0.01176	0.01733	0.02426	0.53444	0.24201	0.05819	0.01569	0.00809	0.00228	0.00336	0.01401	0.00707	0.00609
24	0.01346	0.03471	0.72942	0.01912	0.02904	0.01558	0.02479	0.02125	0.01417	0.02125	0.01204	0.01417	0.00850	0.00637	0.00637	0.00212	0.00992	0.00496	0.00283	0.00992
25	0.01959	0.13874	0.02301	0.01938	0.10397	0.30900	0.01421	0.02158	0.01491	0.01690	0.00998	0.01327	0.00893	0.00817	0.01099	0.00210	0.24907	0.00491	0.00318	0.00811
26	0.01661	0.01594	0.02724	0.04119	0.72233	0.01594	0.02059	0.02059	0.01528	0.02192	0.01262	0.01661	0.01063	0.00598	0.00664	0.00199	0.00797	0.00598	0.00332	0.01063
27	0.01081	0.00772	0.01081	0.01236	0.01390	0.00772	0.01081	0.01390	0.01545	0.02008	0.03553	0.07569	0.03862	0.01854	0.00927	0.00309	0.00618	0.67717	0.00618	0.00618
28	0.01463	0.01485	0.08198	0.30333	0.20612	0.01450	0.01703	0.09978	0.01626	0.02207	0.03929	0.10846	0.01576	0.00864	0.00693	0.00219	0.00779	0.00769	0.00405	0.00866
29	0.04521	0.01488	0.02204	0.21453	0.16640	0.03426	0.09735	0.10180	0.01648	0.02322	0.01264	0.01611	0.00989	0.00619	0.00633	0.00186	0.00788	0.00562	0.00384	0.19349
30	0.00959	0.00719	0.01078	0.01078	0.01198	0.00839	0.00839	0.01198	0.01078	0.01558	0.01797	0.02636	0.01677	0.05032	0.73760	0.01078	0.01797	0.00719	0.00359	0.00599
31	0.01023	0.00763	0.00960	0.00897	0.01078	0.00738	0.00677	0.01500	0.08915	0.02703	0.64861	0.04758	0.05896	0.01325	0.00780	0.00213	0.00338	0.01167	0.00733	0.00677
32	0.00963	0.00701	0.00989	0.00989	0.01079	0.00790	0.00728	0.01141	0.01052	0.01492	0.01879	0.03086	0.01873	0.23339	0.55721	0.00969	0.01503	0.00785	0.00372	0.00550
33	0.01816	0.10691	0.02411	0.02681	0.35433	0.01816	0.01581	0.12933	0.18944	0.02585	0.01640	0.01791	0.01294	0.00704	0.00642	0.00200	0.00713	0.00610	0.00466	0.01050
34	0.01406	0.01233	0.01899	0.57542	0.03916	0.01482	0.01660	0.10763	0.01640	0.02148	0.08423	0.02092	0.01479	0.00760	0.00683	0.00219	0.00815	0.00660	0.00393	0.00787
35	0.01971	0.01609	0.01570	0.01384	0.01780	0.10274	0.01079	0.03414	0.52335	0.13119	0.02514	0.02314	0.01847	0.00872	0.00672	0.00218	0.00619	0.00707	0.00664	0.01040

[dist]
# distance from previous block
# <min> <max>
0	1

[block]
# block no. 1 follows, 32 sequences, length 148
# corresponding to MSA columns:
# 114-261
name=unknown_B
#
# <colnr> <probs for GDERKNQSTAVLIFYWHMCP>
#	G	D	E	R	K	N	Q	S	T	A	V	L	I	F	Y	W	H	M	C	P
0	0.01808	0.02038	0.11198	0.02462	0.13635	0.06614	0.24594	0.15614	0.01821	0.02468	0.01295	0.01618	0.01003	0.00710	0.00889	0.00220	0.10021	0.00640	0.00393	0.00958
1	0.01492	0.27442	0.50254	0.01663	0.02518	0.01917	0.02044	0.02087	0.01399	0.01946	0.01115	0.01305	0.00854	0.00617	0.00570	0.00190	0.00902	0.00451	0.00285	0.00949
2	0.81159	0.01298	0.00986	0.00882	0.01298	0.01505	0.00727	0.01972	0.01142	0.03010	0.00934	0.01090	0.00727	0.00623	0.00415	0.00208	0.00519	0.00363	0.00415	0.00727
3	0.00974	0.00773	0.00886	0.00842	0.01053	0.00730	0.00636	0.01422	0.09963	0.02364	0.38407	0.05275	0.31297	0.01444	0.00779	0.00219	0.00351	0.01238	0.00687	0.00658
4	0.01392	0.01341	0.01850	0.01602	0.01602	0.01837	0.01303	0.01516	0.01020	0.01566	0.01072	0.01921	0.01122	0.12836	0.02390	0.00349	0.63638	0.00647	0.00311	0.00683
5	0.00811	0.00610	0.00751	0.00864	0.00955	0.00551	0.00592	0.00942	0.01352	0.01740	0.04553	0.56808	0.23059	0.01991	0.00839	0.00260	0.00376	0.01772	0.00623	0.00551
6	0.00798	0.00661	0.00699	0.00730	0.00920	0.00562	0.00532	0.00957	0.01481	0.01793	0.06180	0.20301	0.58516	0.01780	0.00806	0.00236	0.00350	0.01514	0.00623	0.00562
7	0.02300	0.11617	0.02109	0.01665	0.01996	0.56890	0.01299	0.02474	0.01735	0.01631	0.01006	0.01225	0.00866	0.00735	0.00774	0.00184	0.09937	0.00442	0.00333	0.00782
8	0.00833	0.00596	0.00793	0.00924	0.00977	0.00555	0.00624	0.00974	0.01358	0.01829	0.11794	0.67554	0.04663	0.02015	0.00849	0.00265	0.00381	0.01825	0.00637	0.00555
9	0.02735	0.01312	0.01862	0.01641	0.09630	0.01218	0.04649	0.10895	0.02005	0.53297	0.02307	0.02112	0.01501	0.00788	0.00679	0.00207	0.00644	0.00664	0.00732	0.01121
10	0.01556	0.01430	0.02360	0.03324	0.52028	0.01507	0.01773	0.01838	0.01386	0.01989	0.01282	0.01891	0.01151	0.00922	0.01106	0.09619	0.10597	0.02995	0.00332	0.00913
11	0.01565	0.01351	0.01418	0.01284	0.01645	0.01538	0.00996	0.03256	0.62770	0.02689	0.03214	0.02973	0.10349	0.01004	0.00696	0.00227	0.00508	0.00837	0.00676	0.01003
12	0.01011	0.00619	0.00902	0.00946	0.00989	0.00640	0.00663	0.00978	0.01046	0.01426	0.02056	0.23276	0.02235	0.02988	0.21141	0.36384	0.00852	0.00997	0.00404	0.00446
13	0.01383	0.03251	0.64717	0.02171	0.11025	0.01563	0.02430	0.02117	0.01430	0.02133	0.01211	0.01445	0.00875	0.00633	0.00641	0.00211	0.00969	0.00508	0.00289	0.01000
14	0.01661	0.01594	0.02724	0.04119	0.72233	0.01594	0.02059	0.02059	0.01528	0.02192	0.01262	0.01661	0.01063	0.00598	0.00664	0.00199	0.00797	0.00598	0.00332	0.01063
15	0.00833	0.00632	0.00769	0.00849	0.00966	0.00569	0.00600	0.00996	0.01446	0.01872	0.12974	0.42954	0.26570	0.01876	0.00830	0.00251	0.00371	0.03441	0.00637	0.00565
16	0.01566	0.01674	0.02743	0.02696	0.22433	0.09995	0.28873	0.01950	0.01547	0.02016	0.01748	0.16152	0.01679	0.00889	0.00746	0.00221	0.00901	0.00911	0.00393	0.00865
17	0.00856	0.00634	0.00805	0.00904	0.01005	0.00583	0.00648	0.01028	0.01436	0.01887	0.13115	0.46988	0.17318	0.01907	0.00843	0.00259	0.00393	0.08184	0.00637	0.00568
18	0.03010	0.01142	0.01557	0.01194	0.01713	0.00986	0.00986	0.03270	0.01920	0.72698	0.02647	0.02284	0.01661	0.00830	0.00675	0.00208	0.00571	0.00675	0.00830	0.01142
19	0.03010	0.01142	0.01557	0.01194	0.01713	0.00986	0.00986	0.03270	0.01920	0.72698	0.02647	0.02284	0.01661	0.00830	0.00675	0.00208	0.00571	0.00675	0.00830	0.01142
20	0.01267	0.01193	0.02013	0.74806	0.04621	0.01491	0.01863	0.01714	0.01342	0.01714	0.01193	0.01789	0.00894	0.00671	0.00671	0.00224	0.00894	0.00596	0.00298	0.00745
21	0.01464	0.00814	0.00978	0.00862	0.01159	0.00701	0.00673	0.01691	0.01720	0.22383	0.19433	0.04950	0.37801	0.01380	0.00759	0.00218	0.00401	0.01160	0.00707	0.00746
22	0.00796	0.00668	0.00691	0.00710	0.00914	0.00564	0.00523	0.00960	0.01500	0.01801	0.06429	0.14712	0.63944	0.01747	0.00801	0.00232	0.00346	0.01474	0.00623	0.00564
23	0.01208	0.00743	0.00980	0.00888	0.01091	0.00677	0.00677	0.01517	0.01902	0.11454	0.63213	0.04671	0.05747	0.01304	0.00777	0.00211	0.00348	0.01146	0.00750	0.00697
24	0.02265	0.01308	0.01535	0.01289	0.01731	0.01366	0.01028	0.03434	0.40339	0.33840	0.02694	0.02406	0.01876	0.00875	0.00679	0.00219	0.00549	0.00721	0.00748	0.01098
25	0.00842	0.00682	0.00747	0.00731	0.00936	0.00587	0.00548	0.01057	0.01644	0.02085	0.26949	0.06010	0.51639	0.01598	0.00793	0.00222	0.00333	0.01353	0.00659	0.00587
26	0.01869	0.22780	0.18910	0.01627	0.05697	0.07759	0.01521	0.16460	0.09962	0.02461	0.01383	0.01486	0.01071	0.00684	0.00587	0.00185	0.00800	0.00508	0.00424	0.03826
27	0.02506	0.03198	0.01901	0.01729	0.02074	0.73725	0.01296	0.02679	0.01901	0.01642	0.01037	0.01210	0.00864	0.00691	0.00605	0.00173	0.01210	0.00432	0.00346	0.00778
28	0.01428	0.01138	0.01344	0.01030	0.01538	0.00912	0.00815	0.05129	0.01492	0.04749	0.01650	0.10735	0.01540	0.00765	0.00570	0.00136	0.00503	0.02826	0.00462	0.61239
29	0.02426	0.05460	0.13911	0.01508	0.02114	0.01244	0.09419	0.02808	0.01753	0.46137	0.02199	0.02223	0.01492	0.00793	0.00680	0.00211	0.00717	0.03208	0.00644	0.01054
30	0.01666	0.55914	0.23306	0.01366	0.02059	0.02342	0.01528	0.02042	0.01379	0.01734	0.01010	0.01173	0.00858	0.00592	0.00490	0.00163	0.00796	0.00398	0.00286	0.00898
31	0.00920	0.00685	0.00855	0.00813	0.00984	0.00620	0.00610	0.01208	0.01829	0.02523	0.59447	0.05288	0.18868	0.01434	0.00792	0.00214	0.00321	0.01252	0.00717	0.00620
32	0.00955	0.00655	0.00837	0.00839	0.00969	0.00612	0.00611	0.01224	0.01698	0.02440	0.47707	0.21262	0.05342	0.01472	0.00768	0.00219	0.00333	0.01305	0.10140	0.00612
33	0.00950	0.00686	0.00897	0.00844	0.01002	0.00633	0.00633	0.01266	0.01899	0.02691	0.71879	0.05012	0.06331	0.01372	0.00791	0.00211	0.00317	0.01213	0.00739	0.00633
34	0.00930	0.00685	0.00870	0.00824	0.00991	0.00625	0.00618	0.01229	0.01854	0.02583	0.63887	0.05190	0.14391	0.01412	0.00792	0.00213	0.00319	0.01238	0.00724	0.00625
35	0.02551	0.01879	0.02014	0.01544	0.02081	0.02081	0.01275	0.69996	0.03155	0.04229	0.01611	0.01611	0.01141	0.00805	0.00671	0.00201	0.00738	0.00604	0.00671	0.01141
36	0.02620	0.01325	0.02215	0.01641	0.02204	0.01181	0.19821	0.02963	0.01828	0.53387	0.02294	0.02154	0.01485	0.00758	0.00707	0.00213	0.00724	0.00707	0.00696	0.01077
37	0.01267	0.01193	0.02013	0.74806	0.04621	0.01491	0.01863	0.01714	0.01342	0.01714	0.01193	0.01789	0.00894	0.00671	0.00671	0.00224	0.00894	0.00596	0.00298	0.00745
38	0.01391	0.01193	0.01391	0.00994	0.01590	0.00894	0.00795	0.01690	0.01391	0.02186	0.01193	0.01391	0.00994	0.00497	0.00497	0.00099	0.00497	0.00398	0.00398	0.80521
39	0.00962	0.00705	0.01006	0.01006	0.01101	0.00800	0.00749	0.01152	0.01057	0.01504	0.01863	0.03001	0.01836	0.19885	0.59124	0.00989	0.01559	0.00772	0.00369	0.00559
40	0.81159	0.01298	0.00986	0.00882	0.01298	0.01505	0.00727	0.01972	0.01142	0.03010	0.00934	0.01090	0.00727	0.00623	0.00415	0.00208	0.00519	0.00363	0.00415	0.00727
41	0.06597	0.01793	0.01926	0.01483	0.02013	0.01968	0.01225	0.61431	0.02958	0.09394	0.01656	0.01636	0.01160	0.00798	0.00658	0.00202	0.00714	0.00597	0.00670	0.01120
42	0.01267	0.01193	0.02013	0.74806	0.04621	0.01491	0.01863	0.01714	0.01342	0.01714	0.01193	0.01789	0.00894	0.00671	0.00671	0.00224	0.00894	0.00596	0.00298	0.00745
43	0.02760	0.01150	0.01531	0.01163	0.01694	0.00972	0.00957	0.03025	0.01838	0.61770	0.02422	0.02145	0.01558	0.00779	0.00647	0.00191	0.00559	0.00632	0.00763	0.13445
44	0.01431	0.00888	0.01102	0.00960	0.01223	0.00841	0.00747	0.09134	0.02006	0.13628	0.47278	0.04350	0.11202	0.01256	0.00760	0.00211	0.00405	0.01082	0.00735	0.00762
45	0.00818	0.00584	0.00779	0.00934	0.00973	0.00545	0.00623	0.00934	0.01285	0.01713	0.03698	0.75981	0.04438	0.02102	0.00856	0.00273	0.00389	0.01908	0.00623	0.00545
46	0.01661	0.01594	0.02724	0.04119	0.72233	0.01594	0.02059	0.02059	0.01528	0.02192	0.01262	0.01661	0.01063	0.00598	0.00664	0.00199	0.00797	0.00598	0.00332	0.01063
47	0.00976	0.00651	0.00732	0.00732	0.00732	0.00651	0.00407	0.00976	0.00976	0.01301	0.02114	0.04391	0.02439	0.76419	0.03415	0.00651	0.00651	0.00976	0.00407	0.00407
48	0.02784	0.01505	0.01782	0.01366	0.01894	0.01525	0.01129	0.36120	0.02528	0.38989	0.02137	0.01953	0.01405	0.00818	0.00673	0.00205	0.00653	0.00640	0.00752	0.01142
49	0.01554	0.01794	0.06567	0.02273	0.02657	0.04424	0.33839	0.01932	0.01342	0.01895	0.01128	0.01618	0.00944	0.00842	0.01398	0.00253	0.33722	0.00674	0.00317	0.00830
50	0.01038	0.00835	0.01230	0.01184	0.01286	0.01027	0.00936	0.01263	0.01070	0.01566	0.01655	0.02455	0.01554	0.04434	0.62669	0.00957	0.13172	0.00698	0.00349	0.00620
51	0.01339	0.01095	0.01233	0.01126	0.01404	0.01194	0.00865	0.02510	0.39303	0.02754	0.34461	0.03655	0.04014	0.01122	0.00733	0.00220	0.00433	0.00967	0.00708	0.00865
52	0.81159	0.01298	0.00986	0.00882	0.01298	0.01505	0.00727	0.01972	0.01142	0.03010	0.00934	0.01090	0.00727	0.00623	0.00415	0.00208	0.00519	0.00363	0.00415	0.00727
53	0.02879	0.01352	0.01687	0.01294	0.01818	0.01298	0.01069	0.22290	0.02272	0.53181	0.02352	0.02092	0.01513	0.00823	0.00674	0.00206	0.00619	0.00655	0.00785	0.01142
54	0.01531	0.01682	0.03361	0.02488	0.02970	0.01759	0.49556	0.01976	0.01421	0.01989	0.01249	0.01751	0.01006	0.00884	0.03768	0.00274	0.20420	0.00736	0.00328	0.00850
55	0.02549	0.01156	0.01510	0.01137	0.01678	0.00960	0.00932	0.02819	0.01770	0.52599	0.02233	0.02029	0.01471	0.00735	0.00624	0.00177	0.00550	0.00596	0.00707	0.23769
56	0.00942	0.00713	0.00802	0.00806	0.01024	0.00623	0.00632	0.01155	0.01592	0.04664	0.14148	0.06292	0.50636	0.01650	0.00809	0.00237	0.00389	0.11639	0.00644	0.00605
57	0.02691	0.01071	0.01455	0.01140	0.01603	0.00931	0.00931	0.02959	0.01917	0.61848	0.13377	0.02707	0.02385	0.00914	0.00693	0.00208	0.00532	0.00758	0.00816	0.01063
58	0.68424	0.01328	0.01134	0.04714	0.01540	0.01526	0.00834	0.06913	0.01327	0.05699	0.01062	0.01209	0.00801	0.00646	0.00457	0.00208	0.00556	0.00404	0.00444	0.00773
59	0.01417	0.01273	0.02013	0.66224	0.04324	0.01560	0.01795	0.09713	0.01554	0.02009	0.01242	0.01768	0.00923	0.00687	0.00671	0.00221	0.00876	0.00597	0.00342	0.00792
60	0.01136	0.00593	0.00852	0.00852	0.00852	0.00593	0.00555	0.00890	0.00890	0.01187	0.01313	0.02404	0.01363	0.13814	0.02745	0.68106	0.00593	0.00644	0.00309	0.00309
61	0.01388	0.01171	0.01264	0.01164	0.01475	0.01289	0.00903	0.02688	0.45965	0.02591	0.14178	0.03751	0.14522	0.01151	0.00727	0.00228	0.00469	0.03502	0.00679	0.00895
62	0.01515	0.01189	0.01404	0.01009	0.01600	0.00901	0.00810	0.01810	0.01432	0.07570	0.01304	0.01460	0.01045	0.00522	0.00510	0.00108	0.00503	0.00419	0.00431	0.74461
63	0.81159	0.01298	0.00986	0.00882	0.01298	0.01505	0.00727	0.01972	0.01142	0.03010	0.00934	0.01090	0.00727	0.00623	0.00415	0.00208	0.00519	0.00363	0.00415	0.00727
64	0.01432	0.01172	0.01342	0.01313	0.01602	0.01308	0.01070	0.02689	0.43025	0.02485	0.03062	0.04545	0.02779	0.01290	0.00781	0.00260	0.00566	0.27740	0.00657	0.00883
65	0.00818	0.00584	0.00779	0.00934	0.00973	0.00545	0.00623	0.00934	0.01285	0.01713	0.03698	0.75981	0.04438	0.02102	0.00856	0.00273	0.00389	0.01908	0.00623	0.00545
66	0.01669	0.01441	0.01517	0.01365	0.01745	0.01669	0.01062	0.03565	0.71021	0.02807	0.02731	0.02503	0.02048	0.00910	0.00683	0.00228	0.00531	0.00759	0.00683	0.01062
67	0.02506	0.03198	0.01901	0.01729	0.02074	0.73725	0.01296	0.02679	0.01901	0.01642	0.01037	0.01210	0.00864	0.00691	0.00605	0.00173	0.01210	0.00432	0.00346	0.00778
68	0.01699	0.01818	0.03728	0.02676	0.03337	0.01742	0.61660	0.10205	0.01770	0.02396	0.01388	0.01786	0.01033	0.00594	0.00778	0.00223	0.01085	0.00770	0.00379	0.00933
69	0.00856	0.00727	0.00810	0.00875	0.04557	0.00627	0.00603	0.01055	0.01573	0.01936	0.14242	0.06041	0.60551	0.01604	0.00786	0.00223	0.00360	0.01350	0.00622	0.00600
70	0.01574	0.01411	0.01405	0.01276	0.01630	0.05172	0.00987	0.03112	0.56582	0.02591	0.03283	0.03058	0.12967	0.01023	0.00696	0.00225	0.00536	0.00845	0.00656	0.00970
71	0.01671	0.01741	0.03559	0.02807	0.11479	0.01645	0.54163	0.04756	0.01641	0.04635	0.01393	0.01785	0.01049	0.00585	0.00757	0.00217	0.01033	0.00743	0.00370	0.03972
72	0.01757	0.01796	0.02689	0.03769	0.60396	0.10164	0.05425	0.02137	0.01575	0.02125	0.01240	0.01615	0.01037	0.00607	0.00664	0.00198	0.00863	0.00588	0.00334	0.01021
73	0.00975	0.00653	0.00745	0.00745	0.00750	0.00658	0.00423	0.00984	0.00980	0.01311	0.02102	0.04324	0.02410	0.73701	0.06094	0.00667	0.00694	0.00966	0.00405	0.00414
74	0.01009	0.00805	0.01005	0.06600	0.01423	0.00797	0.00856	0.01397	0.07137	0.02045	0.12600	0.09505	0.28444	0.01587	0.00820	0.00253	0.00484	0.21975	0.00615	0.00643
75	0.01346	0.03471	0.72942	0.01912	0.02904	0.01558	0.02479	0.02125	0.01417	0.02125	0.01204	0.01417	0.00850	0.00637	0.00637	0.00212	0.00992	0.00496	0.00283	0.00992
76	0.01391	0.01193	0.01391	0.00994	0.01590	0.00894	0.00795	0.01690	0.01391	0.02186	0.01193	0.01391	0.00994	0.00497	0.00497	0.00099	0.00497	0.00398	0.00398	0.80521
77	0.01267	0.01193	0.02013	0.74806	0.04621	0.01491	0.01863	0.01714	0.01342	0.01714	0.01193	0.01789	0.00894	0.00671	0.00671	0.00224	0.00894	0.00596	0.00298	0.00745
78	0.00833	0.00596	0.00793	0.00924	0.00977	0.00555	0.00624	0.00974	0.01358	0.01829	0.11794	0.67554	0.04663	0.02015	0.00849	0.00265	0.00381	0.01825	0.00637	0.00555
79	0.00878	0.00635	0.00843	0.00987	0.01067	0.00600	0.00723	0.01044	0.01364	0.01790	0.03887	0.54832	0.09170	0.02014	0.00868	0.00278	0.00440	0.17395	0.00622	0.00564
80	0.00828	0.00681	0.00728	0.00717	0.00928	0.00581	0.00537	0.01031	0.01612	0.02009	0.21367	0.06134	0.57268	0.01626	0.00793	0.00223	0.00335	0.01371	0.00649	0.00581
81	0.01542	0.00817	0.01087	0.00945	0.01207	0.00735	0.00735	0.01842	0.01905	0.22822	0.51971	0.04228	0.04988	0.01216	0.00758	0.00210	0.00390	0.01059	0.00765	0.00779
82	0.01584	0.01352	0.01444	0.01304	0.01657	0.01546	0.01011	0.03292	0.62814	0.02793	0.10941	0.02801	0.02557	0.00965	0.00696	0.00226	0.00506	0.00813	0.00689	0.01011
83	0.01794	0.76823	0.03516	0.01148	0.01722	0.02655	0.01148	0.02009	0.01363	0.01579	0.00933	0.01076	0.00861	0.00574	0.00431	0.00144	0.00718	0.00359	0.00287	0.00861
84	0.01391	0.01193	0.01391	0.00994	0.01590	0.00894	0.00795	0.01690	0.01391	0.02186	0.01193	0.01391	0.00994	0.00497	0.00497	0.00099	0.00497	0.00398	0.00398	0.80521
85	0.01267	0.01193	0.02013	0.74806	0.04621	0.01491	0.01863	0.01714	0.01342	0.01714	0.01193	0.01789	0.00894	0.00671	0.00671	0.00224	0.00894	0.00596	0.00298	0.00745
86	0.01453	0.01234	0.01322	0.01203	0.01530	0.01377	0.00930	0.02900	0.52057	0.02671	0.13931	0.03362	0.11013	0.01076	0.00713	0.00225	0.00475	0.00907	0.00684	0.00937
87	0.01794	0.76823	0.03516	0.01148	0.01722	0.02655	0.01148	0.02009	0.01363	0.01579	0.00933	0.01076	0.00861	0.00574	0.00431	0.00144	0.00718	0.00359	0.00287	0.00861
88	0.02798	0.01363	0.01672	0.01287	0.01799	0.01329	0.01062	0.24878	0.02303	0.47952	0.02294	0.02073	0.01494	0.00821	0.00666	0.00204	0.00616	0.00650	0.03615	0.01123
89	0.01549	0.01742	0.03744	0.10772	0.03630	0.01674	0.62299	0.02101	0.01557	0.02101	0.01339	0.01808	0.01004	0.00577	0.00778	0.00226	0.01105	0.00770	0.00335	0.00887
90	0.02780	0.01306	0.01643	0.01254	0.01783	0.01217	0.01034	0.17660	0.02146	0.52134	0.02305	0.02066	0.01494	0.00798	0.00660	0.00198	0.00601	0.00637	0.00761	0.07522
91	0.00912	0.00657	0.00863	0.00870	0.00994	0.00608	0.00630	0.01172	0.01724	0.02412	0.52444	0.25242	0.05791	0.01580	0.00810	0.00229	0.00337	0.01411	0.00706	0.00608
92	0.01486	0.01449	0.02215	0.18397	0.43316	0.05093	0.01739	0.01848	0.01508	0.02004	0.02094	0.02408	0.12005	0.00789	0.00683	0.00207	0.00768	0.00716	0.00371	0.00904
93	0.01346	0.03471	0.72942	0.01912	0.02904	0.01558	0.02479	0.02125	0.01417	0.02125	0.01204	0.01417	0.00850	0.00637	0.00637	0.00212	0.00992	0.00496	0.00283	0.00992
94	0.02347	0.01683	0.01796	0.01400	0.01877	0.01852	0.01149	0.59252	0.02880	0.03958	0.01702	0.01751	0.01232	0.00802	0.00639	0.00194	0.00672	0.00607	0.13149	0.01060
95	0.02516	0.01490	0.01710	0.01332	0.01799	0.01549	0.01077	0.39724	0.02488	0.26535	0.02014	0.02164	0.01467	0.09792	0.00998	0.00257	0.00673	0.00672	0.00692	0.01054
96	0.00959	0.00719	0.01078	0.01078	0.01198	0.00839	0.00839	0.01198	0.01078	0.01558	0.01797	0.02636	0.01677	0.05032	0.73760	0.01078	0.01797	0.00719	0.00359	0.00599
97	0.02400	0.01050	0.01392	0.01112	0.01529	0.00941	0.00900	0.06103	0.01977	0.49249	0.22329	0.03027	0.02966	0.00983	0.00708	0.00208	0.00507	0.00825	0.00796	0.00997
98	0.11882	0.02638	0.01791	0.01567	0.01962	0.49290	0.01207	0.13504	0.02015	0.06410	0.01213	0.01324	0.00940	0.00710	0.00597	0.00184	0.01014	0.00466	0.00435	0.00852
99	0.00864	0.00661	0.00792	0.00804	0.00961	0.00589	0.00586	0.01083	0.01630	0.02156	0.33220	0.21183	0.29740	0.01652	0.00806	0.00230	0.00341	0.01440	0.00671	0.00589
100	0.01391	0.01193	0.01391	0.00994	0.01590	0.00894	0.00795	0.01690	0.01391	0.02186	0.01193	0.01391	0.00994	0.00497	0.00497	0.00099	0.00497	0.00398	0.00398	0.80521
101	0.00950	0.00686	0.00897	0.00844	0.01002	0.00633	0.00633	0.01266	0.01899	0.02691	0.71879	0.05012	0.06331	0.01372	0.00791	0.00211	0.00317	0.01213	0.00739	0.00633
102	0.00793	0.00680	0.00680	0.00680	0.00906	0.00566	0.00510	0.00963	0.01529	0.01813	0.06797	0.06457	0.71961	0.01699	0.00793	0.00227	0.00340	0.01416	0.00623	0.00566
103	0.05669	0.01147	0.01538	0.01183	0.01699	0.01004	0.00977	0.03226	0.01894	0.70327	0.02589	0.02243	0.01629	0.00823	0.00666	0.00208	0.00569	0.00664	0.00816	0.01128
104	0.00818	0.00584	0.00779	0.00934	0.00973	0.00545	0.00623	0.00934	0.01285	0.01713	0.03698	0.75981	0.04438	0.02102	0.00856	0.00273	0.00389	0.01908	0.00623	0.00545
105	0.01251	0.00625	0.00625	0.00625	0.00782	0.00625	0.00469	0.01563	0.01407	0.02502	0.02189	0.02502	0.01720	0.00782	0.00469	0.00156	0.00313	0.00625	0.80144	0.00625
106	0.01879	0.68081	0.03324	0.01217	0.01764	0.11094	0.01166	0.02089	0.01427	0.01586	0.00945	0.01092	0.00861	0.00588	0.00451	0.00147	0.00776	0.00367	0.00294	0.00851
107	0.01875	0.01544	0.01633	0.01407	0.01823	0.01765	0.01112	0.19069	0.55182	0.03139	0.02470	0.02295	0.01837	0.00886	0.00680	0.00221	0.00579	0.00723	0.00680	0.01081
108	0.01794	0.76823	0.03516	0.01148	0.01722	0.02655	0.01148	0.02009	0.01363	0.01579	0.00933	0.01076	0.00861	0.00574	0.00431	0.00144	0.00718	0.00359	0.00287	0.00861
109	0.02551	0.01879	0.02014	0.01544	0.02081	0.02081	0.01275	0.69996	0.03155	0.04229	0.01611	0.01611	0.01141	0.00805	0.00671	0.00201	0.00738	0.00604	0.00671	0.01141
110	0.01391	0.01193	0.01391	0.00994	0.01590	0.00894	0.00795	0.01690	0.01391	0.02186	0.01193	0.01391	0.00994	0.00497	0.00497	0.00099	0.00497	0.00398	0.00398	0.80521
111	0.00818	0.00584	0.00779	0.00934	0.00973	0.00545	0.00623	0.00934	0.01285	0.01713	0.03698	0.75981	0.04438	0.02102	0.00856	0.00273	0.00389	0.01908	0.00623	0.00545
112	0.01630	0.11462	0.28229	0.02338	0.11088	0.09322	0.22283	0.02169	0.01524	0.02024	0.01207	0.01501	0.00928	0.00609	0.00659	0.00203	0.01001	0.00573	0.00313	0.00936
113	0.01182	0.01047	0.01353	0.01262	0.01346	0.04876	0.00988	0.01364	0.01094	0.01548	0.01539	0.02442	0.01502	0.12093	0.41763	0.00762	0.22171	0.00698	0.00346	0.00623
114	0.00950	0.00686	0.00897	0.00844	0.01002	0.00633	0.00633	0.01266	0.01899	0.02691	0.71879	0.05012	0.06331	0.01372	0.00791	0.00211	0.00317	0.01213	0.00739	0.00633
115	0.01794	0.76823	0.03516	0.01148	0.01722	0.02655	0.01148	0.02009	0.01363	0.01579	0.00933	0.01076	0.00861	0.00574	0.00431	0.00144	0.00718	0.00359	0.00287	0.00861
116	0.00850	0.00682	0.00758	0.00739	0.00941	0.00591	0.00554	0.01073	0.01663	0.02130	0.30324	0.05935	0.48236	0.01581	0.00792	0.00221	0.00331	0.01343	0.00665	0.00591
117	0.02794	0.01078	0.01443	0.01124	0.01599	0.00942	0.00923	0.03060	0.01857	0.64078	0.02591	0.02311	0.01668	0.00824	0.00650	0.00201	0.00539	0.00669	0.10570	0.01078
118	0.00793	0.00680	0.00680	0.00680	0.00906	0.00566	0.00510	0.00963	0.01529	0.01813	0.06797	0.06457	0.71961	0.01699	0.00793	0.00227	0.00340	0.01416	0.00623	0.00566
119	0.01391	0.01193	0.01391	0.00994	0.01590	0.00894	0.00795	0.01690	0.01391	0.02186	0.01193	0.01391	0.00994	0.00497	0.00497	0.00099	0.00497	0.00398	0.00398	0.80521
120	0.01251	0.00625	0.00625	0.00625	0.00782	0.00625	0.00469	0.01563	0.01407	0.02502	0.02189	0.02502	0.01720	0.00782	0.00469	0.00156	0.00313	0.00625	0.80144	0.00625
121	0.02506	0.03198	0.01901	0.01729	0.02074	0.73725	0.01296	0.02679	0.01901	0.01642	0.01037	0.01210	0.00864	0.00691	0.00605	0.00173	0.01210	0.00432	0.00346	0.00778
122	0.02506	0.03198	0.01901	0.01729	0.02074	0.73725	0.01296	0.02679	0.01901	0.01642	0.01037	0.01210	0.00864	0.00691	0.00605	0.00173	0.01210	0.00432	0.00346	0.00778
123	0.01661	0.01594	0.02724	0.04119	0.72233	0.01594	0.02059	0.02059	0.01528	0.02192	0.01262	0.01661	0.01063	0.00598	0.00664	0.00199	0.00797	0.00598	0.00332	0.01063
124	0.71825	0.01367	0.01108	0.00961	0.01391	0.01574	0.00792	0.10049	0.01381	0.03155	0.01015	0.01152	0.00776	0.00645	0.00446	0.00207	0.00545	0.00392	0.00446	0.00776
125	0.11017	0.01455	0.02314	0.03394	0.55962	0.01477	0.01760	0.01942	0.01465	0.02248	0.01487	0.07190	0.01373	0.00757	0.00659	0.00210	0.00728	0.03220	0.00374	0.00969
126	0.01456	0.02999	0.52675	0.02144	0.10847	0.05304	0.02250	0.02085	0.01408	0.02048	0.01164	0.01441	0.00879	0.00699	0.00825	0.00219	0.09790	0.00515	0.00293	0.00958
127	0.02551	0.01879	0.02014	0.01544	0.02081	0.02081	0.01275	0.69996	0.03155	0.04229	0.01611	0.01611	0.01141	0.00805	0.00671	0.00201	0.00738	0.00604	0.00671	0.01141
128	0.00793	0.00680	0.00680	0.00680	0.00906	0.00566	0.00510	0.00963	0.01529	0.01813	0.06797	0.06457	0.71961	0.01699	0.00793	0.00227	0.00340	0.01416	0.00623	0.00566
129	0.12289	0.01160	0.01489	0.01157	0.01664	0.01048	0.00955	0.03116	0.01828	0.64424	0.02444	0.02142	0.01550	0.00806	0.00644	0.00208	0.00565	0.00638	0.00781	0.01093
130	0.00818	0.00584	0.00779	0.00934	0.00973	0.00545	0.00623	0.00934	0.01285	0.01713	0.03698	0.75981	0.04438	0.02102	0.00856	0.00273	0.00389	0.01908	0.00623	0.00545
131	0.01038	0.00758	0.01020	0.01151	0.01317	0.00741	0.00995	0.01325	0.01542	0.01978	0.04045	0.07400	0.14197	0.01830	0.00906	0.00296	0.00576	0.57655	0.00619	0.00610
132	0.00961	0.00711	0.01037	0.01037	0.01143	0.00816	0.00787	0.01172	0.01066	0.01527	0.01835	0.02844	0.01768	0.13509	0.65407	0.01028	0.01661	0.00749	0.00365	0.00576
133	0.01133	0.00604	0.00906	0.00906	0.00924	0.00622	0.00622	0.00924	0.00906	0.01226	0.01263	0.02132	0.01245	0.02750	0.13648	0.68172	0.00771	0.00604	0.00302	0.00339
134	0.00849	0.00606	0.00815	0.00970	0.01023	0.00572	0.00677	0.00988	0.01316	0.01748	0.03681	0.67858	0.04369	0.02073	0.00865	0.00277	0.00416	0.09721	0.00622	0.00554
135	0.00818	0.00584	0.00779	0.00934	0.00973	0.00545	0.00623	0.00934	0.01285	0.01713	0.03698	0.75981	0.04438	0.02102	0.00856	0.00273	0.00389	0.01908	0.00623	0.00545
136	0.03010	0.01142	0.01557	0.01194	0.01713	0.00986	0.00986	0.03270	0.01920	0.72698	0.02647	0.02284	0.01661	0.00830	0.00675	0.00208	0.00571	0.00675	0.00830	0.01142
137	0.01317	0.01290	0.02318	0.63503	0.04446	0.01523	0.12531	0.01783	0.01380	0.01783	0.01218	0.01792	0.00914	0.00654	0.00690	0.00224	0.00932	0.00627	0.00305	0.00770
138	0.01346	0.03471	0.72942	0.01912	0.02904	0.01558	0.02479	0.02125	0.01417	0.02125	0.01204	0.01417	0.00850	0.00637	0.00637	0.00212	0.00992	0.00496	0.00283	0.00992
139	0.00926	0.00673	0.00872	0.00846	0.00994	0.00619	0.00626	0.01211	0.01807	0.02530	0.60463	0.13512	0.09455	0.01475	0.00799	0.00219	0.00326	0.01306	0.00719	0.00619
140	0.01079	0.00989	0.00953	0.01057	0.01144	0.11887	0.00727	0.01205	0.01380	0.01702	0.03286	0.64393	0.03884	0.01884	0.00817	0.00257	0.00516	0.01679	0.00580	0.00581
141	0.00961	0.00708	0.01025	0.01025	0.01126	0.00810	0.00772	0.01164	0.01062	0.01518	0.01846	0.02908	0.01796	0.16096	0.62857	0.01012	0.01620	0.00759	0.00367	0.00569
142	0.00818	0.00584	0.00779	0.00934	0.00973	0.00545	0.00623	0.00934	0.01285	0.01713	0.03698	0.75981	0.04438	0.02102	0.00856	0.00273	0.00389	0.01908	0.00623	0.00545
143	0.01329	0.01256	0.02124	0.63706	0.15239	0.01507	0.01894	0.01769	0.01371	0.01789	0.01204	0.01769	0.00921	0.00659	0.00670	0.00220	0.00879	0.00597	0.00303	0.00795
144	0.65582	0.07576	0.01296	0.01003	0.01423	0.10057	0.00827	0.02058	0.01249	0.02735	0.00946	0.01103	0.00754	0.00627	0.00439	0.00198	0.00616	0.00371	0.00397	0.00743
145	0.01541	0.02191	0.24573	0.11108	0.13889	0.01631	0.21354	0.05691	0.07157	0.02257	0.01399	0.01708	0.01048	0.00645	0.00695	0.00216	0.00940	0.00635	0.00361	0.00962
146	0.00942	0.00748	0.00861	0.00919	0.01071	0.00726	0.00654	0.01351	0.12172	0.01915	0.04552	0.42081	0.25932	0.01787	0.00809	0.00251	0.00395	0.01570	0.00632	0.00632
147	0.01570	0.16042	0.04862	0.01705	0.11241	0.01490	0.09192	0.04470	0.01495	0.02141	0.01187	0.01424	0.00981	0.00550	0.00552	0.00144	0.00680	0.00474	0.00367	0.39433

[dist]
# distance from previous block
# <min> <max>
0	4

[block]
# block no. 2 follows, 32 sequences, length 21
# corresponding to MSA columns:
# 266-286
name=unknown_C
#
# <colnr> <probs for GDERKNQSTAVLIFYWHMCP>
#	G	D	E	R	K	N	Q	S	T	A	V	L	I	F	Y	W	H	M	C	P
0	0.01512	0.01560	0.09951	0.01748	0.13423	0.01145	0.06104	0.01899	0.01452	0.05142	0.01278	0.01506	0.01018	0.00548	0.00569	0.00142	0.00651	0.00481	0.00388	0.49483
1	0.01166	0.00583	0.00874	0.00874	0.00874	0.00583	0.00583	0.00874	0.00874	0.01166	0.01166	0.02040	0.01166	0.02331	0.02622	0.80478	0.00583	0.00583	0.00291	0.00291
2	0.16474	0.41667	0.10791	0.01426	0.05938	0.10353	0.01293	0.02095	0.01400	0.01949	0.00995	0.01167	0.00847	0.00605	0.00485	0.00170	0.00773	0.00398	0.00320	0.00854
3	0.01007	0.01200	0.14181	0.01025	0.01344	0.00797	0.00962	0.01394	0.01773	0.02497	0.52247	0.04494	0.11954	0.01269	0.00763	0.00213	0.00444	0.01101	0.00643	0.00693
4	0.01034	0.00748	0.01021	0.01163	0.01313	0.00735	0.00993	0.01314	0.01520	0.01966	0.03834	0.13587	0.09546	0.01863	0.00909	0.00299	0.00574	0.56355	0.00619	0.00607
5	0.01031	0.00779	0.00988	0.00872	0.01111	0.00681	0.00663	0.01344	0.01806	0.02598	0.58824	0.04343	0.05345	0.01210	0.00737	0.00190	0.00350	0.01063	0.00676	0.15388
6	0.01794	0.76823	0.03516	0.01148	0.01722	0.02655	0.01148	0.02009	0.01363	0.01579	0.00933	0.01076	0.00861	0.00574	0.00431	0.00144	0.00718	0.00359	0.00287	0.00861
7	0.01114	0.00859	0.01053	0.01097	0.01268	0.00894	0.00841	0.01755	0.18969	0.02216	0.14561	0.30144	0.04014	0.01626	0.00818	0.00260	0.00466	0.16683	0.00656	0.00706
8	0.00976	0.00651	0.00732	0.00732	0.00732	0.00651	0.00407	0.00976	0.00976	0.01301	0.02114	0.04391	0.02439	0.76419	0.03415	0.00651	0.00651	0.00976	0.00407	0.00407
9	0.00919	0.00639	0.00736	0.00772	0.00806	0.00617	0.00467	0.00965	0.01109	0.01453	0.03006	0.20825	0.10813	0.51090	0.02537	0.00517	0.00556	0.01237	0.00480	0.00456
10	0.01129	0.00602	0.00880	0.00880	0.00891	0.00613	0.00590	0.00913	0.00902	0.01214	0.01311	0.02312	0.01330	0.09422	0.09265	0.65774	0.00701	0.00632	0.00308	0.00330
11	0.01340	0.01267	0.02144	0.61751	0.17109	0.01510	0.01900	0.01778	0.01376	0.01803	0.01205	0.01765	0.00926	0.00657	0.00670	0.00219	0.00876	0.00597	0.00304	0.00804
12	0.01875	0.68434	0.03332	0.01214	0.01762	0.10753	0.01165	0.02086	0.01425	0.01586	0.00945	0.01092	0.00861	0.00587	0.00450	0.00147	0.00774	0.00367	0.00294	0.00852
13	0.01577	0.01187	0.01410	0.01017	0.01604	0.00905	0.00817	0.01871	0.01452	0.10275	0.01359	0.01494	0.01070	0.00535	0.00517	0.00112	0.00505	0.00429	0.00447	0.71415
14	0.01351	0.03034	0.59711	0.01799	0.02657	0.01496	0.02219	0.02190	0.07856	0.02177	0.01562	0.02085	0.01239	0.00775	0.00668	0.00223	0.00915	0.06728	0.00351	0.00964
15	0.01485	0.11217	0.39615	0.02163	0.02991	0.01734	0.27130	0.02121	0.01472	0.02072	0.01230	0.01523	0.00913	0.00604	0.00671	0.00210	0.01012	0.00589	0.00304	0.00945
16	0.01183	0.00725	0.00937	0.00912	0.01040	0.00709	0.00651	0.01346	0.01354	0.09836	0.15404	0.12027	0.05313	0.27603	0.13609	0.00515	0.00728	0.04959	0.00551	0.00596
17	0.01327	0.09904	0.58319	0.01731	0.02575	0.01544	0.02145	0.01979	0.01397	0.02028	0.01463	0.09881	0.01260	0.00799	0.00643	0.00213	0.00898	0.00644	0.00322	0.00929
18	0.01740	0.01377	0.01894	0.08108	0.07899	0.08904	0.12010	0.05814	0.01655	0.15076	0.02307	0.23557	0.02208	0.01143	0.00746	0.00229	0.00733	0.03231	0.00537	0.00833
19	0.01773	0.01684	0.02546	0.09149	0.55567	0.05704	0.01917	0.09338	0.01709	0.02342	0.01281	0.01640	0.01047	0.00631	0.00662	0.00200	0.00822	0.00589	0.00367	0.01031
20	0.02046	0.03949	0.11854	0.01403	0.01895	0.14995	0.01245	0.13951	0.08338	0.14616	0.08195	0.02129	0.01747	0.04538	0.00785	0.00216	0.00756	0.00637	0.00548	0.06157

[dist]
# distance from previous block
# <min> <max>
12	47

[block]
# block no. 3 follows, 32 sequences, length 7
# corresponding to MSA columns:
# 334-340
name=unknown_D
#
# <colnr> <probs for GDERKNQSTAVLIFYWHMCP>
#	G	D	E	R	K	N	Q	S	T	A	V	L	I	F	Y	W	H	M	C	P
0	0.17176	0.07595	0.15584	0.01309	0.01852	0.09626	0.01243	0.02371	0.09945	0.11493	0.06163	0.01784	0.01457	0.00728	0.00581	0.00191	0.00698	0.00545	0.00478	0.09184
1	0.07064	0.45210	0.28372	0.01405	0.02119	0.02181	0.01599	0.02048	0.01367	0.01874	0.01031	0.01200	0.00848	0.00600	0.00504	0.00173	0.00803	0.00408	0.00294	0.00899
2	0.01166	0.00583	0.00874	0.00874	0.00874	0.00583	0.00583	0.00874	0.00874	0.01166	0.01166	0.02040	0.01166	0.02331	0.02622	0.80478	0.00583	0.00583	0.00291	0.00291
3	0.16157	0.02035	0.01995	0.01874	0.11124	0.21225	0.06024	0.21073	0.02045	0.08269	0.01355	0.01484	0.01016	0.00701	0.00616	0.00197	0.00850	0.00533	0.00484	0.00944
4	0.15745	0.01484	0.02410	0.02374	0.20667	0.01492	0.20958	0.02313	0.08771	0.10211	0.05725	0.01958	0.01472	0.00697	0.00668	0.00213	0.00763	0.00674	0.00465	0.00942
5	0.10527	0.01279	0.01622	0.01926	0.21328	0.06153	0.01193	0.01963	0.01649	0.11549	0.19258	0.03092	0.02696	0.00958	0.00684	0.00209	0.00611	0.07787	0.00542	0.04972
6	0.22877	0.13119	0.12030	0.01201	0.01740	0.01576	0.01139	0.08055	0.07531	0.06947	0.07026	0.01728	0.01455	0.00716	0.00551	0.00187	0.00622	0.00529	0.00471	0.10498

[dist]
# distance from previous block
# <min> <max>
7	109

# created by:
# /home/berkeley/.conda/envs/busco_data_prod/bin/msa2prfl.pl pipeline/OGs_align_augustus/5794/68924.fs
