[name]
unknown

[dist]
# distance from previous block
# <min> <max>
0	264

[block]
# block no. 0 follows, 28 sequences, length 60
# corresponding to MSA columns:
# 303-362
name=unknown_A
#
# <colnr> <probs for GDERKNQSTAVLIFYWHMCP>
#	G	D	E	R	K	N	Q	S	T	A	V	L	I	F	Y	W	H	M	C	P
0	0.02091	0.04270	0.07802	0.02500	0.21976	0.01655	0.06820	0.14246	0.02004	0.14113	0.01980	0.05926	0.01648	0.00940	0.00822	0.00236	0.03762	0.05583	0.00550	0.01076
1	0.00909	0.00656	0.00867	0.01026	0.01090	0.00613	0.00712	0.01057	0.01430	0.01889	0.04168	0.64713	0.08131	0.02231	0.00931	0.00296	0.00441	0.07567	0.00674	0.00599
2	0.01378	0.01247	0.02037	0.37733	0.18898	0.01399	0.01761	0.01789	0.01552	0.02057	0.04500	0.08162	0.04685	0.01048	0.00783	0.00251	0.00822	0.08624	0.00430	0.00842
3	0.08211	0.04929	0.02296	0.02532	0.25540	0.06464	0.06861	0.07239	0.08152	0.05336	0.01902	0.09894	0.01672	0.00904	0.00708	0.00224	0.00777	0.00800	0.04559	0.00999
4	0.01058	0.00735	0.00975	0.04340	0.01278	0.00707	0.00750	0.01253	0.01530	0.05162	0.14558	0.40196	0.11650	0.05776	0.06195	0.00357	0.00563	0.01614	0.00656	0.00645
5	0.01064	0.00760	0.01048	0.01216	0.01336	0.00744	0.00985	0.01320	0.01567	0.02055	0.03908	0.32923	0.04418	0.02109	0.00975	0.00320	0.00576	0.41363	0.00671	0.00640
6	0.04761	0.01742	0.06172	0.05461	0.19304	0.01686	0.16127	0.09139	0.09150	0.07559	0.04846	0.02156	0.01567	0.00995	0.03967	0.00275	0.02810	0.00741	0.00499	0.01044
7	0.04504	0.18595	0.26093	0.01792	0.02533	0.08464	0.08809	0.02596	0.04756	0.12930	0.01554	0.01669	0.01139	0.00719	0.00657	0.00211	0.00936	0.00572	0.00439	0.01031
8	0.01810	0.01937	0.02259	0.09953	0.12439	0.19197	0.07409	0.02101	0.01540	0.01928	0.01339	0.01911	0.01176	0.04368	0.07696	0.00344	0.17924	0.00649	0.03176	0.00845
9	0.10662	0.05104	0.08488	0.02273	0.09999	0.30854	0.13837	0.04499	0.01812	0.02237	0.01230	0.01507	0.00983	0.00712	0.00722	0.00212	0.02992	0.00566	0.00381	0.00930
10	0.00894	0.00673	0.00829	0.00926	0.01038	0.00607	0.00643	0.01060	0.01537	0.02002	0.12152	0.48221	0.22637	0.02071	0.00901	0.00274	0.00398	0.01839	0.00689	0.00607
11	0.01922	0.71705	0.06805	0.01281	0.01923	0.02823	0.01308	0.02182	0.01480	0.01737	0.01024	0.01183	0.00932	0.00625	0.00476	0.00159	0.00791	0.00395	0.00311	0.00939
12	0.13194	0.01233	0.01491	0.01201	0.01660	0.01185	0.00976	0.09721	0.02103	0.38611	0.17799	0.02897	0.02761	0.01000	0.00721	0.00225	0.00567	0.00810	0.00796	0.01049
13	0.01004	0.00733	0.00992	0.01030	0.01124	0.00779	0.00744	0.01178	0.01240	0.01696	0.02887	0.17438	0.07756	0.19406	0.35694	0.00804	0.01225	0.03194	0.00486	0.00591
14	0.00883	0.00734	0.00772	0.00770	0.00998	0.00623	0.00575	0.01088	0.01704	0.02091	0.15826	0.08876	0.58947	0.01806	0.00861	0.00245	0.00366	0.01521	0.00692	0.00623
15	0.00932	0.00715	0.00854	0.00870	0.01040	0.00637	0.00633	0.01166	0.01754	0.02315	0.31147	0.21757	0.29954	0.01801	0.00874	0.00250	0.00371	0.01570	0.00724	0.00637
16	0.01661	0.28515	0.02313	0.01250	0.01656	0.04495	0.01089	0.09000	0.01685	0.02117	0.02663	0.02816	0.16843	0.01524	0.08555	0.00309	0.08181	0.00754	0.00457	0.04117
17	0.02200	0.12197	0.02361	0.06682	0.02287	0.18172	0.01452	0.19387	0.05524	0.02566	0.01336	0.01591	0.01088	0.00905	0.01089	0.00231	0.18934	0.00579	0.00459	0.00960
18	0.13730	0.13546	0.02031	0.01349	0.01850	0.05335	0.01131	0.24761	0.05408	0.12567	0.06474	0.01994	0.01652	0.00848	0.00641	0.00208	0.00699	0.00630	0.04114	0.01034
19	0.01943	0.74891	0.03809	0.01244	0.01866	0.02876	0.01244	0.02177	0.01477	0.01710	0.01011	0.01166	0.00933	0.00622	0.00466	0.00155	0.00777	0.00389	0.00311	0.00933
20	0.02061	0.01661	0.12389	0.01302	0.01988	0.01113	0.01213	0.02452	0.01695	0.24128	0.01798	0.01821	0.01283	0.00678	0.00624	0.00164	0.00648	0.00543	0.00561	0.41878
21	0.01590	0.01590	0.02226	0.01908	0.01908	0.02226	0.01590	0.01749	0.01113	0.01749	0.00954	0.01590	0.00954	0.01272	0.02385	0.00318	0.73123	0.00636	0.00318	0.00795
22	0.21357	0.01898	0.01534	0.01397	0.01768	0.22345	0.01113	0.07283	0.01833	0.10946	0.01975	0.03035	0.01778	0.04671	0.00842	0.00259	0.00840	0.13726	0.00548	0.00852
23	0.02533	0.01922	0.02052	0.01626	0.02166	0.02147	0.01326	0.52159	0.19129	0.04210	0.02038	0.01978	0.01473	0.00900	0.00730	0.00225	0.00746	0.00695	0.00730	0.01216
24	0.01458	0.03760	0.70688	0.02072	0.03146	0.01688	0.02686	0.02302	0.01535	0.02302	0.01304	0.01535	0.00921	0.00691	0.00691	0.00230	0.01074	0.00537	0.00307	0.01074
25	0.00924	0.00742	0.00863	0.00865	0.01059	0.00694	0.00646	0.01128	0.01530	0.01934	0.10062	0.07917	0.43621	0.06107	0.18098	0.00491	0.00766	0.01331	0.00604	0.00618
26	0.01350	0.01144	0.01291	0.01024	0.01503	0.00955	0.00797	0.01821	0.08960	0.02342	0.06464	0.03226	0.17302	0.03701	0.00769	0.00183	0.00499	0.00797	0.00540	0.45330
27	0.02244	0.01872	0.01908	0.01578	0.01935	0.17597	0.01270	0.02473	0.01650	0.18828	0.01534	0.01727	0.01184	0.00910	0.01202	0.00222	0.23904	0.00579	0.00498	0.16884
28	0.02100	0.26830	0.08599	0.01611	0.05448	0.04323	0.01409	0.19844	0.02043	0.04770	0.01354	0.01499	0.01074	0.00721	0.00666	0.00184	0.03495	0.00515	0.00464	0.13051
29	0.02245	0.01563	0.02274	0.02471	0.23686	0.01581	0.06295	0.13885	0.09440	0.18248	0.02008	0.02124	0.01472	0.00869	0.00813	0.03521	0.00753	0.00703	0.04937	0.01111
30	0.01352	0.25861	0.01925	0.01056	0.01305	0.01501	0.00851	0.01507	0.01232	0.01593	0.01756	0.02980	0.01820	0.29096	0.22614	0.00655	0.01096	0.00749	0.00382	0.00669
31	0.11379	0.12740	0.13338	0.02581	0.27987	0.01743	0.01766	0.02365	0.01618	0.11722	0.01597	0.02015	0.01285	0.00760	0.00661	0.00218	0.00804	0.03927	0.00445	0.01049
32	0.05198	0.01368	0.02219	0.44804	0.19324	0.01565	0.01884	0.02055	0.01523	0.07199	0.01448	0.01957	0.01107	0.00954	0.04226	0.00280	0.00948	0.00648	0.00384	0.00910
33	0.01098	0.00958	0.01418	0.33288	0.02818	0.01059	0.01248	0.01402	0.01490	0.01885	0.03678	0.23588	0.20383	0.01461	0.00819	0.00258	0.00654	0.01283	0.00516	0.00695
34	0.01771	0.02211	0.24392	0.01768	0.02394	0.01591	0.08812	0.15640	0.07253	0.06054	0.01882	0.05094	0.01547	0.07327	0.08629	0.00373	0.01010	0.00759	0.00499	0.00995
35	0.01053	0.00719	0.00866	0.00866	0.00891	0.00745	0.00532	0.01104	0.01079	0.01464	0.02223	0.04386	0.02482	0.60984	0.16949	0.00795	0.00947	0.01003	0.00430	0.00481
36	0.00956	0.00708	0.00905	0.01013	0.01136	0.00657	0.00753	0.01163	0.01583	0.02071	0.12594	0.38959	0.17748	0.02040	0.00921	0.00285	0.00452	0.14743	0.00689	0.00623
37	0.02349	0.01830	0.01948	0.01589	0.02096	0.02061	0.01281	0.39899	0.31689	0.03913	0.02271	0.02164	0.01662	0.00922	0.00733	0.00230	0.00702	0.00727	0.00733	0.01199
38	0.31833	0.08007	0.05455	0.01574	0.05061	0.22358	0.01258	0.12105	0.01857	0.02810	0.01185	0.01349	0.00933	0.00721	0.00578	0.00207	0.00875	0.00473	0.00447	0.00913
39	0.01054	0.00718	0.00861	0.00861	0.00885	0.00742	0.00526	0.01101	0.01077	0.01460	0.02228	0.04409	0.02492	0.61845	0.16102	0.00789	0.00932	0.01006	0.00431	0.00479
40	0.02163	0.09663	0.02022	0.01455	0.01912	0.01972	0.01182	0.34064	0.18723	0.03391	0.02032	0.02308	0.01628	0.09234	0.04722	0.00321	0.00792	0.00717	0.00636	0.01064
41	0.79588	0.01406	0.01068	0.00956	0.01406	0.01631	0.00787	0.02137	0.01237	0.03261	0.01012	0.01181	0.00787	0.00675	0.00450	0.00225	0.00562	0.00394	0.00450	0.00787
42	0.02878	0.01853	0.02068	0.01585	0.02163	0.01982	0.01310	0.52812	0.03111	0.19699	0.02003	0.01913	0.01365	0.00879	0.00728	0.00220	0.00758	0.00672	0.00767	0.01236
43	0.02037	0.15327	0.05391	0.01713	0.02189	0.14653	0.11966	0.11960	0.01849	0.05629	0.01452	0.01797	0.01184	0.01448	0.08554	0.09855	0.01064	0.00614	0.00432	0.00885
44	0.79588	0.01406	0.01068	0.00956	0.01406	0.01631	0.00787	0.02137	0.01237	0.03261	0.01012	0.01181	0.00787	0.00675	0.00450	0.00225	0.00562	0.00394	0.00450	0.00787
45	0.01241	0.01019	0.01322	0.01371	0.06511	0.01026	0.03915	0.01868	0.15975	0.02348	0.13768	0.18873	0.15500	0.07507	0.01057	0.00286	0.00523	0.01287	0.03823	0.00781
46	0.06111	0.00992	0.01256	0.01086	0.01443	0.00907	0.00850	0.02514	0.01767	0.37504	0.02936	0.18876	0.02453	0.01194	0.00717	0.00230	0.00513	0.01010	0.16690	0.00952
47	0.00914	0.00677	0.00854	0.00939	0.01048	0.00617	0.00655	0.01101	0.01594	0.02121	0.19785	0.45875	0.17126	0.02014	0.00899	0.00271	0.00394	0.01795	0.00704	0.00617
48	0.00972	0.00722	0.00905	0.00900	0.01061	0.00655	0.00660	0.01246	0.01863	0.02549	0.46264	0.18240	0.17890	0.01695	0.00871	0.00244	0.00362	0.01492	0.00755	0.00655
49	0.01890	0.01602	0.01690	0.01496	0.01921	0.01846	0.01170	0.09292	0.63044	0.03172	0.02855	0.02630	0.02135	0.00977	0.00739	0.00244	0.00594	0.00808	0.00739	0.01158
50	0.01829	0.04638	0.02661	0.14213	0.21661	0.01720	0.12399	0.02381	0.07426	0.09666	0.01737	0.02269	0.01397	0.00845	0.00929	0.00243	0.08637	0.03886	0.00456	0.01005
51	0.01931	0.29479	0.21163	0.03883	0.05237	0.02247	0.01713	0.14686	0.08510	0.02575	0.01444	0.01577	0.01124	0.00728	0.00621	0.00202	0.00851	0.00540	0.00433	0.01055
52	0.08422	0.05912	0.13184	0.02382	0.17425	0.04554	0.09724	0.15257	0.04077	0.06602	0.01562	0.01768	0.01176	0.00732	0.00688	0.00218	0.00872	0.00627	0.03751	0.01067
53	0.02681	0.01376	0.02196	0.01649	0.02210	0.01251	0.16224	0.05672	0.01992	0.44830	0.02448	0.02352	0.01623	0.00827	0.00736	0.00223	0.00735	0.00751	0.09106	0.01118
54	0.01050	0.00802	0.01062	0.01079	0.01180	0.00858	0.00804	0.01172	0.01327	0.01765	0.03646	0.23172	0.18155	0.04511	0.15528	0.10010	0.08783	0.03971	0.00529	0.00596
55	0.00893	0.00657	0.00840	0.00982	0.01061	0.00604	0.00676	0.01037	0.01445	0.01886	0.04529	0.60771	0.14994	0.02198	0.00920	0.00289	0.00423	0.04524	0.00675	0.00597
56	0.01136	0.00688	0.00973	0.00973	0.01048	0.00704	0.00694	0.01058	0.01122	0.01492	0.02440	0.03163	0.12522	0.03209	0.21185	0.44981	0.00946	0.00818	0.00394	0.00455
57	0.01431	0.01166	0.01319	0.01206	0.01501	0.01265	0.00926	0.02658	0.36419	0.02980	0.35159	0.04027	0.04463	0.01228	0.00797	0.00238	0.00463	0.01060	0.00769	0.00926
58	0.02074	0.58421	0.03512	0.01444	0.02026	0.15374	0.04369	0.02316	0.01595	0.01752	0.01053	0.01230	0.00941	0.00645	0.00519	0.00165	0.00896	0.00425	0.00325	0.00919
59	0.44929	0.01545	0.01481	0.01211	0.01717	0.01696	0.00999	0.20014	0.01979	0.15889	0.01549	0.01569	0.01093	0.00769	0.00576	0.00223	0.00637	0.00526	0.00607	0.00990

[dist]
# distance from previous block
# <min> <max>
0	6

[block]
# block no. 1 follows, 28 sequences, length 11
# corresponding to MSA columns:
# 369-379
name=unknown_B
#
# <colnr> <probs for GDERKNQSTAVLIFYWHMCP>
#	G	D	E	R	K	N	Q	S	T	A	V	L	I	F	Y	W	H	M	C	P
0	0.01251	0.01127	0.01847	0.54818	0.04020	0.01359	0.01683	0.01646	0.01438	0.01857	0.01969	0.19913	0.01927	0.01114	0.00777	0.00255	0.00832	0.01000	0.00411	0.00753
1	0.01038	0.00779	0.01168	0.01168	0.01298	0.00909	0.00909	0.01298	0.01168	0.01687	0.01947	0.02856	0.01817	0.05452	0.71573	0.01168	0.01947	0.00779	0.00389	0.00649
2	0.01186	0.01567	0.18344	0.01207	0.01584	0.01061	0.01145	0.01668	0.08017	0.01946	0.03198	0.04045	0.16915	0.25400	0.09196	0.00488	0.00841	0.00980	0.00483	0.00729
3	0.01280	0.00859	0.01047	0.00996	0.01219	0.00809	0.00745	0.03874	0.05908	0.08855	0.30909	0.19599	0.17855	0.01617	0.00849	0.00246	0.00420	0.01409	0.00752	0.00750
4	0.01633	0.02538	0.25573	0.02746	0.03590	0.01790	0.46574	0.02320	0.01658	0.02320	0.01417	0.01824	0.01045	0.00638	0.00804	0.00240	0.01177	0.00755	0.00348	0.01010
5	0.03261	0.01237	0.01687	0.01293	0.01856	0.01068	0.01068	0.03543	0.02081	0.70423	0.02868	0.02474	0.01799	0.00900	0.00731	0.00225	0.00619	0.00731	0.00900	0.01237
6	0.02040	0.02550	0.24553	0.02657	0.23875	0.09400	0.02032	0.09009	0.04860	0.09721	0.01587	0.01766	0.01177	0.00737	0.00706	0.00220	0.00936	0.00609	0.00455	0.01110
7	0.01850	0.01858	0.03095	0.15503	0.27633	0.06011	0.21903	0.08706	0.01838	0.02453	0.01408	0.01838	0.01100	0.00679	0.00760	0.00228	0.01013	0.00701	0.00393	0.01029
8	0.01668	0.02306	0.24505	0.02174	0.02898	0.01628	0.25477	0.02547	0.12738	0.06350	0.08490	0.02322	0.01839	0.00802	0.00778	0.00238	0.00948	0.00788	0.00483	0.01024
9	0.01612	0.00882	0.01148	0.01129	0.01339	0.00827	0.00823	0.06306	0.01706	0.19220	0.03563	0.51007	0.03804	0.01834	0.00864	0.00272	0.00498	0.01633	0.00735	0.00798
10	0.02067	0.19748	0.02420	0.01486	0.02048	0.09655	0.04198	0.16060	0.13027	0.02712	0.01582	0.01671	0.01249	0.00729	0.00621	0.00180	0.00774	0.00555	0.00505	0.18712

[dist]
# distance from previous block
# <min> <max>
0	1

[block]
# block no. 2 follows, 28 sequences, length 24
# corresponding to MSA columns:
# 381-404
name=unknown_C
#
# <colnr> <probs for GDERKNQSTAVLIFYWHMCP>
#	G	D	E	R	K	N	Q	S	T	A	V	L	I	F	Y	W	H	M	C	P
0	0.09008	0.09905	0.04784	0.01933	0.13432	0.03723	0.04545	0.15059	0.01927	0.05040	0.01394	0.01585	0.01094	0.00671	0.00621	0.00181	0.00751	0.00539	0.00472	0.23337
1	0.01175	0.01531	0.17018	0.01206	0.01660	0.00946	0.01141	0.01513	0.01469	0.02061	0.03157	0.23068	0.13697	0.07437	0.01000	0.00261	0.00614	0.01152	0.00513	0.19379
2	0.01160	0.00683	0.00956	0.00956	0.00985	0.00712	0.00644	0.01053	0.01025	0.01395	0.01680	0.03011	0.01742	0.21759	0.18321	0.41415	0.00942	0.00774	0.00364	0.00422
3	0.01631	0.08018	0.13698	0.08867	0.09924	0.01724	0.16366	0.05156	0.12043	0.02483	0.08412	0.02434	0.04320	0.00839	0.00747	0.00229	0.00866	0.00779	0.00474	0.00989
4	0.00916	0.00667	0.00864	0.00966	0.01055	0.00614	0.00667	0.01097	0.01568	0.02108	0.19346	0.52407	0.10921	0.02058	0.00906	0.00276	0.00399	0.01847	0.00704	0.00614
5	0.05708	0.01134	0.01638	0.16098	0.05552	0.01323	0.01445	0.01690	0.01506	0.02107	0.02550	0.05082	0.02635	0.01480	0.01142	0.00301	0.13263	0.34085	0.00511	0.00749
6	0.01369	0.01381	0.06268	0.06511	0.29987	0.01221	0.01516	0.01729	0.01627	0.02250	0.09758	0.14897	0.12376	0.01182	0.00779	0.00232	0.00667	0.01065	0.00502	0.04683
7	0.05209	0.01201	0.01642	0.04457	0.01848	0.01253	0.08377	0.16147	0.01913	0.02637	0.07189	0.20292	0.10213	0.02027	0.11779	0.00392	0.00852	0.01168	0.00590	0.00815
8	0.13788	0.10390	0.02287	0.22580	0.18321	0.09584	0.01619	0.02087	0.01521	0.02163	0.01364	0.05941	0.01205	0.00804	0.00716	0.00223	0.03500	0.00642	0.00376	0.00889
9	0.04233	0.01613	0.10797	0.04488	0.08062	0.05662	0.04976	0.01979	0.06899	0.05992	0.05492	0.03890	0.18468	0.09879	0.01120	0.00294	0.00731	0.04057	0.00532	0.00835
10	0.20009	0.01684	0.01967	0.03936	0.21522	0.05578	0.01403	0.09439	0.11916	0.04827	0.01586	0.01751	0.01232	0.00732	0.00637	0.00210	0.00727	0.00584	0.00501	0.09759
11	0.16407	0.19861	0.02011	0.01301	0.01664	0.25565	0.01029	0.02160	0.01535	0.01952	0.01343	0.02043	0.01300	0.17629	0.01270	0.00305	0.00903	0.00570	0.00388	0.00762
12	0.01279	0.01049	0.01362	0.06244	0.07266	0.01095	0.00999	0.01919	0.14890	0.02404	0.21845	0.03928	0.09790	0.08588	0.10452	0.00398	0.00733	0.01004	0.00603	0.04154
13	0.01867	0.15665	0.01957	0.01182	0.01725	0.05283	0.00984	0.02115	0.01559	0.11782	0.01487	0.01689	0.01197	0.01023	0.04733	0.05211	0.00725	0.00500	0.00461	0.38855
14	0.01793	0.22014	0.19744	0.01925	0.09819	0.02080	0.01713	0.08243	0.13526	0.02431	0.01641	0.04375	0.01353	0.00831	0.00762	0.00218	0.05420	0.00633	0.00442	0.01037
15	0.00937	0.00738	0.00856	0.00866	0.01061	0.00641	0.00630	0.01148	0.01669	0.02169	0.20129	0.24072	0.34984	0.01812	0.00861	0.00248	0.00385	0.01570	0.00691	0.04532
16	0.01387	0.01120	0.01457	0.01255	0.01544	0.01151	0.04812	0.08097	0.09709	0.02514	0.17867	0.07068	0.06896	0.09428	0.11544	0.00414	0.03458	0.00995	0.00594	0.08690
17	0.01676	0.22205	0.32177	0.02157	0.06645	0.02044	0.15273	0.02346	0.04820	0.02189	0.01343	0.01594	0.01037	0.00668	0.00668	0.00213	0.00989	0.00582	0.00344	0.01025
18	0.01235	0.00908	0.01025	0.00994	0.01141	0.00947	0.00683	0.01738	0.18097	0.01915	0.03243	0.08610	0.13568	0.27741	0.02171	0.13140	0.00587	0.01073	0.00549	0.00637
19	0.00875	0.00673	0.00802	0.00906	0.01026	0.00599	0.00627	0.01024	0.01494	0.01897	0.05303	0.48109	0.29841	0.02109	0.00901	0.00276	0.00401	0.01861	0.00675	0.00599
20	0.02245	0.05803	0.04978	0.04101	0.24589	0.05014	0.01536	0.08794	0.01890	0.21718	0.01963	0.04822	0.01560	0.06637	0.00948	0.00257	0.00787	0.00729	0.00561	0.01068
21	0.01923	0.08339	0.13920	0.04409	0.09745	0.09674	0.11911	0.11641	0.11898	0.02655	0.05469	0.02012	0.01552	0.00790	0.00720	0.00221	0.00920	0.00685	0.00482	0.01034
22	0.01840	0.02067	0.10832	0.01919	0.11309	0.16304	0.01435	0.11942	0.05938	0.02499	0.02178	0.19857	0.02109	0.01149	0.00745	0.00231	0.00819	0.00964	0.04943	0.00921
23	0.05670	0.02446	0.19177	0.01959	0.10653	0.14278	0.01646	0.08011	0.05742	0.02520	0.01398	0.01590	0.01088	0.00690	0.00644	0.00190	0.00880	0.00532	0.00425	0.20462

[dist]
# distance from previous block
# <min> <max>
0	11

[block]
# block no. 3 follows, 28 sequences, length 16
# corresponding to MSA columns:
# 416-431
name=unknown_D
#
# <colnr> <probs for GDERKNQSTAVLIFYWHMCP>
#	G	D	E	R	K	N	Q	S	T	A	V	L	I	F	Y	W	H	M	C	P
0	0.01218	0.03754	0.01093	0.00987	0.01156	0.06362	0.00708	0.03641	0.01606	0.02075	0.14797	0.17833	0.16106	0.17460	0.04210	0.00375	0.00612	0.01270	0.04100	0.00640
1	0.20490	0.01823	0.02278	0.10710	0.35560	0.10085	0.01729	0.04878	0.01653	0.02547	0.01260	0.01606	0.01022	0.00684	0.00649	0.00218	0.00854	0.00566	0.00394	0.00993
2	0.01742	0.01624	0.01986	0.31851	0.09092	0.10407	0.01603	0.02542	0.17782	0.05345	0.07103	0.02331	0.01781	0.00852	0.00731	0.00232	0.00843	0.00722	0.00496	0.00934
3	0.00914	0.00694	0.00843	0.00900	0.01040	0.00622	0.00639	0.01114	0.01646	0.02161	0.21857	0.35318	0.25745	0.01937	0.00888	0.00262	0.00385	0.01706	0.00707	0.00622
4	0.62138	0.01429	0.01248	0.01062	0.01539	0.01594	0.00876	0.07418	0.01533	0.13475	0.01348	0.01419	0.00974	0.00724	0.00514	0.00224	0.00589	0.00465	0.00539	0.00890
5	0.00996	0.00726	0.00864	0.00844	0.00976	0.00673	0.00585	0.01196	0.01654	0.02231	0.34170	0.08014	0.18895	0.23075	0.01697	0.00375	0.00458	0.01312	0.00663	0.00595
6	0.01902	0.68813	0.09524	0.01315	0.01975	0.02775	0.01367	0.02187	0.01482	0.01761	0.01036	0.01198	0.00932	0.00628	0.00486	0.00162	0.00803	0.00401	0.00311	0.00945
7	0.34098	0.01298	0.01308	0.01151	0.01549	0.01399	0.00923	0.09753	0.07007	0.13601	0.07652	0.10422	0.02209	0.01062	0.00659	0.00239	0.00570	0.03560	0.00638	0.00901
8	0.01722	0.07659	0.10289	0.02247	0.17634	0.09640	0.04400	0.05830	0.01604	0.02150	0.01493	0.02088	0.01318	0.07901	0.10632	0.00390	0.07829	0.00657	0.03613	0.00904
9	0.01824	0.01598	0.01524	0.01340	0.01677	0.11936	0.01041	0.15019	0.18272	0.03032	0.23445	0.03180	0.03267	0.01276	0.03871	0.00263	0.00704	0.00882	0.04923	0.00926
10	0.01660	0.01433	0.01502	0.01363	0.01748	0.01622	0.01057	0.03423	0.58160	0.02873	0.03646	0.03380	0.12736	0.01120	0.00758	0.00246	0.00543	0.00933	0.00730	0.01067
11	0.02231	0.01734	0.01892	0.01457	0.02035	0.01786	0.01185	0.37744	0.12093	0.03665	0.01775	0.01808	0.01326	0.00783	0.00669	0.00187	0.00685	0.00608	0.00635	0.25700
12	0.01154	0.00900	0.01401	0.01249	0.01428	0.00908	0.08514	0.01296	0.01420	0.01916	0.13024	0.11464	0.14551	0.02362	0.12004	0.19175	0.05017	0.01100	0.00508	0.00609
13	0.10549	0.01525	0.01811	0.04933	0.12971	0.04858	0.01313	0.18016	0.04469	0.08493	0.01997	0.02856	0.01732	0.07070	0.06454	0.00345	0.00858	0.08227	0.00562	0.00958
14	0.01655	0.01550	0.11242	0.01430	0.01837	0.01275	0.06263	0.13824	0.05087	0.07954	0.11783	0.13527	0.02851	0.14835	0.01335	0.00327	0.00709	0.01043	0.00604	0.00869
15	0.01056	0.00801	0.01115	0.01124	0.01199	0.00912	0.00825	0.01229	0.01188	0.01673	0.02359	0.17894	0.02528	0.17959	0.37848	0.00825	0.07312	0.01089	0.00453	0.00608

[dist]
# distance from previous block
# <min> <max>
13	47

[block]
# block no. 4 follows, 28 sequences, length 12
# corresponding to MSA columns:
# 484-495
name=unknown_E
#
# <colnr> <probs for GDERKNQSTAVLIFYWHMCP>
#	G	D	E	R	K	N	Q	S	T	A	V	L	I	F	Y	W	H	M	C	P
0	0.09360	0.01186	0.08345	0.01074	0.01386	0.00927	0.00902	0.03163	0.01557	0.02306	0.13043	0.24350	0.11609	0.08149	0.01041	0.00281	0.00535	0.01250	0.00585	0.08951
1	0.00884	0.00671	0.00815	0.00919	0.01032	0.00602	0.00636	0.01038	0.01507	0.01938	0.08052	0.49229	0.25854	0.02101	0.00902	0.00276	0.00401	0.01860	0.00681	0.00602
2	0.01769	0.08520	0.06161	0.01483	0.01847	0.08915	0.01265	0.15164	0.06952	0.02429	0.01700	0.02130	0.01439	0.02650	0.28471	0.00590	0.06497	0.00663	0.00465	0.00889
3	0.01672	0.12612	0.17925	0.06910	0.18911	0.01720	0.04518	0.04394	0.05902	0.04794	0.05103	0.08878	0.01783	0.00894	0.00711	0.00224	0.00823	0.00778	0.00447	0.01002
4	0.02589	0.09824	0.02282	0.01971	0.06519	0.57847	0.01441	0.05561	0.02039	0.01931	0.01155	0.01347	0.00963	0.00736	0.00645	0.00188	0.01212	0.00480	0.00383	0.00887
5	0.01524	0.13612	0.01707	0.01158	0.01530	0.05749	0.00910	0.07624	0.01652	0.02184	0.02422	0.24543	0.04957	0.06035	0.00892	0.00234	0.00620	0.01041	0.00520	0.21085
6	0.01074	0.00818	0.01004	0.00994	0.01193	0.00783	0.00769	0.01516	0.07440	0.02572	0.38493	0.09327	0.18583	0.01632	0.00873	0.00253	0.00420	0.10809	0.00744	0.00703
7	0.01943	0.43752	0.02854	0.01344	0.01824	0.18946	0.01189	0.02163	0.01599	0.01745	0.01667	0.01866	0.06759	0.01264	0.08049	0.00277	0.00995	0.00544	0.00365	0.00855
8	0.01688	0.02005	0.14009	0.05519	0.18948	0.07322	0.11694	0.05344	0.01796	0.04308	0.09074	0.06897	0.04139	0.00950	0.00772	0.00233	0.00882	0.02987	0.00471	0.00962
9	0.00915	0.00732	0.00818	0.00811	0.01020	0.00635	0.00603	0.01146	0.01767	0.02260	0.26987	0.10887	0.45343	0.01756	0.00863	0.00243	0.00364	0.01499	0.00715	0.00635
10	0.01270	0.00861	0.01327	0.13300	0.07418	0.00901	0.01011	0.01309	0.01358	0.01852	0.17650	0.02902	0.02546	0.01817	0.01833	0.40214	0.00638	0.00799	0.00437	0.00557
11	0.22387	0.04062	0.04678	0.05193	0.20985	0.01592	0.01413	0.04698	0.06583	0.06805	0.01466	0.01668	0.01140	0.00689	0.00611	0.00203	0.00701	0.00549	0.00465	0.14113

[dist]
# distance from previous block
# <min> <max>
0	1

[block]
# block no. 5 follows, 28 sequences, length 6
# corresponding to MSA columns:
# 497-502
name=unknown_F
#
# <colnr> <probs for GDERKNQSTAVLIFYWHMCP>
#	G	D	E	R	K	N	Q	S	T	A	V	L	I	F	Y	W	H	M	C	P
0	0.01859	0.11968	0.25007	0.11563	0.08357	0.07807	0.04660	0.06119	0.01729	0.08084	0.01558	0.05328	0.01248	0.00794	0.00690	0.00220	0.00943	0.00650	0.00416	0.01001
1	0.01728	0.08473	0.11521	0.32108	0.03794	0.13731	0.14315	0.02210	0.01619	0.01978	0.01274	0.01716	0.00979	0.00695	0.00712	0.00224	0.01073	0.00620	0.00337	0.00892
2	0.01391	0.01147	0.01258	0.01007	0.01468	0.00986	0.00795	0.10337	0.01831	0.02488	0.04031	0.03960	0.31336	0.01158	0.00705	0.00183	0.00499	0.00948	0.00578	0.33895
3	0.01979	0.02043	0.06664	0.02000	0.12012	0.18727	0.04908	0.08139	0.04095	0.06541	0.04728	0.11614	0.01906	0.00970	0.00722	0.00213	0.00851	0.00817	0.02491	0.08581
4	0.01364	0.01036	0.01579	0.01478	0.04377	0.01003	0.09050	0.01596	0.01456	0.06756	0.02714	0.21571	0.02899	0.17811	0.01570	0.00364	0.04352	0.11185	0.00548	0.07291
5	0.06819	0.07506	0.01523	0.01081	0.01542	0.01153	0.00870	0.01916	0.05638	0.06131	0.11162	0.06449	0.05980	0.01197	0.04967	0.00234	0.00611	0.00755	0.00540	0.33927

[dist]
# distance from previous block
# <min> <max>
1	16

[block]
# block no. 6 follows, 28 sequences, length 27
# corresponding to MSA columns:
# 519-545
name=unknown_G
#
# <colnr> <probs for GDERKNQSTAVLIFYWHMCP>
#	G	D	E	R	K	N	Q	S	T	A	V	L	I	F	Y	W	H	M	C	P
0	0.05364	0.09652	0.02376	0.04596	0.17212	0.12092	0.01515	0.17482	0.04333	0.12561	0.01614	0.01747	0.01216	0.00792	0.00756	0.00214	0.04270	0.00603	0.00532	0.01073
1	0.01808	0.12910	0.10421	0.01790	0.07300	0.04227	0.05979	0.10205	0.08087	0.02522	0.01563	0.04419	0.01303	0.00775	0.00733	0.00194	0.04323	0.00621	0.00455	0.20366
2	0.01120	0.00766	0.00926	0.00888	0.01103	0.00678	0.00665	0.01377	0.01842	0.07564	0.34755	0.13089	0.29221	0.01656	0.00856	0.00242	0.00381	0.01431	0.00749	0.00691
3	0.01216	0.00967	0.01353	0.01559	0.11664	0.01058	0.00941	0.01357	0.01191	0.01668	0.02007	0.06349	0.02155	0.38502	0.16824	0.00667	0.08537	0.00934	0.00414	0.00635
4	0.00948	0.00733	0.00864	0.00846	0.01040	0.00649	0.00629	0.01209	0.01844	0.02444	0.38998	0.10747	0.33051	0.01689	0.00863	0.00240	0.00359	0.01458	0.00739	0.00649
5	0.01469	0.01417	0.01991	0.01749	0.01768	0.01939	0.01437	0.01638	0.01141	0.01750	0.01308	0.07226	0.01353	0.01866	0.10852	0.00422	0.58797	0.00762	0.00354	0.00762
6	0.07117	0.23106	0.12950	0.01272	0.01964	0.01683	0.01252	0.02026	0.01484	0.02229	0.01192	0.01389	0.00990	0.00596	0.00535	0.00149	0.00693	0.00432	0.00378	0.38561
7	0.01260	0.06893	0.08990	0.17465	0.10899	0.01265	0.01424	0.01611	0.01530	0.02019	0.05216	0.21499	0.12269	0.01336	0.00787	0.00248	0.00693	0.03307	0.00495	0.00795
8	0.01760	0.02382	0.26340	0.06191	0.27099	0.01687	0.05063	0.07976	0.03718	0.05231	0.01598	0.04838	0.01280	0.00774	0.00727	0.00228	0.00916	0.00688	0.00418	0.01088
9	0.01043	0.00761	0.01077	0.01077	0.01175	0.00859	0.00795	0.01240	0.01141	0.01620	0.02030	0.03317	0.02018	0.22197	0.55102	0.01056	0.01646	0.00846	0.00402	0.00598
10	0.05707	0.01829	0.01880	0.10496	0.02390	0.11271	0.01318	0.18396	0.19522	0.16489	0.02110	0.02082	0.01509	0.00864	0.00709	0.00226	0.00787	0.00675	0.00654	0.01087
11	0.79588	0.01406	0.01068	0.00956	0.01406	0.01631	0.00787	0.02137	0.01237	0.03261	0.01012	0.01181	0.00787	0.00675	0.00450	0.00225	0.00562	0.00394	0.00450	0.00787
12	0.01951	0.01619	0.13553	0.01678	0.07090	0.01218	0.03369	0.07966	0.01916	0.21515	0.09720	0.13343	0.02750	0.01210	0.00797	0.00247	0.00698	0.07717	0.00658	0.00983
13	0.02286	0.01653	0.01755	0.01418	0.01879	0.01827	0.01148	0.41954	0.14194	0.03901	0.02093	0.02126	0.01544	0.00886	0.00681	0.00212	0.00659	0.00688	0.17998	0.01097
14	0.02110	0.01406	0.01615	0.01353	0.01772	0.01497	0.01081	0.20072	0.20629	0.15695	0.12987	0.03031	0.05570	0.01393	0.06120	0.00302	0.00702	0.00865	0.00746	0.01056
15	0.14894	0.01407	0.01810	0.21136	0.09136	0.01554	0.01395	0.09364	0.10030	0.12344	0.04955	0.02347	0.04871	0.00870	0.00694	0.00232	0.00719	0.00711	0.00561	0.00971
16	0.01974	0.20370	0.18330	0.02109	0.04804	0.02092	0.20087	0.13581	0.01926	0.05895	0.01433	0.01653	0.01079	0.00692	0.00691	0.00213	0.00967	0.00623	0.00428	0.01051
17	0.01799	0.01727	0.02950	0.04462	0.69919	0.01727	0.02231	0.02231	0.01655	0.02375	0.01367	0.01799	0.01151	0.00648	0.00720	0.00216	0.00864	0.00648	0.00360	0.01151
18	0.01195	0.00787	0.01016	0.01029	0.01189	0.00748	0.00761	0.01405	0.01651	0.08962	0.18738	0.34447	0.15351	0.01837	0.00950	0.00268	0.03670	0.04595	0.00709	0.00693
19	0.08188	0.04801	0.08387	0.04562	0.02149	0.05670	0.06870	0.07468	0.06735	0.19934	0.11952	0.05869	0.02325	0.00965	0.00728	0.00228	0.00733	0.00812	0.00632	0.00992
20	0.01883	0.02171	0.19194	0.08297	0.28808	0.01668	0.11549	0.04912	0.01738	0.10441	0.01553	0.01847	0.01155	0.00697	0.00735	0.00227	0.00943	0.00661	0.00424	0.01096
21	0.01366	0.00894	0.01083	0.01013	0.01253	0.00848	0.00774	0.04467	0.05523	0.10225	0.27001	0.10318	0.18605	0.07129	0.01066	0.00282	0.00471	0.06197	0.00731	0.00755
22	0.01323	0.01108	0.01660	0.29716	0.07938	0.01234	0.01386	0.07148	0.01679	0.02240	0.09448	0.26592	0.02922	0.01337	0.00808	0.00255	0.00696	0.01197	0.00529	0.00784
23	0.05458	0.13370	0.20576	0.02202	0.10185	0.01792	0.16545	0.06169	0.01675	0.02358	0.01830	0.08666	0.04291	0.00867	0.00717	0.00226	0.00905	0.00786	0.00411	0.00971
24	0.01864	0.05311	0.26096	0.01911	0.07506	0.01486	0.08256	0.04679	0.03833	0.15864	0.02268	0.02531	0.06902	0.07120	0.00981	0.00268	0.00856	0.00748	0.00505	0.01014
25	0.01131	0.00800	0.01086	0.01216	0.01345	0.00803	0.01003	0.01391	0.01527	0.02000	0.03497	0.10584	0.03840	0.15474	0.04190	0.00433	0.00713	0.47727	0.00617	0.00623
26	0.02108	0.11875	0.02473	0.08337	0.22103	0.01678	0.04347	0.06187	0.06366	0.18318	0.04145	0.05478	0.01691	0.00848	0.00709	0.00219	0.00757	0.00740	0.00552	0.01067

[dist]
# distance from previous block
# <min> <max>
0	2

[block]
# block no. 7 follows, 28 sequences, length 10
# corresponding to MSA columns:
# 548-557
name=unknown_H
#
# <colnr> <probs for GDERKNQSTAVLIFYWHMCP>
#	G	D	E	R	K	N	Q	S	T	A	V	L	I	F	Y	W	H	M	C	P
0	0.02039	0.08753	0.02794	0.06002	0.31463	0.10738	0.08746	0.05878	0.07874	0.06399	0.01563	0.01821	0.01230	0.00715	0.00706	0.00214	0.00912	0.00644	0.00442	0.01068
1	0.02000	0.02120	0.16390	0.05969	0.17096	0.07557	0.04033	0.04685	0.06290	0.13825	0.01790	0.04385	0.01378	0.00787	0.00706	0.00215	0.00854	0.00671	0.00495	0.08754
2	0.20480	0.06783	0.04672	0.08589	0.14062	0.26645	0.01505	0.02392	0.01643	0.02255	0.01148	0.01434	0.00941	0.00724	0.00688	0.00211	0.04055	0.00503	0.00376	0.00892
3	0.02048	0.01094	0.01348	0.01122	0.01480	0.01054	0.00892	0.12589	0.02209	0.24312	0.28833	0.03552	0.03708	0.01119	0.00750	0.00218	0.00501	0.00941	0.11287	0.00945
4	0.09357	0.36556	0.02870	0.07735	0.06279	0.14998	0.01371	0.09241	0.01776	0.02226	0.01155	0.01360	0.00968	0.00687	0.00565	0.00186	0.00878	0.00470	0.00384	0.00937
5	0.01677	0.01081	0.01300	0.04264	0.04460	0.03010	0.00926	0.08308	0.01937	0.14755	0.16447	0.13935	0.15050	0.01347	0.00782	0.00233	0.00530	0.01150	0.07967	0.00842
6	0.00915	0.00666	0.00866	0.00996	0.01078	0.00617	0.00695	0.01081	0.01501	0.01992	0.10901	0.56684	0.11146	0.02140	0.00919	0.00286	0.00424	0.05798	0.00687	0.00607
7	0.01233	0.00825	0.01023	0.01033	0.01199	0.00805	0.00740	0.01612	0.08697	0.08037	0.13841	0.33272	0.10273	0.08869	0.04759	0.00353	0.00543	0.01492	0.00683	0.00712
8	0.00910	0.00674	0.00825	0.00917	0.01014	0.00616	0.00624	0.01057	0.01482	0.01935	0.10730	0.45026	0.19880	0.09354	0.01184	0.00319	0.00430	0.01771	0.00663	0.00590
9	0.02392	0.01781	0.01896	0.01522	0.02020	0.01983	0.01235	0.45723	0.18338	0.04024	0.02093	0.02072	0.01531	0.00896	0.00707	0.00220	0.00699	0.00696	0.09017	0.01157

[dist]
# distance from previous block
# <min> <max>
0	32

[block]
# block no. 8 follows, 28 sequences, length 30
# corresponding to MSA columns:
# 590-619
name=unknown_I
#
# <colnr> <probs for GDERKNQSTAVLIFYWHMCP>
#	G	D	E	R	K	N	Q	S	T	A	V	L	I	F	Y	W	H	M	C	P
0	0.02187	0.10943	0.16069	0.01591	0.02172	0.12412	0.01498	0.19730	0.02178	0.10612	0.04468	0.09332	0.01746	0.00960	0.00704	0.00218	0.00853	0.00752	0.00556	0.01019
1	0.00884	0.00640	0.00835	0.00991	0.01049	0.00592	0.00666	0.01014	0.01412	0.01864	0.04258	0.68954	0.09670	0.02245	0.00923	0.00291	0.00418	0.02027	0.00675	0.00592
2	0.01983	0.57504	0.03335	0.01314	0.01899	0.02656	0.01239	0.07351	0.12536	0.02142	0.01382	0.01461	0.01165	0.00700	0.00530	0.00175	0.00746	0.00479	0.00412	0.00991
3	0.01570	0.15532	0.51504	0.02051	0.03008	0.01906	0.10141	0.02284	0.01547	0.02205	0.01275	0.01523	0.00945	0.00670	0.00673	0.00219	0.01042	0.00550	0.00315	0.01039
4	0.00935	0.00739	0.00842	0.00816	0.01028	0.00646	0.00612	0.01190	0.01836	0.02390	0.35211	0.06294	0.41511	0.01682	0.00858	0.00238	0.00357	0.01436	0.00731	0.00646
5	0.03148	0.01418	0.01799	0.01379	0.01946	0.01337	0.01139	0.18041	0.02384	0.55496	0.02613	0.02309	0.01672	0.00894	0.00730	0.00223	0.00660	0.00714	0.00861	0.01237
6	0.01151	0.00705	0.01057	0.01057	0.01122	0.00770	0.00770	0.01122	0.01057	0.01475	0.01604	0.02532	0.01540	0.03987	0.37168	0.40053	0.01288	0.00705	0.00352	0.00482
7	0.01047	0.00722	0.00901	0.00969	0.01097	0.00666	0.00696	0.01222	0.01535	0.04855	0.11053	0.34890	0.17879	0.10363	0.01227	0.00327	0.00472	0.08787	0.00669	0.00624
8	0.01034	0.00775	0.00958	0.01065	0.01158	0.00778	0.00727	0.01436	0.11272	0.01997	0.03724	0.58318	0.04265	0.07466	0.01107	0.00319	0.00465	0.01808	0.00667	0.00662
9	0.02715	0.03464	0.02060	0.01873	0.02247	0.71536	0.01404	0.02903	0.02060	0.01779	0.01124	0.01311	0.00936	0.00749	0.00655	0.00187	0.01311	0.00468	0.00375	0.00843
10	0.00886	0.00633	0.00843	0.01012	0.01054	0.00590	0.00675	0.01012	0.01392	0.01856	0.04006	0.73979	0.04808	0.02277	0.00928	0.00295	0.00422	0.02066	0.00675	0.00590
11	0.01373	0.01292	0.02180	0.72707	0.05006	0.01615	0.02019	0.01857	0.01453	0.01857	0.01292	0.01938	0.00969	0.00727	0.00727	0.00242	0.00969	0.00646	0.00323	0.00807
12	0.79588	0.01406	0.01068	0.00956	0.01406	0.01631	0.00787	0.02137	0.01237	0.03261	0.01012	0.01181	0.00787	0.00675	0.00450	0.00225	0.00562	0.00394	0.00450	0.00787
13	0.08097	0.01606	0.01798	0.05855	0.02064	0.01761	0.01190	0.39352	0.02541	0.09521	0.01849	0.02261	0.01465	0.11051	0.06026	0.00352	0.00844	0.00704	0.00635	0.01028
14	0.01943	0.74891	0.03809	0.01244	0.01866	0.02876	0.01244	0.02177	0.01477	0.01710	0.01011	0.01166	0.00933	0.00622	0.00466	0.00155	0.00777	0.00389	0.00311	0.00933
15	0.01282	0.00967	0.01168	0.01057	0.01314	0.00960	0.00805	0.07359	0.06803	0.02609	0.26690	0.08348	0.08721	0.05423	0.11990	0.00389	0.00695	0.01072	0.03666	0.08680
16	0.01657	0.20951	0.12850	0.01575	0.05226	0.01855	0.01421	0.02233	0.09625	0.02214	0.03778	0.01730	0.01345	0.00764	0.00807	0.00190	0.09347	0.00549	0.00414	0.21469
17	0.01508	0.06725	0.01324	0.01084	0.01304	0.11425	0.00817	0.01900	0.07575	0.02171	0.09072	0.03057	0.02342	0.14639	0.11417	0.00424	0.00834	0.00787	0.20878	0.00718
18	0.02608	0.01959	0.02094	0.01641	0.02195	0.02182	0.01344	0.57151	0.14015	0.04331	0.01942	0.01902	0.01396	0.00891	0.00729	0.00223	0.00763	0.00682	0.00729	0.01222
19	0.01521	0.01304	0.01514	0.01095	0.01730	0.01007	0.00875	0.01924	0.04584	0.02399	0.01368	0.01563	0.01129	0.00559	0.00548	0.00114	0.00540	0.00449	0.00445	0.75333
20	0.00954	0.00683	0.00896	0.00961	0.01057	0.00636	0.00670	0.01167	0.01661	0.02288	0.31820	0.41895	0.05589	0.04979	0.01014	0.00284	0.00400	0.01704	0.00718	0.00625
21	0.01044	0.00699	0.00797	0.00809	0.00812	0.00696	0.00458	0.01054	0.01082	0.01443	0.02418	0.09916	0.02804	0.69075	0.03493	0.00674	0.00684	0.01132	0.00458	0.00452
22	0.01163	0.00773	0.01117	0.01134	0.01272	0.00832	0.00856	0.01387	0.01299	0.06891	0.02589	0.22611	0.02648	0.04227	0.46607	0.00855	0.01423	0.01133	0.00507	0.00677
23	0.09308	0.01807	0.01979	0.01529	0.02095	0.01940	0.01263	0.47915	0.02940	0.18994	0.01931	0.01859	0.01323	0.00862	0.00705	0.00220	0.00740	0.00649	0.00742	0.01199
24	0.01041	0.00770	0.01124	0.01124	0.01238	0.00884	0.00853	0.01269	0.01155	0.01655	0.01988	0.03081	0.01915	0.13622	0.63537	0.01113	0.01800	0.00812	0.00395	0.00624
25	0.01485	0.00783	0.01018	0.01019	0.01198	0.00719	0.00733	0.01680	0.01590	0.17222	0.08034	0.41837	0.03840	0.05168	0.00962	0.00280	0.00464	0.01510	0.09718	0.00744
26	0.01003	0.00773	0.00966	0.01001	0.01155	0.00767	0.00732	0.01349	0.06524	0.02107	0.14977	0.27878	0.18946	0.02600	0.15280	0.00447	0.00719	0.01469	0.00642	0.00665
27	0.00961	0.00708	0.00881	0.00922	0.01051	0.00651	0.00659	0.01174	0.01665	0.02233	0.28029	0.27651	0.17481	0.08175	0.01134	0.00299	0.00420	0.04589	0.00699	0.00620
28	0.04552	0.02355	0.31617	0.01930	0.07106	0.01488	0.06752	0.02238	0.06662	0.05632	0.16303	0.02550	0.02373	0.00913	0.00818	0.00235	0.04245	0.00767	0.00488	0.00977
29	0.01470	0.07772	0.04548	0.14336	0.12419	0.08650	0.01393	0.01793	0.01555	0.01964	0.05296	0.03312	0.09902	0.05991	0.11183	0.00393	0.00980	0.05805	0.00438	0.00800

[dist]
# distance from previous block
# <min> <max>
0	34

[block]
# block no. 9 follows, 28 sequences, length 13
# corresponding to MSA columns:
# 654-666
name=unknown_J
#
# <colnr> <probs for GDERKNQSTAVLIFYWHMCP>
#	G	D	E	R	K	N	Q	S	T	A	V	L	I	F	Y	W	H	M	C	P
0	0.09097	0.13869	0.08609	0.01175	0.01550	0.05148	0.01023	0.01775	0.04391	0.01933	0.01757	0.02478	0.04274	0.14755	0.05867	0.12426	0.00803	0.00663	0.00403	0.08005
1	0.04100	0.07281	0.08224	0.17736	0.18728	0.06367	0.01671	0.02071	0.01609	0.06928	0.02084	0.09164	0.04768	0.00991	0.00732	0.00234	0.00826	0.05120	0.00450	0.00916
2	0.01297	0.00829	0.01001	0.01007	0.01233	0.00758	0.00761	0.01592	0.05237	0.11892	0.05026	0.28208	0.28428	0.01819	0.00871	0.00268	0.00463	0.07869	0.00710	0.00730
3	0.01292	0.01112	0.01496	0.01851	0.17992	0.01110	0.01111	0.01892	0.13786	0.02398	0.14800	0.14986	0.20467	0.01404	0.00814	0.00243	0.00531	0.01235	0.00630	0.00850
4	0.00926	0.00660	0.00867	0.00978	0.01045	0.00617	0.00663	0.01090	0.01510	0.02049	0.17593	0.55394	0.05103	0.06557	0.01084	0.00307	0.00423	0.01847	0.00687	0.00601
5	0.01072	0.00725	0.00895	0.00895	0.00944	0.00763	0.00582	0.01171	0.01121	0.01579	0.02195	0.04062	0.02348	0.49290	0.23352	0.00804	0.01044	0.00950	0.05691	0.00517
6	0.01438	0.01079	0.01223	0.01122	0.01420	0.01116	0.00861	0.02380	0.26948	0.07434	0.25209	0.07234	0.16874	0.01358	0.00807	0.00241	0.00457	0.01161	0.00755	0.00881
7	0.02084	0.42942	0.05877	0.01629	0.06696	0.18437	0.01369	0.02355	0.01685	0.04443	0.05394	0.01572	0.01348	0.00720	0.00571	0.00177	0.00886	0.00502	0.00381	0.00929
8	0.01796	0.02013	0.14257	0.01769	0.07896	0.05361	0.01482	0.15216	0.12175	0.02812	0.05121	0.02527	0.09008	0.00942	0.00801	0.00218	0.04552	0.00743	0.00541	0.10767
9	0.04133	0.07050	0.18007	0.14526	0.12347	0.04568	0.01839	0.10781	0.03995	0.08875	0.01688	0.02162	0.01325	0.00822	0.00707	0.00228	0.00882	0.04569	0.00470	0.01025
10	0.01937	0.01923	0.02374	0.23476	0.27613	0.15127	0.01845	0.09345	0.01861	0.02364	0.01382	0.01778	0.01096	0.00723	0.00701	0.00216	0.00951	0.00615	0.03693	0.00981
11	0.00932	0.00708	0.00858	0.00886	0.01043	0.00634	0.00639	0.01160	0.01732	0.02296	0.30150	0.26091	0.26567	0.01834	0.00879	0.00254	0.00374	0.01607	0.00723	0.00634
12	0.02052	0.06962	0.02354	0.02461	0.23345	0.07449	0.01560	0.17847	0.13590	0.02865	0.01772	0.04776	0.01460	0.00856	0.00779	0.00219	0.04098	0.00695	0.00523	0.04338

[dist]
# distance from previous block
# <min> <max>
0	1

[block]
# block no. 10 follows, 28 sequences, length 29
# corresponding to MSA columns:
# 668-696
name=unknown_K
#
# <colnr> <probs for GDERKNQSTAVLIFYWHMCP>
#	G	D	E	R	K	N	Q	S	T	A	V	L	I	F	Y	W	H	M	C	P
0	0.02011	0.12915	0.21232	0.01742	0.05765	0.08199	0.01640	0.16278	0.02006	0.06362	0.01604	0.04987	0.01288	0.00805	0.00658	0.00203	0.00855	0.00621	0.04231	0.06599
1	0.01602	0.00944	0.01134	0.01000	0.01277	0.00914	0.00777	0.07218	0.04930	0.13192	0.34060	0.04067	0.07298	0.01208	0.00749	0.00216	0.00432	0.01028	0.17124	0.00829
2	0.01617	0.01680	0.14504	0.05092	0.20668	0.01279	0.01590	0.02109	0.05335	0.11036	0.02895	0.16117	0.10656	0.01168	0.00774	0.00241	0.00713	0.01027	0.00539	0.00960
3	0.07001	0.10994	0.21040	0.09998	0.09025	0.01792	0.07159	0.06098	0.06225	0.11468	0.01611	0.01788	0.01177	0.00733	0.00679	0.00222	0.00877	0.00610	0.00460	0.01044
4	0.01525	0.01819	0.18788	0.05476	0.06611	0.01475	0.01653	0.01939	0.01438	0.07904	0.04923	0.02471	0.01670	0.02079	0.18194	0.00479	0.16678	0.03573	0.00425	0.00880
5	0.00886	0.00633	0.00843	0.01012	0.01054	0.00590	0.00675	0.01012	0.01392	0.01856	0.04006	0.73979	0.04808	0.02277	0.00928	0.00295	0.00422	0.02066	0.00675	0.00590
6	0.02002	0.06353	0.08719	0.08614	0.15317	0.12718	0.01585	0.05297	0.09311	0.10714	0.01881	0.06633	0.01546	0.01133	0.04752	0.00276	0.00927	0.00723	0.00498	0.00999
7	0.05369	0.01993	0.08182	0.06282	0.12989	0.08265	0.01533	0.22585	0.11812	0.03092	0.01845	0.05221	0.01474	0.00872	0.00703	0.00223	0.00806	0.00705	0.04999	0.01053
8	0.01569	0.02147	0.28103	0.01474	0.02031	0.04024	0.01549	0.05509	0.01670	0.07437	0.07743	0.04880	0.08111	0.06194	0.01090	0.03453	0.04127	0.00811	0.07201	0.00876
9	0.17600	0.04555	0.01758	0.05437	0.07024	0.13341	0.03270	0.08408	0.01604	0.02321	0.01499	0.02352	0.01416	0.20451	0.01546	0.00350	0.05175	0.00672	0.00432	0.00790
10	0.01380	0.00999	0.01520	0.01245	0.01573	0.00902	0.10353	0.01742	0.01911	0.09238	0.39858	0.04358	0.10002	0.01233	0.00805	0.00221	0.00512	0.01116	0.05146	0.05888
11	0.01744	0.17201	0.13432	0.07308	0.12902	0.01766	0.04260	0.05258	0.06061	0.07173	0.05163	0.02353	0.06478	0.01091	0.04532	0.00266	0.00861	0.00705	0.00464	0.00982
12	0.01296	0.01169	0.01544	0.15887	0.05450	0.05104	0.04089	0.01786	0.08299	0.02296	0.20046	0.18503	0.08905	0.01356	0.00816	0.00246	0.00632	0.01206	0.00596	0.00775
13	0.01430	0.01146	0.01744	0.31839	0.11220	0.01236	0.01486	0.01795	0.01608	0.07882	0.03316	0.03948	0.19728	0.01158	0.00789	0.00248	0.00735	0.07363	0.00506	0.00821
14	0.05439	0.19343	0.13300	0.01495	0.02175	0.01858	0.05123	0.11668	0.06166	0.02605	0.01399	0.01554	0.01104	0.00671	0.00600	0.00177	0.00761	0.00518	0.00443	0.23602
15	0.00991	0.00767	0.01053	0.01053	0.01214	0.00830	0.00813	0.01230	0.01299	0.01761	0.03394	0.03962	0.19933	0.04487	0.52681	0.00922	0.01525	0.00981	0.00466	0.00640
16	0.08570	0.08990	0.20240	0.01451	0.01999	0.14383	0.01420	0.05138	0.01676	0.05879	0.02322	0.02674	0.11131	0.09910	0.01039	0.00274	0.00861	0.00722	0.00453	0.00866
17	0.01823	0.14034	0.21541	0.01885	0.05960	0.01877	0.07801	0.13435	0.07306	0.02664	0.01592	0.01940	0.01268	0.00762	0.00676	0.00208	0.00860	0.03323	0.00453	0.10590
18	0.00928	0.00709	0.00852	0.00879	0.01040	0.00633	0.00636	0.01153	0.01727	0.02278	0.28933	0.25515	0.28414	0.01837	0.00878	0.00254	0.00374	0.01606	0.00720	0.00633
