[name]
unknown

[dist]
# distance from previous block
# <min> <max>
0	22

[block]
# block no. 0 follows, 31 sequences, length 13
# corresponding to MSA columns:
# 22-34
name=unknown_A
#
# <colnr> <probs for GDERKNQSTAVLIFYWHMCP>
#	G	D	E	R	K	N	Q	S	T	A	V	L	I	F	Y	W	H	M	C	P
0	0.01638	0.09608	0.07483	0.01465	0.01981	0.03844	0.10263	0.06169	0.10409	0.05034	0.01750	0.02191	0.01440	0.01015	0.04996	0.00240	0.00779	0.04898	0.05738	0.19057
1	0.01635	0.09958	0.13530	0.07609	0.11974	0.01541	0.10646	0.06385	0.01619	0.05585	0.01561	0.02203	0.01316	0.00751	0.00664	0.00199	0.00804	0.07225	0.00411	0.14382
2	0.01131	0.00676	0.00820	0.00820	0.00945	0.00720	0.00607	0.01381	0.01256	0.02043	0.02077	0.02849	0.01832	0.12061	0.27349	0.00566	0.00914	0.00718	0.40636	0.00599
3	0.01116	0.00614	0.00896	0.00940	0.00964	0.00607	0.00654	0.00957	0.01037	0.01377	0.01902	0.15805	0.02070	0.02285	0.02173	0.57555	0.00563	0.07716	0.00392	0.00378
4	0.00865	0.00637	0.00756	0.00835	0.00916	0.00587	0.00552	0.00970	0.01301	0.01674	0.04227	0.40330	0.21822	0.19552	0.01475	0.00357	0.00447	0.01586	0.00583	0.00528
5	0.00911	0.00684	0.00844	0.00833	0.00994	0.00617	0.00614	0.01169	0.01759	0.02389	0.46376	0.15148	0.21989	0.01582	0.00816	0.00228	0.00339	0.01385	0.00708	0.00617
6	0.02902	0.01310	0.01663	0.01288	0.01811	0.01238	0.01060	0.14432	0.06615	0.56289	0.02527	0.02228	0.01630	0.00848	0.00688	0.00212	0.00608	0.00681	0.00810	0.01159
7	0.01699	0.01247	0.01157	0.01029	0.01302	0.08974	0.00800	0.15813	0.06210	0.02782	0.01993	0.02227	0.01555	0.01052	0.04778	0.00230	0.00611	0.00626	0.45127	0.00790
8	0.04533	0.01668	0.01698	0.01403	0.01828	0.07990	0.01117	0.36253	0.09013	0.10632	0.04797	0.12012	0.01937	0.01022	0.00703	0.00216	0.00685	0.00822	0.00661	0.01007
9	0.07596	0.01411	0.05772	0.01240	0.01567	0.05446	0.01004	0.07155	0.26128	0.02510	0.06258	0.21806	0.06795	0.01259	0.00726	0.00235	0.00565	0.01066	0.00611	0.00850
10	0.01726	0.08269	0.07689	0.32227	0.07655	0.01750	0.04299	0.14142	0.08306	0.05160	0.01488	0.01779	0.01109	0.00718	0.00665	0.00214	0.00830	0.00607	0.00432	0.00935
11	0.06887	0.21491	0.28265	0.01487	0.02194	0.09587	0.01601	0.02201	0.01496	0.06471	0.01212	0.01364	0.00935	0.00631	0.00561	0.00178	0.00837	0.00452	0.00357	0.11793
12	0.16694	0.02150	0.04511	0.01471	0.01928	0.21620	0.01204	0.26113	0.09786	0.03049	0.04061	0.01654	0.01295	0.00781	0.00622	0.00202	0.00816	0.00559	0.00533	0.00949

[dist]
# distance from previous block
# <min> <max>
0	1

[block]
# block no. 1 follows, 31 sequences, length 16
# corresponding to MSA columns:
# 36-51
name=unknown_B
#
# <colnr> <probs for GDERKNQSTAVLIFYWHMCP>
#	G	D	E	R	K	N	Q	S	T	A	V	L	I	F	Y	W	H	M	C	P
0	0.08795	0.03964	0.04430	0.01462	0.01978	0.09097	0.01220	0.36463	0.13307	0.03379	0.01636	0.01660	0.01215	0.00771	0.00634	0.00197	0.00737	0.00574	0.00582	0.07898
1	0.01680	0.01284	0.01935	0.35980	0.13253	0.01438	0.01579	0.06148	0.08738	0.11908	0.01834	0.08075	0.01483	0.00851	0.00701	0.00225	0.00761	0.00748	0.00475	0.00904
2	0.01539	0.30151	0.47262	0.01665	0.02521	0.01997	0.02032	0.02123	0.01425	0.01963	0.01127	0.01318	0.00871	0.00626	0.00573	0.00191	0.00909	0.00454	0.00290	0.00962
3	0.13976	0.01651	0.12099	0.01539	0.02058	0.01390	0.12508	0.11414	0.03728	0.12557	0.02187	0.07765	0.06667	0.01215	0.05940	0.00286	0.00813	0.00780	0.00523	0.00904
4	0.01138	0.00864	0.01111	0.00996	0.01272	0.00781	0.05952	0.01471	0.06254	0.08061	0.08733	0.13791	0.43886	0.01544	0.00798	0.00234	0.00448	0.01333	0.00641	0.00690
5	0.01241	0.01108	0.01739	0.01803	0.11699	0.01282	0.06222	0.01478	0.01201	0.01731	0.01696	0.08660	0.01690	0.09242	0.28083	0.00606	0.18617	0.00817	0.00373	0.00713
6	0.02094	0.12560	0.07302	0.01438	0.01923	0.01858	0.01271	0.26045	0.12746	0.10917	0.07155	0.02024	0.01691	0.00870	0.00788	0.00211	0.06841	0.00651	0.00592	0.01024
7	0.09844	0.01772	0.22805	0.01404	0.01886	0.01195	0.04780	0.07624	0.01566	0.02303	0.02668	0.22459	0.08718	0.01271	0.00737	0.00242	0.00683	0.06753	0.00497	0.00795
8	0.00901	0.00645	0.00865	0.00981	0.01062	0.00609	0.00708	0.01090	0.01475	0.01991	0.17236	0.51218	0.04822	0.01956	0.00871	0.00271	0.00417	0.11640	0.00658	0.00585
9	0.01632	0.01469	0.02101	0.22374	0.32127	0.07357	0.01659	0.01998	0.01553	0.06242	0.01884	0.02209	0.07095	0.00762	0.00671	0.00207	0.00785	0.00673	0.06303	0.00900
10	0.01945	0.01841	0.02140	0.12978	0.26023	0.18066	0.01593	0.06773	0.01773	0.08241	0.07183	0.01933	0.01509	0.00770	0.00749	0.00207	0.04279	0.00629	0.00437	0.00930
11	0.02214	0.01698	0.02232	0.07327	0.13073	0.07594	0.08960	0.17089	0.08160	0.17868	0.01771	0.01875	0.01279	0.00777	0.00779	0.00216	0.04850	0.00650	0.00554	0.01035
12	0.01195	0.00816	0.01016	0.01046	0.01195	0.00809	0.00748	0.07154	0.06719	0.06362	0.09455	0.53137	0.04059	0.01796	0.00827	0.00259	0.00443	0.01606	0.00667	0.00691
13	0.01238	0.01079	0.01666	0.06313	0.18666	0.01088	0.05785	0.01667	0.07446	0.02068	0.06357	0.22969	0.08177	0.04070	0.00889	0.00261	0.00620	0.08340	0.00526	0.00776
14	0.18603	0.01725	0.02137	0.02524	0.29283	0.09987	0.06046	0.10943	0.01722	0.02579	0.01438	0.07317	0.01265	0.00772	0.00642	0.00210	0.00785	0.00658	0.00428	0.00935
15	0.05660	0.01333	0.03969	0.01180	0.01559	0.03148	0.00971	0.18196	0.01969	0.07454	0.13498	0.09263	0.12448	0.01122	0.00784	0.00209	0.04611	0.00905	0.00601	0.11121

[dist]
# distance from previous block
# <min> <max>
0	27

[block]
# block no. 2 follows, 31 sequences, length 12
# corresponding to MSA columns:
# 79-90
name=unknown_C
#
# <colnr> <probs for GDERKNQSTAVLIFYWHMCP>
#	G	D	E	R	K	N	Q	S	T	A	V	L	I	F	Y	W	H	M	C	P
0	0.06703	0.01841	0.01960	0.01949	0.13917	0.14367	0.01345	0.15495	0.06635	0.10397	0.01501	0.01649	0.01151	0.00785	0.00844	0.00206	0.10344	0.00568	0.00496	0.07847
1	0.01364	0.07620	0.01718	0.01344	0.01654	0.01249	0.09537	0.09071	0.11024	0.02343	0.08781	0.23030	0.09047	0.01378	0.00779	0.00241	0.00593	0.07851	0.00592	0.00784
2	0.01517	0.01298	0.01190	0.01249	0.07305	0.14719	0.00851	0.04669	0.01722	0.02404	0.15003	0.03013	0.08564	0.00958	0.00621	0.00185	0.00559	0.00778	0.32672	0.00725
3	0.01466	0.13698	0.01912	0.01473	0.06179	0.06591	0.04238	0.03948	0.01550	0.02054	0.09920	0.03189	0.13330	0.01103	0.00975	0.00221	0.14712	0.05346	0.07334	0.00760
4	0.01638	0.31072	0.27298	0.01533	0.02156	0.09732	0.01641	0.02042	0.01438	0.01827	0.01301	0.07712	0.01192	0.00798	0.00695	0.00196	0.05946	0.00576	0.00328	0.00879
5	0.01363	0.00904	0.01102	0.00997	0.01244	0.00881	0.00763	0.06206	0.09170	0.10478	0.40211	0.10533	0.10723	0.01343	0.00780	0.00223	0.00412	0.01165	0.00732	0.00770
6	0.27232	0.01535	0.01446	0.01286	0.01629	0.13622	0.06803	0.02182	0.11108	0.02464	0.01868	0.10012	0.01688	0.00937	0.00613	0.00217	0.00674	0.04536	0.09374	0.00775
7	0.06529	0.08988	0.01325	0.01040	0.01269	0.00961	0.04678	0.01319	0.01512	0.02084	0.17130	0.27436	0.15838	0.01543	0.00771	0.00238	0.00478	0.05619	0.00590	0.00651
8	0.00946	0.00648	0.00777	0.00816	0.00844	0.00631	0.00500	0.01013	0.01180	0.01589	0.09615	0.24694	0.03467	0.47469	0.02471	0.00509	0.00553	0.01289	0.00511	0.00478
9	0.01916	0.58822	0.08394	0.01327	0.01905	0.14359	0.01296	0.02171	0.01485	0.01662	0.00989	0.01146	0.00878	0.00610	0.00484	0.00157	0.00836	0.00389	0.00302	0.00874
10	0.00934	0.00698	0.00867	0.00824	0.01001	0.00631	0.00618	0.01224	0.01855	0.02550	0.57394	0.05429	0.20510	0.01471	0.00807	0.00219	0.00328	0.01282	0.00728	0.00631
11	0.01503	0.01266	0.01464	0.01053	0.01657	0.00998	0.00846	0.06542	0.01547	0.02378	0.01246	0.01435	0.01024	0.00529	0.00519	0.00109	0.00524	0.00420	0.00425	0.74516

[dist]
# distance from previous block
# <min> <max>
0	1

[block]
# block no. 3 follows, 31 sequences, length 40
# corresponding to MSA columns:
# 92-131
name=unknown_D
#
# <colnr> <probs for GDERKNQSTAVLIFYWHMCP>
#	G	D	E	R	K	N	Q	S	T	A	V	L	I	F	Y	W	H	M	C	P
0	0.08014	0.19325	0.02348	0.01760	0.08525	0.26557	0.01324	0.12411	0.03365	0.02237	0.01160	0.01350	0.00960	0.00728	0.00719	0.00191	0.07254	0.00482	0.00396	0.00894
1	0.00861	0.00615	0.00825	0.00984	0.01035	0.00579	0.00682	0.00999	0.01337	0.01777	0.03756	0.68682	0.04466	0.02118	0.00880	0.00282	0.00420	0.08505	0.00635	0.00563
2	0.01548	0.01465	0.02425	0.29540	0.42316	0.01592	0.01955	0.02081	0.06392	0.02102	0.01368	0.01802	0.01093	0.00659	0.00681	0.00214	0.00830	0.00621	0.00351	0.00966
3	0.00994	0.00668	0.00771	0.00771	0.00780	0.00677	0.00446	0.01011	0.01002	0.01345	0.02133	0.04350	0.02432	0.70916	0.08447	0.00694	0.00746	0.00976	0.00411	0.00429
4	0.45809	0.01311	0.01288	0.01355	0.09704	0.01471	0.00939	0.05040	0.11319	0.02922	0.01461	0.01608	0.01132	0.00704	0.00511	0.00206	0.00545	0.00504	0.11335	0.00835
5	0.02320	0.01561	0.01808	0.08330	0.02188	0.01705	0.01232	0.30020	0.22022	0.18187	0.02155	0.02067	0.01518	0.00844	0.00688	0.00216	0.00671	0.00676	0.00687	0.01102
6	0.00980	0.00657	0.00751	0.00766	0.00769	0.00653	0.00435	0.00991	0.01025	0.01366	0.02308	0.11200	0.02680	0.68970	0.03235	0.00627	0.00638	0.01085	0.00435	0.00428
7	0.01829	0.76368	0.03585	0.01171	0.01756	0.02707	0.01171	0.02049	0.01390	0.01610	0.00951	0.01097	0.00878	0.00585	0.00439	0.00146	0.00732	0.00366	0.00293	0.00878
8	0.04750	0.60455	0.03188	0.01246	0.01793	0.09773	0.01173	0.04988	0.03995	0.01826	0.01057	0.01187	0.00929	0.00621	0.00476	0.00157	0.00770	0.00399	0.00334	0.00884
9	0.00834	0.00595	0.00794	0.00953	0.00992	0.00556	0.00635	0.00953	0.01310	0.01746	0.03771	0.75510	0.04525	0.02143	0.00873	0.00278	0.00397	0.01945	0.00635	0.00556
10	0.00856	0.00645	0.00791	0.00859	0.00979	0.00581	0.00605	0.01034	0.01516	0.01991	0.19275	0.40819	0.23831	0.01866	0.00841	0.00251	0.00367	0.01650	0.00661	0.00581
11	0.01578	0.01256	0.01925	0.29700	0.18147	0.01377	0.01572	0.04808	0.06961	0.08802	0.06592	0.05670	0.01886	0.00909	0.00720	0.00228	0.00740	0.05766	0.00478	0.00885
12	0.01466	0.00796	0.00916	0.00879	0.01079	0.00784	0.00657	0.07434	0.01611	0.10531	0.02692	0.24103	0.02518	0.01205	0.00638	0.00205	0.00410	0.01030	0.40328	0.00720
13	0.05485	0.00994	0.01311	0.01085	0.01466	0.00890	0.00865	0.02515	0.01859	0.44335	0.20854	0.09940	0.03180	0.01107	0.00726	0.00219	0.00494	0.00939	0.00785	0.00952
14	0.01829	0.76368	0.03585	0.01171	0.01756	0.02707	0.01171	0.02049	0.01390	0.01610	0.00951	0.01097	0.00878	0.00585	0.00439	0.00146	0.00732	0.00366	0.00293	0.00878
15	0.03321	0.39270	0.20757	0.01359	0.01979	0.05036	0.01440	0.02074	0.04317	0.03376	0.01677	0.05564	0.05698	0.00785	0.00563	0.00185	0.00767	0.00582	0.00366	0.00884
16	0.00845	0.00612	0.00798	0.00925	0.00990	0.00566	0.00628	0.00987	0.01387	0.01848	0.10390	0.63941	0.09468	0.02044	0.00862	0.00269	0.00386	0.01842	0.00646	0.00566
17	0.06344	0.02259	0.24383	0.02263	0.03007	0.01614	0.35874	0.04962	0.01622	0.06669	0.01558	0.01833	0.02972	0.00661	0.00724	0.00223	0.00999	0.00692	0.00386	0.00954
18	0.01667	0.01608	0.02774	0.08315	0.65568	0.01623	0.04206	0.02082	0.01548	0.02205	0.01286	0.01706	0.01072	0.00613	0.00682	0.00206	0.00829	0.00616	0.00337	0.01059
19	0.01367	0.01725	0.13795	0.01997	0.02437	0.01526	0.25092	0.01797	0.01324	0.01903	0.01393	0.01957	0.01178	0.02037	0.22147	0.00495	0.15990	0.00696	0.00333	0.00811
20	0.01772	0.67238	0.12213	0.01268	0.01907	0.02567	0.01341	0.02063	0.01397	0.01679	0.00986	0.01141	0.00877	0.00593	0.00465	0.00155	0.00767	0.00383	0.00292	0.00895
21	0.06937	0.06088	0.02106	0.01562	0.02060	0.08358	0.12021	0.13290	0.12775	0.08590	0.01686	0.01816	0.01283	0.01026	0.05807	0.00257	0.00840	0.00609	0.00512	0.12375
22	0.08382	0.00978	0.01086	0.01041	0.01249	0.03894	0.00787	0.04388	0.06765	0.04338	0.10993	0.13203	0.10151	0.06880	0.22224	0.00511	0.00899	0.01004	0.00540	0.00688
23	0.01242	0.00757	0.00938	0.00856	0.01083	0.00679	0.00655	0.01524	0.01820	0.12043	0.42633	0.04876	0.19965	0.01355	0.00768	0.00214	0.00363	0.01165	0.06362	0.00701
24	0.01318	0.03154	0.62639	0.01833	0.02723	0.01488	0.02299	0.02037	0.01397	0.02087	0.01311	0.01615	0.00982	0.01264	0.10599	0.00338	0.01124	0.00537	0.00300	0.00956
25	0.13035	0.05969	0.01918	0.01424	0.01905	0.04601	0.07494	0.18472	0.09715	0.18837	0.08103	0.02110	0.01765	0.00823	0.00656	0.00209	0.00678	0.00668	0.00624	0.00995
26	0.01553	0.00970	0.01161	0.01013	0.01290	0.00968	0.00790	0.09913	0.08508	0.12148	0.37969	0.03736	0.04136	0.01130	0.00721	0.00207	0.00428	0.00964	0.11579	0.00816
27	0.00873	0.00608	0.00770	0.00900	0.00968	0.00565	0.00610	0.01016	0.01343	0.01831	0.03897	0.62680	0.10012	0.01981	0.00830	0.00263	0.00385	0.01778	0.08124	0.00565
28	0.01513	0.01448	0.02420	0.32300	0.38013	0.01627	0.01962	0.01915	0.01433	0.01983	0.01221	0.01727	0.00997	0.00695	0.00828	0.00222	0.07847	0.00608	0.00321	0.00921
29	0.01388	0.01314	0.02225	0.57591	0.20685	0.01545	0.01948	0.01832	0.01413	0.01864	0.01233	0.01793	0.00953	0.00666	0.00682	0.00222	0.00888	0.00608	0.00312	0.00837
30	0.01497	0.00875	0.01080	0.00971	0.01238	0.00807	0.00745	0.06777	0.01850	0.17781	0.25375	0.16237	0.19171	0.01431	0.00783	0.00228	0.00430	0.01233	0.00723	0.00769
31	0.01376	0.03182	0.61123	0.10662	0.06041	0.01582	0.02435	0.02114	0.01440	0.02120	0.01229	0.01500	0.00881	0.00652	0.00655	0.00217	0.00991	0.00522	0.00293	0.00984
32	0.01556	0.01523	0.02497	0.36087	0.19648	0.03952	0.12672	0.04492	0.06771	0.02106	0.01388	0.01827	0.01069	0.00674	0.00701	0.00220	0.00905	0.00648	0.00364	0.00901
33	0.01078	0.00968	0.01709	0.01496	0.01744	0.00906	0.19404	0.01350	0.01446	0.01913	0.03358	0.41482	0.08948	0.01651	0.00859	0.00266	0.00628	0.09571	0.00556	0.00667
34	0.23684	0.01138	0.01342	0.01105	0.01544	0.01105	0.00897	0.02672	0.01645	0.44055	0.02259	0.07568	0.01653	0.01142	0.04933	0.00269	0.00628	0.00700	0.00688	0.00971
35	0.01047	0.00848	0.01276	0.11969	0.11238	0.00863	0.01039	0.01291	0.01450	0.01965	0.12447	0.42209	0.03777	0.01609	0.00813	0.00253	0.00527	0.04143	0.00563	0.00673
36	0.07666	0.17002	0.49205	0.01697	0.02551	0.01831	0.02052	0.06636	0.01531	0.02275	0.01182	0.01367	0.00879	0.00648	0.00595	0.00202	0.00904	0.00476	0.00326	0.00975
37	0.00909	0.00701	0.00861	0.00893	0.01041	0.00669	0.00651	0.01177	0.04320	0.02004	0.18141	0.27322	0.24732	0.02227	0.10751	0.00362	0.00569	0.01435	0.00625	0.00610
38	0.05116	0.60043	0.03107	0.01199	0.01724	0.10987	0.01130	0.02102	0.01449	0.01733	0.01040	0.01201	0.00925	0.00614	0.00462	0.00153	0.00759	0.00391	0.05017	0.00848
39	0.01588	0.01751	0.11339	0.01312	0.01957	0.05974	0.03918	0.07091	0.01604	0.02343	0.01247	0.01445	0.00997	0.00567	0.00560	0.00135	0.00670	0.00454	0.00405	0.54646

[dist]
# distance from previous block
# <min> <max>
0	1

[block]
# block no. 4 follows, 31 sequences, length 66
# corresponding to MSA columns:
# 133-198
name=unknown_E
#
# <colnr> <probs for GDERKNQSTAVLIFYWHMCP>
#	G	D	E	R	K	N	Q	S	T	A	V	L	I	F	Y	W	H	M	C	P
0	0.01789	0.01105	0.01307	0.01164	0.01500	0.01115	0.00952	0.14212	0.09168	0.16488	0.07847	0.04250	0.12241	0.01244	0.00754	0.00235	0.00547	0.15866	0.07344	0.00874
1	0.01531	0.02563	0.39273	0.01971	0.02735	0.01527	0.16368	0.02137	0.01506	0.06847	0.04644	0.01765	0.01235	0.00715	0.00806	0.00217	0.06621	0.00617	0.00369	0.06552
2	0.00882	0.00620	0.00775	0.00880	0.00914	0.00590	0.00563	0.00967	0.01222	0.01621	0.03389	0.51125	0.06344	0.24847	0.01674	0.00395	0.00477	0.01634	0.00567	0.00513
3	0.01680	0.01558	0.02314	0.13480	0.41475	0.04130	0.01763	0.07349	0.08720	0.02409	0.06986	0.02050	0.01585	0.00735	0.00689	0.00210	0.00771	0.00670	0.00430	0.00998
4	0.00842	0.00694	0.00739	0.00728	0.00944	0.00592	0.00546	0.01046	0.01638	0.02035	0.20340	0.06277	0.57886	0.01663	0.00808	0.00228	0.00342	0.01401	0.00660	0.00592
5	0.01185	0.01077	0.01237	0.01149	0.01321	0.04491	0.00915	0.01532	0.06840	0.02070	0.17611	0.04614	0.26324	0.01442	0.01147	0.00250	0.18201	0.07340	0.00570	0.00686
6	0.01257	0.00833	0.01296	0.01164	0.01273	0.00892	0.06146	0.01262	0.01075	0.04771	0.01542	0.02505	0.01483	0.12855	0.19568	0.33845	0.06655	0.00704	0.00360	0.00514
7	0.05335	0.06790	0.06105	0.08145	0.03414	0.01765	0.53925	0.02138	0.01554	0.02159	0.01316	0.01745	0.00998	0.00591	0.00750	0.00223	0.01072	0.00731	0.00341	0.00902
8	0.24051	0.01247	0.01752	0.53295	0.03742	0.01524	0.01568	0.01823	0.01310	0.02126	0.01141	0.01620	0.00863	0.00670	0.00609	0.00223	0.00802	0.00540	0.00338	0.00755
9	0.01697	0.01659	0.02544	0.22949	0.08607	0.05712	0.16327	0.11670	0.01665	0.02227	0.01242	0.01688	0.00985	0.00788	0.01048	0.00236	0.17066	0.00641	0.00372	0.00878
10	0.01976	0.01719	0.02495	0.01902	0.02381	0.01864	0.20696	0.31795	0.06008	0.03062	0.01934	0.02111	0.06552	0.00880	0.00949	0.00229	0.11190	0.00741	0.00530	0.00987
11	0.00934	0.00678	0.00900	0.00949	0.01058	0.00675	0.00697	0.01109	0.01357	0.01827	0.12766	0.23945	0.13104	0.07665	0.19661	0.04272	0.00793	0.06489	0.00551	0.00569
12	0.02290	0.01818	0.01766	0.01477	0.01929	0.11760	0.01174	0.24025	0.30416	0.12678	0.02174	0.02052	0.01576	0.00852	0.00680	0.00213	0.00710	0.00666	0.00665	0.01079
13	0.01349	0.00853	0.01113	0.01145	0.06577	0.00762	0.00788	0.01603	0.01726	0.14739	0.26404	0.11847	0.23864	0.01392	0.00776	0.00222	0.00425	0.01204	0.00684	0.02526
14	0.01808	0.25842	0.19200	0.01813	0.04899	0.01931	0.14098	0.08994	0.01677	0.07728	0.01449	0.05006	0.01178	0.00718	0.00630	0.00198	0.00852	0.00614	0.00403	0.00961
15	0.01688	0.02055	0.12408	0.02378	0.03016	0.04253	0.40958	0.06852	0.11150	0.02378	0.01539	0.01838	0.01156	0.00685	0.00824	0.00229	0.04501	0.00728	0.00407	0.00960
16	0.00979	0.00728	0.01072	0.01072	0.01185	0.00840	0.00821	0.01204	0.01091	0.01568	0.01857	0.02826	0.01770	0.10587	0.67872	0.01066	0.01742	0.00753	0.00370	0.00596
17	0.00842	0.00662	0.00764	0.00821	0.00975	0.00584	0.00593	0.01015	0.01505	0.01899	0.11450	0.31011	0.39337	0.01855	0.00836	0.00249	0.00373	0.04005	0.00646	0.00578
18	0.01834	0.01718	0.02008	0.33738	0.08896	0.12830	0.01588	0.16777	0.06623	0.02440	0.01434	0.01758	0.01087	0.00732	0.00666	0.00211	0.00873	0.00596	0.03293	0.00897
19	0.01506	0.01450	0.02169	0.52017	0.15613	0.05819	0.01855	0.05191	0.01513	0.01948	0.01228	0.01746	0.00951	0.00698	0.00735	0.00222	0.03571	0.00598	0.00331	0.00836
20	0.00995	0.00663	0.00746	0.00746	0.00746	0.00663	0.00415	0.00995	0.00995	0.01327	0.02156	0.04477	0.02487	0.75957	0.03482	0.00663	0.00663	0.00995	0.00415	0.00415
21	0.01835	0.01547	0.02198	0.01734	0.02180	0.01640	0.17091	0.26292	0.11990	0.03071	0.10387	0.04943	0.02214	0.00985	0.00811	0.00230	0.03380	0.05918	0.00596	0.00958
22	0.01188	0.00594	0.00891	0.00891	0.00891	0.00594	0.00594	0.00891	0.00891	0.01188	0.01188	0.02080	0.01188	0.02377	0.02674	0.80095	0.00594	0.00594	0.00297	0.00297
23	0.01885	0.70737	0.03458	0.01216	0.01784	0.08138	0.01182	0.02101	0.01432	0.01615	0.00959	0.01108	0.00878	0.00595	0.00453	0.00149	0.00770	0.00372	0.00297	0.00871
24	0.01660	0.46176	0.21690	0.01468	0.02082	0.02321	0.01579	0.02022	0.01355	0.01763	0.01017	0.01247	0.00878	0.00691	0.00756	0.00187	0.11483	0.00437	0.00293	0.00895
25	0.13411	0.01325	0.01658	0.12110	0.02195	0.01349	0.01154	0.14420	0.01980	0.40373	0.02054	0.01967	0.01354	0.00789	0.00650	0.00213	0.00654	0.00620	0.00680	0.01046
26	0.01527	0.01444	0.02444	0.21357	0.49614	0.01517	0.01937	0.01924	0.01492	0.02077	0.01461	0.07412	0.01306	0.00746	0.00694	0.00215	0.00805	0.00712	0.00353	0.00963
27	0.00976	0.00681	0.00869	0.00881	0.00926	0.00719	0.00580	0.01068	0.01055	0.01448	0.02175	0.09491	0.02387	0.46304	0.26735	0.00779	0.01035	0.00982	0.00416	0.00492
28	0.01509	0.01213	0.01428	0.01024	0.01628	0.00917	0.00821	0.01811	0.01448	0.06058	0.01297	0.01468	0.01051	0.00525	0.00517	0.00107	0.00511	0.00421	0.00429	0.75815
29	0.01571	0.01388	0.02288	0.34690	0.32944	0.01490	0.01852	0.01983	0.01485	0.05849	0.01327	0.01765	0.01036	0.00647	0.00668	0.00207	0.00820	0.00597	0.00356	0.07035
30	0.01789	0.01869	0.11707	0.01425	0.01822	0.16968	0.01247	0.03994	0.10654	0.11421	0.01926	0.06378	0.01606	0.02100	0.21451	0.00465	0.01133	0.00704	0.00484	0.00856
31	0.01257	0.01144	0.01724	0.53305	0.03673	0.03844	0.01548	0.01644	0.01420	0.01849	0.05049	0.09656	0.04061	0.00911	0.00697	0.00226	0.00784	0.00799	0.05688	0.00720
32	0.02247	0.01579	0.01670	0.01349	0.01820	0.07125	0.01077	0.24674	0.11654	0.18189	0.02105	0.08239	0.01652	0.00900	0.00671	0.00199	0.00657	0.00723	0.00649	0.12820
33	0.00882	0.00669	0.00820	0.00898	0.01035	0.00608	0.00665	0.01074	0.01513	0.01954	0.13603	0.33518	0.27050	0.01873	0.00853	0.00259	0.00404	0.11087	0.00650	0.00585
34	0.01877	0.01446	0.01959	0.21292	0.15642	0.04841	0.01482	0.08208	0.07710	0.14200	0.05473	0.02047	0.01509	0.00778	0.00733	0.00210	0.03413	0.00650	0.00503	0.06026
35	0.01537	0.27617	0.45825	0.01742	0.02595	0.01968	0.05728	0.02129	0.01436	0.01983	0.01144	0.01351	0.00880	0.00625	0.00589	0.00194	0.00926	0.00476	0.00293	0.00962
36	0.02394	0.02940	0.01890	0.01712	0.02055	0.60389	0.01295	0.02816	0.11507	0.01840	0.01293	0.01429	0.01051	0.00756	0.00692	0.00189	0.04028	0.00493	0.00399	0.00832
37	0.00840	0.00622	0.00786	0.00898	0.00983	0.00567	0.00615	0.00986	0.01407	0.01847	0.09946	0.57309	0.16676	0.02008	0.00856	0.00264	0.00382	0.01796	0.00645	0.00567
38	0.01850	0.19037	0.21474	0.02150	0.12794	0.06750	0.11041	0.09381	0.01720	0.05694	0.01301	0.01509	0.00998	0.00651	0.00632	0.00197	0.00905	0.00548	0.00379	0.00989
39	0.01972	0.01342	0.01406	0.01222	0.01581	0.08453	0.00953	0.04805	0.21234	0.22452	0.15650	0.07030	0.06763	0.01080	0.00722	0.00219	0.00570	0.00900	0.00708	0.00940
40	0.00848	0.00643	0.00788	0.00896	0.01007	0.00583	0.00638	0.01002	0.01413	0.01805	0.04772	0.47600	0.25939	0.01990	0.00859	0.00266	0.00401	0.07349	0.00635	0.00569
41	0.01275	0.00876	0.01049	0.00961	0.01181	0.00858	0.00730	0.11444	0.01966	0.05167	0.37880	0.14590	0.10517	0.01384	0.00769	0.00220	0.00408	0.01200	0.06804	0.00721
42	0.01820	0.07354	0.03404	0.02429	0.03024	0.15729	0.45922	0.02398	0.06965	0.02101	0.01398	0.01728	0.01077	0.00629	0.00736	0.00214	0.01092	0.00702	0.00370	0.00907
43	0.04917	0.01896	0.01609	0.01419	0.01758	0.22683	0.01089	0.25958	0.02186	0.04461	0.02080	0.22667	0.02040	0.01159	0.00709	0.00218	0.00781	0.00937	0.00567	0.00865
44	0.01106	0.00735	0.00929	0.00859	0.01062	0.00662	0.00652	0.01398	0.01872	0.08074	0.54551	0.05150	0.17529	0.01414	0.00798	0.00218	0.00347	0.01230	0.00740	0.00675
45	0.04949	0.01960	0.07556	0.02046	0.11719	0.12166	0.09221	0.10023	0.19116	0.02554	0.05473	0.01986	0.01562	0.00810	0.00788	0.00218	0.05732	0.00666	0.00490	0.00966
46	0.01662	0.01593	0.02720	0.09742	0.66394	0.01617	0.02084	0.02072	0.01543	0.02197	0.01281	0.01704	0.01070	0.00615	0.00678	0.00205	0.00821	0.00609	0.00336	0.01058
47	0.00937	0.00694	0.00890	0.01018	0.01106	0.00679	0.00723	0.01232	0.07155	0.01878	0.03758	0.59642	0.06103	0.02001	0.00865	0.00277	0.00435	0.09359	0.00640	0.00609
48	0.01719	0.40286	0.11049	0.01521	0.07239	0.02096	0.01362	0.09265	0.03885	0.02147	0.04855	0.02112	0.03899	0.00797	0.00581	0.00186	0.00728	0.04959	0.00407	0.00909
49	0.01646	0.47608	0.20161	0.01360	0.02007	0.02220	0.01461	0.02149	0.07299	0.01865	0.01442	0.03513	0.03315	0.00709	0.00536	0.00177	0.00763	0.00512	0.00346	0.00910
50	0.01604	0.40511	0.37472	0.01554	0.02349	0.02157	0.01839	0.02107	0.01417	0.01884	0.01087	0.01268	0.00872	0.00617	0.00543	0.00181	0.00869	0.00435	0.00291	0.00944
51	0.00886	0.00664	0.00822	0.00850	0.00989	0.00600	0.00612	0.01107	0.01643	0.02205	0.33920	0.28200	0.21561	0.01720	0.00829	0.00239	0.00352	0.01516	0.00686	0.00600
52	0.01390	0.01272	0.01959	0.37696	0.03311	0.01481	0.07415	0.04363	0.12474	0.02086	0.02105	0.02839	0.06119	0.00939	0.00815	0.00241	0.04719	0.07524	0.00439	0.00814
53	0.02184	0.01443	0.01428	0.01232	0.01599	0.13814	0.00959	0.07047	0.05453	0.29542	0.06713	0.13597	0.09732	0.01143	0.00723	0.00218	0.00640	0.00942	0.00681	0.00912
54	0.01693	0.01626	0.02777	0.04199	0.71689	0.01626	0.02100	0.02100	0.01558	0.02235	0.01287	0.01693	0.01084	0.00610	0.00677	0.00203	0.00813	0.00610	0.00339	0.01084
55	0.02372	0.01368	0.01620	0.01285	0.01735	0.01390	0.01045	0.28593	0.05267	0.27761	0.17279	0.02679	0.02544	0.00961	0.00713	0.00211	0.00590	0.00783	0.00757	0.01047
56	0.02282	0.01510	0.01599	0.01290	0.01726	0.07213	0.01039	0.28752	0.02400	0.21714	0.11820	0.02869	0.10716	0.01009	0.00712	0.00209	0.00639	0.00807	0.00704	0.00992
57	0.02083	0.01206	0.01935	0.01522	0.01945	0.01146	0.14556	0.02408	0.01760	0.33544	0.11775	0.03232	0.06144	0.01032	0.00879	0.00233	0.06512	0.06492	0.00661	0.00936
58	0.01008	0.00664	0.00914	0.00936	0.00986	0.00703	0.00646	0.01049	0.01055	0.01451	0.02053	0.13256	0.02205	0.23667	0.28428	0.18115	0.01038	0.00945	0.00402	0.00480
59	0.02359	0.02240	0.02354	0.01879	0.02348	0.28455	0.16219	0.12740	0.04233	0.14151	0.01543	0.01672	0.01136	0.00752	0.00770	0.00207	0.04895	0.00609	0.00493	0.00947
60	0.01598	0.28782	0.45681	0.01650	0.02494	0.01955	0.01996	0.02171	0.01446	0.04727	0.01189	0.01359	0.00903	0.00635	0.00578	0.00192	0.00897	0.00464	0.00312	0.00971
61	0.00953	0.00656	0.00844	0.00910	0.01022	0.00599	0.00639	0.01136	0.01524	0.04784	0.21356	0.46702	0.12610	0.01855	0.00842	0.00254	0.00379	0.01657	0.00674	0.00605
62	0.01735	0.01772	0.02523	0.17236	0.49348	0.11449	0.01955	0.02120	0.01574	0.02065	0.01242	0.01655	0.01023	0.00637	0.00670	0.00204	0.00890	0.00586	0.00334	0.00982
63	0.04856	0.04483	0.10051	0.01940	0.02409	0.15411	0.21326	0.02256	0.07269	0.03748	0.01419	0.01807	0.01155	0.03667	0.05806	0.00296	0.10217	0.00643	0.00382	0.00858
64	0.01733	0.01556	0.02712	0.19784	0.27255	0.01593	0.17555	0.07258	0.01675	0.07012	0.01413	0.01788	0.01078	0.00648	0.00704	0.00212	0.00883	0.00653	0.00396	0.04093
65	0.01486	0.01198	0.01817	0.16945	0.23074	0.01255	0.01433	0.07099	0.01714	0.05486	0.13570	0.07031	0.04378	0.01014	0.00730	0.00223	0.00666	0.06398	0.03625	0.00856

[dist]
# distance from previous block
# <min> <max>
6	37

[block]
# block no. 5 follows, 31 sequences, length 16
# corresponding to MSA columns:
# 236-251
name=unknown_F
#
# <colnr> <probs for GDERKNQSTAVLIFYWHMCP>
#	G	D	E	R	K	N	Q	S	T	A	V	L	I	F	Y	W	H	M	C	P
0	0.00964	0.00709	0.00941	0.00967	0.01072	0.00741	0.00703	0.01192	0.03121	0.01770	0.10476	0.17715	0.07943	0.16183	0.29305	0.00653	0.00999	0.03458	0.00507	0.00580
1	0.01633	0.09604	0.01602	0.01177	0.01500	0.07039	0.04305	0.06726	0.03633	0.10905	0.02808	0.10351	0.11858	0.14996	0.01218	0.00295	0.00655	0.04485	0.00539	0.04671
2	0.01666	0.01567	0.05384	0.01742	0.02127	0.07181	0.18333	0.02227	0.11319	0.09845	0.01914	0.07199	0.01635	0.05309	0.11447	0.00381	0.08599	0.00801	0.00471	0.00853
3	0.01595	0.01425	0.02228	0.45905	0.20523	0.01640	0.01854	0.12465	0.01704	0.02269	0.01300	0.01764	0.00993	0.00688	0.00682	0.00218	0.00863	0.00610	0.00372	0.00902
4	0.10740	0.48773	0.08957	0.01312	0.01875	0.14933	0.01267	0.02175	0.01466	0.01832	0.00994	0.01153	0.00862	0.00618	0.00487	0.00165	0.00822	0.00392	0.00318	0.00859
5	0.00834	0.00595	0.00794	0.00953	0.00992	0.00556	0.00635	0.00953	0.01310	0.01746	0.03771	0.75510	0.04525	0.02143	0.00873	0.00278	0.00397	0.01945	0.00635	0.00556
6	0.01479	0.01431	0.01311	0.04562	0.01614	0.13848	0.00940	0.02282	0.25207	0.02276	0.14119	0.07445	0.15235	0.04188	0.00841	0.00239	0.00608	0.00975	0.00601	0.00800
7	0.01451	0.36987	0.18125	0.01306	0.01835	0.01858	0.01352	0.01792	0.01337	0.01745	0.01499	0.09798	0.01445	0.01657	0.14674	0.00362	0.00970	0.00645	0.00344	0.00820
8	0.00898	0.00670	0.00835	0.00850	0.00993	0.00607	0.00616	0.01133	0.01686	0.02282	0.39262	0.24529	0.19783	0.01672	0.00825	0.00236	0.00348	0.01473	0.00696	0.00607
9	0.00862	0.00641	0.00759	0.00832	0.00926	0.00586	0.00559	0.00982	0.01348	0.01734	0.06886	0.38740	0.24303	0.16006	0.01347	0.00335	0.00430	0.01588	0.00598	0.00539
10	0.01839	0.01502	0.01723	0.01709	0.09613	0.01686	0.01208	0.08138	0.54269	0.06630	0.02531	0.02380	0.01889	0.00881	0.00693	0.00226	0.00589	0.00739	0.00663	0.01093
11	0.01419	0.01216	0.01419	0.01013	0.01621	0.00912	0.00811	0.01723	0.01419	0.02229	0.01216	0.01419	0.01013	0.00507	0.00507	0.00101	0.00507	0.00405	0.00405	0.80139
12	0.01841	0.30065	0.22998	0.01722	0.02439	0.01993	0.13563	0.05737	0.01604	0.09994	0.01340	0.01496	0.01010	0.00644	0.00605	0.00192	0.00870	0.00533	0.00384	0.00971
13	0.01235	0.00854	0.01024	0.00957	0.01173	0.00844	0.00723	0.03868	0.11422	0.06361	0.38098	0.12253	0.09398	0.01342	0.00762	0.00221	0.00391	0.01168	0.07170	0.00736
14	0.00937	0.00698	0.00871	0.00828	0.01003	0.00632	0.00621	0.01230	0.01862	0.02567	0.58660	0.05400	0.19233	0.01464	0.00807	0.00218	0.00327	0.01278	0.00730	0.00632
15	0.04497	0.12593	0.22050	0.12925	0.10598	0.08692	0.09357	0.07533	0.01637	0.02194	0.01219	0.01510	0.00939	0.00652	0.00638	0.00204	0.00935	0.00545	0.00346	0.00935

[dist]
# distance from previous block
# <min> <max>
0	1

[block]
# block no. 6 follows, 31 sequences, length 35
# corresponding to MSA columns:
# 253-287
name=unknown_G
#
# <colnr> <probs for GDERKNQSTAVLIFYWHMCP>
#	G	D	E	R	K	N	Q	S	T	A	V	L	I	F	Y	W	H	M	C	P
0	0.07832	0.05508	0.26085	0.01598	0.02306	0.03463	0.07538	0.09207	0.01620	0.02435	0.01235	0.01448	0.00947	0.00633	0.00642	0.00181	0.02804	0.00499	0.00382	0.23636
1	0.17394	0.15984	0.10573	0.01527	0.02076	0.11727	0.07491	0.13446	0.03723	0.04543	0.01380	0.01705	0.01113	0.00736	0.00598	0.00201	0.00822	0.03613	0.00439	0.00909
2	0.08031	0.70473	0.03382	0.01149	0.01722	0.02615	0.01137	0.02046	0.01372	0.01724	0.00951	0.01099	0.00867	0.00589	0.00438	0.00151	0.00716	0.00366	0.00303	0.00867
3	0.00963	0.00675	0.00772	0.00772	0.00821	0.00668	0.00474	0.01015	0.01096	0.01436	0.02894	0.04643	0.13520	0.57113	0.09829	0.00636	0.00726	0.01042	0.00445	0.00460
4	0.00960	0.00719	0.00905	0.00941	0.01098	0.00675	0.00723	0.01262	0.03681	0.02251	0.30925	0.19074	0.17858	0.01686	0.00844	0.00250	0.00408	0.14433	0.00682	0.00625
5	0.01650	0.22859	0.20632	0.01540	0.02127	0.06241	0.07177	0.02208	0.08035	0.05707	0.04543	0.01914	0.01429	0.04409	0.06444	0.00286	0.00911	0.00595	0.00399	0.00894
6	0.01820	0.01528	0.01614	0.01416	0.01824	0.01757	0.01112	0.12293	0.61603	0.03053	0.02634	0.02433	0.01967	0.00914	0.00695	0.00229	0.00569	0.00753	0.00695	0.01093
7	0.01451	0.05816	0.66427	0.01915	0.02877	0.05505	0.02420	0.02194	0.01469	0.02122	0.01210	0.01422	0.00868	0.00651	0.00642	0.00212	0.01014	0.00498	0.00292	0.00995
8	0.01474	0.01468	0.01931	0.01841	0.07184	0.06439	0.01398	0.01657	0.01167	0.01692	0.01222	0.05589	0.01217	0.01717	0.11827	0.00394	0.50024	0.00679	0.00333	0.00748
9	0.00834	0.00626	0.00775	0.00882	0.00977	0.00566	0.00607	0.00978	0.01406	0.01825	0.08154	0.54389	0.21497	0.02000	0.00853	0.00263	0.00380	0.01781	0.00641	0.00566
10	0.01748	0.01522	0.01511	0.01366	0.01726	0.07183	0.01054	0.06177	0.51974	0.04776	0.02794	0.09084	0.03993	0.01034	0.00708	0.00230	0.00588	0.00861	0.00666	0.01005
11	0.01702	0.01470	0.01547	0.01392	0.01779	0.01702	0.01083	0.03635	0.70453	0.02862	0.02785	0.02553	0.02088	0.00928	0.00696	0.00232	0.00541	0.00773	0.00696	0.01083
12	0.01509	0.00808	0.01072	0.00987	0.01226	0.00729	0.00757	0.01769	0.01786	0.21220	0.33630	0.18478	0.07324	0.01434	0.00794	0.00232	0.00423	0.04313	0.00744	0.00764
13	0.00922	0.00687	0.00820	0.00798	0.00949	0.00625	0.00572	0.01142	0.01652	0.02220	0.39148	0.08303	0.24167	0.13540	0.01241	0.00294	0.00387	0.01286	0.00660	0.00585
14	0.01421	0.00783	0.01011	0.00911	0.01143	0.00719	0.00707	0.01732	0.01856	0.16039	0.45783	0.04301	0.04774	0.01224	0.00742	0.00210	0.00383	0.03397	0.12121	0.00744
15	0.01019	0.00718	0.00874	0.00915	0.03361	0.00704	0.00632	0.01235	0.01402	0.01989	0.13100	0.04284	0.20641	0.14620	0.15458	0.00457	0.00700	0.01010	0.16287	0.00596
16	0.00948	0.00695	0.00889	0.00848	0.01012	0.00636	0.00633	0.01249	0.01877	0.02620	0.62614	0.07869	0.12640	0.01458	0.00810	0.00219	0.00328	0.01283	0.00737	0.00636
17	0.01660	0.01308	0.01510	0.01106	0.01695	0.01093	0.00890	0.10136	0.04132	0.06209	0.01403	0.01535	0.01106	0.00578	0.00545	0.00125	0.00542	0.00459	0.00473	0.63497
18	0.03634	0.01392	0.01972	0.15167	0.30164	0.04710	0.01518	0.06876	0.01632	0.04229	0.02316	0.08337	0.10948	0.03205	0.00788	0.00231	0.00730	0.00830	0.00443	0.00881
19	0.33680	0.06315	0.13897	0.01363	0.01926	0.08288	0.01283	0.20856	0.01867	0.03049	0.01202	0.01327	0.00901	0.00693	0.00554	0.00204	0.00750	0.00468	0.00459	0.00918
20	0.04300	0.07490	0.02141	0.01575	0.02058	0.05319	0.09219	0.24075	0.06652	0.17077	0.02005	0.02468	0.01575	0.00904	0.00736	0.00220	0.02460	0.08108	0.00609	0.01008
21	0.01457	0.05482	0.36674	0.06615	0.06118	0.01564	0.05557	0.07281	0.03395	0.02319	0.07980	0.02161	0.05465	0.00818	0.00752	0.00218	0.04145	0.00668	0.00400	0.00932
22	0.05798	0.20645	0.19167	0.08608	0.02476	0.07995	0.05963	0.07852	0.01638	0.05885	0.01252	0.01448	0.00960	0.00650	0.00591	0.00187	0.00852	0.00499	0.00379	0.07152
23	0.01878	0.17189	0.25286	0.01623	0.02230	0.17138	0.01643	0.07087	0.06157	0.04881	0.01396	0.03988	0.01132	0.00767	0.00701	0.00201	0.04829	0.00551	0.00392	0.00930
24	0.01094	0.00628	0.00820	0.00820	0.00820	0.00628	0.00506	0.00942	0.00942	0.01256	0.01661	0.03251	0.01823	0.38320	0.03069	0.41293	0.00628	0.00790	0.00354	0.00354
25	0.00942	0.01071	0.11311	0.01140	0.01355	0.00747	0.02954	0.01187	0.01384	0.01882	0.07296	0.55802	0.06649	0.01821	0.00832	0.00262	0.00503	0.01641	0.00583	0.00639
26	0.02291	0.02077	0.02223	0.12355	0.05716	0.19058	0.07983	0.30294	0.02341	0.06854	0.01459	0.01631	0.01073	0.00742	0.00680	0.00204	0.00924	0.00595	0.00510	0.00989
27	0.02088	0.07596	0.01925	0.01545	0.05117	0.07644	0.01194	0.31190	0.18673	0.03180	0.03944	0.01985	0.01550	0.01017	0.03891	0.00242	0.00755	0.00644	0.04798	0.01020
28	0.00977	0.00733	0.01100	0.01100	0.01222	0.00855	0.00855	0.01222	0.01100	0.01588	0.01833	0.02688	0.01710	0.05131	0.73245	0.01100	0.01833	0.00733	0.00367	0.00611
29	0.01318	0.02647	0.48865	0.01699	0.02427	0.01352	0.02016	0.01981	0.04651	0.02098	0.01788	0.02832	0.01578	0.01053	0.00872	0.06512	0.00878	0.14174	0.00378	0.00880
30	0.01923	0.01617	0.02148	0.15049	0.20543	0.01808	0.01581	0.25057	0.14846	0.02943	0.01657	0.01851	0.01259	0.00777	0.00748	0.00218	0.03779	0.00641	0.00514	0.01040
31	0.01001	0.00710	0.00894	0.00949	0.01007	0.00717	0.00639	0.04045	0.01285	0.01718	0.03083	0.42657	0.06103	0.20198	0.03783	0.05593	0.03071	0.01464	0.00542	0.00540
32	0.04259	0.21175	0.02266	0.01399	0.01867	0.13678	0.01182	0.29079	0.02213	0.04956	0.01408	0.01517	0.01091	0.00749	0.00641	0.00185	0.03418	0.00520	0.07438	0.00958
33	0.01789	0.19284	0.15711	0.01933	0.12332	0.01760	0.07290	0.04394	0.06004	0.09339	0.01439	0.01601	0.01107	0.00663	0.00651	0.00188	0.02755	0.00543	0.00413	0.10803
34	0.01257	0.01144	0.01171	0.01236	0.04498	0.12335	0.00844	0.01415	0.01273	0.01597	0.02098	0.11803	0.02224	0.24624	0.25455	0.00645	0.01113	0.04248	0.00422	0.00598

[dist]
# distance from previous block
# <min> <max>
0	1

[block]
# block no. 7 follows, 31 sequences, length 13
# corresponding to MSA columns:
# 289-301
name=unknown_H
#
# <colnr> <probs for GDERKNQSTAVLIFYWHMCP>
#	G	D	E	R	K	N	Q	S	T	A	V	L	I	F	Y	W	H	M	C	P
0	0.01059	0.00723	0.00925	0.00860	0.01049	0.00657	0.00650	0.01362	0.01896	0.06224	0.60644	0.05130	0.13416	0.01407	0.00801	0.00217	0.00339	0.01232	0.00745	0.00665
1	0.00997	0.00694	0.00889	0.00840	0.01001	0.00645	0.00630	0.01319	0.01890	0.02725	0.64871	0.04871	0.06016	0.01342	0.00776	0.00210	0.00322	0.01181	0.08135	0.00645
2	0.01419	0.01216	0.01419	0.01013	0.01621	0.00912	0.00811	0.01723	0.01419	0.02229	0.01216	0.01419	0.01013	0.00507	0.00507	0.00101	0.00507	0.00405	0.00405	0.80139
3	0.01689	0.01779	0.02088	0.38958	0.14355	0.18094	0.01713	0.02226	0.08707	0.01923	0.01354	0.01743	0.01054	0.00702	0.00669	0.00213	0.00932	0.00587	0.00361	0.00852
4	0.02464	0.01784	0.01907	0.01477	0.01985	0.01968	0.01215	0.62402	0.03033	0.04130	0.01703	0.01736	0.01224	0.00819	0.00663	0.00201	0.00708	0.00618	0.08853	0.01109
5	0.05825	0.01222	0.01529	0.01233	0.01701	0.01167	0.00997	0.07791	0.11499	0.49437	0.02649	0.07974	0.01893	0.00949	0.00693	0.00219	0.00572	0.00780	0.00781	0.01088
6	0.01462	0.01562	0.08843	0.11058	0.42112	0.01402	0.01831	0.01883	0.01557	0.02177	0.07245	0.02762	0.05299	0.00860	0.00717	0.00220	0.00763	0.06903	0.00405	0.00939
7	0.01566	0.01573	0.02576	0.08104	0.34443	0.05401	0.15339	0.01929	0.01489	0.02013	0.01647	0.02243	0.04760	0.08743	0.01091	0.00265	0.04839	0.00723	0.00359	0.00897
8	0.00902	0.00674	0.00757	0.00773	0.00880	0.00633	0.00514	0.01003	0.01263	0.01600	0.04225	0.12330	0.30525	0.32971	0.07583	0.00484	0.00600	0.01252	0.00522	0.00510
9	0.09196	0.12330	0.07531	0.01680	0.07420	0.30805	0.01315	0.02235	0.01598	0.01952	0.01188	0.04234	0.01045	0.00720	0.00639	0.00179	0.03672	0.00503	0.00361	0.11396
10	0.14892	0.04429	0.01214	0.03331	0.04974	0.03891	0.00830	0.04901	0.01631	0.02384	0.19722	0.14228	0.18489	0.01294	0.00710	0.00222	0.00494	0.01083	0.00577	0.00703
11	0.01447	0.01199	0.04047	0.01438	0.10504	0.02667	0.00998	0.03320	0.01600	0.08924	0.09182	0.13016	0.13166	0.01075	0.00685	0.00189	0.00538	0.00924	0.00541	0.24538
12	0.08980	0.04426	0.06541	0.04241	0.10884	0.01327	0.01145	0.09804	0.07242	0.04016	0.05804	0.02335	0.06531	0.00817	0.00608	0.00190	0.00587	0.00662	0.14521	0.09338

[dist]
# distance from previous block
# <min> <max>
0	7

[block]
# block no. 8 follows, 31 sequences, length 30
# corresponding to MSA columns:
# 309-338
name=unknown_I
#
# <colnr> <probs for GDERKNQSTAVLIFYWHMCP>
#	G	D	E	R	K	N	Q	S	T	A	V	L	I	F	Y	W	H	M	C	P
0	0.06269	0.26576	0.23837	0.01628	0.05450	0.02051	0.01625	0.17599	0.01844	0.05312	0.01279	0.01405	0.00975	0.00673	0.00579	0.00190	0.00808	0.00490	0.00413	0.00997
1	0.53075	0.06533	0.05186	0.06241	0.01805	0.10063	0.01039	0.05239	0.01395	0.02729	0.01030	0.01217	0.00805	0.00653	0.00490	0.00204	0.00688	0.00414	0.00403	0.00791
2	0.01837	0.01990	0.01570	0.01417	0.01647	0.32963	0.01080	0.03716	0.01702	0.03713	0.13893	0.02621	0.05955	0.07312	0.04534	0.00289	0.11846	0.00729	0.00458	0.00728
3	0.01804	0.01557	0.10626	0.01327	0.01775	0.01388	0.01183	0.11236	0.26554	0.11776	0.08502	0.02776	0.02214	0.00948	0.00687	0.00219	0.00595	0.04394	0.09456	0.00981
4	0.01051	0.00678	0.00872	0.00939	0.01067	0.00616	0.00669	0.01219	0.01477	0.08128	0.10763	0.49120	0.14642	0.01883	0.00843	0.00260	0.00407	0.04074	0.00665	0.00625
5	0.01246	0.00671	0.00974	0.00950	0.01012	0.00685	0.00669	0.01150	0.02788	0.04758	0.05390	0.02369	0.01615	0.02634	0.13251	0.57615	0.00767	0.00661	0.00370	0.00426
6	0.01443	0.01329	0.02171	0.58077	0.15568	0.01576	0.01894	0.06173	0.01519	0.01994	0.01255	0.01791	0.00956	0.00681	0.00683	0.00222	0.00885	0.00609	0.00334	0.00839
7	0.01088	0.00747	0.00965	0.00906	0.01086	0.00701	0.00680	0.01463	0.04825	0.05897	0.60724	0.09556	0.05920	0.01403	0.00801	0.00220	0.00349	0.01239	0.00747	0.00682
8	0.00981	0.00716	0.00859	0.00872	0.01007	0.00693	0.00620	0.01288	0.05948	0.02107	0.22871	0.21700	0.15411	0.11405	0.04888	0.00334	0.00481	0.01314	0.05894	0.00609
9	0.00876	0.00648	0.00818	0.00876	0.00991	0.00591	0.00619	0.01075	0.01570	0.02109	0.27700	0.39274	0.16709	0.01815	0.00839	0.00248	0.00363	0.01614	0.00676	0.00591
10	0.00995	0.00663	0.00746	0.00746	0.00746	0.00663	0.00415	0.00995	0.00995	0.01327	0.02156	0.04477	0.02487	0.75957	0.03482	0.00663	0.00663	0.00995	0.00415	0.00415
11	0.01634	0.01564	0.02632	0.14008	0.55581	0.01618	0.04029	0.02150	0.05942	0.02204	0.01376	0.01772	0.01122	0.00640	0.00683	0.00209	0.00820	0.00626	0.00357	0.01032
12	0.02075	0.01743	0.02236	0.13919	0.23096	0.04361	0.01621	0.32899	0.05948	0.03120	0.01509	0.01720	0.01139	0.00738	0.00680	0.00209	0.00802	0.00615	0.00511	0.01058
13	0.12809	0.01635	0.04756	0.01427	0.01824	0.06187	0.05849	0.23085	0.01961	0.08991	0.04045	0.02187	0.01495	0.13184	0.01247	0.00291	0.06950	0.00669	0.00527	0.00882
14	0.01151	0.00717	0.00958	0.00973	0.01126	0.00663	0.00725	0.01390	0.01665	0.09565	0.31801	0.31720	0.04974	0.01672	0.00833	0.00249	0.00409	0.08039	0.00706	0.00664
15	0.01820	0.07700	0.26661	0.02156	0.11973	0.15895	0.08249	0.05329	0.04728	0.03970	0.01323	0.01531	0.01011	0.00663	0.00646	0.00199	0.00958	0.00543	0.00369	0.04277
16	0.02055	0.03810	0.12148	0.02042	0.11053	0.12159	0.07261	0.13960	0.11230	0.09777	0.01629	0.01751	0.01215	0.00771	0.00785	0.00214	0.06027	0.00612	0.00490	0.01011
17	0.00983	0.00665	0.00743	0.00743	0.00758	0.00658	0.00422	0.00994	0.01032	0.01361	0.02473	0.04617	0.07073	0.71018	0.03304	0.00635	0.00642	0.01025	0.00429	0.00425
18	0.01196	0.01078	0.01617	0.10059	0.26642	0.01062	0.01268	0.01489	0.01534	0.02014	0.06923	0.10404	0.27651	0.01242	0.00758	0.00227	0.00587	0.02970	0.00498	0.00781
19	0.01536	0.07460	0.39779	0.02106	0.09396	0.01689	0.09717	0.04980	0.10225	0.02304	0.01598	0.01777	0.02960	0.00704	0.00668	0.00214	0.00903	0.00604	0.00377	0.01003
