[name]
unknown

[dist]
# distance from previous block
# <min> <max>
0	0

[block]
# block no. 0 follows, 27 sequences, length 12
# corresponding to MSA columns:
# 26-37
name=unknown_A
#
# <colnr> <probs for GDERKNQSTAVLIFYWHMCP>
#	G	D	E	R	K	N	Q	S	T	A	V	L	I	F	Y	W	H	M	C	P
0	0.01196	0.00854	0.01196	0.01367	0.01538	0.00854	0.01196	0.01538	0.01709	0.02222	0.03931	0.08374	0.04272	0.02051	0.01025	0.00342	0.00684	0.64283	0.00684	0.00684
1	0.02822	0.02079	0.02228	0.01708	0.02302	0.02302	0.01411	0.66804	0.03490	0.04679	0.01782	0.01782	0.01262	0.00891	0.00743	0.00223	0.00817	0.00668	0.00743	0.01262
2	0.10661	0.01937	0.04002	0.02881	0.03599	0.01853	0.59012	0.02355	0.01696	0.02488	0.01448	0.01911	0.01089	0.00633	0.00828	0.00248	0.01174	0.00822	0.00385	0.00979
3	0.01080	0.00720	0.00810	0.00810	0.00810	0.00720	0.00450	0.01080	0.01080	0.01439	0.02339	0.04858	0.02699	0.73910	0.03779	0.00720	0.00720	0.01080	0.00450	0.00450
4	0.01476	0.01408	0.02301	0.54648	0.09973	0.01764	0.02006	0.01910	0.01443	0.01923	0.01268	0.01908	0.01003	0.00829	0.01026	0.00258	0.13013	0.00658	0.00332	0.00852
5	0.01888	0.60553	0.16844	0.01436	0.02161	0.02700	0.01559	0.02248	0.01520	0.01865	0.01091	0.01265	0.00950	0.00649	0.00521	0.00174	0.00853	0.00427	0.00317	0.00981
6	0.01846	0.01595	0.01679	0.01511	0.01930	0.01846	0.01175	0.03945	0.67938	0.03105	0.03022	0.02770	0.02266	0.01007	0.00755	0.00252	0.00588	0.00839	0.00755	0.01175
7	0.01080	0.00720	0.00810	0.00810	0.00810	0.00720	0.00450	0.01080	0.01080	0.01439	0.02339	0.04858	0.02699	0.73910	0.03779	0.00720	0.00720	0.01080	0.00450	0.00450
8	0.01846	0.01595	0.01679	0.01511	0.01930	0.01846	0.01175	0.03945	0.67938	0.03105	0.03022	0.02770	0.02266	0.01007	0.00755	0.00252	0.00588	0.00839	0.00755	0.01175
9	0.01651	0.01574	0.02677	0.33477	0.41815	0.01715	0.02186	0.02115	0.01602	0.02199	0.01363	0.01898	0.01096	0.00696	0.00738	0.00232	0.00928	0.00661	0.00351	0.01026
10	0.30666	0.27833	0.17088	0.01347	0.02014	0.02098	0.01406	0.02314	0.01465	0.06273	0.01204	0.01353	0.00944	0.00686	0.00535	0.00206	0.00769	0.00451	0.00403	0.00946
11	0.02249	0.02700	0.27227	0.02097	0.08265	0.02044	0.01973	0.37692	0.02632	0.03634	0.01584	0.01708	0.01137	0.00804	0.00728	0.00227	0.00925	0.00624	0.00553	0.01194

[dist]
# distance from previous block
# <min> <max>
5	7

[block]
# block no. 1 follows, 27 sequences, length 28
# corresponding to MSA columns:
# 59-86
name=unknown_B
#
# <colnr> <probs for GDERKNQSTAVLIFYWHMCP>
#	G	D	E	R	K	N	Q	S	T	A	V	L	I	F	Y	W	H	M	C	P
0	0.01061	0.00795	0.01193	0.01193	0.01326	0.00928	0.00928	0.01326	0.01193	0.01723	0.01988	0.02916	0.01856	0.05568	0.70968	0.01193	0.01988	0.00795	0.00398	0.00663
1	0.01985	0.74357	0.03890	0.01270	0.01905	0.02937	0.01270	0.02223	0.01508	0.01747	0.01032	0.01191	0.00953	0.00635	0.00476	0.00159	0.00794	0.00397	0.00318	0.00953
2	0.02055	0.68020	0.03730	0.01328	0.01940	0.09021	0.01285	0.02289	0.01562	0.01753	0.01042	0.01204	0.00953	0.00647	0.00494	0.00162	0.00843	0.00404	0.00323	0.00944
3	0.02146	0.01832	0.01714	0.01455	0.01821	0.12063	0.01106	0.26835	0.15486	0.03056	0.02086	0.02749	0.01807	0.20741	0.01559	0.00359	0.00823	0.00786	0.00612	0.00964
4	0.03331	0.01263	0.01723	0.01321	0.01895	0.01091	0.01091	0.03618	0.02125	0.69794	0.02929	0.02527	0.01838	0.00919	0.00747	0.00230	0.00632	0.00747	0.00919	0.01263
5	0.01839	0.01312	0.01428	0.01201	0.01460	0.01409	0.00869	0.29724	0.02130	0.02851	0.02096	0.03518	0.02073	0.42086	0.02455	0.00503	0.00762	0.00900	0.00577	0.00804
6	0.01147	0.00911	0.01303	0.20376	0.02246	0.00979	0.01146	0.01418	0.01491	0.01920	0.03395	0.16558	0.10812	0.14072	0.01392	0.00364	0.00695	0.18563	0.00549	0.00662
7	0.01029	0.00732	0.00821	0.00813	0.00893	0.00696	0.00509	0.01119	0.01355	0.01772	0.12325	0.05473	0.18449	0.47840	0.02730	0.00548	0.00592	0.01226	0.00553	0.00523
8	0.01077	0.00729	0.00858	0.00858	0.00874	0.00746	0.00510	0.01110	0.01094	0.01475	0.02295	0.04615	0.02594	0.65365	0.12180	0.00779	0.00878	0.01044	0.00443	0.00476
9	0.01717	0.01188	0.01359	0.01254	0.01532	0.01263	0.00928	0.08238	0.24669	0.10458	0.03077	0.22432	0.02927	0.13881	0.01326	0.00341	0.00593	0.01204	0.00703	0.00911
10	0.30203	0.01464	0.01392	0.01162	0.01592	0.01628	0.00945	0.25403	0.02149	0.03663	0.01686	0.01843	0.01272	0.00810	0.00578	0.00212	0.00599	0.00578	0.21883	0.00939
11	0.23137	0.01594	0.01605	0.01378	0.01848	0.01798	0.01102	0.12854	0.34273	0.09369	0.02287	0.02175	0.01680	0.00895	0.00672	0.00239	0.00622	0.00687	0.00688	0.01095
12	0.01016	0.00737	0.00890	0.00878	0.01007	0.00684	0.00608	0.01223	0.01692	0.02295	0.34454	0.11707	0.16300	0.21328	0.01671	0.00375	0.00462	0.01378	0.00684	0.00611
13	0.01347	0.01025	0.01213	0.01201	0.01427	0.01056	0.00921	0.09822	0.11803	0.02622	0.11991	0.28293	0.10866	0.01759	0.00889	0.00277	0.00527	0.11442	0.00721	0.00798
14	0.01466	0.00875	0.01062	0.00989	0.01227	0.00799	0.00730	0.04167	0.01795	0.14586	0.17316	0.17900	0.21518	0.10684	0.01224	0.00311	0.00488	0.01378	0.00729	0.00756
15	0.01391	0.00762	0.00776	0.00764	0.00939	0.00781	0.00562	0.01837	0.06464	0.02674	0.02459	0.02955	0.02001	0.07411	0.00828	0.00228	0.00397	0.00738	0.65328	0.00706
16	0.01096	0.00848	0.00932	0.00900	0.01078	0.00823	0.00630	0.01494	0.09859	0.02149	0.17088	0.05562	0.27614	0.24659	0.01786	0.00397	0.00507	0.01277	0.00646	0.00653
17	0.00923	0.00660	0.00878	0.01021	0.01081	0.00615	0.00691	0.01080	0.01506	0.02030	0.12194	0.64938	0.05172	0.02225	0.00939	0.00293	0.00421	0.02014	0.00705	0.00615
18	0.00999	0.00779	0.00911	0.00903	0.01101	0.00711	0.00667	0.01335	0.04933	0.02445	0.32313	0.15640	0.31055	0.01752	0.00881	0.00251	0.00383	0.01516	0.00746	0.00680
19	0.01460	0.01216	0.01414	0.01050	0.01596	0.00943	0.00806	0.01734	0.01460	0.02251	0.01495	0.02110	0.01374	0.13160	0.01105	0.00215	0.00579	0.00550	0.00442	0.65041
20	0.01197	0.00684	0.00852	0.00852	0.00956	0.00650	0.00597	0.01152	0.01286	0.01790	0.03217	0.03691	0.19813	0.02034	0.01858	0.40976	0.00510	0.00905	0.16500	0.00482
21	0.02013	0.01677	0.01772	0.01544	0.01994	0.01924	0.01215	0.14656	0.56956	0.03374	0.02810	0.02601	0.02095	0.00987	0.00753	0.00247	0.00627	0.00810	0.00753	0.01190
22	0.00985	0.00736	0.00915	0.00949	0.01064	0.00732	0.00666	0.01138	0.01346	0.01764	0.03988	0.18310	0.20901	0.20579	0.21876	0.00648	0.00937	0.01331	0.00547	0.00589
23	0.01344	0.01230	0.01333	0.01355	0.04594	0.09658	0.00944	0.01517	0.01352	0.01729	0.02511	0.03584	0.09746	0.22706	0.26058	0.00704	0.07630	0.00905	0.00436	0.00663
24	0.01298	0.00891	0.01044	0.00995	0.01148	0.00915	0.00705	0.09445	0.01661	0.02335	0.10968	0.13734	0.06348	0.24680	0.09963	0.00500	0.00729	0.01143	0.10829	0.00669
25	0.00958	0.00704	0.00820	0.00880	0.00974	0.00650	0.00579	0.01073	0.01420	0.01830	0.07314	0.30312	0.22399	0.24572	0.01811	0.00415	0.00502	0.01601	0.00620	0.00566
26	0.01737	0.01504	0.02298	0.18483	0.28303	0.01645	0.01781	0.13073	0.01843	0.02538	0.01577	0.02099	0.01300	0.01807	0.16309	0.00443	0.01140	0.00692	0.00430	0.00998
27	0.01914	0.01858	0.02825	0.09593	0.42094	0.06943	0.08021	0.07367	0.01825	0.02496	0.01434	0.01851	0.01166	0.00724	0.00803	0.00226	0.03739	0.00669	0.03373	0.01080

[dist]
# distance from previous block
# <min> <max>
0	1

[block]
# block no. 2 follows, 27 sequences, length 7
# corresponding to MSA columns:
# 88-94
name=unknown_C
#
# <colnr> <probs for GDERKNQSTAVLIFYWHMCP>
#	G	D	E	R	K	N	Q	S	T	A	V	L	I	F	Y	W	H	M	C	P
0	0.01341	0.00732	0.00954	0.00939	0.01057	0.00700	0.00660	0.01420	0.01470	0.07553	0.15355	0.15255	0.03294	0.08496	0.01674	0.23018	0.00506	0.01085	0.13899	0.00595
1	0.01127	0.00821	0.00963	0.00985	0.01091	0.00819	0.00659	0.03948	0.06542	0.02037	0.09200	0.29067	0.09100	0.27993	0.01938	0.00436	0.00551	0.01471	0.00621	0.00628
2	0.10193	0.01579	0.01484	0.01283	0.01631	0.12984	0.00988	0.11191	0.01883	0.16796	0.02014	0.02532	0.01649	0.13156	0.10076	0.00418	0.00931	0.00709	0.07612	0.00889
3	0.08975	0.01275	0.01607	0.01624	0.12961	0.01114	0.01057	0.01822	0.01580	0.02487	0.09116	0.02381	0.05948	0.00874	0.00747	0.04127	0.00580	0.00653	0.00481	0.40591
4	0.05284	0.06106	0.02001	0.12683	0.13152	0.01678	0.01406	0.12849	0.13785	0.02705	0.02476	0.03071	0.07626	0.06865	0.00988	0.00278	0.00745	0.04787	0.00549	0.00967
5	0.01898	0.01655	0.01829	0.28370	0.03003	0.13370	0.01419	0.10272	0.01846	0.08078	0.02057	0.02707	0.05721	0.13198	0.01251	0.00313	0.00912	0.00766	0.00486	0.00849
6	0.02330	0.02017	0.02024	0.02074	0.13947	0.20117	0.01396	0.09591	0.06099	0.14108	0.01805	0.01986	0.01388	0.01393	0.09614	0.00330	0.01049	0.00637	0.00541	0.07555

[dist]
# distance from previous block
# <min> <max>
7	13

[block]
# block no. 3 follows, 27 sequences, length 25
# corresponding to MSA columns:
# 113-137
name=unknown_D
#
# <colnr> <probs for GDERKNQSTAVLIFYWHMCP>
#	G	D	E	R	K	N	Q	S	T	A	V	L	I	F	Y	W	H	M	C	P
0	0.09577	0.08348	0.23140	0.01683	0.02383	0.02010	0.01699	0.21069	0.17065	0.03232	0.01788	0.01834	0.01319	0.00819	0.00685	0.00229	0.00826	0.00622	0.00550	0.01121
1	0.07340	0.01546	0.01969	0.05944	0.15596	0.01578	0.01370	0.19007	0.02131	0.10809	0.02398	0.02493	0.09816	0.00917	0.00767	0.00216	0.03005	0.00739	0.00583	0.11776
2	0.02160	0.07804	0.07018	0.04553	0.19974	0.06971	0.01670	0.09066	0.01880	0.14192	0.03760	0.04261	0.01517	0.00910	0.00957	0.00234	0.10799	0.00700	0.00513	0.01058
3	0.30717	0.01829	0.01990	0.02044	0.13990	0.11288	0.07635	0.06407	0.06198	0.02818	0.01592	0.07448	0.01386	0.00856	0.00656	0.00232	0.00806	0.00691	0.00481	0.00935
4	0.02495	0.07899	0.02534	0.01810	0.02385	0.02259	0.08287	0.45770	0.09960	0.03929	0.01796	0.01858	0.01320	0.00868	0.00794	0.00227	0.03280	0.00686	0.00656	0.01185
5	0.07846	0.01285	0.01567	0.01544	0.08979	0.03952	0.02962	0.03869	0.03758	0.04692	0.16421	0.09838	0.06257	0.01253	0.03316	0.00243	0.00643	0.00930	0.00579	0.20067
6	0.01181	0.00830	0.01058	0.07885	0.01481	0.00892	0.00822	0.01517	0.03986	0.02094	0.03026	0.05774	0.12217	0.10469	0.22130	0.00565	0.00960	0.00944	0.21492	0.00676
7	0.01500	0.01339	0.02327	0.17390	0.15485	0.01361	0.14771	0.01897	0.01663	0.04780	0.13056	0.03232	0.06119	0.10474	0.01195	0.00302	0.00834	0.00926	0.00485	0.00864
8	0.01555	0.01328	0.01823	0.01731	0.06110	0.01632	0.01312	0.10651	0.01599	0.02304	0.07018	0.02445	0.01836	0.02754	0.26609	0.00609	0.26634	0.00762	0.00452	0.00836
9	0.01384	0.00692	0.00692	0.00692	0.00865	0.00692	0.00519	0.01730	0.01557	0.02768	0.02422	0.02768	0.01903	0.00865	0.00519	0.00173	0.00346	0.00692	0.78031	0.00692
10	0.18790	0.01746	0.06843	0.05038	0.18392	0.01650	0.13161	0.07325	0.01773	0.08670	0.01741	0.02412	0.01431	0.00843	0.00728	0.00243	0.00852	0.06859	0.00493	0.01012
11	0.01384	0.00692	0.00692	0.00692	0.00865	0.00692	0.00519	0.01730	0.01557	0.02768	0.02422	0.02768	0.01903	0.00865	0.00519	0.00173	0.00346	0.00692	0.78031	0.00692
12	0.02668	0.02103	0.07716	0.06171	0.02519	0.02107	0.01533	0.51876	0.03086	0.10039	0.01817	0.01843	0.01269	0.00869	0.00740	0.00226	0.00834	0.00665	0.00697	0.01221
13	0.04808	0.01527	0.14054	0.01299	0.01718	0.01103	0.01189	0.07173	0.01742	0.14243	0.03251	0.22689	0.09780	0.08415	0.01098	0.00303	0.00659	0.03454	0.00631	0.00865
14	0.01384	0.00692	0.00692	0.00692	0.00865	0.00692	0.00519	0.01730	0.01557	0.02768	0.02422	0.02768	0.01903	0.00865	0.00519	0.00173	0.00346	0.00692	0.78031	0.00692
15	0.01379	0.01211	0.01865	0.15985	0.15656	0.01264	0.04679	0.01945	0.07985	0.02590	0.29701	0.03733	0.06709	0.01117	0.00810	0.00237	0.00652	0.01011	0.00597	0.00876
16	0.05560	0.09220	0.12063	0.02378	0.16520	0.07192	0.08639	0.06366	0.10260	0.11970	0.01770	0.01899	0.01318	0.00763	0.00708	0.00223	0.00889	0.00652	0.00509	0.01100
17	0.01679	0.01717	0.02912	0.27220	0.21256	0.04629	0.16323	0.02133	0.01579	0.02125	0.01329	0.01876	0.01066	0.00767	0.00983	0.00249	0.10150	0.00699	0.00351	0.00956
18	0.01442	0.01310	0.02119	0.51563	0.04175	0.01550	0.05073	0.04752	0.04651	0.02213	0.08796	0.05558	0.01885	0.00908	0.00773	0.00248	0.00884	0.00817	0.00438	0.00845
19	0.01967	0.05093	0.29004	0.01839	0.04960	0.04223	0.04196	0.05549	0.06302	0.16254	0.02153	0.11410	0.01774	0.00989	0.00749	0.00239	0.00861	0.00830	0.00545	0.01063
20	0.02101	0.02472	0.21784	0.16733	0.11458	0.12264	0.01986	0.05872	0.01844	0.14060	0.01611	0.01830	0.01155	0.00763	0.00720	0.00228	0.00990	0.00616	0.00462	0.01052
21	0.05212	0.02072	0.28062	0.13450	0.02603	0.01284	0.01710	0.01792	0.01589	0.02269	0.09243	0.12906	0.12461	0.01196	0.00776	0.00248	0.00776	0.01011	0.00483	0.00856
22	0.01824	0.07146	0.02209	0.23918	0.08395	0.10560	0.01589	0.11414	0.01906	0.02422	0.08228	0.02372	0.05086	0.00947	0.00918	0.00235	0.08729	0.00730	0.00464	0.00907
23	0.02054	0.14887	0.02721	0.06043	0.32467	0.11371	0.01730	0.04426	0.01778	0.07608	0.01629	0.07053	0.01431	0.00827	0.00697	0.00213	0.00878	0.00704	0.00439	0.01044
24	0.01923	0.02090	0.11697	0.15774	0.20867	0.06940	0.06483	0.11226	0.01924	0.05052	0.04075	0.01953	0.01342	0.00795	0.00832	0.00234	0.04632	0.00677	0.00443	0.01042

[dist]
# distance from previous block
# <min> <max>
0	1

[block]
# block no. 4 follows, 27 sequences, length 9
# corresponding to MSA columns:
# 139-147
name=unknown_E
#
# <colnr> <probs for GDERKNQSTAVLIFYWHMCP>
#	G	D	E	R	K	N	Q	S	T	A	V	L	I	F	Y	W	H	M	C	P
0	0.09736	0.01448	0.02007	0.16438	0.15471	0.01616	0.01530	0.07653	0.06865	0.10960	0.01959	0.10117	0.01681	0.01014	0.00908	0.00250	0.08008	0.00824	0.00532	0.00982
1	0.01779	0.10413	0.01925	0.08727	0.08779	0.01538	0.01195	0.09526	0.10092	0.08510	0.02300	0.12626	0.02167	0.15616	0.01345	0.00332	0.00718	0.00947	0.00561	0.00905
2	0.01664	0.01384	0.01973	0.12732	0.20644	0.01472	0.01510	0.14324	0.04764	0.02706	0.06340	0.19602	0.02590	0.01243	0.00810	0.00252	0.00724	0.03745	0.00568	0.00953
3	0.01064	0.00686	0.00869	0.00913	0.00958	0.00659	0.00590	0.01057	0.01262	0.01670	0.07027	0.23190	0.09259	0.25488	0.02345	0.20064	0.00568	0.01312	0.00527	0.00491
4	0.01938	0.02215	0.19233	0.11880	0.08509	0.01813	0.04986	0.22085	0.07293	0.02972	0.01610	0.01892	0.01211	0.00955	0.00937	0.07371	0.00904	0.00658	0.00491	0.01047
5	0.02158	0.26624	0.03031	0.02288	0.17341	0.09534	0.06596	0.04678	0.07197	0.09069	0.01541	0.01715	0.01225	0.00744	0.00710	0.00206	0.03249	0.00592	0.00451	0.01052
6	0.01418	0.01334	0.01955	0.32277	0.09947	0.04886	0.01632	0.01767	0.01436	0.01903	0.01743	0.11069	0.01650	0.01835	0.13104	0.00421	0.09566	0.00856	0.00393	0.00805
7	0.11083	0.01098	0.01045	0.01057	0.01211	0.07944	0.00757	0.01459	0.01432	0.01995	0.06072	0.16225	0.08985	0.21318	0.01778	0.06478	0.00656	0.08260	0.00541	0.00607
8	0.01832	0.08328	0.01876	0.01669	0.07428	0.13535	0.01186	0.10490	0.12272	0.02402	0.02210	0.13771	0.02108	0.07358	0.09839	0.00390	0.00952	0.00918	0.00537	0.00898

[dist]
# distance from previous block
# <min> <max>
1	3

[block]
# block no. 5 follows, 27 sequences, length 20
# corresponding to MSA columns:
# 152-171
name=unknown_F
#
# <colnr> <probs for GDERKNQSTAVLIFYWHMCP>
#	G	D	E	R	K	N	Q	S	T	A	V	L	I	F	Y	W	H	M	C	P
0	0.01687	0.01191	0.01786	0.31837	0.06915	0.01317	0.01468	0.02138	0.05504	0.13182	0.04662	0.03258	0.02005	0.13185	0.01281	0.00330	0.00806	0.06068	0.00522	0.00859
1	0.00973	0.00716	0.00840	0.00888	0.01045	0.00638	0.00643	0.01070	0.01508	0.01871	0.05478	0.21006	0.39342	0.02109	0.01250	0.13726	0.00453	0.05247	0.00626	0.00572
2	0.01414	0.01170	0.01167	0.01134	0.01364	0.07847	0.00846	0.06128	0.05626	0.05016	0.11024	0.21772	0.20303	0.06185	0.01043	0.00288	0.00578	0.05676	0.00673	0.00746
3	0.01653	0.02403	0.21323	0.09810	0.07693	0.01808	0.39611	0.02317	0.01673	0.02326	0.01433	0.01876	0.01067	0.00660	0.00810	0.00244	0.01163	0.00756	0.00354	0.01019
4	0.01171	0.00899	0.01171	0.01301	0.08160	0.00877	0.00813	0.01519	0.05721	0.02388	0.32406	0.07391	0.09450	0.21607	0.01665	0.00372	0.00528	0.01213	0.00650	0.00700
5	0.06615	0.01008	0.01158	0.01078	0.01327	0.01005	0.00799	0.08183	0.05897	0.09891	0.14399	0.21277	0.12064	0.10479	0.01190	0.00312	0.00526	0.01303	0.00700	0.00789
6	0.01822	0.00912	0.01190	0.01086	0.01354	0.00824	0.00820	0.02041	0.01766	0.25932	0.13959	0.19024	0.08590	0.11854	0.01268	0.00324	0.00541	0.05100	0.00756	0.00836
7	0.00920	0.00661	0.00894	0.01050	0.01102	0.00635	0.00713	0.01063	0.01399	0.01878	0.03882	0.66413	0.04606	0.02648	0.07912	0.00390	0.00586	0.01980	0.00660	0.00609
8	0.14309	0.01094	0.01242	0.01127	0.01462	0.01082	0.00884	0.08471	0.01869	0.17742	0.07907	0.19285	0.13553	0.01459	0.00792	0.00256	0.00540	0.05342	0.00717	0.00865
9	0.06411	0.00824	0.00942	0.00978	0.01127	0.00823	0.00704	0.01452	0.05643	0.02219	0.11834	0.22490	0.11474	0.16317	0.01434	0.00358	0.00511	0.07629	0.06179	0.00651
10	0.01325	0.00763	0.00932	0.00950	0.01063	0.00734	0.00653	0.01473	0.01407	0.08949	0.03013	0.22860	0.03204	0.29687	0.01963	0.00439	0.00571	0.06510	0.12870	0.00633
11	0.01289	0.00645	0.00967	0.00967	0.00967	0.00645	0.00645	0.00967	0.00967	0.01289	0.01289	0.02257	0.01289	0.02579	0.02901	0.78401	0.00645	0.00645	0.00322	0.00322
12	0.06510	0.00998	0.01156	0.01101	0.01312	0.01055	0.00820	0.09446	0.08198	0.02370	0.02994	0.16501	0.10881	0.02150	0.08566	0.17619	0.00700	0.01069	0.05847	0.00706
13	0.13602	0.00877	0.00972	0.00982	0.01201	0.00855	0.00727	0.01564	0.01527	0.09248	0.03964	0.28435	0.16703	0.06608	0.01008	0.00296	0.00493	0.05122	0.05110	0.00708
14	0.01151	0.00863	0.01030	0.01046	0.01180	0.00880	0.00726	0.01663	0.13623	0.02275	0.19207	0.28568	0.04435	0.18107	0.01536	0.00371	0.00505	0.01459	0.00678	0.00696
15	0.05517	0.00779	0.00909	0.00911	0.01063	0.00774	0.00652	0.01269	0.01477	0.02099	0.13915	0.11941	0.18754	0.17297	0.14233	0.00516	0.00753	0.01227	0.05294	0.00620
16	0.01262	0.00846	0.01182	0.01157	0.01328	0.00910	0.00889	0.01494	0.01381	0.08558	0.03057	0.14515	0.10582	0.03965	0.41490	0.00805	0.04248	0.01088	0.00529	0.00715
17	0.00942	0.00693	0.00892	0.01037	0.01131	0.00643	0.00742	0.01111	0.01506	0.01960	0.04612	0.53568	0.14966	0.02216	0.00948	0.00299	0.00458	0.10970	0.00688	0.00618
18	0.01068	0.00729	0.00812	0.00836	0.01011	0.00670	0.00618	0.01311	0.01645	0.02304	0.13516	0.13766	0.27507	0.05774	0.00968	0.00267	0.00410	0.05157	0.20990	0.00644
19	0.02078	0.01667	0.02393	0.13583	0.20075	0.01774	0.05925	0.22452	0.04959	0.07123	0.08691	0.02318	0.01860	0.00862	0.00764	0.00231	0.00821	0.00761	0.00574	0.01092

[dist]
# distance from previous block
# <min> <max>
5	34

[block]
# block no. 6 follows, 27 sequences, length 168
# corresponding to MSA columns:
# 207-283,285-318,327-341,343-384
name=unknown_G
#
# <colnr> <probs for GDERKNQSTAVLIFYWHMCP>
#	G	D	E	R	K	N	Q	S	T	A	V	L	I	F	Y	W	H	M	C	P
0	0.01820	0.14719	0.03118	0.11223	0.24409	0.01955	0.13966	0.06159	0.01724	0.02350	0.01345	0.01731	0.01096	0.00682	0.00751	0.00211	0.03109	0.00633	0.00384	0.08615
1	0.02364	0.02656	0.02563	0.05218	0.02711	0.35368	0.15600	0.11906	0.02140	0.02421	0.01343	0.01598	0.01054	0.00729	0.00716	0.00203	0.01144	0.00596	0.00437	0.09234
2	0.00931	0.00753	0.00834	0.00864	0.01078	0.00656	0.00657	0.01146	0.01707	0.02113	0.12798	0.13763	0.49582	0.01908	0.00900	0.00264	0.00412	0.08297	0.00701	0.00638
3	0.02221	0.01658	0.02820	0.03553	0.44578	0.01599	0.08834	0.02641	0.01811	0.20133	0.01811	0.02036	0.01345	0.00725	0.00753	0.00226	0.00856	0.00707	0.00513	0.01180
4	0.02019	0.01604	0.02381	0.09683	0.12241	0.01698	0.12212	0.03178	0.29965	0.13390	0.02342	0.02387	0.01718	0.00852	0.00770	0.00243	0.00789	0.00786	0.00618	0.01123
5	0.01080	0.00720	0.00810	0.00810	0.00810	0.00720	0.00450	0.01080	0.01080	0.01439	0.02339	0.04858	0.02699	0.73910	0.03779	0.00720	0.00720	0.01080	0.00450	0.00450
6	0.02079	0.65849	0.03676	0.01347	0.01952	0.11105	0.01290	0.02312	0.01580	0.01755	0.01046	0.01209	0.00953	0.00651	0.00500	0.00163	0.00859	0.00407	0.00325	0.00942
7	0.01539	0.01319	0.01539	0.01100	0.01759	0.00990	0.00880	0.01869	0.01539	0.02419	0.01319	0.01539	0.01100	0.00550	0.00550	0.00110	0.00550	0.00440	0.00440	0.78449
8	0.01076	0.00732	0.00873	0.00873	0.00895	0.00754	0.00529	0.01120	0.01098	0.01486	0.02281	0.04538	0.02560	0.62628	0.14871	0.00798	0.00929	0.01033	0.00441	0.00485
9	0.01903	0.05754	0.53038	0.01915	0.02884	0.01630	0.02336	0.02619	0.01685	0.16846	0.01665	0.01761	0.01134	0.00749	0.00706	0.00231	0.00986	0.00586	0.00444	0.01128
10	0.00912	0.00728	0.00780	0.00811	0.00988	0.00636	0.00570	0.01062	0.01555	0.01904	0.06156	0.18675	0.47911	0.12394	0.01310	0.00328	0.00436	0.01593	0.00655	0.00597
11	0.00904	0.00646	0.00861	0.01034	0.01077	0.00603	0.00689	0.01034	0.01421	0.01895	0.04092	0.73426	0.04910	0.02326	0.00948	0.00301	0.00431	0.02110	0.00689	0.00603
12	0.26893	0.17389	0.20850	0.01654	0.02345	0.08742	0.08083	0.02333	0.01528	0.02494	0.01173	0.01394	0.00919	0.00683	0.00592	0.00215	0.00904	0.00496	0.00375	0.00940
13	0.00953	0.00726	0.00877	0.00900	0.01065	0.00650	0.00652	0.01190	0.01782	0.02361	0.30947	0.24297	0.27198	0.01856	0.00895	0.00257	0.00380	0.01624	0.00740	0.00650
14	0.02356	0.01979	0.08819	0.01621	0.02208	0.01888	0.01426	0.32779	0.10859	0.10105	0.01885	0.01914	0.01370	0.00873	0.00835	0.00220	0.05877	0.00653	0.00648	0.11686
15	0.01518	0.01305	0.01544	0.01278	0.01668	0.01321	0.01015	0.04976	0.13413	0.02537	0.09557	0.05573	0.09304	0.01079	0.00981	0.00210	0.12002	0.00835	0.00568	0.29318
16	0.24386	0.16442	0.07517	0.01447	0.02029	0.06405	0.01304	0.23656	0.05120	0.03281	0.01400	0.01500	0.01071	0.00765	0.00602	0.00212	0.00787	0.00525	0.00522	0.01028
17	0.07959	0.01338	0.01724	0.01330	0.01899	0.01222	0.01099	0.08493	0.02179	0.60586	0.02722	0.02387	0.01729	0.00903	0.00729	0.00229	0.00643	0.00719	0.00877	0.01235
18	0.02172	0.01934	0.01850	0.01602	0.02056	0.10245	0.01258	0.17606	0.45902	0.03296	0.02525	0.02381	0.01889	0.00953	0.00742	0.00238	0.00728	0.00758	0.00708	0.01156
19	0.01743	0.01982	0.09105	0.02722	0.24038	0.08540	0.11084	0.02475	0.12710	0.02496	0.09234	0.02662	0.06101	0.00895	0.00773	0.00232	0.00866	0.00821	0.00497	0.01027
20	0.10052	0.01626	0.02295	0.20019	0.31029	0.05882	0.01813	0.02284	0.04633	0.05200	0.04191	0.02248	0.01503	0.00805	0.00722	0.00233	0.00851	0.03178	0.00439	0.00996
21	0.01716	0.15276	0.36962	0.02022	0.02875	0.01961	0.12405	0.07420	0.04521	0.02494	0.04451	0.01818	0.01325	0.00744	0.00706	0.00224	0.00993	0.00632	0.00399	0.01055
22	0.00877	0.00752	0.00752	0.00752	0.01003	0.00627	0.00564	0.01065	0.01692	0.02005	0.07520	0.07144	0.68978	0.01880	0.00877	0.00251	0.00376	0.01567	0.00689	0.00627
23	0.01790	0.01821	0.03421	0.07132	0.45217	0.01795	0.23092	0.02293	0.01701	0.02386	0.01427	0.01897	0.01152	0.00654	0.00781	0.00231	0.01006	0.00731	0.00368	0.01104
24	0.01819	0.01745	0.02979	0.07472	0.66511	0.01759	0.02269	0.02262	0.01681	0.02403	0.01393	0.01843	0.01168	0.00665	0.00735	0.00222	0.00887	0.00661	0.00366	0.01161
25	0.10749	0.01280	0.01661	0.01287	0.01850	0.01147	0.01063	0.03477	0.02041	0.63291	0.02743	0.02398	0.01737	0.00896	0.00718	0.00230	0.00626	0.00713	0.00874	0.01218
26	0.01061	0.00795	0.01193	0.01193	0.01326	0.00928	0.00928	0.01326	0.01193	0.01723	0.01988	0.02916	0.01856	0.05568	0.70968	0.01193	0.01988	0.00795	0.00398	0.00663
27	0.01402	0.01319	0.02227	0.72126	0.05113	0.01649	0.02062	0.01897	0.01484	0.01897	0.01319	0.01979	0.00990	0.00742	0.00742	0.00247	0.00990	0.00660	0.00330	0.00825
28	0.01255	0.01143	0.01748	0.04619	0.01824	0.01345	0.07515	0.01460	0.01359	0.01905	0.02652	0.38782	0.03024	0.01740	0.01441	0.00302	0.25218	0.01427	0.00518	0.00723
29	0.01223	0.00950	0.01409	0.01812	0.12816	0.00938	0.01238	0.01523	0.01626	0.02166	0.03549	0.25280	0.03928	0.01893	0.00955	0.00310	0.00647	0.36362	0.00632	0.00744
30	0.02822	0.02079	0.02228	0.01708	0.02302	0.02302	0.01411	0.66804	0.03490	0.04679	0.01782	0.01782	0.01262	0.00891	0.00743	0.00223	0.00817	0.00668	0.00743	0.01262
31	0.00922	0.00659	0.00882	0.01054	0.01105	0.00618	0.00720	0.01065	0.01439	0.01915	0.04082	0.69421	0.04871	0.02309	0.00952	0.00304	0.00446	0.05938	0.00689	0.00608
32	0.01774	0.01699	0.02899	0.14344	0.59985	0.01747	0.02247	0.02223	0.01661	0.02349	0.01385	0.01858	0.01149	0.00673	0.00736	0.00224	0.00898	0.00661	0.00362	0.01125
33	0.01064	0.00781	0.01119	0.01119	0.01225	0.00888	0.00835	0.01278	0.01171	0.01668	0.02057	0.03293	0.02020	0.18833	0.57927	0.01101	0.01742	0.00851	0.00408	0.00621
34	0.01624	0.01624	0.02274	0.01949	0.01949	0.02274	0.01624	0.01787	0.01137	0.01787	0.00975	0.01624	0.00975	0.01299	0.02436	0.00325	0.72552	0.00650	0.00325	0.00812
35	0.01539	0.01319	0.01539	0.01100	0.01759	0.00990	0.00880	0.01869	0.01539	0.02419	0.01319	0.01539	0.01100	0.00550	0.00550	0.00110	0.00550	0.00440	0.00440	0.78449
36	0.01985	0.74357	0.03890	0.01270	0.01905	0.02937	0.01270	0.02223	0.01508	0.01747	0.01032	0.01191	0.00953	0.00635	0.00476	0.00159	0.00794	0.00397	0.00318	0.00953
37	0.01670	0.01593	0.02710	0.30597	0.44550	0.01720	0.02195	0.02131	0.01611	0.02222	0.01367	0.01892	0.01104	0.00693	0.00738	0.00231	0.00923	0.00661	0.00353	0.01041
38	0.02773	0.03538	0.02104	0.01913	0.02295	0.70930	0.01434	0.02964	0.02104	0.01817	0.01148	0.01339	0.00956	0.00765	0.00669	0.00191	0.01339	0.00478	0.00383	0.00861
39	0.01420	0.01182	0.01405	0.01059	0.01600	0.00919	0.00836	0.01755	0.01677	0.02556	0.17866	0.02520	0.02546	0.00787	0.00630	0.00140	0.00501	0.00661	0.00532	0.59409
40	0.02773	0.03538	0.02104	0.01913	0.02295	0.70930	0.01434	0.02964	0.02104	0.01817	0.01148	0.01339	0.00956	0.00765	0.00669	0.00191	0.01339	0.00478	0.00383	0.00861
41	0.01985	0.74357	0.03890	0.01270	0.01905	0.02937	0.01270	0.02223	0.01508	0.01747	0.01032	0.01191	0.00953	0.00635	0.00476	0.00159	0.00794	0.00397	0.00318	0.00953
42	0.01601	0.01392	0.01698	0.01482	0.08384	0.01157	0.01048	0.02131	0.08645	0.02493	0.01509	0.01700	0.01232	0.00610	0.00590	0.00136	0.00586	0.00504	0.00466	0.62636
43	0.01843	0.06853	0.24018	0.01713	0.02384	0.01923	0.01714	0.10036	0.35473	0.02945	0.02220	0.02178	0.01649	0.00874	0.00721	0.00238	0.00790	0.00700	0.00584	0.01145
44	0.02669	0.01379	0.02064	0.01629	0.02159	0.01284	0.10615	0.09400	0.02133	0.41422	0.02787	0.03423	0.02113	0.01076	0.00815	0.00252	0.00749	0.12128	0.00780	0.01122
45	0.14207	0.01434	0.01722	0.01340	0.01901	0.01391	0.01107	0.14718	0.02245	0.48527	0.02449	0.02202	0.01585	0.00881	0.00704	0.00228	0.00657	0.00683	0.00821	0.01197
46	0.03331	0.01263	0.01723	0.01321	0.01895	0.01091	0.01091	0.03618	0.02125	0.69794	0.02929	0.02527	0.01838	0.00919	0.00747	0.00230	0.00632	0.00747	0.00919	0.01263
47	0.01662	0.01587	0.02423	0.12988	0.27423	0.01880	0.01847	0.02164	0.07941	0.02174	0.01516	0.04965	0.01348	0.00997	0.01329	0.00267	0.25378	0.00737	0.00399	0.00976
48	0.01080	0.00720	0.00810	0.00810	0.00810	0.00720	0.00450	0.01080	0.01080	0.01439	0.02339	0.04858	0.02699	0.73910	0.03779	0.00720	0.00720	0.01080	0.00450	0.00450
49	0.00985	0.00780	0.00901	0.00938	0.01158	0.00697	0.00749	0.01235	0.01752	0.02194	0.14911	0.07251	0.43548	0.01876	0.00916	0.00272	0.00453	0.18026	0.00705	0.00652
50	0.00957	0.00683	0.00921	0.01093	0.01159	0.00648	0.00780	0.01124	0.01473	0.01954	0.04063	0.61760	0.04796	0.02276	0.00961	0.00309	0.00476	0.13260	0.00688	0.00617
51	0.00956	0.00790	0.00843	0.00823	0.01065	0.00695	0.00619	0.01260	0.04636	0.02257	0.20238	0.06619	0.53060	0.01766	0.00872	0.00247	0.00380	0.01488	0.00719	0.00666
52	0.10019	0.01443	0.01639	0.01381	0.01868	0.01519	0.01104	0.03638	0.34433	0.30468	0.02789	0.02517	0.01947	0.00940	0.00723	0.00241	0.00604	0.00758	0.00793	0.01175
53	0.01837	0.01764	0.03013	0.04557	0.69279	0.01764	0.02278	0.02278	0.01690	0.02425	0.01396	0.01837	0.01176	0.00661	0.00735	0.00220	0.00882	0.00661	0.00367	0.01176
54	0.03331	0.01263	0.01723	0.01321	0.01895	0.01091	0.01091	0.03618	0.02125	0.69794	0.02929	0.02527	0.01838	0.00919	0.00747	0.00230	0.00632	0.00747	0.00919	0.01263
55	0.01061	0.00795	0.01193	0.01193	0.01326	0.00928	0.00928	0.01326	0.01193	0.01723	0.01988	0.02916	0.01856	0.05568	0.70968	0.01193	0.01988	0.00795	0.00398	0.00663
56	0.01721	0.01865	0.03831	0.12768	0.16343	0.01825	0.45731	0.02294	0.01704	0.02322	0.01457	0.01968	0.01117	0.00648	0.00831	0.00244	0.01146	0.00806	0.00368	0.01010
57	0.02751	0.01417	0.01724	0.01406	0.01923	0.01419	0.01134	0.05954	0.27084	0.42271	0.02924	0.02593	0.01980	0.00951	0.00750	0.00238	0.00621	0.00779	0.00851	0.01230
58	0.00904	0.00646	0.00861	0.01034	0.01077	0.00603	0.00689	0.01034	0.01421	0.01895	0.04092	0.73426	0.04910	0.02326	0.00948	0.00301	0.00431	0.02110	0.00689	0.00603
59	0.01846	0.01595	0.01679	0.01511	0.01930	0.01846	0.01175	0.03945	0.67938	0.03105	0.03022	0.02770	0.02266	0.01007	0.00755	0.00252	0.00588	0.00839	0.00755	0.01175
60	0.02240	0.51424	0.03312	0.01478	0.02032	0.24955	0.01323	0.02463	0.01701	0.01769	0.01069	0.01239	0.00954	0.00677	0.00539	0.00169	0.00970	0.00423	0.00339	0.00923
61	0.01641	0.24526	0.43546	0.01763	0.02679	0.02011	0.02119	0.02265	0.01547	0.02178	0.01242	0.01453	0.00960	0.00669	0.00622	0.00200	0.00952	0.00493	0.00327	0.08808
62	0.01262	0.01048	0.01411	0.01669	0.14013	0.01031	0.01036	0.01814	0.10641	0.02629	0.31266	0.10629	0.15778	0.01421	0.00840	0.00242	0.00493	0.01253	0.00691	0.00832
63	0.02828	0.01468	0.01766	0.01381	0.01879	0.01458	0.01109	0.25197	0.02448	0.37276	0.02445	0.02606	0.01763	0.11482	0.01184	0.00298	0.00709	0.00768	0.00790	0.01145
64	0.01598	0.01519	0.02580	0.41752	0.33957	0.01701	0.02159	0.02068	0.01577	0.02134	0.01354	0.01915	0.01073	0.00706	0.00739	0.00235	0.00941	0.00661	0.00347	0.00983
65	0.01972	0.01851	0.09742	0.02563	0.18670	0.01666	0.11147	0.12925	0.01996	0.09460	0.02050	0.03049	0.01766	0.01013	0.00911	0.00256	0.05300	0.12075	0.00534	0.01055
66	0.02773	0.03538	0.02104	0.01913	0.02295	0.70930	0.01434	0.02964	0.02104	0.01817	0.01148	0.01339	0.00956	0.00765	0.00669	0.00191	0.01339	0.00478	0.00383	0.00861
67	0.01061	0.00795	0.01193	0.01193	0.01326	0.00928	0.00928	0.01326	0.01193	0.01723	0.01988	0.02916	0.01856	0.05568	0.70968	0.01193	0.01988	0.00795	0.00398	0.00663
68	0.01835	0.03266	0.53789	0.02036	0.03018	0.01620	0.06378	0.02579	0.01678	0.14422	0.01628	0.01766	0.01112	0.00739	0.00723	0.00235	0.01023	0.00604	0.00426	0.01121
69	0.01774	0.01699	0.02899	0.14344	0.59985	0.01747	0.02247	0.02223	0.01661	0.02349	0.01385	0.01858	0.01149	0.00673	0.00736	0.00224	0.00898	0.00661	0.00362	0.01125
70	0.01062	0.00788	0.01156	0.01156	0.01275	0.00908	0.00881	0.01302	0.01182	0.01696	0.02023	0.03106	0.01938	0.12254	0.64395	0.01147	0.01864	0.00823	0.00403	0.00642
71	0.79154	0.01436	0.01091	0.00976	0.01436	0.01665	0.00804	0.02182	0.01263	0.03331	0.01034	0.01206	0.00804	0.00689	0.00459	0.00230	0.00574	0.00402	0.00459	0.00804
72	0.02773	0.03538	0.02104	0.01913	0.02295	0.70930	0.01434	0.02964	0.02104	0.01817	0.01148	0.01339	0.00956	0.00765	0.00669	0.00191	0.01339	0.00478	0.00383	0.00861
73	0.01539	0.01319	0.01539	0.01100	0.01759	0.00990	0.00880	0.01869	0.01539	0.02419	0.01319	0.01539	0.01100	0.00550	0.00550	0.00110	0.00550	0.00440	0.00440	0.78449
74	0.01985	0.74357	0.03890	0.01270	0.01905	0.02937	0.01270	0.02223	0.01508	0.01747	0.01032	0.01191	0.00953	0.00635	0.00476	0.00159	0.00794	0.00397	0.00318	0.00953
75	0.79154	0.01436	0.01091	0.00976	0.01436	0.01665	0.00804	0.02182	0.01263	0.03331	0.01034	0.01206	0.00804	0.00689	0.00459	0.00230	0.00574	0.00402	0.00459	0.00804
76	0.01600	0.01318	0.01546	0.01107	0.01764	0.00993	0.00887	0.01929	0.01559	0.04713	0.01374	0.01573	0.01125	0.00562	0.00556	0.00114	0.00553	0.00450	0.00456	0.75821
77	0.66499	0.01467	0.01213	0.01064	0.01531	0.01680	0.00871	0.05072	0.06632	0.06357	0.01306	0.01412	0.00984	0.00733	0.00507	0.00231	0.00588	0.00463	0.00515	0.00873
78	0.12829	0.01407	0.01401	0.01340	0.01682	0.08195	0.01109	0.07113	0.07538	0.02617	0.02951	0.04885	0.06702	0.01386	0.00807	0.00265	0.00704	0.28052	0.00608	0.08412
79	0.01196	0.00854	0.01196	0.01367	0.01538	0.00854	0.01196	0.01538	0.01709	0.02222	0.03931	0.08374	0.04272	0.02051	0.01025	0.00342	0.00684	0.64283	0.00684	0.00684
80	0.01837	0.01764	0.03013	0.04557	0.69279	0.01764	0.02278	0.02278	0.01690	0.02425	0.01396	0.01837	0.01176	0.00661	0.00735	0.00220	0.00882	0.00661	0.00367	0.01176
81	0.00959	0.00755	0.00865	0.00837	0.01053	0.00661	0.00628	0.01223	0.01884	0.02461	0.36264	0.06395	0.39951	0.01710	0.00877	0.00243	0.00364	0.01462	0.00749	0.00661
82	0.79154	0.01436	0.01091	0.00976	0.01436	0.01665	0.00804	0.02182	0.01263	0.03331	0.01034	0.01206	0.00804	0.00689	0.00459	0.00230	0.00574	0.00402	0.00459	0.00804
83	0.00934	0.00763	0.00831	0.00840	0.01072	0.00660	0.00647	0.01161	0.01753	0.02168	0.16037	0.07036	0.53528	0.01845	0.00892	0.00257	0.00403	0.07821	0.00707	0.00643
84	0.79154	0.01436	0.01091	0.00976	0.01436	0.01665	0.00804	0.02182	0.01263	0.03331	0.01034	0.01206	0.00804	0.00689	0.00459	0.00230	0.00574	0.00402	0.00459	0.00804
85	0.00904	0.00646	0.00861	0.01034	0.01077	0.00603	0.00689	0.01034	0.01421	0.01895	0.04092	0.73426	0.04910	0.02326	0.00948	0.00301	0.00431	0.02110	0.00689	0.00603
86	0.01539	0.01319	0.01539	0.01100	0.01759	0.00990	0.00880	0.01869	0.01539	0.02419	0.01319	0.01539	0.01100	0.00550	0.00550	0.00110	0.00550	0.00440	0.00440	0.78449
87	0.01710	0.01520	0.02359	0.49124	0.15452	0.01776	0.01991	0.12677	0.01850	0.02445	0.01409	0.01923	0.01066	0.00753	0.00741	0.00239	0.00943	0.00661	0.00404	0.00956
88	0.01061	0.00712	0.00815	0.00834	0.00838	0.00707	0.00475	0.01075	0.01116	0.01488	0.02526	0.12181	0.02935	0.66265	0.03476	0.00675	0.00689	0.01190	0.00475	0.00466
89	0.00904	0.00646	0.00861	0.01034	0.01077	0.00603	0.00689	0.01034	0.01421	0.01895	0.04092	0.73426	0.04910	0.02326	0.00948	0.00301	0.00431	0.02110	0.00689	0.00603
90	0.01013	0.00757	0.00941	0.00895	0.01086	0.00685	0.00671	0.01329	0.02013	0.02768	0.55664	0.05890	0.20359	0.01596	0.00876	0.00237	0.00356	0.01391	0.00790	0.00685
91	0.01935	0.35735	0.28662	0.01663	0.02466	0.02373	0.01851	0.12933	0.01858	0.02459	0.01270	0.01431	0.00999	0.00704	0.00607	0.00198	0.00912	0.00499	0.00386	0.01059
92	0.01483	0.03051	0.48989	0.02348	0.13815	0.01582	0.02370	0.02201	0.01665	0.02454	0.11129	0.02188	0.01858	0.00816	0.00735	0.00232	0.00953	0.00682	0.00395	0.01053
93	0.12227	0.11796	0.09130	0.05065	0.24837	0.14261	0.01739	0.02510	0.05475	0.04350	0.01385	0.01632	0.01110	0.00715	0.00652	0.00213	0.00912	0.00561	0.00408	0.01023
94	0.02136	0.02517	0.01765	0.01645	0.01934	0.44880	0.01246	0.02355	0.01765	0.01782	0.01460	0.01926	0.01291	0.02552	0.26830	0.00564	0.01581	0.00596	0.00388	0.00787
95	0.01752	0.02003	0.04380	0.03129	0.03880	0.01877	0.66583	0.02378	0.01752	0.02378	0.01502	0.02003	0.01126	0.00626	0.00876	0.00250	0.01252	0.00876	0.00375	0.01001
96	0.00930	0.00711	0.00854	0.00910	0.01058	0.00635	0.00648	0.01134	0.01682	0.02197	0.21033	0.33453	0.28132	0.01972	0.00905	0.00267	0.00392	0.01731	0.00720	0.00635
97	0.00997	0.00694	0.00865	0.00931	0.00981	0.00665	0.00600	0.01117	0.01413	0.01915	0.15021	0.35191	0.04444	0.29416	0.02012	0.00448	0.00526	0.01581	0.00621	0.00562
98	0.00920	0.00754	0.00811	0.00797	0.01029	0.00645	0.00597	0.01148	0.01792	0.02243	0.22548	0.06753	0.53802	0.01791	0.00877	0.00246	0.00370	0.01512	0.00721	0.00645
99	0.00904	0.00646	0.00861	0.01034	0.01077	0.00603	0.00689	0.01034	0.01421	0.01895	0.04092	0.73426	0.04910	0.02326	0.00948	0.00301	0.00431	0.02110	0.00689	0.00603
100	0.02315	0.01661	0.01763	0.01409	0.01880	0.01807	0.01145	0.45376	0.05251	0.03987	0.02513	0.02535	0.08049	0.00987	0.00712	0.00217	0.00673	0.00767	0.15867	0.01085
101	0.00996	0.00681	0.00819	0.00910	0.00977	0.00645	0.00595	0.01119	0.01373	0.01874	0.03826	0.41109	0.10865	0.21086	0.01647	0.00394	0.00493	0.01637	0.08379	0.00574
102	0.01059	0.00711	0.00816	0.00837	0.00842	0.00706	0.00479	0.01074	0.01121	0.01494	0.02550	0.13095	0.02965	0.65311	0.03438	0.00669	0.00685	0.01203	0.00479	0.00468
103	0.01367	0.00944	0.01044	0.00958	0.01056	0.00981	0.00609	0.11930	0.01478	0.01974	0.02247	0.04350	0.02462	0.61856	0.03277	0.00638	0.00736	0.01012	0.00498	0.00584
104	0.00917	0.00670	0.00840	0.00969	0.01039	0.00618	0.00647	0.01043	0.01429	0.01867	0.04446	0.56556	0.14516	0.09261	0.01214	0.00335	0.00451	0.01926	0.00666	0.00592
105	0.00971	0.00738	0.00832	0.00830	0.00986	0.00666	0.00578	0.01148	0.01622	0.02095	0.20904	0.10854	0.33204	0.19463	0.01592	0.00365	0.00458	0.01431	0.00662	0.00600
106	0.00920	0.00667	0.00843	0.00976	0.01039	0.00618	0.00649	0.01042	0.01417	0.01860	0.04316	0.58141	0.12370	0.09917	0.01241	0.00340	0.00455	0.01935	0.00664	0.00589
107	0.00904	0.00646	0.00861	0.01034	0.01077	0.00603	0.00689	0.01034	0.01421	0.01895	0.04092	0.73426	0.04910	0.02326	0.00948	0.00301	0.00431	0.02110	0.00689	0.00603
108	0.01007	0.00750	0.00896	0.00863	0.01030	0.00683	0.00621	0.01255	0.01819	0.02454	0.40915	0.05875	0.23448	0.13569	0.01355	0.00319	0.00418	0.01361	0.00721	0.00639
109	0.01019	0.00732	0.00914	0.00910	0.01034	0.00683	0.00636	0.01249	0.01749	0.02409	0.39842	0.16517	0.10777	0.16492	0.01481	0.00345	0.00441	0.01431	0.00711	0.00627
110	0.01083	0.00760	0.00889	0.00917	0.01118	0.00667	0.00676	0.01277	0.01667	0.06809	0.10014	0.27080	0.37772	0.01933	0.00896	0.00268	0.00422	0.04367	0.00714	0.00671
111	0.01539	0.01319	0.01539	0.01100	0.01759	0.00990	0.00880	0.01869	0.01539	0.02419	0.01319	0.01539	0.01100	0.00550	0.00550	0.00110	0.00550	0.00440	0.00440	0.78449
112	0.13082	0.01207	0.01408	0.01316	0.01651	0.01252	0.01082	0.14743	0.02011	0.12945	0.02963	0.15897	0.02916	0.01500	0.00833	0.00279	0.00645	0.22682	0.00699	0.00889
113	0.01216	0.00916	0.01272	0.01154	0.01419	0.00830	0.07136	0.01523	0.04080	0.07473	0.11593	0.24659	0.30379	0.01740	0.00882	0.00262	0.00502	0.01539	0.00692	0.00734
114	0.01080	0.00720	0.00810	0.00810	0.00810	0.00720	0.00450	0.01080	0.01080	0.01439	0.02339	0.04858	0.02699	0.73910	0.03779	0.00720	0.00720	0.01080	0.00450	0.00450
115	0.00921	0.00712	0.00798	0.00854	0.00994	0.00635	0.00585	0.01058	0.01499	0.01872	0.05515	0.28324	0.36744	0.14395	0.01398	0.00348	0.00453	0.01660	0.00648	0.00589
116	0.01333	0.00855	0.01019	0.00965	0.01155	0.00878	0.00729	0.07740	0.01613	0.02342	0.05775	0.03537	0.14365	0.02360	0.15591	0.14405	0.00790	0.00892	0.22991	0.00664
117	0.01048	0.00771	0.01110	0.01127	0.01233	0.00869	0.00841	0.01265	0.01200	0.01703	0.02241	0.10072	0.02266	0.14284	0.55236	0.01043	0.01668	0.00962	0.00433	0.00629
118	0.01061	0.00795	0.01193	0.01193	0.01326	0.00928	0.00928	0.01326	0.01193	0.01723	0.01988	0.02916	0.01856	0.05568	0.70968	0.01193	0.01988	0.00795	0.00398	0.00663
119	0.01568	0.01632	0.03121	0.36747	0.04294	0.01805	0.28683	0.02085	0.01561	0.02085	0.01361	0.01954	0.01045	0.00749	0.00963	0.00256	0.08099	0.00748	0.00348	0.00896
120	0.01691	0.01630	0.02462	0.30587	0.17747	0.04234	0.08174	0.02582	0.18403	0.02360	0.01778	0.02128	0.01365	0.00782	0.00754	0.00241	0.00903	0.00720	0.00452	0.01007
121	0.01744	0.01979	0.04251	0.03056	0.03761	0.01902	0.62584	0.02342	0.01714	0.02342	0.01469	0.01979	0.01117	0.00667	0.00972	0.00255	0.05641	0.00862	0.00372	0.00990
122	0.01790	0.01678	0.02835	0.07357	0.62182	0.01693	0.02160	0.02227	0.01673	0.02423	0.01456	0.01901	0.01212	0.00678	0.00722	0.00219	0.00854	0.00663	0.05147	0.01130
123	0.01953	0.02101	0.02810	0.08856	0.31280	0.17850	0.13574	0.02359	0.01766	0.02228	0.01489	0.04286	0.01261	0.00752	0.00744	0.00222	0.01026	0.00709	0.03731	0.01001
124	0.01051	0.00780	0.01124	0.01130	0.01249	0.00883	0.00855	0.01279	0.01206	0.01708	0.02295	0.05760	0.04407	0.12752	0.58742	0.01077	0.01739	0.00900	0.00424	0.00636
125	0.10898	0.01469	0.01690	0.01383	0.01897	0.01516	0.01119	0.09753	0.23478	0.34730	0.02644	0.02392	0.01810	0.00920	0.00718	0.00236	0.00629	0.00732	0.00800	0.01186
126	0.02466	0.01625	0.01861	0.01416	0.02015	0.01587	0.01156	0.28025	0.06792	0.18420	0.01974	0.01937	0.01405	0.00797	0.00683	0.00191	0.00676	0.00625	0.00687	0.25663
127	0.02415	0.02817	0.01895	0.01729	0.02093	0.48421	0.01310	0.07297	0.09277	0.02185	0.01935	0.07332	0.03893	0.01001	0.00725	0.00216	0.01096	0.02982	0.00493	0.00889
128	0.79154	0.01436	0.01091	0.00976	0.01436	0.01665	0.00804	0.02182	0.01263	0.03331	0.01034	0.01206	0.00804	0.00689	0.00459	0.00230	0.00574	0.00402	0.00459	0.00804
129	0.01102	0.00840	0.01022	0.00962	0.01173	0.00801	0.00726	0.01598	0.08479	0.02839	0.52932	0.05522	0.16147	0.01524	0.00864	0.00238	0.00377	0.01328	0.00791	0.00735
130	0.01319	0.01165	0.01894	0.29077	0.10155	0.01327	0.03843	0.01689	0.01487	0.01991	0.02225	0.14547	0.02227	0.01780	0.09333	0.00384	0.04190	0.10121	0.00453	0.00792
131	0.00981	0.00719	0.00920	0.00948	0.01086	0.00658	0.00681	0.01236	0.01820	0.02494	0.39575	0.29110	0.13346	0.01837	0.00901	0.00259	0.00381	0.01633	0.00759	0.00658
132	0.01639	0.16349	0.46688	0.01862	0.02762	0.01966	0.02215	0.02591	0.12514	0.02365	0.01556	0.01697	0.01162	0.00742	0.00672	0.00224	0.00958	0.00569	0.00387	0.01084
