[name]
unknown

[dist]
# distance from previous block
# <min> <max>
0	57

[block]
# block no. 0 follows, 32 sequences, length 160
# corresponding to MSA columns:
# 57-216
name=unknown_A
#
# <colnr> <probs for GDERKNQSTAVLIFYWHMCP>
#	G	D	E	R	K	N	Q	S	T	A	V	L	I	F	Y	W	H	M	C	P
0	0.00937	0.00669	0.00915	0.01071	0.01162	0.00648	0.00830	0.01140	0.01402	0.01846	0.03632	0.45060	0.04177	0.01990	0.00888	0.00289	0.00493	0.31652	0.00621	0.00578
1	0.01661	0.01594	0.02724	0.04119	0.72233	0.01594	0.02059	0.02059	0.01528	0.02192	0.01262	0.01661	0.01063	0.00598	0.00664	0.00199	0.00797	0.00598	0.00332	0.01063
2	0.01267	0.01193	0.02013	0.74806	0.04621	0.01491	0.01863	0.01714	0.01342	0.01714	0.01193	0.01789	0.00894	0.00671	0.00671	0.00224	0.00894	0.00596	0.00298	0.00745
3	0.00900	0.00738	0.00805	0.00796	0.00981	0.02490	0.00589	0.01121	0.01656	0.02136	0.31398	0.12913	0.37892	0.01588	0.00794	0.00224	0.00359	0.01363	0.00660	0.00595
4	0.02734	0.02268	0.01746	0.01487	0.01911	0.40822	0.01156	0.02947	0.01910	0.33784	0.01765	0.01696	0.01225	0.00754	0.00637	0.00189	0.00921	0.00542	0.00565	0.00943
5	0.02857	0.01176	0.01553	0.01213	0.01717	0.01064	0.00995	0.03304	0.09841	0.64687	0.02657	0.02309	0.01705	0.00840	0.00676	0.00210	0.00566	0.00684	0.00814	0.01133
6	0.01391	0.01193	0.01391	0.00994	0.01590	0.00894	0.00795	0.01690	0.01391	0.02186	0.01193	0.01391	0.00994	0.00497	0.00497	0.00099	0.00497	0.00398	0.00398	0.80521
7	0.02286	0.01788	0.02139	0.02006	0.14036	0.01995	0.01429	0.51266	0.02655	0.03609	0.01475	0.01605	0.01101	0.00808	0.00829	0.00211	0.08501	0.00601	0.00574	0.01085
8	0.01543	0.01605	0.01923	0.01679	0.01737	0.11131	0.01374	0.01704	0.01146	0.01612	0.01006	0.01569	0.00970	0.01555	0.10199	0.00368	0.57266	0.00582	0.00308	0.00724
9	0.01166	0.00583	0.00874	0.00874	0.00874	0.00583	0.00583	0.00874	0.00874	0.01166	0.01166	0.02040	0.01166	0.02331	0.02622	0.80478	0.00583	0.00583	0.00291	0.00291
10	0.01063	0.00748	0.01040	0.01168	0.01312	0.00760	0.00995	0.01354	0.01470	0.01969	0.03282	0.10241	0.03520	0.02170	0.09246	0.00387	0.00724	0.52874	0.05063	0.00612
11	0.00833	0.00596	0.00792	0.00924	0.00977	0.00555	0.00624	0.00972	0.01355	0.01825	0.11514	0.67846	0.04655	0.02018	0.00849	0.00265	0.00381	0.01828	0.00636	0.00555
12	0.04873	0.45045	0.02805	0.01346	0.01847	0.22365	0.01189	0.09988	0.01711	0.01951	0.01040	0.01175	0.00889	0.00635	0.00506	0.00161	0.00850	0.00408	0.00352	0.00865
13	0.01661	0.01594	0.02724	0.04119	0.72233	0.01594	0.02059	0.02059	0.01528	0.02192	0.01262	0.01661	0.01063	0.00598	0.00664	0.00199	0.00797	0.00598	0.00332	0.01063
14	0.00896	0.00649	0.00863	0.01001	0.01090	0.00615	0.00748	0.01079	0.01396	0.01835	0.05889	0.48907	0.09283	0.01979	0.00870	0.00278	0.00450	0.20977	0.00625	0.00570
15	0.11224	0.06110	0.01713	0.03951	0.01883	0.10026	0.01117	0.13672	0.37580	0.02813	0.01988	0.01939	0.01503	0.00807	0.00625	0.00210	0.00664	0.00621	0.00574	0.00980
16	0.81159	0.01298	0.00986	0.00882	0.01298	0.01505	0.00727	0.01972	0.01142	0.03010	0.00934	0.01090	0.00727	0.00623	0.00415	0.00208	0.00519	0.00363	0.00415	0.00727
17	0.01270	0.01243	0.02070	0.14575	0.08177	0.01365	0.15323	0.01602	0.01447	0.01961	0.10916	0.03071	0.16257	0.01046	0.01056	0.00236	0.16326	0.00879	0.00429	0.00751
18	0.00961	0.00709	0.01029	0.01029	0.01131	0.00812	0.00777	0.01166	0.01064	0.01521	0.01843	0.02887	0.01786	0.15247	0.63694	0.01017	0.01633	0.00756	0.00366	0.00572
19	0.03010	0.01142	0.01557	0.01194	0.01713	0.00986	0.00986	0.03270	0.01920	0.72698	0.02647	0.02284	0.01661	0.00830	0.00675	0.00208	0.00571	0.00675	0.00830	0.01142
20	0.01391	0.01193	0.01391	0.00994	0.01590	0.00894	0.00795	0.01690	0.01391	0.02186	0.01193	0.01391	0.00994	0.00497	0.00497	0.00099	0.00497	0.00398	0.00398	0.80521
21	0.01438	0.01367	0.02320	0.44197	0.33899	0.01536	0.01948	0.01864	0.01422	0.01921	0.01223	0.01733	0.00967	0.00639	0.00668	0.00213	0.00852	0.00597	0.00313	0.00883
22	0.01633	0.01230	0.01433	0.01083	0.01632	0.01042	0.00865	0.02208	0.13710	0.10704	0.01637	0.01694	0.01259	0.00609	0.00551	0.00135	0.00512	0.00494	0.00499	0.57070
23	0.02367	0.01743	0.01886	0.01464	0.01957	0.01915	0.01202	0.62118	0.03011	0.04052	0.09666	0.02001	0.01736	0.00870	0.00685	0.00202	0.00690	0.00674	0.00679	0.01083
24	0.01913	0.01490	0.01646	0.01245	0.01787	0.01454	0.01011	0.31853	0.06385	0.03134	0.01505	0.01595	0.01148	0.00668	0.00584	0.00154	0.00599	0.00518	0.03364	0.37947
25	0.81159	0.01298	0.00986	0.00882	0.01298	0.01505	0.00727	0.01972	0.01142	0.03010	0.00934	0.01090	0.00727	0.00623	0.00415	0.00208	0.00519	0.00363	0.00415	0.00727
26	0.01391	0.01193	0.01391	0.00994	0.01590	0.00894	0.00795	0.01690	0.01391	0.02186	0.01193	0.01391	0.00994	0.00497	0.00497	0.00099	0.00497	0.00398	0.00398	0.80521
27	0.01439	0.01426	0.02000	0.01723	0.01730	0.01987	0.01433	0.01591	0.01030	0.01612	0.00932	0.01534	0.00926	0.01391	0.06228	0.00338	0.71062	0.00595	0.00297	0.00726
28	0.06111	0.01555	0.02585	0.07995	0.64361	0.01583	0.01973	0.02035	0.01495	0.02211	0.01240	0.01636	0.01034	0.00603	0.00651	0.00201	0.00787	0.00585	0.00335	0.01026
29	0.01311	0.01006	0.01325	0.01523	0.11186	0.01025	0.00985	0.15513	0.01723	0.02321	0.02915	0.46244	0.03247	0.01608	0.00795	0.00249	0.00532	0.05155	0.00592	0.00746
30	0.01227	0.01119	0.01736	0.54249	0.03679	0.01344	0.01553	0.01769	0.08500	0.01835	0.02054	0.09019	0.07368	0.00913	0.00699	0.00229	0.00764	0.00802	0.00395	0.00744
31	0.01346	0.03471	0.72942	0.01912	0.02904	0.01558	0.02479	0.02125	0.01417	0.02125	0.01204	0.01417	0.00850	0.00637	0.00637	0.00212	0.00992	0.00496	0.00283	0.00992
32	0.01615	0.00977	0.01014	0.00883	0.01146	0.01033	0.00695	0.20733	0.01897	0.02985	0.02027	0.02252	0.01558	0.00788	0.00526	0.00169	0.00432	0.00619	0.57881	0.00770
33	0.00828	0.00627	0.00765	0.00844	0.00957	0.00564	0.00590	0.00988	0.01443	0.01876	0.13931	0.45137	0.25262	0.01880	0.00828	0.00250	0.00364	0.01663	0.00639	0.00564
34	0.01391	0.01193	0.01391	0.00994	0.01590	0.00894	0.00795	0.01690	0.01391	0.02186	0.01193	0.01391	0.00994	0.00497	0.00497	0.00099	0.00497	0.00398	0.00398	0.80521
35	0.00818	0.00584	0.00779	0.00934	0.00973	0.00545	0.00623	0.00934	0.01285	0.01713	0.03698	0.75981	0.04438	0.02102	0.00856	0.00273	0.00389	0.01908	0.00623	0.00545
36	0.01744	0.00853	0.01127	0.01001	0.01288	0.00765	0.00788	0.02005	0.01762	0.29487	0.24689	0.12595	0.07863	0.01281	0.00750	0.00223	0.00448	0.06226	0.04291	0.00813
37	0.00844	0.00658	0.00766	0.00789	0.00950	0.00580	0.00573	0.01042	0.01574	0.02038	0.24533	0.23126	0.36720	0.01705	0.00808	0.00233	0.00345	0.01479	0.00656	0.00580
38	0.00818	0.00584	0.00779	0.00934	0.00973	0.00545	0.00623	0.00934	0.01285	0.01713	0.03698	0.75981	0.04438	0.02102	0.00856	0.00273	0.00389	0.01908	0.00623	0.00545
39	0.00816	0.00589	0.00773	0.00920	0.00969	0.00546	0.00616	0.00936	0.01298	0.01718	0.03873	0.72070	0.08237	0.02079	0.00853	0.00270	0.00387	0.01880	0.00623	0.00546
40	0.01267	0.01193	0.02013	0.74806	0.04621	0.01491	0.01863	0.01714	0.01342	0.01714	0.01193	0.01789	0.00894	0.00671	0.00671	0.00224	0.00894	0.00596	0.00298	0.00745
41	0.02400	0.14229	0.02143	0.01642	0.02022	0.63077	0.01274	0.02579	0.01821	0.01633	0.01022	0.01190	0.00864	0.00674	0.00579	0.00168	0.01136	0.00421	0.00337	0.00790
42	0.01267	0.01193	0.02013	0.74806	0.04621	0.01491	0.01863	0.01714	0.01342	0.01714	0.01193	0.01789	0.00894	0.00671	0.00671	0.00224	0.00894	0.00596	0.00298	0.00745
43	0.00818	0.00584	0.00779	0.00934	0.00973	0.00545	0.00623	0.00934	0.01285	0.01713	0.03698	0.75981	0.04438	0.02102	0.00856	0.00273	0.00389	0.01908	0.00623	0.00545
44	0.01620	0.01552	0.02649	0.11479	0.65193	0.01583	0.02039	0.02023	0.01508	0.02142	0.01255	0.01674	0.01045	0.00605	0.00665	0.00202	0.00807	0.00598	0.00329	0.01030
45	0.00961	0.00710	0.01034	0.01034	0.01138	0.00815	0.00783	0.01170	0.01065	0.01525	0.01838	0.02862	0.01775	0.14211	0.64715	0.01023	0.01650	0.00752	0.00366	0.00574
46	0.03010	0.01142	0.01557	0.01194	0.01713	0.00986	0.00986	0.03270	0.01920	0.72698	0.02647	0.02284	0.01661	0.00830	0.00675	0.00208	0.00571	0.00675	0.00830	0.01142
47	0.00818	0.00584	0.00779	0.00934	0.00973	0.00545	0.00623	0.00934	0.01285	0.01713	0.03698	0.75981	0.04438	0.02102	0.00856	0.00273	0.00389	0.01908	0.00623	0.00545
48	0.01669	0.01441	0.01517	0.01365	0.01745	0.01669	0.01062	0.03565	0.71021	0.02807	0.02731	0.02503	0.02048	0.00910	0.00683	0.00228	0.00531	0.00759	0.00683	0.01062
49	0.00962	0.00707	0.01017	0.01017	0.01116	0.00806	0.00763	0.01159	0.01060	0.01512	0.01853	0.02945	0.01812	0.17597	0.61379	0.01003	0.01595	0.00764	0.00368	0.00565
50	0.01618	0.40684	0.10949	0.11413	0.02322	0.02183	0.03858	0.02092	0.07825	0.01798	0.01176	0.01412	0.00982	0.00687	0.00705	0.00189	0.08428	0.00483	0.00327	0.00867
51	0.01346	0.03471	0.72942	0.01912	0.02904	0.01558	0.02479	0.02125	0.01417	0.02125	0.01204	0.01417	0.00850	0.00637	0.00637	0.00212	0.00992	0.00496	0.00283	0.00992
52	0.01307	0.00841	0.01031	0.00930	0.01158	0.00823	0.00714	0.04161	0.08996	0.09253	0.47843	0.04092	0.04743	0.01186	0.00728	0.00206	0.00377	0.01028	0.09841	0.00742
53	0.01582	0.01482	0.02500	0.03726	0.62582	0.01482	0.01926	0.01968	0.01530	0.02167	0.01574	0.02466	0.01444	0.00769	0.00700	0.00214	0.00773	0.09742	0.00371	0.01002
54	0.01012	0.00805	0.01283	0.01271	0.01433	0.00791	0.08734	0.01261	0.01380	0.01842	0.03137	0.35058	0.03497	0.02219	0.10246	0.00383	0.00732	0.23742	0.00555	0.00618
55	0.00793	0.00680	0.00680	0.00680	0.00906	0.00566	0.00510	0.00963	0.01529	0.01813	0.06797	0.06457	0.71961	0.01699	0.00793	0.00227	0.00340	0.01416	0.00623	0.00566
56	0.00973	0.00664	0.00876	0.00890	0.01016	0.00612	0.00642	0.01212	0.01669	0.04788	0.43850	0.31555	0.05456	0.01627	0.00812	0.00234	0.00353	0.01455	0.00698	0.00618
57	0.01107	0.00883	0.01275	0.09847	0.08461	0.00897	0.01164	0.01416	0.01517	0.01958	0.03634	0.06145	0.15239	0.01571	0.00849	0.00274	0.00618	0.41925	0.00555	0.00666
58	0.01496	0.01669	0.03595	0.02611	0.03216	0.01565	0.61867	0.02010	0.01549	0.02099	0.01626	0.10312	0.01410	0.00742	0.00799	0.00232	0.01046	0.00920	0.00372	0.00864
59	0.01408	0.01337	0.02267	0.49468	0.28857	0.01528	0.01934	0.01838	0.01408	0.01886	0.01218	0.01743	0.00955	0.00645	0.00668	0.00215	0.00860	0.00597	0.00310	0.00859
60	0.01016	0.00911	0.00896	0.00967	0.01088	0.08945	0.00678	0.01166	0.01452	0.01800	0.09258	0.47931	0.17795	0.01803	0.00810	0.00247	0.00468	0.01586	0.00600	0.00583
61	0.00904	0.00684	0.00833	0.00796	0.00974	0.00614	0.00597	0.01177	0.01791	0.02433	0.52793	0.05436	0.25578	0.01468	0.00792	0.00216	0.00323	0.01273	0.00705	0.00614
62	0.01617	0.01563	0.02706	0.11312	0.62228	0.01588	0.05065	0.02028	0.01511	0.02141	0.01259	0.01681	0.01044	0.00604	0.00671	0.00203	0.00822	0.00606	0.00329	0.01023
63	0.00922	0.00685	0.00859	0.00815	0.00986	0.00621	0.00611	0.01213	0.01834	0.02537	0.60473	0.05265	0.17834	0.01429	0.00792	0.00214	0.00321	0.01249	0.00718	0.00621
64	0.01794	0.76823	0.03516	0.01148	0.01722	0.02655	0.01148	0.02009	0.01363	0.01579	0.00933	0.01076	0.00861	0.00574	0.00431	0.00144	0.00718	0.00359	0.00287	0.00861
65	0.47503	0.10548	0.01562	0.01177	0.01589	0.24187	0.00953	0.02197	0.01404	0.02419	0.00966	0.01126	0.00785	0.00639	0.00476	0.00189	0.00758	0.00384	0.00379	0.00758
66	0.01658	0.01601	0.02763	0.04077	0.70026	0.01598	0.04234	0.02062	0.01530	0.02191	0.01265	0.01665	0.01061	0.00597	0.00668	0.00200	0.00808	0.00604	0.00332	0.01058
67	0.00992	0.00772	0.00911	0.00861	0.01063	0.00736	0.00650	0.01453	0.09832	0.02472	0.46613	0.05103	0.23211	0.01405	0.00779	0.00217	0.00348	0.01214	0.00702	0.00665
68	0.01267	0.01193	0.02013	0.74806	0.04621	0.01491	0.01863	0.01714	0.01342	0.01714	0.01193	0.01789	0.00894	0.00671	0.00671	0.00224	0.00894	0.00596	0.00298	0.00745
69	0.01669	0.01441	0.01517	0.01365	0.01745	0.01669	0.01062	0.03565	0.71021	0.02807	0.02731	0.02503	0.02048	0.00910	0.00683	0.00228	0.00531	0.00759	0.00683	0.01062
70	0.01743	0.68414	0.11474	0.01236	0.01858	0.02529	0.01301	0.02022	0.01369	0.01641	0.00964	0.01115	0.00860	0.00581	0.00454	0.00151	0.00749	0.00374	0.00287	0.00876
71	0.01292	0.01152	0.01662	0.09934	0.07896	0.03676	0.10359	0.01671	0.03928	0.02071	0.04629	0.03389	0.16833	0.01028	0.00779	0.00214	0.04994	0.05714	0.14484	0.04297
72	0.01443	0.01061	0.01189	0.09465	0.01659	0.01198	0.00898	0.02490	0.33011	0.02550	0.02321	0.02421	0.01774	0.00827	0.00589	0.00196	0.00479	0.00683	0.34909	0.00837
73	0.00965	0.00693	0.00945	0.00945	0.01019	0.00767	0.00673	0.01113	0.01039	0.01459	0.01919	0.03309	0.01970	0.32426	0.46766	0.00914	0.01357	0.00817	0.00378	0.00525
74	0.01391	0.01193	0.01391	0.00994	0.01590	0.00894	0.00795	0.01690	0.01391	0.02186	0.01193	0.01391	0.00994	0.00497	0.00497	0.00099	0.00497	0.00398	0.00398	0.80521
75	0.01428	0.00842	0.01047	0.00993	0.01226	0.00796	0.00742	0.01831	0.09884	0.17847	0.15776	0.28727	0.13170	0.01493	0.00775	0.00236	0.00427	0.01306	0.00697	0.00758
76	0.81159	0.01298	0.00986	0.00882	0.01298	0.01505	0.00727	0.01972	0.01142	0.03010	0.00934	0.01090	0.00727	0.00623	0.00415	0.00208	0.00519	0.00363	0.00415	0.00727
77	0.00906	0.00636	0.00752	0.00800	0.00842	0.00615	0.00499	0.00969	0.01137	0.01494	0.03122	0.26371	0.10990	0.42706	0.04811	0.00502	0.00576	0.01301	0.00496	0.00474
78	0.01081	0.00772	0.01081	0.01236	0.01390	0.00772	0.01081	0.01390	0.01545	0.02008	0.03553	0.07569	0.03862	0.01854	0.00927	0.00309	0.00618	0.67717	0.00618	0.00618
79	0.01794	0.76823	0.03516	0.01148	0.01722	0.02655	0.01148	0.02009	0.01363	0.01579	0.00933	0.01076	0.00861	0.00574	0.00431	0.00144	0.00718	0.00359	0.00287	0.00861
80	0.00976	0.00728	0.00913	0.00859	0.01036	0.00686	0.00646	0.01369	0.05756	0.02620	0.62288	0.04998	0.11839	0.01374	0.00785	0.00213	0.00331	0.01206	0.00725	0.00651
81	0.00895	0.00684	0.00821	0.00787	0.00969	0.00610	0.00590	0.01160	0.01770	0.02383	0.49061	0.05519	0.29341	0.01487	0.00792	0.00216	0.00325	0.01285	0.00698	0.00610
82	0.02355	0.01750	0.01978	0.01556	0.01992	0.02000	0.01285	0.51868	0.05100	0.07571	0.01580	0.01655	0.01156	0.00876	0.00941	0.00219	0.13826	0.00611	0.00614	0.01067
83	0.00801	0.00649	0.00712	0.00762	0.00928	0.00559	0.00547	0.00954	0.01450	0.01780	0.05791	0.29028	0.50040	0.01830	0.00814	0.00241	0.00356	0.01576	0.00623	0.00559
84	0.01548	0.29683	0.31887	0.01490	0.02185	0.01936	0.01663	0.02298	0.13670	0.02071	0.04531	0.01645	0.01310	0.00695	0.00577	0.00190	0.00781	0.00524	0.00375	0.00941
85	0.01510	0.01441	0.02452	0.31150	0.46378	0.01555	0.01984	0.01927	0.01457	0.02009	0.01236	0.01710	0.00998	0.00626	0.00667	0.00209	0.00834	0.00597	0.00319	0.00941
86	0.01827	0.01471	0.01574	0.01344	0.01744	0.01653	0.01065	0.22566	0.42397	0.03174	0.08988	0.02618	0.04663	0.00951	0.00693	0.00218	0.00565	0.00779	0.00682	0.01028
87	0.15944	0.02511	0.01926	0.02115	0.17574	0.45140	0.01368	0.02419	0.01687	0.02002	0.01069	0.01290	0.00885	0.00659	0.00585	0.00185	0.00998	0.00457	0.00355	0.00833
88	0.01411	0.03059	0.56821	0.02290	0.11880	0.01577	0.09347	0.02119	0.01448	0.02136	0.01227	0.01488	0.00895	0.00625	0.00657	0.00212	0.00981	0.00539	0.00295	0.00992
89	0.01736	0.01914	0.01802	0.01785	0.08455	0.27435	0.01280	0.01923	0.01395	0.01648	0.01219	0.01799	0.01139	0.06752	0.14159	0.00404	0.23505	0.00582	0.00335	0.00735
90	0.00971	0.00663	0.00767	0.00777	0.00807	0.00662	0.00477	0.01012	0.01053	0.01391	0.02487	0.04652	0.06835	0.63633	0.06229	0.00621	0.00680	0.05411	0.00432	0.00439
91	0.01267	0.01193	0.02013	0.74806	0.04621	0.01491	0.01863	0.01714	0.01342	0.01714	0.01193	0.01789	0.00894	0.00671	0.00671	0.00224	0.00894	0.00596	0.00298	0.00745
92	0.00912	0.00666	0.00878	0.01013	0.01119	0.00632	0.00778	0.01107	0.01412	0.01835	0.04043	0.41722	0.12906	0.01958	0.00874	0.00280	0.00468	0.26201	0.00621	0.00575
93	0.00851	0.00608	0.00817	0.00973	0.01027	0.00574	0.00682	0.00993	0.01318	0.01751	0.03680	0.67185	0.04364	0.02070	0.00865	0.00277	0.00419	0.10369	0.00622	0.00554
94	0.00942	0.00694	0.00971	0.01014	0.01118	0.00748	0.00767	0.01141	0.01180	0.01621	0.02620	0.15441	0.06408	0.11582	0.42075	0.00767	0.01231	0.08657	0.00451	0.00570
95	0.01794	0.76823	0.03516	0.01148	0.01722	0.02655	0.01148	0.02009	0.01363	0.01579	0.00933	0.01076	0.00861	0.00574	0.00431	0.00144	0.00718	0.00359	0.00287	0.00861
96	0.01497	0.01279	0.01375	0.01217	0.01588	0.01392	0.00945	0.02920	0.50842	0.02641	0.09201	0.02940	0.08252	0.00972	0.00681	0.00211	0.00491	0.00814	0.00650	0.10089
97	0.01661	0.01594	0.02724	0.04119	0.72233	0.01594	0.02059	0.02059	0.01528	0.02192	0.01262	0.01661	0.01063	0.00598	0.00664	0.00199	0.00797	0.00598	0.00332	0.01063
98	0.81159	0.01298	0.00986	0.00882	0.01298	0.01505	0.00727	0.01972	0.01142	0.03010	0.00934	0.01090	0.00727	0.00623	0.00415	0.00208	0.00519	0.00363	0.00415	0.00727
99	0.01280	0.01206	0.02036	0.72513	0.06815	0.01494	0.01870	0.01726	0.01348	0.01730	0.01195	0.01785	0.00900	0.00668	0.00671	0.00223	0.00891	0.00596	0.00299	0.00756
100	0.00976	0.00651	0.00732	0.00732	0.00732	0.00651	0.00407	0.00976	0.00976	0.01301	0.02114	0.04391	0.02439	0.76419	0.03415	0.00651	0.00651	0.00976	0.00407	0.00407
101	0.01058	0.00755	0.00927	0.00871	0.01051	0.00737	0.00657	0.01534	0.08817	0.02680	0.56590	0.04460	0.05349	0.01255	0.00742	0.00206	0.00338	0.01097	0.10202	0.00675
102	0.01577	0.01187	0.01410	0.01017	0.01604	0.00905	0.00817	0.01871	0.01452	0.10269	0.01359	0.01494	0.01070	0.00535	0.00517	0.00112	0.00505	0.00429	0.00447	0.71422
103	0.01328	0.01267	0.01788	0.09064	0.01885	0.01682	0.01321	0.01538	0.01239	0.01831	0.14244	0.02332	0.04392	0.01178	0.01734	0.00269	0.51078	0.00733	0.00388	0.00711
104	0.01719	0.01402	0.02310	0.15318	0.26530	0.01355	0.10314	0.02107	0.01530	0.12257	0.01447	0.01736	0.01099	0.00619	0.00648	0.00187	0.00762	0.00592	0.00413	0.17655
105	0.00802	0.00680	0.00692	0.00689	0.00912	0.00570	0.00517	0.00980	0.01550	0.01862	0.10459	0.06376	0.68269	0.01681	0.00793	0.00226	0.00339	0.01405	0.00630	0.00570
106	0.06180	0.08504	0.01807	0.13405	0.02222	0.04893	0.01184	0.09375	0.31313	0.02542	0.01846	0.01899	0.01409	0.00756	0.00616	0.00198	0.00655	0.00601	0.00519	0.10076
107	0.02099	0.15396	0.05914	0.01800	0.13111	0.12040	0.01333	0.14517	0.01875	0.12198	0.01414	0.01517	0.01074	0.00664	0.00591	0.00173	0.00766	0.00508	0.00464	0.12546
108	0.01422	0.07282	0.56926	0.02194	0.11778	0.01631	0.05358	0.02111	0.01435	0.02104	0.01203	0.01446	0.00885	0.00626	0.00636	0.00208	0.00957	0.00514	0.00292	0.00990
109	0.01346	0.03471	0.72942	0.01912	0.02904	0.01558	0.02479	0.02125	0.01417	0.02125	0.01204	0.01417	0.00850	0.00637	0.00637	0.00212	0.00992	0.00496	0.00283	0.00992
110	0.02836	0.01227	0.01596	0.01246	0.01748	0.01131	0.01033	0.12744	0.02077	0.58891	0.02549	0.02485	0.01710	0.00884	0.00688	0.00212	0.00598	0.04437	0.00796	0.01112
111	0.13752	0.01777	0.10009	0.01879	0.14298	0.01698	0.01400	0.18799	0.22103	0.04980	0.01757	0.01799	0.01311	0.00754	0.00631	0.00211	0.00680	0.00602	0.00536	0.01025
112	0.00973	0.00702	0.01019	0.01019	0.01116	0.00798	0.00765	0.01149	0.01053	0.01500	0.01805	0.02844	0.01754	0.14716	0.60066	0.05487	0.01571	0.00747	0.00362	0.00555
113	0.01661	0.01594	0.02724	0.04119	0.72233	0.01594	0.02059	0.02059	0.01528	0.02192	0.01262	0.01661	0.01063	0.00598	0.00664	0.00199	0.00797	0.00598	0.00332	0.01063
114	0.00818	0.00584	0.00779	0.00934	0.00973	0.00545	0.00623	0.00934	0.01285	0.01713	0.03698	0.75981	0.04438	0.02102	0.00856	0.00273	0.00389	0.01908	0.00623	0.00545
115	0.01201	0.00621	0.00643	0.00661	0.00804	0.00616	0.00487	0.01491	0.01393	0.02411	0.02362	0.10924	0.02031	0.00933	0.00513	0.00170	0.00321	0.00772	0.71029	0.00616
116	0.01416	0.01344	0.02281	0.48087	0.30178	0.01530	0.01937	0.01845	0.01412	0.01895	0.01219	0.01740	0.00958	0.00643	0.00668	0.00214	0.00858	0.00597	0.00311	0.00865
117	0.00945	0.00686	0.00890	0.00839	0.00999	0.00631	0.00629	0.01256	0.01887	0.02663	0.69789	0.05059	0.08439	0.01382	0.00791	0.00212	0.00317	0.01220	0.00735	0.00631
118	0.01676	0.01706	0.02291	0.09373	0.45658	0.12055	0.01735	0.02118	0.05834	0.02076	0.01793	0.02073	0.07217	0.00732	0.00668	0.00202	0.00810	0.00654	0.00378	0.00951
119	0.01659	0.10213	0.02845	0.06208	0.58701	0.01717	0.04974	0.02045	0.01505	0.02103	0.01226	0.01605	0.01032	0.00596	0.00643	0.00195	0.00806	0.00579	0.00326	0.01021
120	0.01079	0.00847	0.01000	0.00966	0.01172	0.00852	0.00734	0.01703	0.17093	0.02443	0.35709	0.11988	0.15160	0.01421	0.00782	0.00229	0.00392	0.05032	0.00690	0.00708
121	0.01226	0.00871	0.01148	0.05366	0.09375	0.00838	0.00828	0.01480	0.03673	0.08752	0.13154	0.08733	0.22090	0.17960	0.01342	0.00316	0.00521	0.01088	0.00561	0.00677
122	0.00987	0.00739	0.00908	0.00954	0.01081	0.00732	0.00678	0.01389	0.11666	0.02054	0.17773	0.40327	0.10141	0.01754	0.00911	0.04762	0.00402	0.01478	0.00637	0.00627
123	0.67097	0.01279	0.01167	0.13893	0.01883	0.01503	0.00927	0.01927	0.01177	0.02782	0.00980	0.01213	0.00756	0.00631	0.00460	0.00210	0.00585	0.00404	0.00395	0.00730
124	0.01617	0.01197	0.01605	0.05692	0.14135	0.01028	0.01075	0.01921	0.01512	0.13191	0.02076	0.02182	0.09240	0.00715	0.00598	0.00156	0.00566	0.00604	0.00474	0.40417
125	0.15653	0.01542	0.02418	0.03549	0.59748	0.01579	0.01825	0.02044	0.01460	0.02336	0.01204	0.01560	0.01004	0.00602	0.00620	0.00201	0.00748	0.00557	0.00347	0.01004
126	0.28622	0.02177	0.19892	0.10173	0.06420	0.13834	0.01501	0.02183	0.01434	0.06401	0.01170	0.01379	0.00876	0.00655	0.00564	0.00204	0.00822	0.00468	0.00375	0.00850
127	0.00966	0.00689	0.00831	0.00814	0.00996	0.00612	0.00603	0.01199	0.01678	0.05361	0.35497	0.15868	0.29277	0.01572	0.00796	0.00225	0.00347	0.01364	0.00684	0.00619
128	0.09911	0.01539	0.01577	0.09616	0.02040	0.09883	0.01045	0.11697	0.01691	0.04733	0.01255	0.01445	0.00982	0.00608	0.00552	0.00152	0.00667	0.00460	0.00435	0.39711
129	0.01423	0.00985	0.01411	0.01237	0.01539	0.00951	0.08716	0.01901	0.10509	0.13721	0.09095	0.13643	0.16674	0.01558	0.04889	0.00287	0.00615	0.09446	0.00626	0.00775
130	0.06984	0.01023	0.01339	0.01104	0.01511	0.00914	0.00882	0.02648	0.01750	0.51756	0.05071	0.15713	0.04120	0.01088	0.00699	0.00220	0.00521	0.00916	0.00761	0.00979
131	0.01009	0.00784	0.00941	0.00890	0.01089	0.00764	0.00674	0.01494	0.10662	0.02456	0.45249	0.04862	0.19432	0.01588	0.04883	0.00265	0.00432	0.01170	0.00686	0.00672
132	0.01669	0.01441	0.01517	0.01365	0.01745	0.01669	0.01062	0.03565	0.71021	0.02807	0.02731	0.02503	0.02048	0.00910	0.00683	0.00228	0.00531	0.00759	0.00683	0.01062
133	0.01602	0.01690	0.02035	0.01757	0.01802	0.11270	0.01446	0.01752	0.01140	0.01618	0.00901	0.01435	0.00879	0.01112	0.01997	0.00278	0.65679	0.00567	0.00300	0.00740
134	0.01794	0.76823	0.03516	0.01148	0.01722	0.02655	0.01148	0.02009	0.01363	0.01579	0.00933	0.01076	0.00861	0.00574	0.00431	0.00144	0.00718	0.00359	0.00287	0.00861
135	0.60852	0.01257	0.01135	0.00963	0.01406	0.01370	0.00794	0.02310	0.01344	0.21119	0.01379	0.01400	0.00969	0.00677	0.00483	0.00208	0.00533	0.00444	0.00523	0.00835
136	0.01267	0.01193	0.02013	0.74806	0.04621	0.01491	0.01863	0.01714	0.01342	0.01714	0.01193	0.01789	0.00894	0.00671	0.00671	0.00224	0.00894	0.00596	0.00298	0.00745
137	0.01824	0.01518	0.01605	0.01397	0.01804	0.01741	0.01100	0.15258	0.59076	0.03057	0.02534	0.02346	0.01889	0.00892	0.00681	0.00223	0.00568	0.00731	0.00681	0.01076
138	0.00837	0.00669	0.00731	0.00767	0.00938	0.00587	0.00562	0.00993	0.01440	0.01763	0.05616	0.17125	0.49545	0.08931	0.01064	0.00281	0.00399	0.06598	0.00602	0.00552
139	0.01289	0.01193	0.01903	0.61815	0.04088	0.01386	0.01675	0.01710	0.01350	0.01797	0.01193	0.01719	0.00912	0.00640	0.00640	0.00202	0.00824	0.00561	0.00316	0.14786
140	0.01005	0.00690	0.00936	0.00936	0.01035	0.00766	0.00690	0.01204	0.01104	0.01641	0.01924	0.02998	0.01849	0.19938	0.47662	0.00849	0.01329	0.00761	0.12120	0.00561
141	0.00979	0.00793	0.00917	0.00826	0.01102	0.00660	0.00623	0.01211	0.01564	0.02117	0.21850	0.12844	0.30368	0.01374	0.00729	0.00197	0.00377	0.01177	0.00599	0.19694
142	0.01491	0.03652	0.02315	0.01866	0.01961	0.02031	0.09291	0.01687	0.01101	0.01675	0.00937	0.01496	0.00896	0.01088	0.01990	0.00282	0.64582	0.00604	0.00299	0.00757
143	0.01391	0.01193	0.01391	0.00994	0.01590	0.00894	0.00795	0.01690	0.01391	0.02186	0.01193	0.01391	0.00994	0.00497	0.00497	0.00099	0.00497	0.00398	0.00398	0.80521
144	0.13567	0.27360	0.19305	0.01476	0.04017	0.10182	0.01448	0.07462	0.01582	0.06317	0.01172	0.01304	0.00913	0.00643	0.00537	0.00183	0.00806	0.00445	0.00375	0.00907
145	0.00894	0.00684	0.00820	0.00786	0.00968	0.00609	0.00589	0.01159	0.01768	0.02380	0.48824	0.05524	0.29580	0.01488	0.00792	0.00217	0.00325	0.01285	0.00698	0.00609
146	0.01661	0.01594	0.02724	0.04119	0.72233	0.01594	0.02059	0.02059	0.01528	0.02192	0.01262	0.01661	0.01063	0.00598	0.00664	0.00199	0.00797	0.00598	0.00332	0.01063
147	0.02094	0.01111	0.01611	0.01491	0.09681	0.00987	0.04072	0.02402	0.01801	0.36172	0.20141	0.02803	0.02700	0.00897	0.00691	0.00197	0.00549	0.00782	0.00683	0.09133
148	0.22534	0.02397	0.01694	0.01517	0.01818	0.42229	0.01181	0.02306	0.01549	0.01989	0.00983	0.01226	0.00832	0.00761	0.00844	0.00204	0.14383	0.00442	0.00354	0.00757
149	0.01794	0.76823	0.03516	0.01148	0.01722	0.02655	0.01148	0.02009	0.01363	0.01579	0.00933	0.01076	0.00861	0.00574	0.00431	0.00144	0.00718	0.00359	0.00287	0.00861
150	0.01909	0.01478	0.01563	0.01325	0.01727	0.01665	0.01053	0.25643	0.38704	0.03244	0.02280	0.02203	0.01698	0.00858	0.00650	0.00209	0.00571	0.00688	0.11504	0.01029
151	0.00876	0.00659	0.00814	0.00848	0.00990	0.00597	0.00622	0.01094	0.01600	0.02129	0.30465	0.26207	0.23454	0.01701	0.00818	0.00239	0.00361	0.05269	0.00667	0.00588
152	0.01306	0.01215	0.02034	0.50115	0.19721	0.01406	0.01766	0.01704	0.01378	0.01824	0.01496	0.10264	0.01339	0.00818	0.00691	0.00224	0.00814	0.00747	0.00343	0.00795
153	0.00860	0.00640	0.00776	0.00825	0.00935	0.00583	0.00572	0.01024	0.01455	0.01920	0.20234	0.33440	0.21898	0.10347	0.01118	0.00290	0.00390	0.01513	0.00625	0.00555
154	0.01826	0.62168	0.10005	0.01273	0.01872	0.06657	0.01290	0.05096	0.01480	0.01753	0.00995	0.01141	0.00873	0.00597	0.00471	0.00154	0.00773	0.00387	0.00307	0.00881
155	0.00826	0.00610	0.00773	0.00883	0.00965	0.00557	0.00605	0.00971	0.01384	0.01823	0.10745	0.57609	0.15860	0.01965	0.00840	0.00259	0.00374	0.01759	0.00634	0.00557
156	0.02242	0.02254	0.21706	0.01864	0.10243	0.11319	0.01619	0.14591	0.01952	0.23106	0.01683	0.01705	0.01166	0.00727	0.00653	0.00202	0.00831	0.00570	0.00527	0.01041
157	0.01728	0.09466	0.09957	0.01423	0.01907	0.01796	0.01253	0.09477	0.49509	0.02736	0.02266	0.02148	0.01704	0.00835	0.00651	0.00215	0.00622	0.00673	0.00595	0.01041
158	0.63964	0.01391	0.01291	0.01321	0.09509	0.01575	0.00936	0.08976	0.01393	0.03042	0.01041	0.01209	0.00808	0.00639	0.00470	0.00206	0.00573	0.00415	0.00432	0.00808
159	0.01707	0.01591	0.02549	0.03670	0.60541	0.01628	0.01905	0.05730	0.09577	0.02367	0.01448	0.01755	0.01180	0.00644	0.00667	0.00203	0.00764	0.00617	0.00390	0.01067

[dist]
# distance from previous block
# <min> <max>
0	52

[block]
# block no. 1 follows, 32 sequences, length 61
# corresponding to MSA columns:
# 269-329
name=unknown_B
#
# <colnr> <probs for GDERKNQSTAVLIFYWHMCP>
#	G	D	E	R	K	N	Q	S	T	A	V	L	I	F	Y	W	H	M	C	P
0	0.00896	0.00684	0.00823	0.00788	0.00970	0.00610	0.00591	0.01163	0.01773	0.02391	0.49643	0.05506	0.28755	0.01484	0.00792	0.00216	0.00325	0.01283	0.00699	0.00610
1	0.00954	0.00753	0.01064	0.01355	0.11272	0.00710	0.00820	0.01143	0.01425	0.01918	0.12410	0.48579	0.11548	0.01747	0.00813	0.00249	0.00434	0.01576	0.00596	0.00633
2	0.01540	0.29389	0.38211	0.01772	0.02570	0.01969	0.11737	0.02087	0.01422	0.01934	0.01130	0.01352	0.00878	0.00604	0.00586	0.00190	0.00914	0.00490	0.00293	0.00933
3	0.01212	0.00977	0.01220	0.01119	0.01211	0.01150	0.00828	0.01600	0.12698	0.01829	0.11942	0.03259	0.02460	0.27547	0.05821	0.05160	0.18028	0.00847	0.00465	0.00627
4	0.00863	0.00647	0.00798	0.00845	0.00959	0.00605	0.00595	0.01030	0.01409	0.01858	0.16214	0.31156	0.22203	0.09239	0.08087	0.00363	0.00524	0.01452	0.00597	0.00558
5	0.01639	0.01562	0.02616	0.03867	0.66541	0.01538	0.01957	0.02029	0.01517	0.02192	0.01257	0.01639	0.01057	0.00590	0.00651	0.00191	0.00773	0.00582	0.00337	0.07466
6	0.01011	0.00647	0.00718	0.00718	0.00738	0.00647	0.00415	0.01051	0.01031	0.01454	0.02124	0.04150	0.02348	0.66778	0.03040	0.00588	0.00607	0.00931	0.10571	0.00434
7	0.01615	0.02778	0.46687	0.01925	0.02754	0.01583	0.12135	0.07194	0.07212	0.07477	0.01484	0.01640	0.01051	0.00675	0.00669	0.00215	0.00926	0.00582	0.00391	0.01006
8	0.01344	0.00882	0.01068	0.00901	0.01225	0.00762	0.00700	0.01676	0.03751	0.11405	0.29981	0.03711	0.12531	0.01075	0.00677	0.00182	0.00401	0.00915	0.07051	0.19761
9	0.81159	0.01298	0.00986	0.00882	0.01298	0.01505	0.00727	0.01972	0.01142	0.03010	0.00934	0.01090	0.00727	0.00623	0.00415	0.00208	0.00519	0.00363	0.00415	0.00727
10	0.02550	0.02934	0.01882	0.01672	0.02046	0.62516	0.01270	0.07752	0.01997	0.07561	0.01210	0.01326	0.00949	0.00711	0.00616	0.00178	0.01123	0.00465	0.00409	0.00834
11	0.00950	0.00691	0.00918	0.01046	0.01145	0.00676	0.00791	0.01225	0.04727	0.01917	0.07623	0.46411	0.04251	0.01923	0.00867	0.00278	0.00465	0.22866	0.00631	0.00598
12	0.01728	0.00824	0.01046	0.00903	0.01182	0.00750	0.00708	0.02024	0.01773	0.26296	0.29526	0.03407	0.03499	0.01028	0.00664	0.00195	0.00401	0.00871	0.22371	0.00803
13	0.01066	0.00755	0.01031	0.01163	0.01295	0.00755	0.00984	0.01330	0.01462	0.01906	0.03345	0.07109	0.03656	0.12634	0.01287	0.00358	0.00623	0.58068	0.00587	0.00587
14	0.00915	0.00685	0.00849	0.00808	0.00981	0.00618	0.00606	0.01199	0.01817	0.02495	0.57404	0.05334	0.20928	0.01445	0.00792	0.00214	0.00322	0.01259	0.00713	0.00618
15	0.01542	0.01331	0.01396	0.01266	0.01624	0.01510	0.00982	0.03189	0.60975	0.02663	0.03319	0.03075	0.12156	0.01024	0.00699	0.00227	0.00503	0.00854	0.00674	0.00990
16	0.51691	0.01329	0.01365	0.01435	0.11650	0.01454	0.00985	0.02305	0.06944	0.13192	0.01380	0.01463	0.01020	0.00673	0.00511	0.00208	0.00568	0.00475	0.00486	0.00864
17	0.81159	0.01298	0.00986	0.00882	0.01298	0.01505	0.00727	0.01972	0.01142	0.03010	0.00934	0.01090	0.00727	0.00623	0.00415	0.00208	0.00519	0.00363	0.00415	0.00727
18	0.01462	0.01416	0.01970	0.14496	0.02260	0.01901	0.01479	0.01914	0.11202	0.01805	0.01203	0.01674	0.01052	0.01048	0.01714	0.00272	0.51386	0.00614	0.00351	0.00783
19	0.02522	0.02728	0.01941	0.01663	0.02077	0.48213	0.01289	0.26650	0.02348	0.02563	0.01241	0.01353	0.00963	0.00732	0.00629	0.00183	0.01042	0.00493	0.00462	0.00907
20	0.01555	0.01039	0.01728	0.01365	0.01721	0.00950	0.16128	0.01914	0.01834	0.18332	0.40574	0.03684	0.04095	0.01070	0.00765	0.00214	0.00555	0.00998	0.00670	0.00808
21	0.81159	0.01298	0.00986	0.00882	0.01298	0.01505	0.00727	0.01972	0.01142	0.03010	0.00934	0.01090	0.00727	0.00623	0.00415	0.00208	0.00519	0.00363	0.00415	0.00727
22	0.01267	0.01193	0.02013	0.74806	0.04621	0.01491	0.01863	0.01714	0.01342	0.01714	0.01193	0.01789	0.00894	0.00671	0.00671	0.00224	0.00894	0.00596	0.00298	0.00745
23	0.00950	0.00686	0.00897	0.00844	0.01002	0.00633	0.00633	0.01266	0.01899	0.02691	0.71879	0.05012	0.06331	0.01372	0.00791	0.00211	0.00317	0.01213	0.00739	0.00633
24	0.81159	0.01298	0.00986	0.00882	0.01298	0.01505	0.00727	0.01972	0.01142	0.03010	0.00934	0.01090	0.00727	0.00623	0.00415	0.00208	0.00519	0.00363	0.00415	0.00727
25	0.01486	0.01261	0.01545	0.05114	0.11872	0.01369	0.01123	0.07892	0.32021	0.02594	0.11419	0.07343	0.09984	0.01058	0.00714	0.00222	0.00548	0.00910	0.00610	0.00916
26	0.00829	0.00681	0.00730	0.00718	0.00928	0.00582	0.00538	0.01033	0.01615	0.02015	0.21816	0.06124	0.56816	0.01624	0.00793	0.00223	0.00334	0.01369	0.00650	0.00582
27	0.01525	0.01032	0.01235	0.01081	0.01364	0.01050	0.00845	0.13537	0.10993	0.10092	0.38927	0.07314	0.04261	0.01206	0.00751	0.00216	0.00453	0.02575	0.00721	0.00823
28	0.01891	0.01792	0.07713	0.01676	0.01945	0.05393	0.01458	0.18929	0.01698	0.07481	0.01225	0.01547	0.00999	0.00991	0.01505	0.00252	0.41604	0.00583	0.00429	0.00888
29	0.01149	0.01018	0.01520	0.22712	0.17096	0.01066	0.01224	0.01437	0.01434	0.01870	0.08661	0.03719	0.22360	0.10668	0.01065	0.00273	0.00634	0.00935	0.00450	0.00708
30	0.01545	0.30475	0.39245	0.01837	0.08072	0.01973	0.04181	0.02078	0.01411	0.01929	0.01113	0.01323	0.00877	0.00608	0.00568	0.00186	0.00879	0.00463	0.00290	0.00946
31	0.01503	0.01410	0.02263	0.32206	0.34796	0.01563	0.01836	0.02138	0.11500	0.02088	0.01446	0.01834	0.01137	0.00672	0.00670	0.00213	0.00798	0.00620	0.00369	0.00935
32	0.01642	0.01685	0.01976	0.05395	0.10901	0.12381	0.01407	0.02002	0.06928	0.01876	0.01162	0.01542	0.01013	0.00886	0.01328	0.00227	0.34400	0.00552	0.00353	0.12344
33	0.01075	0.05598	0.01143	0.00930	0.01223	0.00815	0.00735	0.01311	0.01495	0.02029	0.13420	0.17010	0.18955	0.01359	0.00721	0.00205	0.00445	0.09594	0.00559	0.21376
34	0.81159	0.01298	0.00986	0.00882	0.01298	0.01505	0.00727	0.01972	0.01142	0.03010	0.00934	0.01090	0.00727	0.00623	0.00415	0.00208	0.00519	0.00363	0.00415	0.00727
35	0.21320	0.01439	0.01548	0.01247	0.01726	0.01531	0.01020	0.22475	0.12325	0.25748	0.01949	0.01835	0.01344	0.00785	0.00613	0.00209	0.00602	0.00592	0.00663	0.01031
36	0.01101	0.01221	0.11655	0.01235	0.01503	0.00941	0.09644	0.01362	0.01251	0.01744	0.10786	0.03452	0.02415	0.35602	0.12757	0.00540	0.00888	0.00875	0.00416	0.00612
37	0.01600	0.52620	0.06104	0.01131	0.01611	0.02072	0.01115	0.01868	0.01398	0.01784	0.01485	0.02213	0.01404	0.00789	0.00517	0.00172	0.00665	0.10137	0.10514	0.00802
38	0.01130	0.00895	0.00971	0.00922	0.01162	0.00873	0.00695	0.11161	0.07330	0.02263	0.08164	0.20124	0.38631	0.01576	0.00780	0.00232	0.00422	0.01340	0.00640	0.00688
39	0.00887	0.00683	0.00810	0.00778	0.00964	0.00606	0.00584	0.01145	0.01751	0.02340	0.45848	0.05590	0.32581	0.01503	0.00792	0.00217	0.00326	0.01295	0.00692	0.00606
40	0.01701	0.01579	0.01932	0.01647	0.01815	0.04352	0.01350	0.11942	0.15926	0.02242	0.01376	0.01696	0.01161	0.01050	0.01612	0.00263	0.46444	0.00620	0.00431	0.00863
41	0.00867	0.00656	0.00801	0.00822	0.00966	0.00589	0.00594	0.01085	0.01620	0.02163	0.33944	0.25266	0.24841	0.01671	0.00810	0.00233	0.00344	0.01466	0.00673	0.00589
42	0.01464	0.01370	0.02191	0.39346	0.27967	0.01553	0.01816	0.02103	0.11481	0.02040	0.01439	0.01847	0.01120	0.00680	0.00670	0.00216	0.00808	0.00620	0.00366	0.00903
43	0.01794	0.76823	0.03516	0.01148	0.01722	0.02655	0.01148	0.02009	0.01363	0.01579	0.00933	0.01076	0.00861	0.00574	0.00431	0.00144	0.00718	0.00359	0.00287	0.00861
44	0.02467	0.01855	0.10916	0.01596	0.02191	0.03860	0.07892	0.29443	0.02314	0.27721	0.01881	0.01829	0.01267	0.00767	0.00678	0.00206	0.00764	0.00628	0.00636	0.01089
45	0.01447	0.01405	0.02339	0.26478	0.33045	0.03290	0.07965	0.01850	0.01500	0.02026	0.06219	0.04207	0.03796	0.00752	0.00695	0.00213	0.00811	0.00716	0.00367	0.00878
46	0.54657	0.10488	0.01506	0.01170	0.03606	0.15291	0.00923	0.02113	0.01323	0.02560	0.00963	0.01128	0.00778	0.00629	0.00460	0.00193	0.00681	0.00383	0.00385	0.00762
47	0.05915	0.08087	0.02122	0.01927	0.12298	0.23245	0.01373	0.10869	0.01749	0.08916	0.01252	0.01466	0.01002	0.00791	0.00931	0.00208	0.16011	0.00524	0.00419	0.00896
48	0.01656	0.01783	0.14250	0.01788	0.12060	0.03538	0.01405	0.08382	0.27346	0.05934	0.07479	0.02545	0.07097	0.00891	0.00685	0.00215	0.00660	0.00745	0.00558	0.00984
49	0.00976	0.00651	0.00732	0.00732	0.00732	0.00651	0.00407	0.00976	0.00976	0.01301	0.02114	0.04391	0.02439	0.76419	0.03415	0.00651	0.00651	0.00976	0.00407	0.00407
50	0.02497	0.01199	0.01478	0.01170	0.01633	0.01132	0.00955	0.14090	0.05454	0.45532	0.03064	0.02791	0.11758	0.00954	0.00686	0.00209	0.00556	0.00773	0.03028	0.01040
51	0.01669	0.01441	0.01517	0.01365	0.01745	0.01669	0.01062	0.03565	0.71021	0.02807	0.02731	0.02503	0.02048	0.00910	0.00683	0.00228	0.00531	0.00759	0.00683	0.01062
52	0.01177	0.01059	0.01734	0.49014	0.09077	0.01242	0.01542	0.01530	0.01341	0.01752	0.01880	0.21962	0.01872	0.01054	0.00721	0.00235	0.00749	0.00953	0.00389	0.00716
53	0.01465	0.00929	0.01092	0.01002	0.01272	0.00895	0.00785	0.12497	0.01829	0.12557	0.09521	0.17223	0.22963	0.01443	0.00764	0.00231	0.00470	0.07563	0.04749	0.00752
54	0.05869	0.01696	0.02033	0.12446	0.11312	0.03699	0.01440	0.37975	0.05486	0.03207	0.01452	0.01637	0.01089	0.00782	0.00780	0.00213	0.06760	0.00592	0.00524	0.01009
55	0.02506	0.03198	0.01901	0.01729	0.02074	0.73725	0.01296	0.02679	0.01901	0.01642	0.01037	0.01210	0.00864	0.00691	0.00605	0.00173	0.01210	0.00432	0.00346	0.00778
56	0.01093	0.00722	0.00919	0.00849	0.01046	0.00652	0.00644	0.01384	0.01848	0.08205	0.56918	0.05001	0.15416	0.01375	0.00782	0.00213	0.00340	0.01199	0.00729	0.00665
57	0.00991	0.00668	0.00782	0.00805	0.00827	0.00668	0.00504	0.01036	0.01058	0.01403	0.02322	0.04850	0.02645	0.65639	0.03055	0.00601	0.00646	0.10625	0.00437	0.00437
58	0.00937	0.00682	0.00882	0.00838	0.00997	0.00627	0.00626	0.01240	0.01861	0.02614	0.66342	0.07325	0.09688	0.01412	0.00794	0.00214	0.00320	0.01246	0.00729	0.00627
59	0.00797	0.00666	0.00694	0.00717	0.00916	0.00563	0.00526	0.00959	0.01494	0.01798	0.06349	0.16509	0.62199	0.01758	0.00802	0.00233	0.00347	0.01487	0.00623	0.00563
60	0.81159	0.01298	0.00986	0.00882	0.01298	0.01505	0.00727	0.01972	0.01142	0.03010	0.00934	0.01090	0.00727	0.00623	0.00415	0.00208	0.00519	0.00363	0.00415	0.00727

[dist]
# distance from previous block
# <min> <max>
1	2

[block]
# block no. 2 follows, 32 sequences, length 26
# corresponding to MSA columns:
# 332-357
name=unknown_C
#
# <colnr> <probs for GDERKNQSTAVLIFYWHMCP>
#	G	D	E	R	K	N	Q	S	T	A	V	L	I	F	Y	W	H	M	C	P
0	0.06375	0.10639	0.17219	0.01497	0.02041	0.11410	0.01417	0.10189	0.20856	0.02457	0.01589	0.01655	0.01218	0.00746	0.00671	0.00200	0.03861	0.00548	0.00460	0.04951
1	0.01768	0.01826	0.02637	0.06165	0.56290	0.12207	0.05163	0.02143	0.01579	0.02093	0.01231	0.01606	0.01026	0.00613	0.00662	0.00198	0.00877	0.00583	0.00333	0.01002
2	0.02005	0.01613	0.01652	0.01259	0.01804	0.08962	0.01013	0.23131	0.02037	0.08668	0.01428	0.01515	0.01082	0.00641	0.00577	0.00148	0.00653	0.00489	0.00513	0.40809
3	0.00991	0.00719	0.01091	0.01086	0.01202	0.00754	0.03623	0.01161	0.01230	0.01704	0.08504	0.18972	0.02779	0.03269	0.33096	0.11017	0.01076	0.06699	0.00462	0.00565
4	0.00880	0.00683	0.00801	0.00771	0.00960	0.00604	0.00579	0.01132	0.01736	0.02302	0.43091	0.05651	0.35362	0.01517	0.00792	0.00218	0.00327	0.01303	0.00688	0.00604
5	0.02283	0.01746	0.01863	0.01490	0.01979	0.01956	0.01210	0.49800	0.23787	0.03796	0.01951	0.01882	0.01417	0.00837	0.00675	0.00209	0.00675	0.00651	0.00675	0.01117
6	0.00818	0.00584	0.00779	0.00934	0.00973	0.00545	0.00623	0.00934	0.01285	0.01713	0.03698	0.75981	0.04438	0.02102	0.00856	0.00273	0.00389	0.01908	0.00623	0.00545
7	0.01391	0.01193	0.01391	0.00994	0.01590	0.00894	0.00795	0.01690	0.01391	0.02186	0.01193	0.01391	0.00994	0.00497	0.00497	0.00099	0.00497	0.00398	0.00398	0.80521
8	0.01694	0.01457	0.02393	0.18956	0.46597	0.01524	0.01858	0.05277	0.01579	0.07392	0.01385	0.01766	0.01096	0.00794	0.03191	0.00236	0.00833	0.00608	0.00379	0.00988
9	0.15426	0.25656	0.35260	0.01454	0.02172	0.01852	0.01678	0.02016	0.01335	0.02082	0.01103	0.01315	0.00873	0.00836	0.04205	0.00234	0.00865	0.00441	0.00311	0.00885
10	0.01576	0.07964	0.02454	0.18641	0.42043	0.05022	0.01816	0.01951	0.01493	0.01995	0.01412	0.02143	0.01249	0.00728	0.00666	0.00208	0.00815	0.06552	0.00347	0.00924
11	0.81159	0.01298	0.00986	0.00882	0.01298	0.01505	0.00727	0.01972	0.01142	0.03010	0.00934	0.01090	0.00727	0.00623	0.00415	0.00208	0.00519	0.00363	0.00415	0.00727
12	0.00822	0.00675	0.00724	0.00725	0.00927	0.00577	0.00539	0.01014	0.01578	0.01960	0.17983	0.10650	0.56164	0.01668	0.00797	0.00227	0.00339	0.01412	0.00643	0.00577
13	0.01426	0.01355	0.02299	0.46289	0.31898	0.01533	0.01942	0.01854	0.01417	0.01907	0.01221	0.01737	0.00962	0.00641	0.00668	0.00214	0.00855	0.00597	0.00312	0.00873
14	0.01143	0.00980	0.01519	0.02083	0.25786	0.00986	0.01165	0.01360	0.01356	0.01875	0.02710	0.46403	0.03086	0.01533	0.00857	0.00248	0.04286	0.01386	0.00505	0.00735
15	0.04891	0.11225	0.01993	0.01407	0.01889	0.01988	0.01164	0.35428	0.26917	0.03345	0.01898	0.01841	0.01413	0.00807	0.00636	0.00204	0.00655	0.00619	0.00618	0.01063
16	0.01168	0.01231	0.00947	0.00909	0.01162	0.16590	0.00682	0.01339	0.01611	0.01775	0.05536	0.05308	0.56390	0.01479	0.00752	0.00215	0.00530	0.01201	0.00562	0.00613
17	0.00970	0.00776	0.00853	0.00855	0.01067	0.00733	0.00660	0.01361	0.09345	0.02017	0.11012	0.05828	0.42513	0.05936	0.00944	0.00260	0.00418	0.11074	0.02749	0.00628
18	0.01366	0.06745	0.69843	0.01878	0.02851	0.01607	0.02420	0.02120	0.01414	0.02101	0.01192	0.01401	0.00850	0.00635	0.00628	0.00209	0.00979	0.00490	0.00283	0.00986
