[name]
unknown

[dist]
# distance from previous block
# <min> <max>
0	243

[block]
# block no. 0 follows, 35 sequences, length 33
# corresponding to MSA columns:
# 273-305
name=unknown_A
#
# <colnr> <probs for GDERKNQSTAVLIFYWHMCP>
#	G	D	E	R	K	N	Q	S	T	A	V	L	I	F	Y	W	H	M	C	P
0	0.01458	0.01639	0.20658	0.01415	0.05416	0.01096	0.01321	0.04259	0.05966	0.10348	0.01945	0.07547	0.01738	0.00906	0.00643	0.00195	0.00639	0.12702	0.00467	0.19642
1	0.01775	0.12456	0.28741	0.04213	0.07944	0.08261	0.01620	0.09794	0.01633	0.12240	0.01550	0.01645	0.04020	0.00683	0.00592	0.00187	0.00796	0.00529	0.00404	0.00919
2	0.01113	0.06714	0.01271	0.01086	0.01253	0.08416	0.00858	0.01331	0.01118	0.01482	0.01566	0.02246	0.01451	0.04029	0.62070	0.00867	0.01567	0.00627	0.00333	0.00602
3	0.00858	0.00632	0.00815	0.00893	0.01012	0.00590	0.00679	0.01063	0.01443	0.01911	0.19673	0.32103	0.15995	0.01712	0.00802	0.00246	0.00397	0.18011	0.00612	0.00554
4	0.01466	0.13686	0.36118	0.02158	0.15084	0.01670	0.11708	0.04100	0.04420	0.02033	0.01203	0.01433	0.00919	0.00593	0.00601	0.00191	0.00860	0.00519	0.00311	0.00927
5	0.01164	0.01042	0.01678	0.59101	0.03615	0.01261	0.01510	0.03944	0.01309	0.01691	0.01546	0.13744	0.01433	0.03429	0.00749	0.00231	0.00757	0.00772	0.00346	0.00677
6	0.00885	0.01049	0.13708	0.01073	0.01279	0.00704	0.00939	0.01123	0.01260	0.01715	0.03069	0.57166	0.03547	0.01721	0.00780	0.00251	0.00489	0.08113	0.00532	0.00596
7	0.01269	0.01200	0.02032	0.62313	0.17678	0.01428	0.01797	0.01683	0.01302	0.01708	0.01140	0.01668	0.00876	0.00621	0.00633	0.00207	0.00828	0.00564	0.00288	0.00762
8	0.01230	0.06729	0.37819	0.01879	0.15828	0.01308	0.01729	0.01728	0.01400	0.01956	0.05730	0.02499	0.15876	0.00830	0.00633	0.00197	0.00730	0.00690	0.00363	0.00845
9	0.01296	0.09696	0.50111	0.01567	0.02270	0.06266	0.01845	0.01836	0.01343	0.01863	0.01519	0.14640	0.01401	0.00844	0.00619	0.00202	0.00827	0.00687	0.00328	0.00839
10	0.02486	0.01104	0.01546	0.14322	0.02104	0.01052	0.01082	0.02849	0.05640	0.57478	0.02266	0.02089	0.01463	0.00763	0.00638	0.00200	0.00591	0.00629	0.00689	0.01010
11	0.01198	0.01128	0.01903	0.76180	0.04369	0.01409	0.01762	0.01621	0.01268	0.01621	0.01128	0.01691	0.00846	0.00634	0.00634	0.00211	0.00846	0.00564	0.00282	0.00705
12	0.01198	0.01128	0.01903	0.76180	0.04369	0.01409	0.01762	0.01621	0.01268	0.01621	0.01128	0.01691	0.00846	0.00634	0.00634	0.00211	0.00846	0.00564	0.00282	0.00705
13	0.01881	0.04251	0.08972	0.02166	0.16012	0.03952	0.18635	0.06520	0.08715	0.17935	0.01628	0.01752	0.01180	0.00667	0.00689	0.00200	0.02800	0.00620	0.00465	0.00959
14	0.00906	0.00680	0.01020	0.01020	0.01133	0.00793	0.00793	0.01133	0.01020	0.01473	0.01699	0.02492	0.01586	0.04758	0.75191	0.01020	0.01699	0.00680	0.00340	0.00566
15	0.00773	0.00552	0.00736	0.00883	0.00920	0.00515	0.00589	0.00883	0.01215	0.01619	0.03497	0.77291	0.04196	0.01987	0.00810	0.00258	0.00368	0.01803	0.00589	0.00515
16	0.01702	0.01577	0.11692	0.05792	0.39294	0.01325	0.01658	0.04407	0.01574	0.14824	0.08408	0.01953	0.01555	0.00689	0.00639	0.00194	0.00699	0.00622	0.00437	0.00960
17	0.03576	0.18619	0.16420	0.06825	0.28149	0.07040	0.04958	0.03823	0.01440	0.01938	0.01101	0.01374	0.00894	0.00582	0.00571	0.00180	0.00813	0.00489	0.00306	0.00900
18	0.01198	0.01128	0.01903	0.76180	0.04369	0.01409	0.01762	0.01621	0.01268	0.01621	0.01128	0.01691	0.00846	0.00634	0.00634	0.00211	0.00846	0.00564	0.00282	0.00705
19	0.01272	0.03281	0.74418	0.01808	0.02746	0.01473	0.02344	0.02009	0.01339	0.02009	0.01138	0.01339	0.00804	0.00603	0.00603	0.00201	0.00938	0.00469	0.00268	0.00938
20	0.13115	0.05381	0.13929	0.11379	0.19260	0.01321	0.01421	0.04035	0.01410	0.02157	0.09972	0.10541	0.01857	0.00840	0.00614	0.00201	0.00654	0.00717	0.00400	0.00797
21	0.01508	0.38242	0.24982	0.14517	0.02469	0.01974	0.01598	0.04818	0.01372	0.01780	0.01031	0.01257	0.00828	0.00587	0.00517	0.00171	0.00789	0.00428	0.00287	0.00844
22	0.01397	0.01437	0.02759	0.31726	0.19610	0.01506	0.28493	0.01852	0.01396	0.01880	0.01202	0.01672	0.00926	0.00581	0.00677	0.00207	0.00911	0.00635	0.00304	0.00830
23	0.00784	0.00577	0.00735	0.00838	0.00914	0.00528	0.00574	0.00924	0.01317	0.01741	0.12079	0.58314	0.14645	0.01851	0.00794	0.00244	0.00353	0.01658	0.00602	0.00528
24	0.01381	0.14382	0.37161	0.01620	0.02293	0.01525	0.10679	0.03972	0.03813	0.03710	0.03396	0.08537	0.03261	0.00773	0.00620	0.00198	0.00798	0.00662	0.00360	0.00859
25	0.00790	0.00573	0.00735	0.00841	0.00904	0.00531	0.00568	0.00917	0.01275	0.01693	0.10165	0.59459	0.11147	0.06079	0.00932	0.00268	0.00371	0.01648	0.00588	0.00518
26	0.02243	0.01429	0.08678	0.01411	0.01931	0.01213	0.09302	0.02930	0.18238	0.42221	0.02249	0.02077	0.01512	0.00756	0.00649	0.00203	0.00631	0.00653	0.00649	0.01022
27	0.01378	0.02554	0.45142	0.05009	0.26491	0.01488	0.05048	0.01976	0.01379	0.02018	0.01162	0.01443	0.00879	0.00588	0.00618	0.00198	0.00879	0.00516	0.00286	0.00949
28	0.01282	0.01213	0.02054	0.59881	0.20013	0.01432	0.01804	0.01694	0.01308	0.01723	0.01142	0.01664	0.00882	0.00619	0.00633	0.00206	0.00825	0.00564	0.00289	0.00772
29	0.01314	0.01050	0.05552	0.01335	0.09719	0.00919	0.00955	0.04052	0.08611	0.11025	0.16952	0.17710	0.13726	0.01239	0.00714	0.00215	0.00478	0.03088	0.00590	0.00756
30	0.00793	0.00567	0.00754	0.00870	0.00925	0.00528	0.00590	0.00933	0.01307	0.01766	0.14588	0.65782	0.04480	0.01878	0.00800	0.00248	0.00357	0.01699	0.00606	0.00528
31	0.14147	0.18384	0.11353	0.09819	0.16666	0.01696	0.13043	0.01950	0.01343	0.04424	0.01122	0.01393	0.00884	0.00578	0.00561	0.00187	0.00773	0.00502	0.00325	0.00852
32	0.01650	0.42177	0.27145	0.01395	0.02053	0.07566	0.01529	0.06558	0.01455	0.01836	0.01018	0.01169	0.00828	0.00586	0.00500	0.00163	0.00802	0.00403	0.00298	0.00867

[dist]
# distance from previous block
# <min> <max>
0	1

[block]
# block no. 1 follows, 35 sequences, length 6
# corresponding to MSA columns:
# 307-312
name=unknown_B
#
# <colnr> <probs for GDERKNQSTAVLIFYWHMCP>
#	G	D	E	R	K	N	Q	S	T	A	V	L	I	F	Y	W	H	M	C	P
0	0.01300	0.03086	0.65626	0.01916	0.02817	0.01490	0.10940	0.02012	0.01359	0.02012	0.01156	0.01386	0.00823	0.00594	0.00621	0.00203	0.00954	0.00504	0.00274	0.00927
1	0.01022	0.00837	0.03386	0.05346	0.01432	0.00761	0.08426	0.01138	0.01217	0.01590	0.04900	0.14130	0.14781	0.05573	0.01376	0.23037	0.00569	0.09526	0.00437	0.00516
2	0.01101	0.00680	0.00893	0.00919	0.01075	0.00625	0.00697	0.01308	0.01489	0.10947	0.19811	0.32051	0.11125	0.01600	0.00779	0.00238	0.00406	0.13000	0.00638	0.00619
3	0.09809	0.00809	0.01030	0.00985	0.01081	0.00953	0.00737	0.01200	0.00992	0.01558	0.01590	0.02679	0.01604	0.25097	0.36973	0.00720	0.10593	0.00698	0.00351	0.00542
4	0.07052	0.05288	0.03844	0.15040	0.08642	0.01389	0.01227	0.15417	0.04881	0.19801	0.09434	0.02034	0.01672	0.00762	0.00619	0.00195	0.00633	0.00625	0.00540	0.00906
5	0.26172	0.01747	0.14694	0.01327	0.01808	0.06119	0.05814	0.10556	0.08746	0.06237	0.01581	0.09685	0.01337	0.00803	0.00579	0.00204	0.00668	0.00637	0.00458	0.00828

[dist]
# distance from previous block
# <min> <max>
4	13

[block]
# block no. 2 follows, 35 sequences, length 25
# corresponding to MSA columns:
# 326-350
name=unknown_C
#
# <colnr> <probs for GDERKNQSTAVLIFYWHMCP>
#	G	D	E	R	K	N	Q	S	T	A	V	L	I	F	Y	W	H	M	C	P
0	0.01349	0.01720	0.19441	0.06224	0.29457	0.01313	0.03029	0.03435	0.05185	0.01973	0.04057	0.02123	0.01408	0.13107	0.03274	0.00288	0.00784	0.00636	0.00353	0.00844
1	0.05677	0.07759	0.30854	0.04883	0.09272	0.01335	0.01570	0.03994	0.01480	0.10286	0.07468	0.02205	0.09009	0.00781	0.00613	0.00195	0.00705	0.00634	0.00417	0.00863
2	0.01335	0.01230	0.01974	0.23182	0.23893	0.01318	0.07012	0.07039	0.01482	0.01983	0.02123	0.08811	0.11325	0.00886	0.00726	0.00210	0.03490	0.00795	0.00391	0.00795
3	0.01544	0.04358	0.09993	0.24294	0.31331	0.08474	0.04028	0.04970	0.01479	0.01948	0.01155	0.01524	0.00915	0.00605	0.00618	0.00193	0.00842	0.00538	0.00314	0.00877
4	0.01655	0.12763	0.26876	0.11288	0.02382	0.01576	0.01572	0.11057	0.08056	0.10410	0.05203	0.01727	0.01305	0.00699	0.00599	0.00192	0.00741	0.00553	0.00432	0.00912
5	0.00904	0.00753	0.00812	0.00919	0.00986	0.06337	0.00622	0.01015	0.01256	0.01598	0.03372	0.63669	0.07442	0.05983	0.00920	0.00267	0.00440	0.01623	0.00557	0.00526
6	0.01394	0.02823	0.53234	0.02123	0.14029	0.04719	0.03891	0.02110	0.05975	0.02041	0.01237	0.01443	0.00914	0.00614	0.00612	0.00199	0.00892	0.00505	0.00304	0.00942
7	0.01123	0.00921	0.06742	0.01036	0.01240	0.00733	0.05239	0.01315	0.01296	0.09520	0.07692	0.33573	0.06885	0.18172	0.01293	0.00316	0.00523	0.01243	0.00531	0.00609
8	0.01482	0.10717	0.47170	0.07923	0.06518	0.01647	0.01987	0.11416	0.01557	0.02196	0.01166	0.01372	0.00857	0.00618	0.00590	0.00193	0.00860	0.00482	0.00322	0.00928
9	0.01453	0.01418	0.02504	0.25004	0.45731	0.01489	0.09420	0.01860	0.01399	0.01935	0.01184	0.01621	0.00954	0.00582	0.00643	0.00198	0.00815	0.00585	0.00305	0.00901
10	0.05949	0.06228	0.13747	0.13082	0.16851	0.08205	0.07006	0.07381	0.06434	0.02172	0.05862	0.01716	0.01288	0.00669	0.00613	0.00194	0.00788	0.00573	0.00377	0.00865
11	0.01226	0.01206	0.05947	0.12644	0.04113	0.01194	0.01070	0.02149	0.31189	0.02115	0.03245	0.09796	0.19337	0.01083	0.00681	0.00216	0.00534	0.00922	0.00537	0.00796
12	0.00839	0.00616	0.00792	0.00827	0.00929	0.00590	0.00587	0.01019	0.01368	0.01857	0.24708	0.29282	0.13225	0.08924	0.11101	0.00370	0.00544	0.01312	0.00570	0.00538
13	0.06847	0.10661	0.21834	0.07814	0.16350	0.03217	0.06104	0.07943	0.01542	0.09963	0.01289	0.01479	0.00957	0.00620	0.00590	0.00190	0.00786	0.00516	0.00378	0.00920
14	0.00901	0.01013	0.11360	0.00971	0.01184	0.00726	0.00820	0.01189	0.05091	0.01705	0.03494	0.40471	0.16535	0.10271	0.01035	0.00280	0.00476	0.01364	0.00522	0.00591
15	0.02679	0.01149	0.01491	0.01165	0.01641	0.01061	0.00955	0.06766	0.09917	0.62332	0.02460	0.02149	0.01586	0.00792	0.00639	0.00198	0.00544	0.00643	0.00761	0.01071
16	0.10217	0.01846	0.18121	0.07001	0.46578	0.01485	0.01888	0.01934	0.01372	0.02118	0.01144	0.01468	0.00918	0.00580	0.00597	0.00193	0.00770	0.00520	0.00311	0.00939
17	0.08671	0.01655	0.11665	0.10164	0.12361	0.01527	0.06878	0.09084	0.22808	0.06269	0.01675	0.01781	0.01244	0.00696	0.00621	0.00204	0.00699	0.00597	0.00466	0.00934
18	0.01798	0.01190	0.01244	0.01132	0.01426	0.10946	0.00891	0.02196	0.09710	0.25331	0.08967	0.13855	0.06443	0.01175	0.00704	0.00218	0.00567	0.10775	0.00632	0.00802
19	0.01102	0.00739	0.00940	0.06678	0.01284	0.00687	0.00715	0.01354	0.01607	0.10437	0.30405	0.04865	0.29439	0.01330	0.00736	0.00212	0.00397	0.05807	0.00628	0.00639
20	0.01594	0.08083	0.30573	0.08557	0.15694	0.01499	0.06256	0.02186	0.05973	0.11471	0.01408	0.01585	0.01028	0.00630	0.00612	0.00196	0.00804	0.00541	0.00373	0.00938
21	0.01567	0.10471	0.34774	0.01459	0.02090	0.01491	0.01589	0.12118	0.06922	0.08155	0.01706	0.11788	0.01453	0.00841	0.00620	0.00201	0.00732	0.00683	0.00436	0.00904
22	0.01198	0.01128	0.01903	0.76180	0.04369	0.01409	0.01762	0.01621	0.01268	0.01621	0.01128	0.01691	0.00846	0.00634	0.00634	0.00211	0.00846	0.00564	0.00282	0.00705
23	0.01727	0.16400	0.22281	0.01472	0.02080	0.07543	0.07178	0.03393	0.04104	0.13121	0.01480	0.01775	0.01154	0.00679	0.00584	0.00180	0.00766	0.04244	0.00407	0.09430
24	0.07000	0.02746	0.01613	0.05502	0.13636	0.05299	0.01123	0.07000	0.16006	0.19880	0.04862	0.02366	0.08556	0.00829	0.00629	0.00198	0.00596	0.00684	0.00561	0.00913

[dist]
# distance from previous block
# <min> <max>
2	5

[block]
# block no. 3 follows, 35 sequences, length 19
# corresponding to MSA columns:
# 356-374
name=unknown_D
#
# <colnr> <probs for GDERKNQSTAVLIFYWHMCP>
#	G	D	E	R	K	N	Q	S	T	A	V	L	I	F	Y	W	H	M	C	P
0	0.01705	0.22472	0.17411	0.01345	0.01865	0.13863	0.01307	0.15428	0.01724	0.02129	0.01794	0.06438	0.08340	0.00812	0.00579	0.00180	0.00759	0.00614	0.00402	0.00832
1	0.09492	0.01241	0.05821	0.01168	0.01523	0.01225	0.00987	0.11723	0.15848	0.13267	0.06265	0.02207	0.01718	0.01949	0.22213	0.00438	0.00895	0.00649	0.00532	0.00839
2	0.00906	0.00680	0.01020	0.01020	0.01133	0.00793	0.00793	0.01133	0.01020	0.01473	0.01699	0.02492	0.01586	0.04758	0.75191	0.01020	0.01699	0.00680	0.00340	0.00566
3	0.01044	0.01177	0.11135	0.04471	0.01530	0.00975	0.02718	0.01526	0.10238	0.01967	0.14853	0.15621	0.16435	0.01547	0.06939	0.00287	0.05309	0.01035	0.00510	0.00684
4	0.00916	0.00648	0.00863	0.00955	0.01032	0.00652	0.00720	0.01079	0.01206	0.01605	0.02852	0.24634	0.03207	0.20994	0.10691	0.00453	0.00673	0.25798	0.00506	0.00514
5	0.01383	0.01345	0.02219	0.01585	0.02178	0.01128	0.27054	0.01759	0.01383	0.02054	0.01186	0.01463	0.00948	0.00494	0.00574	0.00139	0.00693	0.00515	0.00355	0.51548
6	0.01431	0.31261	0.47827	0.01538	0.02328	0.01861	0.01873	0.01968	0.01321	0.01816	0.01043	0.01219	0.00808	0.00580	0.00530	0.00177	0.00841	0.00420	0.00269	0.00891
7	0.02162	0.29997	0.02304	0.01228	0.01734	0.01923	0.01083	0.30301	0.02078	0.15968	0.01653	0.01628	0.03838	0.00717	0.00555	0.00172	0.00647	0.00527	0.00526	0.00960
8	0.00862	0.00651	0.00908	0.00929	0.01047	0.00698	0.00703	0.01065	0.01163	0.01602	0.07439	0.15503	0.12394	0.03628	0.47504	0.00726	0.01193	0.00989	0.00440	0.00556
9	0.01592	0.67108	0.07471	0.01093	0.01633	0.02284	0.01113	0.01825	0.01305	0.01543	0.01355	0.01457	0.06803	0.00634	0.00447	0.00146	0.00665	0.00430	0.00297	0.00799
10	0.01456	0.26714	0.40003	0.01923	0.14119	0.01808	0.01879	0.01964	0.01341	0.01856	0.01066	0.01275	0.00840	0.00578	0.00545	0.00178	0.00825	0.00444	0.00277	0.00910
11	0.01558	0.41941	0.05354	0.01660	0.16467	0.06446	0.01210	0.01791	0.01324	0.01620	0.01397	0.01780	0.05130	0.08993	0.00796	0.00207	0.00706	0.00515	0.00314	0.00791
12	0.08015	0.13887	0.01663	0.01194	0.01497	0.06911	0.05535	0.01960	0.17847	0.02001	0.06408	0.16482	0.02141	0.01478	0.09904	0.00304	0.00727	0.00834	0.00472	0.00743
13	0.02027	0.01650	0.07610	0.06223	0.02302	0.04693	0.15903	0.24411	0.02006	0.18077	0.01755	0.07397	0.01349	0.00787	0.00667	0.00203	0.00764	0.00700	0.00535	0.00941
14	0.02309	0.01675	0.02000	0.02050	0.19790	0.16543	0.06200	0.06828	0.01769	0.31838	0.01716	0.01732	0.01201	0.00684	0.00629	0.00188	0.00765	0.00576	0.00531	0.00974
15	0.01375	0.01538	0.07898	0.33736	0.21636	0.09335	0.01654	0.01745	0.01371	0.01763	0.01425	0.10981	0.01298	0.00784	0.00645	0.00205	0.00802	0.00694	0.00332	0.00782
16	0.00900	0.00729	0.01020	0.01331	0.12936	0.00683	0.00791	0.01065	0.01300	0.01714	0.03722	0.50057	0.18005	0.01674	0.00767	0.00237	0.00422	0.01503	0.00544	0.00600
17	0.20893	0.03694	0.12249	0.07442	0.08842	0.07198	0.01319	0.15104	0.01697	0.13815	0.01349	0.01456	0.00971	0.00659	0.00562	0.00192	0.00710	0.00494	0.00457	0.00896
18	0.01551	0.01237	0.01246	0.01098	0.01372	0.10235	0.00848	0.12619	0.10824	0.08457	0.34315	0.07782	0.03607	0.01081	0.00691	0.00199	0.00515	0.00912	0.00636	0.00775

[dist]
# distance from previous block
# <min> <max>
7	16

[block]
# block no. 4 follows, 35 sequences, length 29
# corresponding to MSA columns:
# 391-419
name=unknown_E
#
# <colnr> <probs for GDERKNQSTAVLIFYWHMCP>
#	G	D	E	R	K	N	Q	S	T	A	V	L	I	F	Y	W	H	M	C	P
0	0.01605	0.04926	0.07464	0.05514	0.16784	0.08294	0.06011	0.05422	0.07395	0.07919	0.08276	0.04672	0.01735	0.05844	0.00829	0.00220	0.01976	0.00677	0.00442	0.03994
1	0.07490	0.01356	0.01627	0.01331	0.01664	0.11770	0.10790	0.01887	0.01515	0.13517	0.14013	0.02547	0.08403	0.01131	0.05352	0.00248	0.08064	0.00725	0.00489	0.06081
2	0.01241	0.15080	0.01647	0.12367	0.06162	0.04473	0.01005	0.01616	0.06946	0.01935	0.18147	0.16314	0.04590	0.01048	0.00644	0.00195	0.00552	0.00899	0.00476	0.04665
3	0.01981	0.14772	0.01963	0.01309	0.01785	0.14261	0.01080	0.27043	0.10206	0.02640	0.01370	0.01431	0.01062	0.00663	0.00556	0.00161	0.00705	0.00484	0.00473	0.16054
4	0.01537	0.27621	0.34328	0.05744	0.02280	0.01838	0.01664	0.10684	0.01508	0.02032	0.01139	0.01400	0.00910	0.03994	0.00659	0.00197	0.00802	0.00464	0.00321	0.00877
5	0.11140	0.01303	0.02254	0.05389	0.02250	0.01332	0.30434	0.05982	0.01464	0.03915	0.08193	0.10387	0.01835	0.05195	0.00925	0.00240	0.05762	0.00828	0.00423	0.00748
6	0.01289	0.17116	0.12407	0.06844	0.02277	0.01474	0.21268	0.01667	0.01298	0.01740	0.01536	0.11715	0.01439	0.01464	0.13321	0.00339	0.00970	0.00743	0.00340	0.00753
7	0.01531	0.01391	0.05396	0.01158	0.01437	0.13551	0.00921	0.11324	0.04435	0.09090	0.02842	0.31620	0.10081	0.01310	0.00704	0.00217	0.00595	0.01113	0.00554	0.00731
8	0.01018	0.00582	0.00850	0.00858	0.00896	0.00592	0.00598	0.00913	0.00979	0.01331	0.07056	0.08654	0.03278	0.02539	0.14539	0.53143	0.00707	0.00740	0.00351	0.00375
9	0.01363	0.15887	0.57854	0.01654	0.02488	0.01656	0.02048	0.02074	0.05698	0.01961	0.01183	0.01348	0.00875	0.00608	0.00572	0.00191	0.00867	0.00462	0.00292	0.00921
10	0.01526	0.05543	0.15047	0.10593	0.06974	0.05047	0.13481	0.11353	0.10196	0.02223	0.01648	0.10493	0.01421	0.00807	0.00656	0.00206	0.00783	0.00725	0.00417	0.00862
11	0.01668	0.01803	0.02830	0.02315	0.09340	0.12539	0.38395	0.06134	0.09462	0.02155	0.04349	0.01793	0.01263	0.00647	0.00720	0.00203	0.02448	0.00680	0.00389	0.00867
12	0.01339	0.01364	0.02611	0.02547	0.23452	0.01302	0.32263	0.01733	0.01456	0.01981	0.03929	0.09528	0.08807	0.00861	0.00725	0.00214	0.00794	0.03885	0.00392	0.00817
13	0.01390	0.00887	0.01066	0.00993	0.01260	0.00879	0.00785	0.01931	0.16187	0.16229	0.07132	0.08361	0.22082	0.01611	0.07718	0.00298	0.00565	0.09256	0.00621	0.00750
14	0.01974	0.01664	0.02164	0.13972	0.21339	0.10960	0.07354	0.18312	0.01873	0.12063	0.01416	0.01615	0.01045	0.00660	0.00635	0.00193	0.00803	0.00571	0.00449	0.00938
15	0.01799	0.01378	0.05776	0.01683	0.13840	0.05384	0.01185	0.12332	0.01643	0.18477	0.01879	0.11025	0.01628	0.05111	0.09389	0.00319	0.05044	0.00748	0.00504	0.00857
16	0.48974	0.01141	0.01122	0.00938	0.01353	0.01200	0.00771	0.02270	0.01386	0.28564	0.05565	0.01647	0.01305	0.00700	0.00501	0.00196	0.00498	0.00495	0.00551	0.00824
17	0.10855	0.08636	0.01255	0.05270	0.05403	0.01075	0.00814	0.01484	0.08248	0.01956	0.06902	0.15451	0.26320	0.01227	0.00686	0.00210	0.02016	0.01020	0.00505	0.00666
18	0.01286	0.00962	0.01284	0.01231	0.05407	0.00959	0.03752	0.07597	0.04863	0.07587	0.16404	0.17811	0.12812	0.01261	0.00803	0.00216	0.05132	0.04703	0.00573	0.05356
19	0.01864	0.01462	0.01956	0.12549	0.20840	0.03334	0.01422	0.18161	0.09519	0.11295	0.01534	0.01702	0.01149	0.00723	0.00746	0.00200	0.06926	0.00581	0.00476	0.03559
20	0.01228	0.00883	0.00992	0.04620	0.01177	0.03883	0.00661	0.06968	0.04042	0.05802	0.02147	0.14905	0.02278	0.41630	0.05676	0.00466	0.00661	0.00957	0.00460	0.00564
21	0.54472	0.01326	0.05294	0.08297	0.01639	0.03856	0.00915	0.01840	0.01211	0.05331	0.05817	0.01477	0.01142	0.00853	0.04103	0.00237	0.00622	0.00455	0.00405	0.00708
22	0.06756	0.01517	0.03879	0.04912	0.01839	0.06820	0.01092	0.27458	0.06123	0.20268	0.08472	0.02006	0.01663	0.00932	0.03191	0.00222	0.00681	0.00625	0.00602	0.00942
23	0.09673	0.08712	0.09051	0.07558	0.06669	0.06417	0.08060	0.12637	0.08563	0.06419	0.04688	0.01673	0.01265	0.00676	0.00590	0.00187	0.00721	0.00556	0.00440	0.05442
24	0.07401	0.05525	0.11341	0.05925	0.10527	0.08762	0.04733	0.15307	0.01738	0.08406	0.06563	0.01741	0.01354	0.00861	0.03239	0.00223	0.04469	0.00573	0.00439	0.00875
25	0.24450	0.01446	0.08943	0.12424	0.07975	0.04311	0.01189	0.06190	0.01467	0.11970	0.04843	0.05531	0.05179	0.00788	0.00580	0.00201	0.00634	0.00623	0.00455	0.00800
26	0.05355	0.06789	0.07061	0.16593	0.09253	0.03787	0.05032	0.04890	0.09004	0.02047	0.07112	0.07140	0.06870	0.00880	0.00726	0.00207	0.05321	0.00732	0.00419	0.00782
27	0.01546	0.09261	0.20677	0.01783	0.11317	0.06466	0.03761	0.10809	0.05075	0.02181	0.04560	0.03431	0.05673	0.00783	0.00735	0.00195	0.07101	0.00612	0.00394	0.03640
28	0.01589	0.06362	0.11933	0.09819	0.15817	0.05322	0.06302	0.04354	0.09254	0.08860	0.07547	0.04857	0.01630	0.00752	0.00633	0.00195	0.00717	0.00658	0.00438	0.02961

[dist]
# distance from previous block
# <min> <max>
31	232

[block]
# block no. 5 follows, 35 sequences, length 91
# corresponding to MSA columns:
# 657-747
name=unknown_F
#
# <colnr> <probs for GDERKNQSTAVLIFYWHMCP>
#	G	D	E	R	K	N	Q	S	T	A	V	L	I	F	Y	W	H	M	C	P
0	0.04562	0.05794	0.01394	0.11380	0.09370	0.01034	0.00963	0.01546	0.04349	0.06273	0.09625	0.13351	0.08717	0.07927	0.04834	0.00278	0.00603	0.00882	0.00469	0.06650
1	0.01257	0.03679	0.16562	0.01113	0.01442	0.00957	0.01022	0.04426	0.04348	0.09432	0.02513	0.25563	0.05957	0.14476	0.04078	0.00320	0.00628	0.01037	0.00491	0.00698
2	0.01602	0.01947	0.28036	0.07910	0.02411	0.01296	0.10975	0.08019	0.01548	0.13995	0.01677	0.04686	0.01353	0.03987	0.00819	0.02493	0.00794	0.05157	0.00430	0.00864
3	0.01598	0.14854	0.04309	0.20048	0.23682	0.01526	0.01471	0.04769	0.01460	0.09319	0.04077	0.01776	0.01232	0.03892	0.00701	0.00201	0.00711	0.00561	0.00379	0.03433
4	0.01591	0.01409	0.01829	0.04656	0.13807	0.12047	0.11677	0.01871	0.01514	0.11715	0.02489	0.10481	0.13786	0.00929	0.00667	0.00195	0.00695	0.00829	0.00462	0.07350
5	0.01306	0.01661	0.18345	0.18492	0.15641	0.01333	0.05670	0.01946	0.11081	0.01999	0.01696	0.08786	0.01473	0.00813	0.00652	0.00210	0.00738	0.03529	0.03794	0.00835
6	0.03915	0.01282	0.02077	0.22636	0.16858	0.03431	0.13214	0.01789	0.01425	0.07215	0.04755	0.02431	0.09144	0.00802	0.00730	0.00210	0.04007	0.02892	0.00396	0.00791
7	0.01612	0.07522	0.02006	0.06053	0.20529	0.05598	0.07631	0.08632	0.01626	0.09485	0.05112	0.10305	0.09351	0.00905	0.00657	0.00198	0.00670	0.00802	0.00465	0.00839
8	0.01364	0.01840	0.21184	0.13403	0.18756	0.01397	0.15820	0.01831	0.01368	0.03633	0.01515	0.04181	0.03868	0.03941	0.00809	0.00224	0.03029	0.00661	0.00331	0.00846
9	0.04726	0.01772	0.16791	0.17509	0.22367	0.01473	0.07997	0.09482	0.01559	0.04961	0.01472	0.01749	0.04005	0.00659	0.00632	0.00200	0.00795	0.00589	0.00366	0.00895
10	0.01626	0.04370	0.02397	0.02554	0.30417	0.04470	0.17071	0.04091	0.01531	0.09643	0.03739	0.11957	0.01618	0.00804	0.00673	0.00202	0.00748	0.00783	0.00422	0.00885
11	0.01692	0.10598	0.17198	0.05307	0.26472	0.01593	0.11146	0.06659	0.01547	0.09842	0.01319	0.01544	0.00996	0.00605	0.00616	0.00190	0.00802	0.00553	0.00371	0.00951
12	0.07298	0.01132	0.01655	0.17048	0.05323	0.01310	0.05620	0.01687	0.03360	0.07126	0.02147	0.03031	0.09199	0.01045	0.01012	0.00238	0.18177	0.12446	0.00425	0.00721
13	0.01486	0.01486	0.09988	0.16748	0.22557	0.01308	0.13874	0.01891	0.01422	0.09632	0.01646	0.10438	0.01433	0.00792	0.00675	0.00210	0.00776	0.02391	0.00392	0.00855
14	0.01637	0.03533	0.02028	0.02169	0.23769	0.01386	0.08142	0.16615	0.01728	0.07080	0.01850	0.14197	0.01727	0.01106	0.03871	0.00245	0.03060	0.04509	0.00472	0.00875
15	0.00786	0.00609	0.00721	0.00802	0.00928	0.00544	0.00581	0.00935	0.01340	0.01687	0.04789	0.39104	0.35008	0.01796	0.00789	0.00241	0.00367	0.07851	0.00589	0.00531
16	0.01312	0.04634	0.04953	0.01664	0.02070	0.06200	0.27547	0.04529	0.03483	0.01938	0.02676	0.16292	0.14113	0.01074	0.00727	0.00218	0.00742	0.04649	0.00447	0.00732
17	0.01530	0.21251	0.40184	0.01602	0.02314	0.08087	0.05485	0.02033	0.01400	0.04613	0.01242	0.01609	0.00999	0.00658	0.00576	0.00187	0.00865	0.04179	0.00314	0.00872
18	0.01333	0.08844	0.40124	0.01653	0.02330	0.06255	0.11116	0.01870	0.01459	0.02006	0.12079	0.02055	0.04665	0.00737	0.00632	0.00195	0.00826	0.00629	0.00357	0.00836
19	0.01213	0.01143	0.01929	0.73317	0.07117	0.01413	0.01769	0.01634	0.01275	0.01639	0.01130	0.01687	0.00852	0.00632	0.00634	0.00211	0.00842	0.00564	0.00283	0.00717
20	0.01594	0.01598	0.02248	0.15269	0.24676	0.12351	0.13594	0.04910	0.03513	0.02031	0.01368	0.01818	0.01111	0.00654	0.00632	0.00193	0.00824	0.02674	0.08104	0.00838
21	0.01372	0.01124	0.01598	0.19462	0.14058	0.01224	0.01282	0.14843	0.03227	0.02212	0.02135	0.20489	0.02147	0.01137	0.00711	0.00226	0.00643	0.10861	0.00480	0.00770
22	0.00773	0.00552	0.00736	0.00883	0.00920	0.00515	0.00589	0.00883	0.01215	0.01619	0.03497	0.77291	0.04196	0.01987	0.00810	0.00258	0.00368	0.01803	0.00589	0.00515
23	0.01315	0.01128	0.01315	0.00940	0.01503	0.00846	0.00752	0.01597	0.01315	0.02067	0.01128	0.01315	0.00940	0.00470	0.00470	0.00094	0.00470	0.00376	0.00376	0.81583
24	0.00838	0.00646	0.00765	0.00735	0.00911	0.00573	0.00551	0.01081	0.01654	0.02208	0.46281	0.05292	0.33328	0.01422	0.00749	0.00205	0.00308	0.01225	0.00654	0.00573
25	0.01011	0.00724	0.01060	0.01101	0.03993	0.00797	0.00810	0.01233	0.01123	0.04541	0.04379	0.02923	0.04856	0.08190	0.56934	0.00844	0.01410	0.03087	0.00391	0.00595
26	0.08941	0.01338	0.01772	0.01981	0.22859	0.01383	0.01245	0.19666	0.04025	0.16812	0.01772	0.08090	0.01436	0.01012	0.04589	0.00242	0.00685	0.00677	0.00530	0.00946
27	0.00911	0.00661	0.00923	0.00923	0.01002	0.00740	0.00672	0.01071	0.00991	0.01401	0.01788	0.02983	0.01799	0.26324	0.53916	0.00900	0.01379	0.00751	0.00353	0.00513
28	0.01239	0.01169	0.01976	0.68312	0.11921	0.01420	0.01782	0.01656	0.01288	0.01670	0.01135	0.01678	0.00863	0.00627	0.00634	0.00209	0.00836	0.00564	0.00285	0.00737
29	0.01418	0.05164	0.26909	0.03401	0.04538	0.05434	0.03506	0.02039	0.11015	0.04666	0.01432	0.01718	0.01139	0.01418	0.13560	0.00348	0.10538	0.00561	0.00360	0.00836
30	0.01428	0.22985	0.42204	0.01777	0.02553	0.01775	0.14922	0.01984	0.01355	0.01875	0.01097	0.01323	0.00836	0.00574	0.00578	0.00186	0.00893	0.00486	0.00279	0.00889
31	0.00800	0.00603	0.00689	0.00743	0.00840	0.00547	0.00498	0.00903	0.01235	0.01562	0.04284	0.31683	0.30918	0.20149	0.01371	0.00327	0.00409	0.01408	0.00540	0.00492
32	0.00770	0.00562	0.00726	0.00857	0.00913	0.00517	0.00577	0.00886	0.01240	0.01630	0.03815	0.69543	0.11738	0.01946	0.00803	0.00253	0.00363	0.01753	0.00589	0.00517
33	0.01743	0.06600	0.07106	0.18676	0.29230	0.01595	0.01651	0.15699	0.01721	0.07979	0.01323	0.01582	0.01003	0.00637	0.00615	0.00192	0.00753	0.00550	0.00401	0.00943
34	0.02763	0.01213	0.01555	0.01192	0.01686	0.01130	0.00985	0.16161	0.02038	0.60804	0.02316	0.02038	0.01477	0.00781	0.00637	0.00195	0.00570	0.00625	0.00756	0.01079
35	0.00800	0.00627	0.00725	0.00737	0.00897	0.00551	0.00539	0.00995	0.01511	0.01955	0.26784	0.19252	0.39200	0.01583	0.00761	0.00218	0.00323	0.01368	0.00623	0.00551
36	0.01576	0.06707	0.15953	0.24557	0.22735	0.01474	0.01757	0.01999	0.01397	0.11565	0.01308	0.01600	0.00977	0.00638	0.00657	0.00198	0.03118	0.00541	0.00355	0.00890
37	0.01692	0.07634	0.20130	0.07297	0.25262	0.21237	0.03994	0.02097	0.01492	0.01847	0.01100	0.01374	0.00880	0.00600	0.00596	0.00183	0.00914	0.00490	0.00301	0.00879
38	0.01332	0.01340	0.01387	0.01285	0.01408	0.16650	0.01002	0.01509	0.01165	0.01487	0.01357	0.02049	0.01288	0.07804	0.36951	0.00632	0.19802	0.00608	0.00325	0.00621
39	0.01386	0.01233	0.01666	0.01762	0.21610	0.01030	0.01084	0.01695	0.01351	0.02069	0.01146	0.01386	0.00958	0.00496	0.00514	0.00120	0.00549	0.00429	0.00359	0.59158
40	0.00904	0.00722	0.00818	0.00781	0.00982	0.00675	0.00589	0.01301	0.09224	0.02181	0.35588	0.05101	0.36023	0.01390	0.00738	0.00208	0.00331	0.01188	0.00643	0.00614
41	0.00787	0.00567	0.00747	0.00865	0.00921	0.00526	0.00587	0.00922	0.01292	0.01734	0.12001	0.66295	0.06619	0.01892	0.00800	0.00249	0.00358	0.01710	0.00602	0.00526
42	0.00795	0.00644	0.00706	0.00691	0.00885	0.00555	0.00518	0.00999	0.01554	0.01970	0.27086	0.05684	0.52671	0.01511	0.00749	0.00210	0.00315	0.01280	0.00623	0.00555
43	0.00859	0.00631	0.00804	0.00794	0.00932	0.00577	0.00583	0.01109	0.01654	0.02286	0.53389	0.17322	0.13798	0.01452	0.00759	0.00211	0.00314	0.01283	0.00666	0.00577
44	0.00894	0.00648	0.00842	0.00794	0.00945	0.00597	0.00595	0.01189	0.01786	0.02520	0.71461	0.04779	0.07953	0.01306	0.00748	0.00200	0.00300	0.01153	0.00695	0.00597
45	0.82186	0.01227	0.00932	0.00834	0.01227	0.01423	0.00687	0.01865	0.01080	0.02846	0.00883	0.01031	0.00687	0.00589	0.00393	0.00196	0.00491	0.00344	0.00393	0.00687
46	0.01295	0.07274	0.70623	0.01770	0.02686	0.01529	0.02277	0.02003	0.01337	0.01981	0.01125	0.01322	0.00804	0.00600	0.00592	0.00197	0.00924	0.00462	0.00268	0.00931
47	0.01578	0.01363	0.01434	0.01291	0.01650	0.01578	0.01004	0.03371	0.72602	0.02654	0.02582	0.02367	0.01937	0.00861	0.00646	0.00215	0.00502	0.00717	0.00646	0.01004
48	0.82186	0.01227	0.00932	0.00834	0.01227	0.01423	0.00687	0.01865	0.01080	0.02846	0.00883	0.01031	0.00687	0.00589	0.00393	0.00196	0.00491	0.00344	0.00393	0.00687
49	0.02412	0.01777	0.01904	0.01460	0.01967	0.01967	0.01206	0.71633	0.02983	0.03998	0.01523	0.01523	0.01079	0.00762	0.00635	0.00190	0.00698	0.00571	0.00635	0.01079
50	0.82186	0.01227	0.00932	0.00834	0.01227	0.01423	0.00687	0.01865	0.01080	0.02846	0.00883	0.01031	0.00687	0.00589	0.00393	0.00196	0.00491	0.00344	0.00393	0.00687
51	0.01570	0.01507	0.02575	0.03894	0.73748	0.01507	0.01947	0.01947	0.01444	0.02073	0.01193	0.01570	0.01005	0.00565	0.00628	0.00188	0.00754	0.00565	0.00314	0.01005
52	0.01721	0.01434	0.01515	0.01320	0.01704	0.01645	0.01039	0.15056	0.60685	0.02884	0.02401	0.02222	0.01790	0.00844	0.00644	0.00211	0.00536	0.00692	0.00644	0.01017
53	0.01578	0.01363	0.01434	0.01291	0.01650	0.01578	0.01004	0.03371	0.72602	0.02654	0.02582	0.02367	0.01937	0.00861	0.00646	0.00215	0.00502	0.00717	0.00646	0.01004
54	0.01497	0.01711	0.03743	0.02674	0.03316	0.01604	0.71444	0.02032	0.01497	0.02032	0.01283	0.01711	0.00963	0.00535	0.00749	0.00214	0.01070	0.00749	0.00321	0.00856
55	0.00759	0.00605	0.00681	0.00742	0.00883	0.00527	0.00526	0.00899	0.01350	0.01675	0.05216	0.35505	0.44871	0.01764	0.00775	0.00232	0.00341	0.01531	0.00589	0.00527
56	0.01360	0.01168	0.01336	0.01000	0.01528	0.00971	0.00795	0.01901	0.13518	0.02168	0.01377	0.01495	0.01110	0.00537	0.00500	0.00115	0.00475	0.00434	0.00422	0.67790
57	0.01497	0.01711	0.03743	0.02674	0.03316	0.01604	0.71444	0.02032	0.01497	0.02032	0.01283	0.01711	0.00963	0.00535	0.00749	0.00214	0.01070	0.00749	0.00321	0.00856
58	0.00908	0.00671	0.00975	0.00975	0.01074	0.00769	0.00738	0.01105	0.01007	0.01440	0.01740	0.02715	0.01683	0.14565	0.65517	0.00965	0.01553	0.00712	0.00346	0.00542
59	0.00773	0.00552	0.00736	0.00883	0.00920	0.00515	0.00589	0.00883	0.01215	0.01619	0.03497	0.77291	0.04196	0.01987	0.00810	0.00258	0.00368	0.01803	0.00589	0.00515
60	0.01073	0.00917	0.01343	0.11256	0.01658	0.01156	0.01033	0.01278	0.01030	0.01480	0.01430	0.02278	0.01369	0.11195	0.38321	0.00674	0.20932	0.00658	0.00321	0.00598
61	0.01272	0.03281	0.74418	0.01808	0.02746	0.01473	0.02344	0.02009	0.01339	0.02009	0.01138	0.01339	0.00804	0.00603	0.00603	0.00201	0.00938	0.00469	0.00268	0.00938
62	0.01343	0.00894	0.05762	0.00892	0.01158	0.00719	0.00750	0.01660	0.01690	0.16139	0.42927	0.03617	0.04057	0.01058	0.00665	0.00190	0.00387	0.00910	0.14471	0.00711
63	0.68387	0.01275	0.01214	0.01358	0.13640	0.01438	0.00903	0.01879	0.01142	0.02714	0.00936	0.01123	0.00741	0.00585	0.00433	0.00195	0.00536	0.00381	0.00379	0.00741
64	0.00919	0.00671	0.01007	0.01007	0.01113	0.00777	0.00777	0.01113	0.01007	0.01448	0.01660	0.02455	0.01554	0.04590	0.70409	0.06316	0.01624	0.00671	0.00336	0.00547
65	0.23034	0.01336	0.01516	0.01253	0.01578	0.01549	0.01034	0.19375	0.01655	0.15322	0.01378	0.01547	0.01043	0.01101	0.06477	0.00275	0.18662	0.00528	0.00491	0.00847
66	0.01405	0.06431	0.05299	0.07808	0.49027	0.01396	0.01663	0.01743	0.01379	0.01925	0.01560	0.14493	0.01520	0.00813	0.00644	0.00199	0.00696	0.00758	0.00354	0.00886
67	0.02126	0.04216	0.01546	0.06200	0.04768	0.06070	0.01036	0.05225	0.01640	0.38253	0.04229	0.02292	0.01616	0.01479	0.13398	0.00337	0.00815	0.03269	0.00588	0.00896
68	0.82186	0.01227	0.00932	0.00834	0.01227	0.01423	0.00687	0.01865	0.01080	0.02846	0.00883	0.01031	0.00687	0.00589	0.00393	0.00196	0.00491	0.00344	0.00393	0.00687
69	0.01364	0.01353	0.01502	0.06004	0.18451	0.13705	0.01157	0.01755	0.07348	0.01934	0.08416	0.03688	0.18448	0.01081	0.00694	0.00210	0.00645	0.11031	0.00475	0.00740
70	0.00765	0.00643	0.00664	0.00659	0.00866	0.00542	0.00494	0.00941	0.01483	0.01801	0.13497	0.05961	0.66365	0.01574	0.00750	0.00213	0.00319	0.01319	0.00601	0.00542
71	0.50843	0.01078	0.00993	0.00866	0.01230	0.01156	0.00702	0.01919	0.01332	0.15475	0.10630	0.02133	0.07838	0.00800	0.00512	0.00198	0.00461	0.00582	0.00518	0.00733
72	0.01144	0.00597	0.00608	0.00605	0.00757	0.00589	0.00454	0.01433	0.01362	0.02340	0.06153	0.02692	0.05680	0.00815	0.00476	0.00154	0.00297	0.00661	0.72594	0.00589
73	0.01578	0.01363	0.01434	0.01291	0.01650	0.01578	0.01004	0.03371	0.72602	0.02654	0.02582	0.02367	0.01937	0.00861	0.00646	0.00215	0.00502	0.00717	0.00646	0.01004
74	0.01497	0.01711	0.03743	0.02674	0.03316	0.01604	0.71444	0.02032	0.01497	0.02032	0.01283	0.01711	0.00963	0.00535	0.00749	0.00214	0.01070	0.00749	0.00321	0.00856
75	0.01315	0.01128	0.01315	0.00940	0.01503	0.00846	0.00752	0.01597	0.01315	0.02067	0.01128	0.01315	0.00940	0.00470	0.00470	0.00094	0.00470	0.00376	0.00376	0.81583
76	0.01198	0.01128	0.01903	0.76180	0.04369	0.01409	0.01762	0.01621	0.01268	0.01621	0.01128	0.01691	0.00846	0.00634	0.00634	0.00211	0.00846	0.00564	0.00282	0.00705
77	0.01198	0.01128	0.01903	0.76180	0.04369	0.01409	0.01762	0.01621	0.01268	0.01621	0.01128	0.01691	0.00846	0.00634	0.00634	0.00211	0.00846	0.00564	0.00282	0.00705
78	0.00853	0.00647	0.00785	0.00751	0.00920	0.00579	0.00563	0.01110	0.01689	0.02290	0.52941	0.05156	0.26616	0.01392	0.00749	0.00204	0.00306	0.01206	0.00665	0.00579
79	0.02846	0.01080	0.01472	0.01129	0.01619	0.00932	0.00932	0.03092	0.01816	0.74187	0.02503	0.02159	0.01570	0.00785	0.00638	0.00196	0.00540	0.00638	0.00785	0.01080
80	0.02511	0.00981	0.01295	0.01020	0.01442	0.00864	0.00834	0.02766	0.01718	0.59711	0.02415	0.02201	0.01582	0.00776	0.00599	0.00187	0.00491	0.00629	0.16998	0.00981
81	0.00976	0.00715	0.00957	0.01078	0.01236	0.00697	0.00930	0.01245	0.01458	0.01867	0.03884	0.06976	0.15606	0.01728	0.00855	0.00279	0.00539	0.57814	0.00585	0.00576
82	0.02544	0.01564	0.01772	0.01359	0.01861	0.01652	0.01122	0.50727	0.02627	0.25406	0.01822	0.01717	0.01229	0.00769	0.00636	0.00192	0.00650	0.00592	0.00681	0.01079
83	0.00873	0.00647	0.00813	0.00771	0.00932	0.00588	0.00579	0.01148	0.01736	0.02402	0.61947	0.04973	0.17541	0.01350	0.00748	0.00202	0.00303	0.01180	0.00680	0.00588
84	0.02833	0.01101	0.01485	0.01139	0.01630	0.00964	0.00941	0.05174	0.01851	0.72055	0.02473	0.02140	0.01555	0.00784	0.00638	0.00196	0.00545	0.00636	0.00781	0.01080
85	0.02476	0.01643	0.01599	0.01312	0.01749	0.17028	0.01047	0.13119	0.13413	0.36793	0.02046	0.01882	0.01396	0.00766	0.00625	0.00191	0.00686	0.00592	0.00643	0.00994
86	0.01198	0.01128	0.01903	0.76180	0.04369	0.01409	0.01762	0.01621	0.01268	0.01621	0.01128	0.01691	0.00846	0.00634	0.00634	0.00211	0.00846	0.00564	0.00282	0.00705
87	0.00898	0.00648	0.00848	0.00798	0.00948	0.00599	0.00599	0.01197	0.01796	0.02544	0.73413	0.04739	0.05986	0.01297	0.00748	0.00200	0.00299	0.01147	0.00698	0.00599
88	0.02715	0.01291	0.01603	0.01229	0.01725	0.01246	0.01015	0.23852	0.02169	0.52928	0.02206	0.01967	0.01421	0.00778	0.00637	0.00195	0.00588	0.00618	0.00740	0.01079
89	0.01548	0.17699	0.07499	0.04767	0.25716	0.01745	0.19954	0.02106	0.09056	0.01985	0.01295	0.01566	0.01036	0.00589	0.00614	0.00188	0.00808	0.00576	0.00339	0.00912
90	0.01272	0.03281	0.74418	0.01808	0.02746	0.01473	0.02344	0.02009	0.01339	0.02009	0.01138	0.01339	0.00804	0.00603	0.00603	0.00201	0.00938	0.00469	0.00268	0.00938

[dist]
# distance from previous block
# <min> <max>
0	8

[block]
# block no. 6 follows, 35 sequences, length 68
# corresponding to MSA columns:
# 756-823
name=unknown_G
#
# <colnr> <probs for GDERKNQSTAVLIFYWHMCP>
#	G	D	E	R	K	N	Q	S	T	A	V	L	I	F	Y	W	H	M	C	P
0	0.00898	0.00648	0.00848	0.00798	0.00948	0.00599	0.00599	0.01197	0.01796	0.02544	0.73413	0.04739	0.05986	0.01297	0.00748	0.00200	0.00299	0.01147	0.00698	0.00599
1	0.82186	0.01227	0.00932	0.00834	0.01227	0.01423	0.00687	0.01865	0.01080	0.02846	0.00883	0.01031	0.00687	0.00589	0.00393	0.00196	0.00491	0.00344	0.00393	0.00687
2	0.00906	0.00680	0.01020	0.01020	0.01133	0.00793	0.00793	0.01133	0.01020	0.01473	0.01699	0.02492	0.01586	0.04758	0.75191	0.01020	0.01699	0.00680	0.00340	0.00566
3	0.01737	0.01378	0.01430	0.01196	0.01548	0.05303	0.00950	0.31324	0.15211	0.03067	0.20143	0.02778	0.06984	0.00961	0.00664	0.00196	0.00550	0.00783	0.02918	0.00878
4	0.00755	0.00643	0.00650	0.00648	0.00860	0.00538	0.00486	0.00920	0.01458	0.01742	0.08672	0.06059	0.71228	0.01596	0.00750	0.00214	0.00321	0.01332	0.00593	0.00538
5	0.01198	0.01128	0.01903	0.76180	0.04369	0.01409	0.01762	0.01621	0.01268	0.01621	0.01128	0.01691	0.00846	0.00634	0.00634	0.00211	0.00846	0.00564	0.00282	0.00705
6	0.00923	0.00615	0.00692	0.00692	0.00692	0.00615	0.00384	0.00923	0.00923	0.01230	0.01999	0.04151	0.02306	0.77705	0.03229	0.00615	0.00615	0.00923	0.00384	0.00384
7	0.01322	0.02938	0.58960	0.01997	0.02870	0.01502	0.17458	0.02014	0.01374	0.02014	0.01170	0.01421	0.00838	0.00588	0.00635	0.00204	0.00966	0.00530	0.00279	0.00920
8	0.01885	0.56994	0.02895	0.01240	0.01722	0.22924	0.01125	0.02078	0.01432	0.01509	0.00910	0.01053	0.00815	0.00574	0.00453	0.00143	0.00809	0.00359	0.00287	0.00792
9	0.01223	0.00811	0.01105	0.01402	0.16792	0.00825	0.00851	0.01528	0.01325	0.02162	0.01913	0.02505	0.01611	0.01258	0.09689	0.00273	0.00586	0.04886	0.48576	0.00678
10	0.01626	0.01386	0.01461	0.01301	0.01668	0.01600	0.01016	0.07286	0.68609	0.02731	0.02521	0.02318	0.01887	0.00855	0.00645	0.00214	0.00513	0.00709	0.00645	0.01008
11	0.04442	0.03752	0.01843	0.01397	0.01881	0.01900	0.01153	0.60056	0.09174	0.03740	0.01597	0.01592	0.01152	0.00759	0.00619	0.00190	0.00665	0.00573	0.02473	0.01043
12	0.01753	0.31768	0.24939	0.01511	0.04373	0.06329	0.01537	0.16828	0.01700	0.02208	0.01114	0.01250	0.00874	0.00615	0.00533	0.00171	0.00793	0.00440	0.00352	0.00910
13	0.06843	0.04215	0.15425	0.06372	0.12472	0.17875	0.03280	0.17493	0.01786	0.02346	0.01207	0.01434	0.00938	0.00862	0.04549	0.00231	0.00907	0.00505	0.00383	0.00879
14	0.01620	0.01384	0.01458	0.01300	0.01666	0.01598	0.01014	0.06808	0.69096	0.02721	0.02529	0.02324	0.01893	0.00856	0.00645	0.00214	0.00512	0.00710	0.00645	0.01008
15	0.01305	0.01437	0.09287	0.02338	0.33930	0.05364	0.01413	0.01654	0.01527	0.02101	0.19991	0.07741	0.07400	0.00927	0.00673	0.00198	0.00624	0.00830	0.00445	0.00814
16	0.00781	0.00620	0.00702	0.00731	0.00889	0.00541	0.00530	0.00953	0.01446	0.01832	0.17172	0.24237	0.44022	0.01652	0.00765	0.00223	0.00330	0.01426	0.00608	0.00541
17	0.01458	0.01336	0.02131	0.03047	0.53344	0.01330	0.01592	0.06089	0.01576	0.02198	0.09132	0.02421	0.10038	0.00774	0.00655	0.00193	0.00653	0.00715	0.00405	0.00913
18	0.00907	0.00675	0.00997	0.00997	0.01103	0.00781	0.00765	0.01119	0.01013	0.01456	0.01719	0.02604	0.01635	0.09677	0.70338	0.00992	0.01626	0.00696	0.00343	0.00554
19	0.01007	0.00719	0.01004	0.01151	0.01290	0.00717	0.00995	0.01288	0.01445	0.01881	0.03367	0.11523	0.03685	0.01767	0.00872	0.00290	0.00571	0.65264	0.00584	0.00580
20	0.01578	0.01363	0.01434	0.01291	0.01650	0.01578	0.01004	0.03371	0.72602	0.02654	0.02582	0.02367	0.01937	0.00861	0.00646	0.00215	0.00502	0.00717	0.00646	0.01004
21	0.01696	0.78087	0.03324	0.01085	0.01628	0.02510	0.01085	0.01900	0.01289	0.01493	0.00882	0.01018	0.00814	0.00543	0.00407	0.00136	0.00678	0.00339	0.00271	0.00814
22	0.82186	0.01227	0.00932	0.00834	0.01227	0.01423	0.00687	0.01865	0.01080	0.02846	0.00883	0.01031	0.00687	0.00589	0.00393	0.00196	0.00491	0.00344	0.00393	0.00687
23	0.01070	0.00731	0.00958	0.01038	0.01222	0.00695	0.00885	0.01327	0.01479	0.06355	0.04051	0.06589	0.20496	0.01657	0.00831	0.00267	0.00518	0.48630	0.00598	0.00603
24	0.00806	0.00566	0.00726	0.00841	0.00870	0.00537	0.00544	0.00892	0.01151	0.01534	0.03169	0.61294	0.03783	0.18549	0.01339	0.00336	0.00422	0.01611	0.00544	0.00487
25	0.00855	0.00614	0.00795	0.00912	0.00973	0.00588	0.00620	0.04446	0.01304	0.01739	0.03397	0.73476	0.04039	0.01926	0.00801	0.00254	0.00385	0.01741	0.00591	0.00544
26	0.01217	0.01164	0.02017	0.71603	0.04304	0.01422	0.06101	0.01646	0.01283	0.01646	0.01137	0.01693	0.00853	0.00628	0.00641	0.00212	0.00860	0.00575	0.00284	0.00714
27	0.01177	0.02587	0.53901	0.01660	0.02382	0.01272	0.06263	0.01764	0.01322	0.01925	0.01663	0.17975	0.01555	0.00901	0.00657	0.00214	0.00821	0.00778	0.00341	0.00840
28	0.00894	0.00612	0.00745	0.00804	0.00832	0.00602	0.00520	0.00960	0.01070	0.01420	0.02581	0.24716	0.02995	0.47390	0.02270	0.00476	0.00543	0.09661	0.00466	0.00445
29	0.00958	0.00676	0.00884	0.00994	0.01096	0.00666	0.00740	0.01252	0.07005	0.03829	0.03361	0.51724	0.03805	0.01805	0.00808	0.00261	0.00437	0.18514	0.00598	0.00588
30	0.07111	0.01277	0.01411	0.01228	0.01574	0.01444	0.00976	0.17253	0.33592	0.06486	0.02045	0.02114	0.01574	0.01670	0.16931	0.00384	0.00807	0.00649	0.00567	0.00907
