[name]
unknown

[dist]
# distance from previous block
# <min> <max>
12	206

[block]
# block no. 0 follows, 33 sequences, length 6
# corresponding to MSA columns:
# 2804-2809
name=unknown_A
#
# <colnr> <probs for GDERKNQSTAVLIFYWHMCP>
#	G	D	E	R	K	N	Q	S	T	A	V	L	I	F	Y	W	H	M	C	P
0	0.13260	0.10240	0.01585	0.01108	0.01540	0.01304	0.00910	0.07305	0.07953	0.26414	0.02097	0.12168	0.01720	0.00903	0.00606	0.00196	0.00546	0.00726	0.00599	0.08821
1	0.13088	0.37809	0.02527	0.01276	0.01743	0.10847	0.01133	0.15222	0.01685	0.02255	0.01052	0.01202	0.00881	0.00670	0.00612	0.00175	0.06159	0.00424	0.00379	0.00861
2	0.01061	0.01009	0.06059	0.06370	0.01531	0.00857	0.00903	0.01481	0.09684	0.01912	0.02770	0.44859	0.03032	0.01467	0.00735	0.00227	0.00492	0.01308	0.00536	0.13706
3	0.01211	0.01258	0.06123	0.01438	0.11174	0.09941	0.00955	0.01414	0.01393	0.01788	0.10852	0.20279	0.07838	0.19817	0.01372	0.00322	0.00629	0.01078	0.00476	0.00642
4	0.01600	0.22036	0.09982	0.02411	0.31752	0.01661	0.01560	0.01934	0.01435	0.06364	0.01564	0.11922	0.01466	0.00805	0.00614	0.00193	0.00711	0.00697	0.00379	0.00916
5	0.01550	0.08232	0.01937	0.38504	0.03121	0.08626	0.01453	0.11396	0.04400	0.02040	0.01455	0.06789	0.01236	0.01043	0.05251	0.00260	0.00878	0.00651	0.00388	0.00789

[dist]
# distance from previous block
# <min> <max>
0	7

[block]
# block no. 1 follows, 33 sequences, length 31
# corresponding to MSA columns:
# 2838-2868
name=unknown_B
#
# <colnr> <probs for GDERKNQSTAVLIFYWHMCP>
#	G	D	E	R	K	N	Q	S	T	A	V	L	I	F	Y	W	H	M	C	P
0	0.01420	0.01154	0.01569	0.01907	0.22034	0.01194	0.01115	0.11886	0.08442	0.02278	0.07471	0.15720	0.02412	0.16962	0.01263	0.00305	0.00611	0.00954	0.00505	0.00797
1	0.02503	0.01844	0.01976	0.01515	0.02042	0.02042	0.01251	0.70562	0.03095	0.04149	0.01581	0.01581	0.01120	0.00790	0.00659	0.00198	0.00724	0.00593	0.00659	0.01120
2	0.04267	0.01061	0.01226	0.00949	0.01405	0.00883	0.00748	0.01690	0.05942	0.02333	0.16857	0.02238	0.02201	0.00715	0.00558	0.00135	0.00445	0.00594	0.03303	0.52446
3	0.00947	0.00649	0.00854	0.00883	0.01002	0.00638	0.00657	0.01193	0.01492	0.02146	0.29522	0.23086	0.04248	0.02052	0.12339	0.00356	0.00577	0.05496	0.11270	0.00591
4	0.01517	0.02033	0.14848	0.02633	0.03347	0.01643	0.59660	0.02105	0.01528	0.02105	0.01308	0.01715	0.00973	0.00566	0.00753	0.00220	0.01088	0.00731	0.00324	0.00901
5	0.09910	0.01290	0.09411	0.08123	0.19686	0.01130	0.01299	0.01547	0.01318	0.01982	0.05692	0.11953	0.06315	0.01562	0.09880	0.06161	0.00781	0.00815	0.00404	0.00742
6	0.01468	0.01921	0.25463	0.05000	0.02116	0.05821	0.06424	0.05467	0.01501	0.08918	0.02035	0.20946	0.01962	0.06852	0.00905	0.00254	0.00762	0.00922	0.00454	0.00808
7	0.01252	0.01204	0.02153	0.53956	0.03914	0.01409	0.12495	0.01682	0.01319	0.01729	0.01275	0.01869	0.00999	0.01213	0.10492	0.00332	0.01032	0.00631	0.00307	0.00737
8	0.01388	0.01351	0.02386	0.22945	0.03035	0.01417	0.26203	0.05194	0.09063	0.02100	0.02155	0.04962	0.07720	0.00877	0.00738	0.00228	0.00831	0.06169	0.00428	0.00808
9	0.02143	0.01788	0.01845	0.04066	0.19232	0.22158	0.01295	0.04613	0.04145	0.20237	0.05752	0.02039	0.01548	0.05277	0.00807	0.00219	0.00797	0.00622	0.00504	0.00913
10	0.01131	0.00810	0.01261	0.19176	0.05269	0.00897	0.01024	0.01234	0.01152	0.01551	0.06019	0.02715	0.01733	0.04757	0.13615	0.29923	0.00841	0.06002	0.00358	0.00531
11	0.01461	0.16353	0.05929	0.15976	0.08344	0.01642	0.04838	0.02252	0.21156	0.02148	0.09535	0.02260	0.03793	0.00796	0.00635	0.00201	0.00675	0.00677	0.00457	0.00871
12	0.01162	0.00885	0.01026	0.00845	0.01199	0.00726	0.00652	0.01435	0.01468	0.02224	0.15211	0.07536	0.09923	0.00923	0.00589	0.00152	0.00399	0.00779	0.15117	0.37749
13	0.01509	0.06436	0.11266	0.01619	0.09588	0.01525	0.01280	0.02705	0.38739	0.02480	0.10083	0.02362	0.02102	0.00835	0.00650	0.00205	0.00596	0.00702	0.00548	0.04771
14	0.00868	0.00639	0.00821	0.00950	0.01015	0.00622	0.00645	0.01121	0.06814	0.01765	0.03553	0.70591	0.04169	0.01970	0.00827	0.00264	0.00393	0.01782	0.00616	0.00575
15	0.01354	0.01126	0.01306	0.00947	0.01497	0.00857	0.00755	0.01648	0.01366	0.02170	0.01247	0.01451	0.01031	0.00510	0.00485	0.00102	0.00473	0.00408	0.06719	0.74548
16	0.01776	0.13131	0.02172	0.01975	0.19724	0.01531	0.04545	0.11415	0.04984	0.10099	0.01577	0.04108	0.01297	0.01211	0.08021	0.04560	0.00795	0.00615	0.00449	0.06014
17	0.02001	0.01043	0.01313	0.01112	0.01462	0.00993	0.00891	0.13483	0.01956	0.31456	0.15138	0.12506	0.06617	0.01178	0.00728	0.00219	0.00512	0.05778	0.00722	0.00892
18	0.00814	0.00578	0.00760	0.00901	0.00937	0.00543	0.00595	0.00920	0.01237	0.01650	0.03510	0.70917	0.04204	0.07785	0.01032	0.00296	0.00402	0.01802	0.00595	0.00524
19	0.01864	0.10797	0.06652	0.05689	0.06774	0.01514	0.17334	0.09996	0.03372	0.15981	0.01759	0.06114	0.01375	0.00757	0.00651	0.00200	0.00749	0.00692	0.06808	0.00922
20	0.07120	0.01648	0.07065	0.01329	0.01767	0.05394	0.01134	0.32222	0.05855	0.09890	0.01711	0.01961	0.01324	0.06729	0.08810	0.00323	0.00819	0.00615	0.03353	0.00932
21	0.08040	0.17909	0.15862	0.01595	0.06478	0.12736	0.04443	0.05939	0.05277	0.04915	0.01676	0.06000	0.04897	0.00782	0.00595	0.00192	0.00785	0.00612	0.00404	0.00865
22	0.07719	0.01179	0.01401	0.01228	0.01453	0.04699	0.05452	0.05926	0.11364	0.02186	0.05540	0.02609	0.01827	0.11532	0.10263	0.00376	0.10431	0.02834	0.11263	0.00720
23	0.01279	0.01329	0.05594	0.01589	0.04189	0.01440	0.07312	0.01527	0.01263	0.01826	0.06721	0.06993	0.08721	0.03047	0.01441	0.00256	0.34549	0.03480	0.00398	0.07045
24	0.01186	0.03507	0.05823	0.05691	0.06587	0.01058	0.00999	0.03477	0.13995	0.02351	0.28538	0.10660	0.11124	0.01190	0.00724	0.00215	0.00489	0.01034	0.00594	0.00758
25	0.00883	0.00686	0.00958	0.00988	0.01106	0.00641	0.04322	0.01106	0.03361	0.01893	0.14486	0.52072	0.11401	0.01798	0.00816	0.00250	0.00408	0.01626	0.00616	0.00583
26	0.01337	0.06302	0.13094	0.03711	0.09742	0.01219	0.08530	0.01792	0.05169	0.05899	0.15141	0.10933	0.08019	0.01025	0.00731	0.00212	0.02415	0.00905	0.03018	0.00805
27	0.01460	0.08760	0.55617	0.01849	0.02718	0.01659	0.07576	0.06623	0.03744	0.02203	0.01247	0.01441	0.00904	0.00634	0.00625	0.00204	0.00932	0.00514	0.00320	0.00968
28	0.09275	0.08352	0.07285	0.01425	0.06965	0.07650	0.01121	0.06040	0.01406	0.03483	0.02016	0.02467	0.10510	0.09708	0.09311	0.00351	0.10810	0.00681	0.00402	0.00741
29	0.01466	0.27295	0.25898	0.01358	0.01950	0.01694	0.01457	0.01852	0.01330	0.04248	0.01371	0.07386	0.01245	0.03743	0.03317	0.00229	0.04594	0.00577	0.00343	0.08646
30	0.11658	0.09943	0.11691	0.01234	0.01734	0.04125	0.03313	0.12107	0.03294	0.13151	0.02223	0.02235	0.10458	0.00821	0.00594	0.00192	0.00639	0.00637	0.07313	0.02638

[dist]
# distance from previous block
# <min> <max>
4	17

[block]
# block no. 2 follows, 33 sequences, length 28
# corresponding to MSA columns:
# 2886-2913
name=unknown_C
#
# <colnr> <probs for GDERKNQSTAVLIFYWHMCP>
#	G	D	E	R	K	N	Q	S	T	A	V	L	I	F	Y	W	H	M	C	P
0	0.01331	0.01384	0.07600	0.04724	0.11978	0.01153	0.18061	0.01701	0.01425	0.03665	0.01940	0.19422	0.01918	0.00975	0.00705	0.00207	0.00715	0.04136	0.00427	0.16533
1	0.01713	0.07525	0.16924	0.11424	0.19634	0.03907	0.01707	0.17593	0.05163	0.02479	0.01443	0.04962	0.01172	0.00733	0.00639	0.00201	0.00796	0.00611	0.00414	0.00960
2	0.01484	0.43028	0.09674	0.01264	0.01739	0.01925	0.04777	0.01784	0.01434	0.01842	0.13100	0.04399	0.02018	0.00843	0.00643	0.00183	0.04263	0.04420	0.00386	0.00794
3	0.06812	0.01224	0.06994	0.01483	0.01834	0.01078	0.18349	0.01670	0.01315	0.09165	0.01967	0.13762	0.01870	0.11406	0.17578	0.00465	0.00978	0.00891	0.00439	0.00723
4	0.01591	0.11246	0.31254	0.02224	0.18351	0.03554	0.06748	0.02172	0.04640	0.05768	0.01310	0.01518	0.00997	0.00620	0.00613	0.00192	0.00844	0.00528	0.00347	0.05483
5	0.01487	0.02414	0.34133	0.02476	0.16658	0.01562	0.20374	0.05798	0.01553	0.02206	0.01469	0.01744	0.03738	0.00649	0.00679	0.00209	0.00933	0.00625	0.00336	0.00956
6	0.00821	0.00605	0.00769	0.00863	0.00950	0.00553	0.00596	0.00979	0.01404	0.01865	0.16270	0.52976	0.15181	0.01875	0.00819	0.00250	0.00362	0.01677	0.00631	0.00553
7	0.05589	0.01707	0.07493	0.08936	0.26863	0.01642	0.05999	0.22213	0.01964	0.09064	0.01441	0.01647	0.01070	0.00675	0.00650	0.00202	0.00776	0.00589	0.00465	0.01015
8	0.11979	0.01566	0.08802	0.05709	0.29997	0.01419	0.01533	0.04544	0.07021	0.15699	0.04261	0.01843	0.01357	0.00699	0.00627	0.00203	0.00688	0.00597	0.00475	0.00981
9	0.01024	0.00767	0.01007	0.01106	0.05551	0.00782	0.00716	0.04250	0.01339	0.01830	0.12399	0.26333	0.05481	0.22516	0.09421	0.00437	0.02734	0.01210	0.00516	0.00580
10	0.00866	0.00600	0.00745	0.00835	0.00857	0.00578	0.00523	0.00933	0.01135	0.01513	0.02986	0.46610	0.03543	0.32993	0.01878	0.00421	0.00488	0.01494	0.00523	0.00479
11	0.03729	0.01317	0.01673	0.04117	0.14298	0.01163	0.01085	0.09295	0.01570	0.02372	0.01220	0.01441	0.00992	0.00548	0.00539	0.00133	0.00580	0.00453	0.00405	0.53069
12	0.02100	0.01927	0.01716	0.01497	0.01764	0.28642	0.01180	0.05888	0.01630	0.15806	0.01524	0.05724	0.01276	0.01242	0.06887	0.00283	0.19026	0.00619	0.00453	0.00815
13	0.01161	0.00968	0.01023	0.00967	0.01233	0.00993	0.00735	0.05614	0.24775	0.02220	0.04691	0.13462	0.36783	0.01411	0.00743	0.00227	0.00423	0.01192	0.00633	0.00745
14	0.01514	0.05032	0.01333	0.01073	0.01281	0.01152	0.00830	0.13134	0.01489	0.08707	0.01936	0.02666	0.04786	0.17582	0.15223	0.08621	0.07262	0.00717	0.04978	0.00683
15	0.47780	0.11899	0.01674	0.01282	0.04973	0.12030	0.03150	0.04386	0.01352	0.02503	0.00980	0.01163	0.00794	0.00635	0.00525	0.00193	0.03122	0.00405	0.00379	0.00773
16	0.04593	0.01599	0.05146	0.08945	0.15802	0.16166	0.04403	0.01730	0.01422	0.01815	0.01867	0.21790	0.01945	0.06618	0.00927	0.00249	0.02918	0.00920	0.00407	0.00739
17	0.01468	0.01566	0.09257	0.05946	0.32462	0.01267	0.01531	0.01858	0.01423	0.02119	0.01201	0.01500	0.00985	0.00552	0.00580	0.00157	0.00682	0.00494	0.00346	0.34605
18	0.00980	0.00683	0.00909	0.00979	0.01110	0.00695	0.00776	0.01223	0.01351	0.01887	0.06280	0.16575	0.09051	0.02493	0.19895	0.00462	0.00793	0.21948	0.11323	0.00587
19	0.00983	0.00770	0.00961	0.05590	0.01263	0.00758	0.00717	0.01415	0.08768	0.02347	0.42639	0.10874	0.17661	0.01378	0.00764	0.00218	0.00378	0.01202	0.00661	0.00651
20	0.01769	0.02521	0.30247	0.02077	0.13863	0.11724	0.01824	0.17078	0.01827	0.02445	0.01355	0.04870	0.01094	0.00748	0.00700	0.00204	0.03717	0.00584	0.00393	0.00958
21	0.00851	0.00654	0.00779	0.00782	0.00943	0.00582	0.00574	0.01074	0.01623	0.02150	0.35781	0.17660	0.30988	0.01590	0.00788	0.00223	0.00331	0.01382	0.00662	0.00582
22	0.01549	0.01772	0.19622	0.01962	0.14552	0.01313	0.07933	0.02090	0.06642	0.11675	0.10416	0.02545	0.08457	0.00873	0.00782	0.00214	0.05473	0.00747	0.00477	0.00905
23	0.01533	0.01730	0.14538	0.08525	0.02350	0.01306	0.08886	0.11865	0.01639	0.02379	0.01250	0.01483	0.00965	0.00580	0.00585	0.00157	0.00714	0.00498	0.00394	0.38625
24	0.15085	0.12162	0.02357	0.01605	0.02098	0.01678	0.20546	0.07115	0.16102	0.08641	0.01646	0.01841	0.01267	0.04158	0.00742	0.00223	0.00734	0.00626	0.00476	0.00899
25	0.01490	0.07972	0.06802	0.01427	0.07307	0.08267	0.01117	0.05573	0.04293	0.05420	0.13795	0.11341	0.02682	0.01089	0.00688	0.00206	0.00627	0.10488	0.00519	0.08897
26	0.06737	0.04414	0.05312	0.01185	0.01502	0.11287	0.00963	0.13892	0.01763	0.02379	0.12374	0.23097	0.02696	0.01290	0.02878	0.00233	0.00646	0.00978	0.00532	0.05841
27	0.04268	0.09129	0.05465	0.01623	0.05437	0.08767	0.08322	0.14211	0.04449	0.04644	0.01567	0.02065	0.01314	0.01259	0.08755	0.00299	0.07318	0.04884	0.05373	0.00851

[dist]
# distance from previous block
# <min> <max>
3	144

[block]
# block no. 3 follows, 33 sequences, length 49
# corresponding to MSA columns:
# 3058-3106
name=unknown_D
#
# <colnr> <probs for GDERKNQSTAVLIFYWHMCP>
#	G	D	E	R	K	N	Q	S	T	A	V	L	I	F	Y	W	H	M	C	P
0	0.13835	0.01385	0.05074	0.01356	0.01729	0.01412	0.06794	0.16124	0.09701	0.04846	0.04208	0.11345	0.01770	0.01392	0.08716	0.00309	0.05562	0.00774	0.00512	0.03153
1	0.13781	0.07015	0.01770	0.19612	0.04690	0.01602	0.01261	0.12457	0.05457	0.02361	0.05098	0.02104	0.01439	0.03151	0.02957	0.00255	0.09888	0.03875	0.00430	0.00798
2	0.07785	0.01656	0.01713	0.09932	0.09256	0.16604	0.01229	0.06295	0.03540	0.02173	0.09641	0.01854	0.01572	0.00787	0.00812	0.00193	0.10666	0.00579	0.00414	0.13299
3	0.01600	0.01047	0.01415	0.07307	0.05648	0.00960	0.02894	0.01993	0.05991	0.18890	0.16211	0.03073	0.12064	0.00941	0.00667	0.00188	0.00517	0.00807	0.00590	0.17198
4	0.00984	0.00712	0.00891	0.00973	0.01104	0.00689	0.00720	0.01305	0.07691	0.03965	0.06080	0.43951	0.13652	0.01802	0.00820	0.00259	0.00428	0.12734	0.00625	0.00615
5	0.01390	0.01312	0.02177	0.48111	0.26711	0.01505	0.01850	0.01888	0.05043	0.01891	0.01271	0.01751	0.00991	0.00647	0.00657	0.00212	0.00828	0.00594	0.00323	0.00849
6	0.00817	0.00665	0.00723	0.00716	0.00915	0.00571	0.00534	0.01018	0.01582	0.01989	0.22920	0.08501	0.53549	0.01601	0.00780	0.00220	0.00330	0.01357	0.00640	0.00571
7	0.81514	0.01273	0.00968	0.00866	0.01273	0.01477	0.00713	0.01935	0.01120	0.02954	0.00917	0.01069	0.00713	0.00611	0.00407	0.00204	0.00509	0.00356	0.00407	0.00713
8	0.00828	0.00656	0.00752	0.00805	0.00969	0.00580	0.00603	0.01008	0.01467	0.01833	0.09722	0.23393	0.43331	0.01761	0.00809	0.00242	0.00377	0.09685	0.00618	0.00561
9	0.00863	0.00662	0.00790	0.00776	0.00946	0.00589	0.00575	0.01102	0.01673	0.02231	0.41624	0.12012	0.30712	0.01531	0.00783	0.00218	0.00326	0.01327	0.00672	0.00589
10	0.00802	0.00573	0.00764	0.00917	0.00955	0.00535	0.00611	0.00917	0.01260	0.01681	0.03628	0.76434	0.04354	0.02062	0.00840	0.00267	0.00382	0.01872	0.00611	0.00535
11	0.02503	0.01844	0.01976	0.01515	0.02042	0.02042	0.01251	0.70562	0.03095	0.04149	0.01581	0.01581	0.01120	0.00790	0.00659	0.00198	0.00724	0.00593	0.00659	0.01120
12	0.81514	0.01273	0.00968	0.00866	0.01273	0.01477	0.00713	0.01935	0.01120	0.02954	0.00917	0.01069	0.00713	0.00611	0.00407	0.00204	0.00509	0.00356	0.00407	0.00713
13	0.81514	0.01273	0.00968	0.00866	0.01273	0.01477	0.00713	0.01935	0.01120	0.02954	0.00917	0.01069	0.00713	0.00611	0.00407	0.00204	0.00509	0.00356	0.00407	0.00713
14	0.01377	0.01209	0.01525	0.01090	0.01680	0.00928	0.05205	0.01686	0.01377	0.02143	0.01180	0.01391	0.00977	0.00492	0.00506	0.00105	0.00527	0.00415	0.00386	0.75801
15	0.02954	0.01120	0.01528	0.01171	0.01681	0.00968	0.00968	0.03208	0.01884	0.73213	0.02597	0.02241	0.01630	0.00815	0.00662	0.00204	0.00560	0.00662	0.00815	0.01120
16	0.01365	0.01170	0.01365	0.00975	0.01560	0.00878	0.00780	0.01658	0.01365	0.02145	0.01170	0.01365	0.00975	0.00488	0.00488	0.00098	0.00488	0.00390	0.00390	0.80888
17	0.81514	0.01273	0.00968	0.00866	0.01273	0.01477	0.00713	0.01935	0.01120	0.02954	0.00917	0.01069	0.00713	0.00611	0.00407	0.00204	0.00509	0.00356	0.00407	0.00713
18	0.81514	0.01273	0.00968	0.00866	0.01273	0.01477	0.00713	0.01935	0.01120	0.02954	0.00917	0.01069	0.00713	0.00611	0.00407	0.00204	0.00509	0.00356	0.00407	0.00713
19	0.01440	0.01440	0.02016	0.01728	0.01728	0.02016	0.01440	0.01584	0.01008	0.01584	0.00864	0.01440	0.00864	0.01152	0.02160	0.00288	0.75659	0.00576	0.00288	0.00720
20	0.02399	0.03015	0.01805	0.01643	0.01974	0.70648	0.01233	0.02576	0.01842	0.01652	0.01072	0.01249	0.00889	0.00683	0.00587	0.00169	0.01144	0.00433	0.04231	0.00756
21	0.00932	0.00673	0.00880	0.00828	0.00984	0.00621	0.00621	0.01242	0.01863	0.02640	0.72410	0.04918	0.06212	0.01346	0.00776	0.00207	0.00311	0.01191	0.00725	0.00621
22	0.00778	0.00667	0.00667	0.00667	0.00889	0.00556	0.00500	0.00945	0.01501	0.01778	0.06669	0.06336	0.72490	0.01667	0.00778	0.00222	0.00333	0.01389	0.00611	0.00556
23	0.07109	0.01202	0.01457	0.01144	0.01601	0.01161	0.00939	0.16278	0.02011	0.45610	0.02237	0.02073	0.01484	0.00792	0.00619	0.00195	0.00555	0.00624	0.11885	0.01026
24	0.81514	0.01273	0.00968	0.00866	0.01273	0.01477	0.00713	0.01935	0.01120	0.02954	0.00917	0.01069	0.00713	0.00611	0.00407	0.00204	0.00509	0.00356	0.00407	0.00713
25	0.01028	0.00680	0.00854	0.00847	0.01012	0.00611	0.00621	0.01247	0.01614	0.07985	0.32770	0.25441	0.19663	0.01577	0.00786	0.00227	0.00356	0.01385	0.00675	0.00623
26	0.01005	0.00772	0.01066	0.01031	0.01098	0.00907	0.00764	0.01156	0.01021	0.01456	0.01754	0.02988	0.01787	0.26992	0.43480	0.00835	0.10215	0.00769	0.00359	0.00544
27	0.01760	0.77260	0.03450	0.01126	0.01690	0.02605	0.01126	0.01971	0.01338	0.01549	0.00915	0.01056	0.00845	0.00563	0.00422	0.00141	0.00704	0.00352	0.00282	0.00845
28	0.00946	0.00682	0.00938	0.00938	0.01014	0.00758	0.00673	0.01098	0.01022	0.01439	0.01873	0.03196	0.01911	0.30408	0.49147	0.00909	0.01365	0.00795	0.00369	0.00521
29	0.01162	0.00709	0.00890	0.00868	0.01058	0.00631	0.00641	0.01367	0.01588	0.12927	0.23880	0.27237	0.21386	0.01569	0.00779	0.00229	0.00377	0.01372	0.00675	0.00654
30	0.01545	0.01459	0.02475	0.03676	0.63998	0.01473	0.01874	0.01917	0.01445	0.02075	0.01303	0.01746	0.01117	0.01119	0.09659	0.00301	0.00902	0.00601	0.00329	0.00987
31	0.01589	0.01530	0.02094	0.16811	0.02579	0.09018	0.15062	0.13329	0.04210	0.02204	0.01867	0.11053	0.04902	0.01056	0.02918	0.00247	0.07479	0.00813	0.00436	0.00805
32	0.01439	0.01109	0.01757	0.36449	0.09051	0.01292	0.01458	0.01783	0.01362	0.10874	0.05160	0.02098	0.01405	0.01526	0.14175	0.00373	0.06872	0.00648	0.00395	0.00775
33	0.02033	0.02428	0.01929	0.01710	0.01907	0.44020	0.01342	0.02192	0.01507	0.01600	0.00953	0.01293	0.00855	0.00877	0.01249	0.00219	0.32336	0.00488	0.00318	0.00745
34	0.01429	0.06380	0.12576	0.01276	0.04161	0.01218	0.01131	0.03821	0.10041	0.02259	0.05924	0.01725	0.01414	0.00630	0.00556	0.00146	0.00585	0.00509	0.00427	0.43792
35	0.01561	0.24958	0.30305	0.01718	0.02422	0.01793	0.15267	0.02042	0.01405	0.05590	0.01262	0.01596	0.01011	0.05450	0.00770	0.00218	0.00876	0.00543	0.00326	0.00889
36	0.02503	0.01844	0.01976	0.01515	0.02042	0.02042	0.01251	0.70562	0.03095	0.04149	0.01581	0.01581	0.01120	0.00790	0.00659	0.00198	0.00724	0.00593	0.00659	0.01120
37	0.01419	0.01488	0.03012	0.06189	0.06309	0.01431	0.46133	0.01941	0.03519	0.02156	0.10045	0.02740	0.01930	0.00795	0.00775	0.00227	0.00919	0.07727	0.00415	0.00831
38	0.00849	0.00616	0.00805	0.00892	0.00980	0.00571	0.00630	0.01030	0.01453	0.01963	0.22538	0.48869	0.09201	0.01829	0.00823	0.00250	0.00371	0.05124	0.00642	0.00563
39	0.00878	0.00657	0.00731	0.00720	0.00844	0.00601	0.00487	0.01012	0.01371	0.01769	0.18746	0.05268	0.31962	0.30128	0.01754	0.00377	0.00444	0.01184	0.00555	0.00510
40	0.81514	0.01273	0.00968	0.00866	0.01273	0.01477	0.00713	0.01935	0.01120	0.02954	0.00917	0.01069	0.00713	0.00611	0.00407	0.00204	0.00509	0.00356	0.00407	0.00713
41	0.00957	0.00638	0.00718	0.00718	0.00718	0.00638	0.00399	0.00957	0.00957	0.01276	0.02074	0.04308	0.02393	0.76864	0.03351	0.00638	0.00638	0.00957	0.00399	0.00399
42	0.00983	0.00792	0.01074	0.01210	0.04887	0.00828	0.00878	0.01171	0.01345	0.01781	0.03635	0.34731	0.14933	0.01748	0.00999	0.00267	0.09662	0.17915	0.00556	0.00605
43	0.81514	0.01273	0.00968	0.00866	0.01273	0.01477	0.00713	0.01935	0.01120	0.02954	0.00917	0.01069	0.00713	0.00611	0.00407	0.00204	0.00509	0.00356	0.00407	0.00713
44	0.81514	0.01273	0.00968	0.00866	0.01273	0.01477	0.00713	0.01935	0.01120	0.02954	0.00917	0.01069	0.00713	0.00611	0.00407	0.00204	0.00509	0.00356	0.00407	0.00713
45	0.00833	0.00630	0.00783	0.00870	0.00980	0.00561	0.00599	0.00969	0.01315	0.01730	0.04085	0.57530	0.17875	0.01883	0.00805	0.00247	0.00379	0.01680	0.00597	0.05648
46	0.01805	0.72547	0.03349	0.01163	0.01712	0.07159	0.01136	0.02013	0.01371	0.01553	0.00922	0.01064	0.00845	0.00571	0.00433	0.00143	0.00735	0.00357	0.00285	0.00840
47	0.81514	0.01273	0.00968	0.00866	0.01273	0.01477	0.00713	0.01935	0.01120	0.02954	0.00917	0.01069	0.00713	0.00611	0.00407	0.00204	0.00509	0.00356	0.00407	0.00713
48	0.00862	0.00611	0.00790	0.00863	0.00929	0.00574	0.00583	0.01015	0.01389	0.01896	0.23019	0.45606	0.04600	0.12678	0.01185	0.00304	0.00399	0.01545	0.00613	0.00540

[dist]
# distance from previous block
# <min> <max>
0	7

[block]
# block no. 4 follows, 33 sequences, length 31
# corresponding to MSA columns:
# 3114-3144
name=unknown_E
#
# <colnr> <probs for GDERKNQSTAVLIFYWHMCP>
#	G	D	E	R	K	N	Q	S	T	A	V	L	I	F	Y	W	H	M	C	P
0	0.00880	0.00684	0.00805	0.00806	0.00980	0.00620	0.00603	0.01153	0.03730	0.02140	0.31638	0.14769	0.32690	0.01576	0.00788	0.00226	0.00349	0.04312	0.00657	0.00595
1	0.01951	0.01632	0.01661	0.01412	0.01832	0.05198	0.01119	0.24752	0.46530	0.03143	0.02252	0.02118	0.01672	0.00850	0.00663	0.00213	0.00617	0.00681	0.00651	0.01053
2	0.01719	0.35049	0.18954	0.01416	0.02026	0.09525	0.03048	0.07903	0.01547	0.01953	0.01119	0.01315	0.00924	0.00852	0.04713	0.00215	0.00873	0.00444	0.00331	0.06075
3	0.01544	0.15043	0.47956	0.01729	0.02546	0.05053	0.05024	0.07237	0.01538	0.02135	0.01167	0.01357	0.00870	0.00622	0.00596	0.00192	0.00910	0.00479	0.00316	0.03684
4	0.00963	0.00759	0.01155	0.04444	0.04297	0.00731	0.06352	0.01115	0.01292	0.01711	0.05440	0.42155	0.10121	0.07069	0.01128	0.06675	0.00511	0.02985	0.00525	0.00570
5	0.01040	0.00748	0.01032	0.01162	0.01317	0.00740	0.01006	0.01338	0.01540	0.02010	0.08505	0.07203	0.06834	0.01779	0.00894	0.00293	0.00574	0.60767	0.00615	0.00605
6	0.01856	0.48736	0.12874	0.01435	0.04345	0.15219	0.01361	0.02144	0.01462	0.03823	0.01033	0.01182	0.00874	0.00601	0.00497	0.00159	0.00827	0.00401	0.00309	0.00863
7	0.01527	0.07972	0.05886	0.28534	0.10610	0.07029	0.22701	0.02019	0.03750	0.01897	0.01244	0.01655	0.00962	0.00619	0.00668	0.00207	0.00940	0.00613	0.00323	0.00844
8	0.01042	0.00736	0.00925	0.00898	0.00975	0.00793	0.00614	0.05171	0.01123	0.01545	0.01924	0.03476	0.02027	0.44360	0.30784	0.00775	0.01081	0.00838	0.00396	0.00515
9	0.01243	0.01170	0.01975	0.75282	0.04534	0.01463	0.01828	0.01682	0.01316	0.01682	0.01170	0.01755	0.00878	0.00658	0.00658	0.00219	0.00878	0.00585	0.00293	0.00731
10	0.02459	0.03138	0.01866	0.01696	0.02035	0.74221	0.01272	0.02629	0.01866	0.01611	0.01018	0.01187	0.00848	0.00678	0.00594	0.00170	0.01187	0.00424	0.00339	0.00763
11	0.01275	0.01172	0.02061	0.01700	0.02036	0.01146	0.25895	0.05734	0.06501	0.02105	0.02589	0.28553	0.02694	0.01321	0.00806	0.00250	0.00711	0.12191	0.00517	0.00744
12	0.81514	0.01273	0.00968	0.00866	0.01273	0.01477	0.00713	0.01935	0.01120	0.02954	0.00917	0.01069	0.00713	0.00611	0.00407	0.00204	0.00509	0.00356	0.00407	0.00713
13	0.81514	0.01273	0.00968	0.00866	0.01273	0.01477	0.00713	0.01935	0.01120	0.02954	0.00917	0.01069	0.00713	0.00611	0.00407	0.00204	0.00509	0.00356	0.00407	0.00713
14	0.00957	0.00638	0.00718	0.00718	0.00718	0.00638	0.00399	0.00957	0.00957	0.01276	0.02074	0.04308	0.02393	0.76864	0.03351	0.00638	0.00638	0.00957	0.00399	0.00399
15	0.02062	0.36588	0.02595	0.01440	0.01854	0.36041	0.01219	0.02248	0.01558	0.01581	0.00959	0.01148	0.00848	0.00664	0.00640	0.00166	0.06879	0.00403	0.00309	0.00797
16	0.01061	0.00758	0.01061	0.01212	0.01364	0.00758	0.01061	0.01364	0.01515	0.01970	0.03486	0.07426	0.03789	0.01819	0.00909	0.00303	0.00606	0.68326	0.00606	0.00606
17	0.00819	0.00588	0.00750	0.00872	0.00920	0.00549	0.00576	0.00924	0.01242	0.01638	0.03677	0.61907	0.09518	0.11327	0.01147	0.00310	0.00410	0.01720	0.00585	0.00520
18	0.01081	0.00635	0.00945	0.06804	0.01209	0.00651	0.00718	0.00975	0.01023	0.01354	0.01800	0.16344	0.01937	0.02078	0.01962	0.52854	0.00563	0.06300	0.00373	0.00394
19	0.02503	0.01844	0.01976	0.01515	0.02042	0.02042	0.01251	0.70562	0.03095	0.04149	0.01581	0.01581	0.01120	0.00790	0.00659	0.00198	0.00724	0.00593	0.00659	0.01120
20	0.81514	0.01273	0.00968	0.00866	0.01273	0.01477	0.00713	0.01935	0.01120	0.02954	0.00917	0.01069	0.00713	0.00611	0.00407	0.00204	0.00509	0.00356	0.00407	0.00713
21	0.01243	0.01170	0.01975	0.75282	0.04534	0.01463	0.01828	0.01682	0.01316	0.01682	0.01170	0.01755	0.00878	0.00658	0.00658	0.00219	0.00878	0.00585	0.00293	0.00731
22	0.72537	0.01348	0.01081	0.00962	0.01335	0.03931	0.00789	0.01930	0.01136	0.02800	0.00916	0.01103	0.00729	0.00656	0.00553	0.00209	0.06496	0.00376	0.00396	0.00715
23	0.01365	0.01248	0.02075	0.30651	0.32040	0.01360	0.01750	0.01756	0.01433	0.01935	0.01674	0.02869	0.01544	0.00867	0.00707	0.00227	0.00782	0.14513	0.00371	0.00834
24	0.00862	0.00670	0.00783	0.00755	0.00941	0.00592	0.00566	0.01107	0.01699	0.02249	0.42608	0.05560	0.36258	0.01492	0.00777	0.00214	0.00321	0.01281	0.00673	0.00592
25	0.11164	0.02021	0.07631	0.09052	0.09300	0.19725	0.06284	0.08831	0.07859	0.07998	0.01401	0.01571	0.01055	0.00699	0.00656	0.00201	0.02683	0.00545	0.00432	0.00893
26	0.41374	0.01953	0.05633	0.01244	0.01671	0.21036	0.01037	0.06790	0.09428	0.02598	0.01202	0.01310	0.00929	0.00674	0.00516	0.00197	0.00734	0.00442	0.00428	0.00806
27	0.01506	0.08717	0.27929	0.04785	0.22055	0.04988	0.01846	0.02101	0.06416	0.02066	0.01403	0.01848	0.01156	0.00691	0.00625	0.00197	0.00819	0.04368	0.00349	0.06138
28	0.01571	0.16435	0.27772	0.01871	0.06962	0.05086	0.12329	0.02049	0.01459	0.05986	0.03617	0.01809	0.01229	0.00880	0.03917	0.00237	0.02744	0.02803	0.00352	0.00892
29	0.01672	0.55976	0.13677	0.01540	0.06214	0.02311	0.06866	0.02002	0.01372	0.01707	0.01006	0.01196	0.00867	0.00573	0.00494	0.00160	0.00780	0.00419	0.00288	0.00879
30	0.00940	0.00717	0.00957	0.01139	0.06679	0.00669	0.00725	0.01088	0.01279	0.01715	0.03308	0.44776	0.09227	0.12743	0.01171	0.00305	0.00469	0.06219	0.00544	0.05329

[dist]
# distance from previous block
# <min> <max>
0	1

[block]
# block no. 5 follows, 33 sequences, length 36
# corresponding to MSA columns:
# 3146-3181
name=unknown_F
#
# <colnr> <probs for GDERKNQSTAVLIFYWHMCP>
#	G	D	E	R	K	N	Q	S	T	A	V	L	I	F	Y	W	H	M	C	P
0	0.01669	0.01426	0.01786	0.25315	0.13479	0.11218	0.01436	0.04427	0.04080	0.10354	0.01877	0.09095	0.01675	0.00938	0.00694	0.00220	0.00775	0.08259	0.00456	0.00823
1	0.01965	0.00970	0.01226	0.01011	0.01372	0.00880	0.00809	0.07460	0.01901	0.35427	0.22258	0.03678	0.15986	0.01116	0.00714	0.00208	0.00463	0.00935	0.00740	0.00880
2	0.01200	0.01608	0.21999	0.12392	0.08976	0.01089	0.01462	0.01621	0.01479	0.04605	0.16889	0.18948	0.02813	0.01106	0.00714	0.00221	0.00654	0.00974	0.00473	0.00777
3	0.01646	0.02422	0.26801	0.02403	0.19965	0.12693	0.09537	0.05909	0.01617	0.02161	0.05168	0.01670	0.01223	0.00682	0.00704	0.00203	0.03331	0.00582	0.00352	0.00929
4	0.01204	0.00800	0.00941	0.00863	0.01101	0.00753	0.00661	0.01638	0.09514	0.10152	0.33388	0.04634	0.24781	0.01301	0.00735	0.00210	0.00368	0.01110	0.05143	0.00703
5	0.01258	0.00686	0.00812	0.00757	0.00944	0.00649	0.00576	0.01561	0.01635	0.09011	0.32506	0.03498	0.03634	0.01021	0.00615	0.00181	0.00332	0.00867	0.38793	0.00663
6	0.01664	0.02448	0.30379	0.01795	0.07677	0.12817	0.01690	0.04887	0.18603	0.04545	0.01723	0.05911	0.01373	0.00789	0.00648	0.00208	0.00826	0.00635	0.00436	0.00948
7	0.01877	0.12442	0.14532	0.02137	0.13192	0.11486	0.13010	0.16586	0.04258	0.02420	0.01293	0.01495	0.00997	0.00650	0.00631	0.00193	0.00891	0.00555	0.00397	0.00957
8	0.00802	0.00573	0.00764	0.00917	0.00955	0.00535	0.00611	0.00917	0.01260	0.01681	0.03628	0.76434	0.04354	0.02062	0.00840	0.00267	0.00382	0.01872	0.00611	0.00535
9	0.01514	0.15698	0.32096	0.02188	0.15550	0.01670	0.11051	0.02029	0.01433	0.04424	0.01350	0.05637	0.01120	0.00684	0.00628	0.00199	0.00861	0.00603	0.00332	0.00932
10	0.00827	0.00591	0.00793	0.00945	0.00994	0.00556	0.00655	0.00960	0.01285	0.01709	0.03615	0.69752	0.04299	0.02039	0.00847	0.00271	0.00404	0.08307	0.00611	0.00542
11	0.01858	0.29151	0.02486	0.01503	0.01806	0.23688	0.01278	0.02034	0.01381	0.01580	0.00928	0.01227	0.00852	0.00800	0.01071	0.00200	0.26629	0.00450	0.00301	0.00778
12	0.81514	0.01273	0.00968	0.00866	0.01273	0.01477	0.00713	0.01935	0.01120	0.02954	0.00917	0.01069	0.00713	0.00611	0.00407	0.00204	0.00509	0.00356	0.00407	0.00713
13	0.00820	0.00580	0.00759	0.00894	0.00928	0.00547	0.00587	0.00921	0.01226	0.01635	0.03451	0.68217	0.04131	0.10584	0.01126	0.00310	0.00411	0.01767	0.00587	0.00519
14	0.00910	0.00727	0.00822	0.00788	0.00993	0.00667	0.00594	0.01270	0.07073	0.02224	0.34594	0.05427	0.38577	0.01469	0.00769	0.00216	0.00338	0.01254	0.00665	0.00621
15	0.00808	0.00648	0.00721	0.00745	0.00918	0.00562	0.00543	0.00986	0.01508	0.01895	0.16507	0.20852	0.47597	0.01699	0.00791	0.00229	0.00340	0.01459	0.00629	0.00562
16	0.00928	0.00685	0.00804	0.00766	0.00963	0.00603	0.00577	0.01171	0.01699	0.04560	0.40191	0.05475	0.36237	0.01475	0.00773	0.00214	0.00329	0.01264	0.00676	0.00608
17	0.81514	0.01273	0.00968	0.00866	0.01273	0.01477	0.00713	0.01935	0.01120	0.02954	0.00917	0.01069	0.00713	0.00611	0.00407	0.00204	0.00509	0.00356	0.00407	0.00713
18	0.81514	0.01273	0.00968	0.00866	0.01273	0.01477	0.00713	0.01935	0.01120	0.02954	0.00917	0.01069	0.00713	0.00611	0.00407	0.00204	0.00509	0.00356	0.00407	0.00713
19	0.01760	0.77260	0.03450	0.01126	0.01690	0.02605	0.01126	0.01971	0.01338	0.01549	0.00915	0.01056	0.00845	0.00563	0.00422	0.00141	0.00704	0.00352	0.00282	0.00845
20	0.75349	0.07147	0.01159	0.00886	0.01305	0.01564	0.00745	0.01938	0.01137	0.02845	0.00917	0.01068	0.00723	0.00607	0.00409	0.00199	0.00524	0.00356	0.00398	0.00723
21	0.02454	0.01820	0.01949	0.01505	0.02023	0.02019	0.01240	0.66823	0.06913	0.04071	0.01642	0.01629	0.01169	0.00796	0.00659	0.00199	0.00713	0.00601	0.00659	0.01115
22	0.02459	0.03138	0.01866	0.01696	0.02035	0.74221	0.01272	0.02629	0.01866	0.01611	0.01018	0.01187	0.00848	0.00678	0.00594	0.00170	0.01187	0.00424	0.00339	0.00763
23	0.02436	0.01811	0.01938	0.01501	0.02016	0.02010	0.01235	0.65378	0.08389	0.04041	0.01666	0.01648	0.01188	0.00798	0.00659	0.00200	0.00709	0.00604	0.00659	0.01114
24	0.02459	0.03138	0.01866	0.01696	0.02035	0.74221	0.01272	0.02629	0.01866	0.01611	0.01018	0.01187	0.00848	0.00678	0.00594	0.00170	0.01187	0.00424	0.00339	0.00763
25	0.02954	0.01120	0.01528	0.01171	0.01681	0.00968	0.00968	0.03208	0.01884	0.73213	0.02597	0.02241	0.01630	0.00815	0.00662	0.00204	0.00560	0.00662	0.00815	0.01120
26	0.02954	0.01120	0.01528	0.01171	0.01681	0.00968	0.00968	0.03208	0.01884	0.73213	0.02597	0.02241	0.01630	0.00815	0.00662	0.00204	0.00560	0.00662	0.00815	0.01120
27	0.00982	0.00880	0.00865	0.00948	0.01061	0.08768	0.00660	0.01114	0.01381	0.01694	0.04009	0.52538	0.19022	0.01821	0.00799	0.00246	0.00461	0.01603	0.00581	0.00565
28	0.00790	0.00619	0.00717	0.00795	0.00923	0.00545	0.00557	0.00930	0.01377	0.01728	0.05108	0.42322	0.37512	0.01870	0.00810	0.00245	0.00358	0.01637	0.00611	0.00545
29	0.02858	0.01273	0.01622	0.01244	0.01757	0.01194	0.01027	0.17430	0.02140	0.58630	0.02383	0.02101	0.01522	0.00810	0.00661	0.00202	0.00595	0.00647	0.00782	0.01120
30	0.01724	0.13194	0.42398	0.01721	0.02448	0.23707	0.01906	0.02235	0.01527	0.01870	0.01096	0.01284	0.00840	0.00633	0.00589	0.00188	0.01002	0.00450	0.00297	0.00892
31	0.01197	0.00946	0.01294	0.01197	0.01336	0.01138	0.00946	0.09133	0.01277	0.01822	0.01619	0.02383	0.01503	0.07618	0.50959	0.00818	0.13089	0.00686	0.00380	0.00659
32	0.00948	0.00651	0.00800	0.00863	0.00903	0.00643	0.00582	0.01036	0.01137	0.01505	0.02685	0.19425	0.03083	0.45941	0.02329	0.00493	0.00580	0.15442	0.00485	0.00470
33	0.08774	0.01544	0.12497	0.01560	0.05963	0.01196	0.07897	0.04757	0.01685	0.38165	0.02095	0.07652	0.01535	0.00827	0.00660	0.00210	0.00675	0.00709	0.00606	0.00993
34	0.01599	0.01649	0.15149	0.09647	0.12690	0.01364	0.05301	0.07481	0.05485	0.10151	0.08497	0.02208	0.03773	0.00995	0.02812	0.04195	0.04985	0.00680	0.00458	0.00880
35	0.01372	0.03537	0.04211	0.22908	0.09751	0.03696	0.05380	0.01682	0.01262	0.01735	0.01328	0.04632	0.01225	0.01163	0.05402	0.00290	0.24932	0.04408	0.00330	0.00757

[dist]
# distance from previous block
# <min> <max>
0	43

[block]
# block no. 6 follows, 33 sequences, length 142
# corresponding to MSA columns:
# 3225-3366
name=unknown_G
#
# <colnr> <probs for GDERKNQSTAVLIFYWHMCP>
#	G	D	E	R	K	N	Q	S	T	A	V	L	I	F	Y	W	H	M	C	P
0	0.06235	0.01730	0.06682	0.10541	0.20364	0.17281	0.01401	0.01852	0.01486	0.01941	0.03855	0.16606	0.01770	0.00935	0.00658	0.00204	0.00771	0.00798	0.00399	0.04492
1	0.06975	0.01465	0.03955	0.05477	0.24858	0.05258	0.01314	0.08967	0.01645	0.02352	0.06334	0.02219	0.08940	0.00763	0.00621	0.00180	0.00653	0.00644	0.00433	0.16948
2	0.04637	0.01576	0.01898	0.18653	0.09910	0.08543	0.03308	0.17472	0.03648	0.02464	0.01358	0.01745	0.01088	0.00704	0.00665	0.00188	0.02905	0.02763	0.00427	0.16046
3	0.01182	0.00793	0.00818	0.00791	0.00995	0.00813	0.00592	0.01760	0.16035	0.02278	0.03356	0.05409	0.18485	0.04914	0.00736	0.00212	0.00377	0.00874	0.38904	0.00676
4	0.01787	0.01221	0.01186	0.01019	0.01315	0.08679	0.00800	0.17703	0.01941	0.09961	0.11089	0.02419	0.02052	0.00843	0.00582	0.00177	0.00521	0.00669	0.35238	0.00798
5	0.00912	0.00672	0.00852	0.00807	0.00971	0.00613	0.00605	0.01203	0.01816	0.02527	0.63790	0.05103	0.14902	0.01388	0.00777	0.00209	0.00314	0.01217	0.00710	0.00613
6	0.00864	0.00670	0.00786	0.00757	0.00942	0.00592	0.00568	0.01112	0.01704	0.02262	0.43555	0.05540	0.35303	0.01487	0.00777	0.00214	0.00321	0.01278	0.00675	0.00592
7	0.81514	0.01273	0.00968	0.00866	0.01273	0.01477	0.00713	0.01935	0.01120	0.02954	0.00917	0.01069	0.00713	0.00611	0.00407	0.00204	0.00509	0.00356	0.00407	0.00713
8	0.00911	0.00668	0.00811	0.00775	0.00947	0.00604	0.00582	0.01185	0.01745	0.02415	0.51917	0.05126	0.22449	0.01392	0.00758	0.00208	0.00316	0.01206	0.05380	0.00604
9	0.01365	0.01170	0.01365	0.00975	0.01560	0.00878	0.00780	0.01658	0.01365	0.02145	0.01170	0.01365	0.00975	0.00488	0.00488	0.00098	0.00488	0.00390	0.00390	0.80888
10	0.01629	0.01564	0.02672	0.04041	0.72757	0.01564	0.02020	0.02020	0.01499	0.02151	0.01238	0.01629	0.01043	0.00587	0.00652	0.00196	0.00782	0.00587	0.00326	0.01043
11	0.01637	0.01414	0.01489	0.01340	0.01712	0.01637	0.01042	0.03498	0.71568	0.02754	0.02679	0.02456	0.02010	0.00893	0.00670	0.00223	0.00521	0.00744	0.00670	0.01042
12	0.00821	0.00669	0.00726	0.00712	0.00915	0.00574	0.00534	0.01028	0.01602	0.02018	0.24973	0.05941	0.54036	0.01578	0.00778	0.00218	0.00327	0.01334	0.00643	0.00574
13	0.01760	0.77260	0.03450	0.01126	0.01690	0.02605	0.01126	0.01971	0.01338	0.01549	0.00915	0.01056	0.00845	0.00563	0.00422	0.00141	0.00704	0.00352	0.00282	0.00845
14	0.81514	0.01273	0.00968	0.00866	0.01273	0.01477	0.00713	0.01935	0.01120	0.02954	0.00917	0.01069	0.00713	0.00611	0.00407	0.00204	0.00509	0.00356	0.00407	0.00713
15	0.01760	0.77260	0.03450	0.01126	0.01690	0.02605	0.01126	0.01971	0.01338	0.01549	0.00915	0.01056	0.00845	0.00563	0.00422	0.00141	0.00704	0.00352	0.00282	0.00845
16	0.00824	0.00605	0.00774	0.00867	0.00952	0.00554	0.00599	0.00984	0.01409	0.01880	0.17398	0.53405	0.13584	0.01872	0.00820	0.00250	0.00362	0.01676	0.00633	0.00554
17	0.01549	0.01539	0.02606	0.22109	0.44917	0.03939	0.09833	0.01964	0.01470	0.02008	0.01224	0.01664	0.00989	0.00604	0.00666	0.00204	0.00858	0.00603	0.00319	0.00936
18	0.02485	0.02366	0.01931	0.01588	0.02039	0.31172	0.01260	0.43145	0.02599	0.03125	0.01353	0.01422	0.01010	0.00745	0.00632	0.00186	0.00911	0.00525	0.00530	0.00976
19	0.01643	0.01758	0.17181	0.01604	0.08583	0.03674	0.01374	0.02113	0.05545	0.12383	0.01481	0.01665	0.01136	0.00946	0.05428	0.00234	0.07283	0.00527	0.00425	0.25017
20	0.02116	0.01638	0.01418	0.01266	0.01582	0.24670	0.00974	0.04779	0.01721	0.24103	0.02171	0.14989	0.01894	0.01252	0.04983	0.00253	0.00793	0.02574	0.05999	0.00823
21	0.00790	0.00667	0.00683	0.00679	0.00896	0.00561	0.00509	0.00967	0.01528	0.01843	0.11570	0.06230	0.67549	0.01643	0.00778	0.00221	0.00332	0.01375	0.00620	0.00561
22	0.01320	0.03405	0.73453	0.01876	0.02849	0.01529	0.02432	0.02085	0.01390	0.02085	0.01181	0.01390	0.00834	0.00625	0.00625	0.00208	0.00973	0.00486	0.00278	0.00973
23	0.01497	0.00879	0.01152	0.00995	0.01290	0.00805	0.03919	0.01858	0.06428	0.20632	0.20927	0.09091	0.21700	0.01249	0.00730	0.00214	0.00437	0.01077	0.04352	0.00768
24	0.02390	0.01788	0.01912	0.01492	0.01999	0.01989	0.01224	0.61833	0.12007	0.03967	0.01724	0.01695	0.01235	0.00804	0.00660	0.00201	0.00698	0.00612	0.00660	0.01109
25	0.00957	0.00638	0.00718	0.00718	0.00718	0.00638	0.00399	0.00957	0.00957	0.01276	0.02074	0.04308	0.02393	0.76864	0.03351	0.00638	0.00638	0.00957	0.00399	0.00399
26	0.81514	0.01273	0.00968	0.00866	0.01273	0.01477	0.00713	0.01935	0.01120	0.02954	0.00917	0.01069	0.00713	0.00611	0.00407	0.00204	0.00509	0.00356	0.00407	0.00713
27	0.00957	0.00638	0.00718	0.00718	0.00718	0.00638	0.00399	0.00957	0.00957	0.01276	0.02074	0.04308	0.02393	0.76864	0.03351	0.00638	0.00638	0.00957	0.00399	0.00399
28	0.01760	0.77260	0.03450	0.01126	0.01690	0.02605	0.01126	0.01971	0.01338	0.01549	0.00915	0.01056	0.00845	0.00563	0.00422	0.00141	0.00704	0.00352	0.00282	0.00845
29	0.01637	0.01414	0.01489	0.01340	0.01712	0.01637	0.01042	0.03498	0.71568	0.02754	0.02679	0.02456	0.02010	0.00893	0.00670	0.00223	0.00521	0.00744	0.00670	0.01042
30	0.02836	0.01086	0.01466	0.01133	0.01619	0.00944	0.00933	0.03095	0.01850	0.68408	0.02567	0.02255	0.01634	0.00812	0.00648	0.00200	0.00543	0.00659	0.06227	0.01086
31	0.02590	0.01178	0.01504	0.01196	0.01662	0.01111	0.00973	0.06252	0.13810	0.53880	0.06662	0.02404	0.01940	0.00858	0.00670	0.00207	0.00546	0.00704	0.00778	0.01078
32	0.01445	0.01376	0.02339	0.38052	0.40186	0.01516	0.01929	0.01859	0.01412	0.01927	0.01206	0.01689	0.00964	0.00621	0.00655	0.00207	0.00828	0.00586	0.00310	0.00894
33	0.01637	0.01414	0.01489	0.01340	0.01712	0.01637	0.01042	0.03498	0.71568	0.02754	0.02679	0.02456	0.02010	0.00893	0.00670	0.00223	0.00521	0.00744	0.00670	0.01042
34	0.00940	0.00705	0.01058	0.01058	0.01176	0.00823	0.00823	0.01176	0.01058	0.01528	0.01763	0.02586	0.01646	0.04937	0.74255	0.01058	0.01763	0.00705	0.00353	0.00588
35	0.02461	0.01680	0.01840	0.01420	0.01926	0.01813	0.01170	0.57601	0.02842	0.13111	0.02013	0.01947	0.05376	0.00845	0.00666	0.00200	0.00680	0.00649	0.00676	0.01087
36	0.01320	0.03405	0.73453	0.01876	0.02849	0.01529	0.02432	0.02085	0.01390	0.02085	0.01181	0.01390	0.00834	0.00625	0.00625	0.00208	0.00973	0.00486	0.00278	0.00973
37	0.00875	0.00599	0.00742	0.00835	0.00913	0.00560	0.00570	0.01029	0.01328	0.01845	0.09132	0.50397	0.10180	0.06189	0.00927	0.00265	0.00377	0.01554	0.11137	0.00546
38	0.00798	0.00668	0.00695	0.00688	0.00902	0.00564	0.00516	0.00984	0.01548	0.01892	0.15332	0.06149	0.63756	0.01625	0.00778	0.00220	0.00330	0.01363	0.00626	0.00564
39	0.81514	0.01273	0.00968	0.00866	0.01273	0.01477	0.00713	0.01935	0.01120	0.02954	0.00917	0.01069	0.00713	0.00611	0.00407	0.00204	0.00509	0.00356	0.00407	0.00713
40	0.02459	0.03138	0.01866	0.01696	0.02035	0.74221	0.01272	0.02629	0.01866	0.01611	0.01018	0.01187	0.00848	0.00678	0.00594	0.00170	0.01187	0.00424	0.00339	0.00763
41	0.00802	0.00573	0.00764	0.00917	0.00955	0.00535	0.00611	0.00917	0.01260	0.01681	0.03628	0.76434	0.04354	0.02062	0.00840	0.00267	0.00382	0.01872	0.00611	0.00535
42	0.01255	0.00668	0.00673	0.00663	0.00831	0.00683	0.00500	0.01667	0.06147	0.02475	0.02184	0.02454	0.01709	0.00776	0.00474	0.00158	0.00321	0.00622	0.75096	0.00643
43	0.01555	0.01294	0.01368	0.01211	0.01564	0.01437	0.00947	0.11743	0.45928	0.02746	0.06517	0.03196	0.15565	0.01049	0.00694	0.00219	0.00502	0.00868	0.00660	0.00940
44	0.01760	0.77260	0.03450	0.01126	0.01690	0.02605	0.01126	0.01971	0.01338	0.01549	0.00915	0.01056	0.00845	0.00563	0.00422	0.00141	0.00704	0.00352	0.00282	0.00845
45	0.01559	0.00814	0.01020	0.00885	0.01174	0.00715	0.00693	0.01812	0.01749	0.25303	0.28499	0.04324	0.22688	0.01235	0.00725	0.00208	0.00398	0.01047	0.04386	0.00765
46	0.02012	0.01626	0.01653	0.01708	0.13706	0.15924	0.01144	0.15527	0.05165	0.11607	0.06051	0.02014	0.01584	0.00770	0.00613	0.00185	0.00688	0.00614	0.16509	0.00900
47	0.02190	0.01689	0.01800	0.01452	0.01923	0.01896	0.01176	0.46364	0.27801	0.03646	0.01977	0.01896	0.01441	0.00827	0.00663	0.00207	0.00651	0.00647	0.00663	0.01092
48	0.19245	0.01576	0.01729	0.01403	0.01863	0.01763	0.05760	0.29304	0.24789	0.03299	0.01777	0.01768	0.01312	0.00769	0.00616	0.00209	0.00638	0.00603	0.00586	0.00991
49	0.06320	0.01835	0.03238	0.05799	0.03057	0.09496	0.49403	0.02087	0.01501	0.02037	0.01224	0.01639	0.00948	0.00631	0.00856	0.00221	0.07848	0.00687	0.00332	0.00842
50	0.05415	0.01700	0.01616	0.01737	0.12822	0.23231	0.01160	0.02149	0.08581	0.06700	0.01577	0.01967	0.01329	0.04630	0.21997	0.00456	0.01129	0.00596	0.00412	0.00794
51	0.01363	0.01271	0.01205	0.01113	0.01355	0.12898	0.00846	0.02050	0.20140	0.02413	0.36472	0.03564	0.05790	0.01338	0.05031	0.00256	0.00595	0.00925	0.00622	0.00751
52	0.00959	0.00693	0.01040	0.01040	0.01146	0.00800	0.00800	0.01146	0.01040	0.01493	0.01706	0.02532	0.01600	0.04693	0.67655	0.08405	0.01654	0.00693	0.00347	0.00560
