[name]
unknown

[dist]
# distance from previous block
# <min> <max>
0	31

[block]
# block no. 0 follows, 27 sequences, length 12
# corresponding to MSA columns:
# 113-124
name=unknown_A
#
# <colnr> <probs for GDERKNQSTAVLIFYWHMCP>
#	G	D	E	R	K	N	Q	S	T	A	V	L	I	F	Y	W	H	M	C	P
0	0.01807	0.05663	0.22323	0.13927	0.16497	0.01751	0.02030	0.12124	0.01919	0.05095	0.03874	0.02329	0.01504	0.00853	0.00741	0.00236	0.00909	0.04910	0.00457	0.01052
1	0.01196	0.00892	0.01156	0.04877	0.01420	0.00934	0.00828	0.05651	0.01413	0.01937	0.02587	0.16291	0.05034	0.22925	0.24069	0.00681	0.01070	0.01106	0.00498	0.05434
2	0.22077	0.01312	0.01488	0.01219	0.01698	0.01314	0.00990	0.06435	0.07553	0.34724	0.11304	0.02580	0.02279	0.00948	0.00692	0.00232	0.00586	0.00743	0.00765	0.01063
3	0.01794	0.12973	0.10629	0.13986	0.08203	0.01741	0.18318	0.02258	0.01665	0.10058	0.02014	0.06354	0.05007	0.00860	0.00751	0.00232	0.00923	0.00807	0.00450	0.00976
4	0.15168	0.13888	0.11875	0.02466	0.22886	0.08096	0.01738	0.11005	0.01850	0.02709	0.01297	0.01537	0.01037	0.00708	0.00638	0.00212	0.00877	0.00544	0.00419	0.01050
5	0.01517	0.00833	0.00989	0.00908	0.01047	0.00786	0.00590	0.01592	0.01347	0.15330	0.02934	0.04596	0.08612	0.52517	0.02898	0.00577	0.00670	0.01057	0.00567	0.00631
6	0.00993	0.00725	0.00942	0.01010	0.01139	0.00673	0.00744	0.01238	0.01740	0.02354	0.28839	0.33349	0.11802	0.01944	0.00923	0.00276	0.00426	0.09493	0.00737	0.00652
7	0.01946	0.11689	0.13442	0.02364	0.17800	0.07311	0.05211	0.10011	0.08136	0.02602	0.01513	0.01721	0.01192	0.00716	0.00677	0.00202	0.00880	0.00594	0.00444	0.11548
8	0.01088	0.00732	0.00905	0.00905	0.00934	0.00762	0.00568	0.01128	0.01098	0.01493	0.02196	0.04265	0.02424	0.54279	0.18703	0.05613	0.00998	0.00989	0.00430	0.00489
9	0.00922	0.00694	0.00854	0.00941	0.01062	0.00626	0.00657	0.01105	0.01611	0.02110	0.16092	0.43957	0.22537	0.02068	0.00916	0.00276	0.00402	0.01833	0.00711	0.00626
10	0.02404	0.12673	0.02717	0.02176	0.07240	0.44037	0.09995	0.02675	0.01895	0.01923	0.01187	0.01457	0.00995	0.00751	0.00771	0.00204	0.05079	0.00542	0.00369	0.00911
11	0.02323	0.02603	0.13892	0.07761	0.17003	0.23044	0.01842	0.09483	0.02026	0.10771	0.01534	0.01728	0.01145	0.00763	0.00712	0.00217	0.01030	0.00597	0.00468	0.01059

[dist]
# distance from previous block
# <min> <max>
0	1

[block]
# block no. 1 follows, 27 sequences, length 17
# corresponding to MSA columns:
# 126-142
name=unknown_B
#
# <colnr> <probs for GDERKNQSTAVLIFYWHMCP>
#	G	D	E	R	K	N	Q	S	T	A	V	L	I	F	Y	W	H	M	C	P
0	0.02222	0.01890	0.01883	0.01603	0.02074	0.07077	0.01268	0.23676	0.42787	0.03506	0.02493	0.02353	0.01853	0.00953	0.00745	0.00238	0.00715	0.00759	0.00724	0.01179
1	0.72796	0.01426	0.01128	0.00986	0.01462	0.01610	0.00810	0.02157	0.01286	0.03256	0.01057	0.01233	0.00828	0.00678	0.00467	0.00220	0.00572	0.00405	0.00458	0.07164
2	0.02822	0.02079	0.02228	0.01708	0.02302	0.02302	0.01411	0.66804	0.03490	0.04679	0.01782	0.01782	0.01262	0.00891	0.00743	0.00223	0.00817	0.00668	0.00743	0.01262
3	0.01786	0.01622	0.01661	0.01240	0.01865	0.08479	0.00986	0.07868	0.01776	0.02560	0.01343	0.01540	0.01099	0.00603	0.00580	0.00129	0.00657	0.00465	0.00461	0.63279
4	0.01270	0.00807	0.01089	0.01053	0.01173	0.00860	0.00754	0.01433	0.01231	0.07672	0.02211	0.03649	0.02187	0.32146	0.38179	0.00920	0.01367	0.00903	0.00465	0.00632
5	0.01571	0.01449	0.01972	0.01748	0.01813	0.01909	0.01436	0.06444	0.01403	0.02054	0.01746	0.12481	0.01855	0.01484	0.01972	0.00316	0.50479	0.06624	0.00440	0.00804
6	0.02877	0.01691	0.01951	0.01529	0.02089	0.01765	0.01252	0.33019	0.12419	0.29756	0.02410	0.02217	0.01633	0.00919	0.00746	0.00230	0.00711	0.00724	0.00813	0.01250
7	0.01128	0.00743	0.00922	0.00878	0.01052	0.00698	0.00658	0.01478	0.01974	0.02928	0.53393	0.04898	0.05815	0.01365	0.00792	0.00219	0.00349	0.01191	0.18818	0.00698
8	0.01899	0.07022	0.02492	0.02990	0.35974	0.04690	0.03736	0.04463	0.01794	0.09439	0.06142	0.12055	0.02106	0.00984	0.00757	0.00229	0.00783	0.00894	0.00508	0.01042
9	0.08037	0.02709	0.18442	0.01908	0.02531	0.23433	0.09065	0.02775	0.01832	0.16444	0.01591	0.01723	0.01147	0.00787	0.00787	0.00226	0.04470	0.00599	0.00481	0.01012
10	0.01232	0.00940	0.01126	0.01151	0.01332	0.00963	0.00842	0.05961	0.13542	0.02471	0.13287	0.40306	0.07410	0.01846	0.00890	0.00277	0.00481	0.04453	0.00723	0.00767
11	0.01508	0.01580	0.08105	0.15559	0.05208	0.01464	0.10855	0.06562	0.12141	0.02592	0.13302	0.03394	0.12417	0.01065	0.00802	0.00243	0.00765	0.00955	0.00562	0.00922
12	0.01679	0.02564	0.30801	0.06795	0.22089	0.01715	0.05989	0.07542	0.03679	0.02529	0.01634	0.06646	0.01357	0.00825	0.00747	0.00236	0.00955	0.00731	0.00407	0.01081
13	0.01260	0.01059	0.01589	0.12036	0.14409	0.01128	0.01278	0.01650	0.04678	0.02080	0.05787	0.16001	0.07627	0.04782	0.16138	0.00480	0.00961	0.05753	0.00515	0.00788
14	0.00994	0.00738	0.00939	0.01076	0.01165	0.00717	0.00747	0.01297	0.06895	0.02014	0.04140	0.61892	0.07336	0.02187	0.00932	0.00297	0.00453	0.04833	0.00694	0.00655
15	0.01727	0.02383	0.26864	0.04429	0.16493	0.01669	0.01966	0.13546	0.06440	0.02747	0.02072	0.10618	0.03811	0.00984	0.00757	0.00240	0.00861	0.00838	0.00488	0.01065
16	0.04894	0.15333	0.11624	0.02007	0.12424	0.06614	0.01590	0.10994	0.07406	0.17345	0.01809	0.01848	0.01321	0.00784	0.00675	0.00214	0.00829	0.00611	0.00555	0.01121

[dist]
# distance from previous block
# <min> <max>
0	2

[block]
# block no. 2 follows, 27 sequences, length 8
# corresponding to MSA columns:
# 145-152
name=unknown_C
#
# <colnr> <probs for GDERKNQSTAVLIFYWHMCP>
#	G	D	E	R	K	N	Q	S	T	A	V	L	I	F	Y	W	H	M	C	P
0	0.01758	0.01563	0.01820	0.01689	0.06897	0.06870	0.01242	0.12050	0.01848	0.02593	0.08577	0.09387	0.02121	0.01109	0.01144	0.00231	0.18482	0.00822	0.04172	0.15625
1	0.48640	0.01663	0.06348	0.01170	0.01733	0.01606	0.01032	0.09692	0.01603	0.03230	0.01202	0.01368	0.00928	0.00685	0.00529	0.00205	0.00636	0.00452	0.00478	0.16801
2	0.01430	0.00817	0.00980	0.00936	0.01109	0.00748	0.00642	0.01550	0.01478	0.14636	0.03934	0.17686	0.17739	0.30646	0.02028	0.00444	0.00573	0.01317	0.00637	0.00672
3	0.01727	0.01707	0.06069	0.02466	0.19516	0.01695	0.09170	0.08127	0.15810	0.02735	0.09807	0.02770	0.06311	0.00987	0.00939	0.00245	0.07483	0.00852	0.00548	0.01036
4	0.01570	0.01765	0.08909	0.23748	0.15533	0.01834	0.08779	0.02003	0.01451	0.02049	0.01293	0.01867	0.01071	0.01091	0.04552	0.00307	0.20238	0.00676	0.00342	0.00922
5	0.00966	0.00970	0.07344	0.01106	0.01283	0.00733	0.00880	0.01181	0.01458	0.01942	0.04172	0.52816	0.13252	0.02326	0.05545	0.00347	0.00588	0.01802	0.00635	0.00656
6	0.04915	0.29092	0.06711	0.04706	0.11577	0.15525	0.06489	0.02423	0.04851	0.02065	0.01305	0.01572	0.01095	0.00903	0.03650	0.00240	0.01003	0.00543	0.00372	0.00965
7	0.06860	0.08420	0.35617	0.06948	0.02830	0.03815	0.05780	0.02344	0.01608	0.08613	0.01574	0.05117	0.01232	0.00788	0.00689	0.00225	0.00940	0.00639	0.00413	0.05551

[dist]
# distance from previous block
# <min> <max>
1	15

[block]
# block no. 3 follows, 27 sequences, length 10
# corresponding to MSA columns:
# 168-177
name=unknown_D
#
# <colnr> <probs for GDERKNQSTAVLIFYWHMCP>
#	G	D	E	R	K	N	Q	S	T	A	V	L	I	F	Y	W	H	M	C	P
0	0.01743	0.02282	0.24964	0.15353	0.14639	0.01654	0.07800	0.02310	0.01644	0.09525	0.04611	0.02018	0.01384	0.00800	0.00867	0.00242	0.06030	0.00682	0.00420	0.01032
1	0.01756	0.01689	0.02292	0.06679	0.34694	0.07277	0.01683	0.02314	0.08962	0.02373	0.01779	0.08279	0.01589	0.00842	0.00718	0.00210	0.00793	0.00756	0.00451	0.14863
2	0.43337	0.05810	0.08975	0.01381	0.01917	0.15604	0.01228	0.09478	0.01721	0.02994	0.01171	0.01334	0.00907	0.00726	0.00560	0.00218	0.00820	0.00462	0.00453	0.00905
3	0.21953	0.02081	0.11639	0.05989	0.06126	0.08365	0.08688	0.11240	0.03894	0.02866	0.01659	0.02356	0.01396	0.00881	0.00703	0.00242	0.00884	0.07600	0.00483	0.00956
4	0.17198	0.01554	0.02084	0.02721	0.32848	0.01642	0.01542	0.05767	0.12101	0.02820	0.02093	0.02286	0.06122	0.00831	0.00681	0.00227	0.00704	0.00704	0.05037	0.01039
5	0.09725	0.00955	0.01298	0.01250	0.01405	0.01154	0.00989	0.01470	0.01195	0.01907	0.01774	0.02589	0.01645	0.04571	0.55829	0.00994	0.09422	0.00736	0.00397	0.00694
6	0.01128	0.00830	0.01106	0.01085	0.01236	0.00908	0.00817	0.01509	0.06093	0.02062	0.13040	0.03701	0.05445	0.11832	0.40381	0.00823	0.01326	0.00942	0.05053	0.00682
7	0.01028	0.00730	0.00941	0.00997	0.01123	0.00687	0.00734	0.01275	0.01720	0.02366	0.28894	0.27768	0.09016	0.06353	0.01086	0.00299	0.00446	0.10116	0.03775	0.00647
8	0.01924	0.01246	0.01418	0.01223	0.01597	0.01300	0.00966	0.11682	0.19710	0.14396	0.12245	0.03459	0.09987	0.01334	0.03983	0.00274	0.00605	0.00928	0.10734	0.00991
9	0.01749	0.09187	0.02405	0.25585	0.21098	0.13153	0.01742	0.02098	0.01620	0.01988	0.01562	0.07805	0.01440	0.04483	0.00869	0.00250	0.00939	0.00744	0.00383	0.00902

[dist]
# distance from previous block
# <min> <max>
0	1

[block]
# block no. 4 follows, 27 sequences, length 8
# corresponding to MSA columns:
# 179-186
name=unknown_E
#
# <colnr> <probs for GDERKNQSTAVLIFYWHMCP>
#	G	D	E	R	K	N	Q	S	T	A	V	L	I	F	Y	W	H	M	C	P
0	0.08696	0.02102	0.02118	0.02033	0.09030	0.23405	0.06444	0.06662	0.01731	0.02227	0.01397	0.01844	0.01200	0.01869	0.16337	0.00442	0.10551	0.00626	0.00408	0.00877
1	0.20773	0.01646	0.01882	0.16275	0.02626	0.01834	0.01356	0.28430	0.02337	0.13406	0.01676	0.01797	0.01181	0.00816	0.00676	0.00231	0.00768	0.00615	0.00615	0.01061
2	0.02205	0.01718	0.01547	0.01367	0.01735	0.15931	0.01046	0.03076	0.24446	0.16250	0.02455	0.02600	0.01884	0.07235	0.00960	0.00263	0.00728	0.00742	0.12823	0.00988
3	0.00989	0.00779	0.00911	0.00969	0.01179	0.00701	0.00775	0.01232	0.01710	0.02130	0.10213	0.10850	0.41608	0.01932	0.00927	0.00280	0.00472	0.20999	0.00696	0.00648
4	0.01677	0.00868	0.01144	0.01122	0.01360	0.00829	0.00888	0.01952	0.01662	0.18685	0.03210	0.19707	0.03080	0.01940	0.07860	0.00356	0.00675	0.15209	0.16968	0.00807
5	0.10735	0.01373	0.01673	0.01325	0.01856	0.01327	0.01084	0.10249	0.07889	0.46837	0.05932	0.02484	0.01967	0.00930	0.00724	0.00231	0.00628	0.00741	0.00834	0.01181
6	0.01101	0.00712	0.00826	0.00826	0.00826	0.00712	0.00470	0.01068	0.01068	0.01424	0.02230	0.04588	0.02553	0.66516	0.03688	0.08772	0.00712	0.01035	0.00437	0.00437
7	0.01581	0.01515	0.01815	0.02013	0.15135	0.09833	0.01293	0.01913	0.04759	0.02171	0.15689	0.03100	0.02663	0.13273	0.04826	0.00370	0.15882	0.00863	0.00488	0.00819

[dist]
# distance from previous block
# <min> <max>
6	11

[block]
# block no. 5 follows, 27 sequences, length 58
# corresponding to MSA columns:
# 205-234,261-288
name=unknown_F
#
# <colnr> <probs for GDERKNQSTAVLIFYWHMCP>
#	G	D	E	R	K	N	Q	S	T	A	V	L	I	F	Y	W	H	M	C	P
0	0.51580	0.01557	0.01431	0.01303	0.04778	0.01759	0.01001	0.17924	0.01847	0.03579	0.01329	0.01483	0.01009	0.00749	0.00545	0.00224	0.00632	0.00499	0.05847	0.00926
1	0.35101	0.01765	0.01611	0.01369	0.01842	0.06609	0.01123	0.25813	0.04967	0.03599	0.01684	0.02199	0.01386	0.00916	0.00646	0.00237	0.00727	0.06838	0.00592	0.00979
2	0.01069	0.00741	0.00889	0.00916	0.01054	0.00679	0.00639	0.01237	0.01575	0.04861	0.15472	0.24672	0.21911	0.17133	0.01509	0.00363	0.00480	0.03505	0.00670	0.00624
3	0.01217	0.01048	0.01073	0.01066	0.01278	0.05645	0.00782	0.03582	0.09206	0.02351	0.17156	0.25721	0.23586	0.01740	0.00866	0.00258	0.00491	0.01503	0.00702	0.00731
4	0.00905	0.00732	0.00804	0.00831	0.01031	0.00631	0.00606	0.01102	0.01690	0.02107	0.14614	0.20040	0.48470	0.01922	0.00891	0.00259	0.00384	0.01646	0.00706	0.00631
5	0.01908	0.01339	0.01515	0.01278	0.01649	0.01408	0.01003	0.21366	0.14061	0.09248	0.22722	0.03735	0.07964	0.06214	0.01004	0.00268	0.00583	0.00998	0.00759	0.00978
6	0.13221	0.01106	0.01295	0.01071	0.01509	0.01021	0.00865	0.02623	0.01840	0.37381	0.03625	0.03398	0.16657	0.01094	0.00708	0.00228	0.00533	0.00874	0.09962	0.00989
7	0.29461	0.01675	0.01721	0.01368	0.01911	0.01812	0.01129	0.30319	0.02413	0.18667	0.01777	0.01747	0.01231	0.00827	0.00645	0.00227	0.00691	0.00593	0.00683	0.01103
8	0.01624	0.01624	0.02274	0.01949	0.01949	0.02274	0.01624	0.01787	0.01137	0.01787	0.00975	0.01624	0.00975	0.01299	0.02436	0.00325	0.72552	0.00650	0.00325	0.00812
9	0.01638	0.01407	0.01482	0.01349	0.01728	0.01578	0.01044	0.03317	0.53197	0.02899	0.06489	0.03680	0.14638	0.01187	0.00782	0.00251	0.00539	0.00992	0.00746	0.01056
10	0.01985	0.74357	0.03890	0.01270	0.01905	0.02937	0.01270	0.02223	0.01508	0.01747	0.01032	0.01191	0.00953	0.00635	0.00476	0.00159	0.00794	0.00397	0.00318	0.00953
11	0.02767	0.02052	0.02197	0.01697	0.02281	0.02277	0.01398	0.63290	0.07093	0.04591	0.01852	0.01838	0.01319	0.00898	0.00743	0.00224	0.00804	0.00678	0.00743	0.01258
12	0.01505	0.01180	0.01351	0.01009	0.01560	0.00923	0.00799	0.01838	0.01543	0.02497	0.01565	0.01813	0.01278	0.00620	0.00543	0.00124	0.00504	0.00496	0.17725	0.61127
13	0.01738	0.00805	0.00906	0.00826	0.01076	0.00769	0.00639	0.02073	0.01696	0.15603	0.06234	0.02877	0.02176	0.00912	0.00582	0.00187	0.00401	0.00739	0.58962	0.00802
14	0.00904	0.00646	0.00861	0.01034	0.01077	0.00603	0.00689	0.01034	0.01421	0.01895	0.04092	0.73426	0.04910	0.02326	0.00948	0.00301	0.00431	0.02110	0.00689	0.00603
15	0.01652	0.01575	0.02678	0.33328	0.41957	0.01715	0.02186	0.02116	0.01603	0.02200	0.01364	0.01898	0.01097	0.00696	0.00738	0.00232	0.00928	0.00661	0.00351	0.01026
16	0.01050	0.00792	0.00942	0.00983	0.01144	0.00741	0.00704	0.05638	0.01741	0.02273	0.14144	0.39301	0.23841	0.01981	0.00902	0.00271	0.00430	0.01742	0.00711	0.00669
17	0.01880	0.13322	0.10886	0.31639	0.03502	0.01954	0.01798	0.13072	0.06429	0.06272	0.01560	0.01855	0.01158	0.00774	0.00697	0.00227	0.00896	0.00623	0.00457	0.01001
18	0.01477	0.01204	0.01441	0.01125	0.01613	0.01028	0.00878	0.05517	0.01542	0.02321	0.01577	0.02149	0.01414	0.08809	0.14496	0.00386	0.00861	0.00585	0.00451	0.51127
19	0.02432	0.02804	0.02381	0.02649	0.21216	0.41913	0.01685	0.07074	0.02015	0.02183	0.01250	0.01530	0.01041	0.00781	0.00815	0.00211	0.06092	0.00555	0.00399	0.00974
20	0.07718	0.02056	0.01823	0.01520	0.01934	0.17227	0.01213	0.30853	0.02486	0.03374	0.01660	0.01827	0.01269	0.00872	0.00779	0.00213	0.05746	0.00611	0.15824	0.00998
21	0.02051	0.07554	0.10610	0.01898	0.06607	0.27544	0.01548	0.06718	0.01853	0.02137	0.02092	0.02283	0.10563	0.00992	0.00978	0.00228	0.12326	0.00687	0.00427	0.00904
22	0.01642	0.01396	0.01640	0.01414	0.01763	0.04610	0.05792	0.11794	0.20587	0.03012	0.23261	0.09982	0.07401	0.01276	0.00820	0.00243	0.00606	0.01110	0.00718	0.00932
23	0.01549	0.01356	0.01670	0.01969	0.17537	0.05426	0.01218	0.04617	0.11249	0.02596	0.15251	0.08288	0.11201	0.01199	0.00843	0.00235	0.03617	0.01018	0.08260	0.00901
24	0.02386	0.02293	0.07168	0.02871	0.27733	0.19601	0.05417	0.05268	0.01949	0.15690	0.01652	0.01833	0.01234	0.00749	0.00726	0.00217	0.00984	0.00635	0.00492	0.01100
25	0.01862	0.12683	0.26557	0.02466	0.17706	0.02062	0.02084	0.12313	0.01834	0.02576	0.01330	0.01617	0.01050	0.00789	0.00902	0.00230	0.09875	0.00584	0.00395	0.01085
26	0.44770	0.01733	0.06484	0.01829	0.12401	0.03743	0.05603	0.02425	0.01517	0.11302	0.01382	0.01551	0.01027	0.00713	0.00589	0.00229	0.00734	0.00530	0.00484	0.00954
27	0.01037	0.00793	0.00968	0.00967	0.01064	0.00811	0.00675	0.01176	0.01397	0.01853	0.10142	0.16620	0.19052	0.25627	0.08874	0.00508	0.05945	0.01335	0.00568	0.00590
28	0.02253	0.05175	0.02268	0.01836	0.02272	0.29330	0.10577	0.07031	0.11274	0.06960	0.01896	0.07133	0.01598	0.01237	0.05557	0.00288	0.01094	0.00755	0.00516	0.00951
29	0.01632	0.01810	0.03881	0.02832	0.03482	0.01696	0.57232	0.02187	0.01705	0.02309	0.01869	0.12139	0.01663	0.00867	0.00886	0.00258	0.01135	0.01051	0.00420	0.00945
30	0.01361	0.00783	0.01033	0.01049	0.01224	0.00710	0.00755	0.01565	0.01696	0.14111	0.16956	0.43705	0.08365	0.01892	0.00894	0.00272	0.00447	0.01686	0.00755	0.00740
31	0.24352	0.02113	0.01717	0.01456	0.01904	0.19906	0.01155	0.23490	0.02319	0.03332	0.09773	0.01971	0.01768	0.00879	0.00659	0.00218	0.00826	0.00627	0.00577	0.00956
32	0.01207	0.00888	0.01107	0.00997	0.01229	0.00837	0.00760	0.06515	0.02171	0.03055	0.58653	0.05113	0.08141	0.01434	0.00850	0.00227	0.00397	0.01255	0.00790	0.04374
33	0.01685	0.02522	0.31809	0.01823	0.02531	0.01659	0.06298	0.11531	0.14299	0.02782	0.02112	0.10864	0.01780	0.00991	0.00755	0.00243	0.00860	0.00843	0.03563	0.01051
34	0.01646	0.01203	0.01250	0.01155	0.01468	0.01345	0.00890	0.02983	0.39120	0.02959	0.02761	0.02769	0.02108	0.00945	0.00653	0.00218	0.00483	0.00775	0.34303	0.00965
35	0.01061	0.00795	0.01193	0.01193	0.01326	0.00928	0.00928	0.01326	0.01193	0.01723	0.01988	0.02916	0.01856	0.05568	0.70968	0.01193	0.01988	0.00795	0.00398	0.00663
36	0.69511	0.01456	0.01164	0.01043	0.01497	0.01688	0.00850	0.02402	0.09580	0.03303	0.01282	0.01401	0.00986	0.00729	0.00496	0.00232	0.00576	0.00457	0.00496	0.00850
37	0.52628	0.01659	0.01486	0.01231	0.01737	0.01887	0.01015	0.24639	0.02037	0.03799	0.01294	0.01406	0.00963	0.00759	0.00558	0.00227	0.00659	0.00495	0.00558	0.00963
38	0.79154	0.01436	0.01091	0.00976	0.01436	0.01665	0.00804	0.02182	0.01263	0.03331	0.01034	0.01206	0.00804	0.00689	0.00459	0.00230	0.00574	0.00402	0.00459	0.00804
39	0.01053	0.00761	0.00968	0.01083	0.01178	0.00736	0.00753	0.05871	0.01592	0.02113	0.04043	0.63779	0.06964	0.02196	0.00932	0.00295	0.00465	0.03871	0.00693	0.00655
40	0.01289	0.00645	0.00967	0.00967	0.00967	0.00645	0.00645	0.00967	0.00967	0.01289	0.01289	0.02257	0.01289	0.02579	0.02901	0.78401	0.00645	0.00645	0.00322	0.00322
41	0.01680	0.01722	0.02219	0.01916	0.01948	0.06930	0.01583	0.01849	0.01206	0.01786	0.01027	0.01656	0.01009	0.01434	0.05068	0.00351	0.64831	0.00644	0.00332	0.00809
42	0.01846	0.01595	0.01679	0.01511	0.01930	0.01846	0.01175	0.03945	0.67938	0.03105	0.03022	0.02770	0.02266	0.01007	0.00755	0.00252	0.00588	0.00839	0.00755	0.01175
43	0.01289	0.00645	0.00967	0.00967	0.00967	0.00645	0.00645	0.00967	0.00967	0.01289	0.01289	0.02257	0.01289	0.02579	0.02901	0.78401	0.00645	0.00645	0.00322	0.00322
44	0.01061	0.00732	0.00903	0.00948	0.00996	0.00730	0.00628	0.01166	0.01288	0.01732	0.07357	0.16437	0.03486	0.43946	0.07428	0.00606	0.00730	0.08754	0.00538	0.00535
45	0.01985	0.74357	0.03890	0.01270	0.01905	0.02937	0.01270	0.02223	0.01508	0.01747	0.01032	0.01191	0.00953	0.00635	0.00476	0.00159	0.00794	0.00397	0.00318	0.00953
46	0.01402	0.01319	0.02227	0.72126	0.05113	0.01649	0.02062	0.01897	0.01484	0.01897	0.01319	0.01979	0.00990	0.00742	0.00742	0.00247	0.00990	0.00660	0.00330	0.00825
47	0.34946	0.19422	0.04768	0.01264	0.01835	0.02073	0.01134	0.16573	0.01850	0.03144	0.01232	0.01368	0.00968	0.00712	0.00543	0.00203	0.00701	0.00468	0.00481	0.06316
48	0.00904	0.00646	0.00861	0.01034	0.01077	0.00603	0.00689	0.01034	0.01421	0.01895	0.04092	0.73426	0.04910	0.02326	0.00948	0.00301	0.00431	0.02110	0.00689	0.00603
49	0.79154	0.01436	0.01091	0.00976	0.01436	0.01665	0.00804	0.02182	0.01263	0.03331	0.01034	0.01206	0.00804	0.00689	0.00459	0.00230	0.00574	0.00402	0.00459	0.00804
50	0.00957	0.00704	0.00861	0.00921	0.01031	0.00646	0.00632	0.01130	0.01582	0.02097	0.19161	0.34744	0.18256	0.12211	0.01319	0.00335	0.00442	0.01679	0.00684	0.00608
51	0.02940	0.01364	0.01689	0.01318	0.01839	0.01304	0.01081	0.17425	0.02348	0.45746	0.02601	0.02395	0.01719	0.00905	0.00713	0.00220	0.00632	0.00721	0.11858	0.01182
52	0.79154	0.01436	0.01091	0.00976	0.01436	0.01665	0.00804	0.02182	0.01263	0.03331	0.01034	0.01206	0.00804	0.00689	0.00459	0.00230	0.00574	0.00402	0.00459	0.00804
53	0.01644	0.01628	0.02971	0.21046	0.33808	0.01680	0.16439	0.02118	0.01634	0.02245	0.01587	0.06854	0.01376	0.00789	0.00783	0.00240	0.00960	0.00809	0.00382	0.01009
54	0.01051	0.00759	0.00992	0.00934	0.01109	0.00700	0.00700	0.01401	0.02101	0.02977	0.68888	0.05545	0.07005	0.01518	0.00876	0.00233	0.00350	0.01343	0.00817	0.00700
55	0.01074	0.00809	0.00943	0.00899	0.01115	0.00755	0.00677	0.01492	0.06452	0.02665	0.40400	0.05668	0.25897	0.01552	0.00843	0.00236	0.00374	0.01334	0.06105	0.00709
56	0.01179	0.08080	0.01366	0.01067	0.01285	0.01036	0.00843	0.01567	0.04532	0.02495	0.39901	0.04232	0.04706	0.02591	0.21286	0.00507	0.00882	0.01068	0.00643	0.00734
57	0.02024	0.02029	0.02525	0.18692	0.32248	0.14984	0.01931	0.09266	0.04687	0.02460	0.01441	0.01807	0.01147	0.00738	0.00726	0.00222	0.00974	0.00634	0.00418	0.01047

[dist]
# distance from previous block
# <min> <max>
0	23

[block]
# block no. 6 follows, 27 sequences, length 30
# corresponding to MSA columns:
# 312-341
name=unknown_G
#
# <colnr> <probs for GDERKNQSTAVLIFYWHMCP>
#	G	D	E	R	K	N	Q	S	T	A	V	L	I	F	Y	W	H	M	C	P
0	0.07335	0.01593	0.02110	0.05212	0.27862	0.05450	0.01542	0.07854	0.05749	0.11959	0.04779	0.07739	0.05662	0.00974	0.00745	0.00232	0.00751	0.00842	0.00564	0.01046
1	0.01046	0.00717	0.00897	0.00982	0.01105	0.00655	0.00678	0.01231	0.01455	0.02093	0.03546	0.54652	0.04040	0.01910	0.00837	0.00262	0.00428	0.01712	0.13777	0.07977
2	0.01819	0.02483	0.29983	0.05657	0.02487	0.09184	0.01781	0.02410	0.03663	0.12794	0.17430	0.02678	0.02540	0.00946	0.00751	0.00230	0.00858	0.00771	0.00545	0.00990
3	0.01543	0.03444	0.60536	0.02010	0.02997	0.01614	0.02524	0.02330	0.01605	0.05317	0.01648	0.02253	0.01295	0.00842	0.00737	0.00245	0.01037	0.06582	0.00375	0.01065
4	0.01766	0.01480	0.02460	0.23300	0.36803	0.01573	0.01952	0.02188	0.01616	0.08563	0.01586	0.02065	0.01262	0.01262	0.08651	0.00339	0.01014	0.00684	0.00412	0.01025
5	0.00916	0.00664	0.00866	0.01004	0.01074	0.00614	0.00681	0.01071	0.01505	0.02005	0.10469	0.62150	0.09804	0.02217	0.00936	0.00291	0.00419	0.01998	0.00701	0.00614
6	0.00928	0.00748	0.00826	0.00819	0.01037	0.00646	0.00609	0.01158	0.01793	0.02274	0.24669	0.10327	0.47958	0.01802	0.00881	0.00249	0.00372	0.01533	0.00725	0.00646
7	0.01624	0.01672	0.02714	0.36162	0.08917	0.05774	0.14743	0.02061	0.01523	0.02006	0.01287	0.01870	0.01026	0.00819	0.01083	0.00257	0.14542	0.00690	0.00344	0.00886
8	0.01114	0.00873	0.00969	0.00913	0.01161	0.00805	0.00692	0.07377	0.01967	0.02538	0.24888	0.10031	0.40551	0.01706	0.00868	0.00246	0.00413	0.01447	0.00732	0.00707
9	0.02247	0.09501	0.05260	0.04850	0.10133	0.18598	0.12580	0.10926	0.02024	0.07537	0.01471	0.01692	0.01130	0.00721	0.00701	0.00204	0.01000	0.00609	0.00461	0.08354
10	0.01721	0.14089	0.09644	0.25516	0.28017	0.04518	0.02054	0.02179	0.01596	0.02110	0.01294	0.01729	0.01046	0.00691	0.00688	0.00219	0.00941	0.00598	0.00342	0.01005
11	0.01749	0.01444	0.01652	0.01199	0.01848	0.01205	0.00967	0.12504	0.01859	0.02789	0.01395	0.01579	0.01126	0.00606	0.00581	0.00128	0.00594	0.00477	0.00489	0.65807
12	0.00931	0.00722	0.00849	0.00886	0.01053	0.00639	0.00638	0.01144	0.01718	0.02229	0.22706	0.26894	0.33090	0.01920	0.00898	0.00262	0.00386	0.01673	0.00723	0.00639
13	0.08427	0.00773	0.00812	0.00844	0.01023	0.00743	0.00608	0.01340	0.01530	0.02297	0.07179	0.22788	0.22833	0.05732	0.00935	0.00269	0.00420	0.01350	0.19450	0.00646
14	0.01165	0.00772	0.00947	0.00926	0.01091	0.00715	0.00660	0.01366	0.01651	0.07216	0.22895	0.15615	0.19602	0.16253	0.05452	0.00399	0.00556	0.01382	0.00679	0.00659
15	0.00945	0.00706	0.00878	0.00938	0.01070	0.00639	0.00664	0.01158	0.01699	0.02264	0.25487	0.36808	0.20093	0.01968	0.00909	0.00268	0.00393	0.01743	0.00730	0.00639
16	0.01539	0.01319	0.01539	0.01100	0.01759	0.00990	0.00880	0.01869	0.01539	0.02419	0.01319	0.01539	0.01100	0.00550	0.00550	0.00110	0.00550	0.00440	0.00440	0.78449
17	0.02783	0.03249	0.02128	0.01872	0.02296	0.57333	0.01430	0.15613	0.02378	0.02384	0.01273	0.01427	0.01017	0.00790	0.00684	0.00197	0.01235	0.00516	0.00454	0.00940
18	0.00904	0.00646	0.00861	0.01034	0.01077	0.00603	0.00689	0.01034	0.01421	0.01895	0.04092	0.73426	0.04910	0.02326	0.00948	0.00301	0.00431	0.02110	0.00689	0.00603
19	0.02958	0.01305	0.01669	0.01289	0.01834	0.01182	0.01058	0.10431	0.02182	0.51173	0.02633	0.02393	0.01725	0.00884	0.00710	0.00215	0.00620	0.00710	0.08154	0.06877
20	0.00897	0.00753	0.00779	0.00773	0.01015	0.00635	0.00579	0.01103	0.01738	0.02115	0.14435	0.06964	0.61995	0.01839	0.00877	0.00249	0.00373	0.01541	0.00704	0.00635
21	0.01624	0.01624	0.02274	0.01949	0.01949	0.02274	0.01624	0.01787	0.01137	0.01787	0.00975	0.01624	0.00975	0.01299	0.02436	0.00325	0.72552	0.00650	0.00325	0.00812
22	0.00904	0.00646	0.00861	0.01034	0.01077	0.00603	0.00689	0.01034	0.01421	0.01895	0.04092	0.73426	0.04910	0.02326	0.00948	0.00301	0.00431	0.02110	0.00689	0.00603
23	0.01749	0.01900	0.03853	0.06988	0.08533	0.01853	0.50810	0.02520	0.09190	0.02436	0.01655	0.02075	0.01251	0.00678	0.00844	0.00248	0.01135	0.00844	0.00415	0.01024
24	0.02334	0.02290	0.01960	0.01697	0.02099	0.23844	0.01327	0.20286	0.20845	0.02954	0.01999	0.05980	0.01633	0.00996	0.00862	0.00233	0.06288	0.00737	0.00598	0.01039
25	0.06790	0.01615	0.02080	0.23888	0.05351	0.01778	0.01542	0.26709	0.02372	0.17801	0.01830	0.01975	0.01272	0.00831	0.00727	0.00232	0.00820	0.00667	0.00622	0.01096
26	0.01873	0.21434	0.23940	0.01778	0.02510	0.02041	0.07957	0.02818	0.18400	0.07455	0.01817	0.01886	0.01364	0.00772	0.00677	0.00220	0.00868	0.00629	0.00478	0.01082
27	0.01472	0.03341	0.56624	0.15987	0.03589	0.01709	0.02608	0.02261	0.01551	0.02261	0.01330	0.01649	0.00950	0.00713	0.00713	0.00238	0.01076	0.00571	0.00317	0.01043
28	0.01444	0.01113	0.01671	0.33043	0.03036	0.01278	0.01412	0.01778	0.01500	0.08283	0.02658	0.03481	0.11290	0.08169	0.08708	0.00401	0.05001	0.04481	0.00475	0.00778
29	0.02183	0.10327	0.24120	0.02092	0.06505	0.04521	0.10428	0.15884	0.02090	0.12352	0.01639	0.01772	0.01175	0.00756	0.00717	0.00223	0.00958	0.00632	0.00503	0.01122

[dist]
# distance from previous block
# <min> <max>
0	1

[block]
# block no. 7 follows, 27 sequences, length 19
# corresponding to MSA columns:
# 343-348,372-384
name=unknown_H
#
# <colnr> <probs for GDERKNQSTAVLIFYWHMCP>
#	G	D	E	R	K	N	Q	S	T	A	V	L	I	F	Y	W	H	M	C	P
0	0.02802	0.01803	0.01922	0.01518	0.02043	0.07848	0.01234	0.33456	0.02772	0.25775	0.09054	0.02379	0.02020	0.00954	0.00751	0.00223	0.00754	0.00747	0.00777	0.01169
1	0.01020	0.00700	0.00845	0.00895	0.00927	0.00680	0.00553	0.01097	0.01293	0.01742	0.09577	0.27311	0.03852	0.43291	0.02564	0.00534	0.00588	0.01442	0.00565	0.00525
2	0.01808	0.01656	0.02636	0.03745	0.52433	0.01682	0.01964	0.06113	0.06991	0.02673	0.09133	0.02323	0.01921	0.00798	0.00753	0.00225	0.00795	0.00752	0.00470	0.01127
3	0.01027	0.00776	0.00975	0.00981	0.01150	0.00711	0.00701	0.01235	0.01559	0.02132	0.17266	0.29484	0.13492	0.07842	0.08974	0.00393	0.00616	0.01477	0.00639	0.08567
4	0.02473	0.21021	0.02781	0.01877	0.02360	0.46945	0.08044	0.02720	0.01920	0.01857	0.01155	0.01370	0.00973	0.00718	0.00642	0.00189	0.01194	0.00499	0.00366	0.00898
5	0.01578	0.01426	0.02204	0.11629	0.32743	0.01473	0.01676	0.02130	0.08315	0.02279	0.01806	0.06363	0.01606	0.03548	0.09670	0.00357	0.00939	0.00771	0.00435	0.09052
6	0.01561	0.12218	0.58978	0.02063	0.03088	0.01877	0.05619	0.02337	0.01569	0.02280	0.01304	0.01543	0.00951	0.00693	0.00686	0.00227	0.01068	0.00546	0.00317	0.01075
7	0.02110	0.09488	0.02346	0.02365	0.20462	0.17831	0.01504	0.10872	0.12327	0.02523	0.01856	0.02183	0.03361	0.06494	0.00938	0.00252	0.00897	0.00679	0.00491	0.01019
8	0.01633	0.01852	0.09266	0.01922	0.02079	0.02173	0.01695	0.02066	0.08001	0.01980	0.01221	0.01735	0.01103	0.01208	0.02085	0.00308	0.57771	0.00659	0.00368	0.00879
9	0.00904	0.00646	0.00861	0.01034	0.01077	0.00603	0.00689	0.01034	0.01421	0.01895	0.04092	0.73426	0.04910	0.02326	0.00948	0.00301	0.00431	0.02110	0.00689	0.00603
10	0.01620	0.01621	0.03028	0.21006	0.25767	0.01661	0.21888	0.02122	0.01699	0.02332	0.08299	0.02303	0.01708	0.00758	0.00795	0.00238	0.00969	0.00797	0.00406	0.00984
11	0.13289	0.01337	0.01472	0.01081	0.01710	0.01092	0.00868	0.01917	0.01498	0.02557	0.01276	0.01489	0.01055	0.00571	0.00536	0.00128	0.00553	0.00434	0.00443	0.66694
12	0.00931	0.00748	0.00830	0.00823	0.01039	0.00647	0.00612	0.01163	0.01797	0.02288	0.25568	0.10682	0.46663	0.01799	0.00881	0.00249	0.00372	0.01533	0.00727	0.00647
13	0.00933	0.00727	0.00851	0.00905	0.01075	0.00645	0.00662	0.01138	0.01676	0.02142	0.16221	0.27425	0.35273	0.01969	0.00908	0.00269	0.00407	0.05430	0.00710	0.00635
14	0.02724	0.01800	0.01975	0.01533	0.02075	0.01940	0.01260	0.50169	0.03069	0.13670	0.02020	0.02004	0.01420	0.00892	0.00717	0.00218	0.00735	0.00682	0.09902	0.01195
15	0.01742	0.01461	0.01655	0.01667	0.06992	0.01647	0.01211	0.03394	0.50788	0.02935	0.02944	0.03281	0.02363	0.01078	0.00764	0.00253	0.00601	0.07415	0.06723	0.01086
16	0.09677	0.02369	0.28366	0.01701	0.02399	0.01588	0.05544	0.09152	0.09306	0.08062	0.08694	0.04144	0.03945	0.00926	0.00731	0.00238	0.00817	0.00763	0.00545	0.01034
17	0.09606	0.09244	0.01463	0.01094	0.01424	0.01184	0.00859	0.01965	0.06797	0.09442	0.14444	0.22108	0.03356	0.01322	0.00734	0.00229	0.00513	0.01124	0.04349	0.08744
18	0.01391	0.01122	0.01343	0.01246	0.01442	0.03620	0.00955	0.08410	0.06862	0.02487	0.20332	0.10656	0.03484	0.06827	0.20305	0.00537	0.06541	0.01062	0.00602	0.00775

[dist]
# distance from previous block
# <min> <max>
5	68

[block]
# block no. 8 follows, 27 sequences, length 11
# corresponding to MSA columns:
# 455-465
name=unknown_I
#
# <colnr> <probs for GDERKNQSTAVLIFYWHMCP>
#	G	D	E	R	K	N	Q	S	T	A	V	L	I	F	Y	W	H	M	C	P
0	0.01988	0.09268	0.05718	0.13600	0.05965	0.06961	0.11893	0.16474	0.09715	0.02769	0.01833	0.02049	0.03681	0.00805	0.00728	0.00223	0.00912	0.00696	0.00497	0.04224
1	0.07412	0.07118	0.06521	0.01388	0.01778	0.09158	0.04621	0.07913	0.01870	0.08627	0.12833	0.16728	0.02917	0.04604	0.00896	0.00257	0.00714	0.01031	0.02753	0.00860
2	0.02397	0.01666	0.01846	0.01440	0.01991	0.01719	0.01171	0.33653	0.10811	0.11608	0.02029	0.02020	0.01472	0.00839	0.00689	0.00201	0.00678	0.00655	0.06557	0.16560
3	0.02101	0.01813	0.10566	0.11700	0.12835	0.01579	0.01656	0.11023	0.01909	0.16255	0.01696	0.01888	0.01239	0.00788	0.00827	0.00216	0.06015	0.00625	0.00527	0.14743
4	0.01688	0.01669	0.06347	0.01739	0.06264	0.01324	0.11570	0.07044	0.01735	0.02584	0.01390	0.01651	0.01111	0.00605	0.00637	0.00155	0.00736	0.00547	0.00441	0.50764
5	0.01047	0.00880	0.01421	0.01334	0.01518	0.00815	0.11160	0.01277	0.01548	0.02061	0.08703	0.51076	0.10313	0.01956	0.00925	0.00284	0.00550	0.01809	0.00649	0.00676
6	0.00926	0.00672	0.00874	0.00996	0.01076	0.00620	0.00681	0.01094	0.01550	0.02076	0.14658	0.57610	0.10094	0.02164	0.00931	0.00287	0.00414	0.01947	0.00710	0.00620
7	0.07680	0.10673	0.06050	0.01713	0.10170	0.05861	0.01291	0.10051	0.03587	0.12062	0.01839	0.02048	0.01417	0.01327	0.08566	0.00317	0.00879	0.00629	0.12854	0.00985
8	0.01556	0.05553	0.06747	0.01385	0.05640	0.01102	0.01048	0.01901	0.05395	0.12735	0.02945	0.22284	0.05815	0.14395	0.07729	0.00420	0.00763	0.01182	0.00590	0.00816
9	0.01052	0.00928	0.01395	0.01225	0.01495	0.00833	0.11117	0.01323	0.01708	0.02203	0.16099	0.21281	0.33045	0.01722	0.00893	0.00259	0.00524	0.01544	0.00661	0.00693
10	0.02633	0.01363	0.02000	0.01529	0.02054	0.01279	0.11432	0.10456	0.02113	0.38103	0.02467	0.02404	0.01670	0.00858	0.00721	0.00221	0.00695	0.00747	0.16148	0.01108

[dist]
# distance from previous block
# <min> <max>
0	23

[block]
# block no. 9 follows, 27 sequences, length 56
# corresponding to MSA columns:
# 489-522,525-546
name=unknown_J
#
# <colnr> <probs for GDERKNQSTAVLIFYWHMCP>
#	G	D	E	R	K	N	Q	S	T	A	V	L	I	F	Y	W	H	M	C	P
0	0.05346	0.08002	0.07618	0.05418	0.29990	0.08060	0.08502	0.05438	0.01818	0.02497	0.08689	0.02113	0.01730	0.00777	0.00723	0.00220	0.00899	0.00699	0.00432	0.01028
1	0.01679	0.03365	0.53194	0.02346	0.09151	0.01798	0.05861	0.09355	0.01797	0.02612	0.01396	0.01638	0.01006	0.00717	0.00721	0.00233	0.01055	0.00589	0.00368	0.01117
2	0.01212	0.00781	0.00978	0.01039	0.01197	0.00725	0.00736	0.01471	0.04990	0.09361	0.04526	0.50145	0.15954	0.02024	0.00903	0.00282	0.00451	0.01799	0.00718	0.00709
3	0.20764	0.07457	0.07905	0.06010	0.11395	0.15049	0.08844	0.02559	0.08842	0.02513	0.01413	0.01647	0.01111	0.00728	0.00653	0.00222	0.00921	0.00578	0.00426	0.00963
4	0.01137	0.00731	0.00872	0.00848	0.01021	0.00687	0.00632	0.01463	0.01862	0.02783	0.39731	0.08285	0.09779	0.01376	0.00765	0.00219	0.00355	0.01190	0.25576	0.00687
5	0.01909	0.04603	0.10298	0.02886	0.25677	0.01672	0.16436	0.04613	0.04767	0.08805	0.01740	0.02026	0.01323	0.00727	0.00733	0.00224	0.00889	0.00707	0.08888	0.01078
6	0.13552	0.01953	0.17833	0.01386	0.01955	0.05174	0.01354	0.02057	0.01654	0.05776	0.14683	0.02486	0.04244	0.00911	0.00772	0.00209	0.04869	0.00699	0.00507	0.17926
7	0.02043	0.12450	0.22765	0.02369	0.11864	0.10640	0.10934	0.11612	0.01959	0.04478	0.01411	0.01643	0.01073	0.00719	0.00704	0.00218	0.01025	0.00603	0.00417	0.01074
8	0.02013	0.65822	0.07193	0.01358	0.02000	0.07563	0.01358	0.02281	0.01553	0.01783	0.01056	0.01221	0.00952	0.00648	0.00502	0.00165	0.00847	0.00410	0.00322	0.00954
9	0.00916	0.00748	0.00810	0.00820	0.01041	0.00643	0.00614	0.01128	0.01734	0.02150	0.16389	0.11997	0.52737	0.01865	0.00887	0.00255	0.00386	0.03534	0.00708	0.00638
10	0.01117	0.00811	0.01022	0.01026	0.01181	0.00778	0.00744	0.06135	0.01912	0.02626	0.35084	0.33068	0.08037	0.01815	0.00895	0.00261	0.00419	0.01614	0.00754	0.00700
11	0.02200	0.42921	0.10742	0.01520	0.02181	0.06579	0.01482	0.19646	0.02083	0.02607	0.01274	0.01401	0.01035	0.00719	0.00585	0.00186	0.00866	0.00492	0.00435	0.01047
12	0.01108	0.00741	0.00952	0.00966	0.01035	0.00752	0.00668	0.01184	0.01276	0.01721	0.08749	0.04735	0.05937	0.34402	0.13722	0.11983	0.00858	0.08193	0.00495	0.00523
13	0.01848	0.54920	0.22130	0.01503	0.02266	0.02603	0.01676	0.02258	0.01525	0.01913	0.01115	0.01295	0.00949	0.00654	0.00539	0.00180	0.00877	0.00439	0.00316	0.00992
14	0.00904	0.00646	0.00861	0.01034	0.01077	0.00603	0.00689	0.01034	0.01421	0.01895	0.04092	0.73426	0.04910	0.02326	0.00948	0.00301	0.00431	0.02110	0.00689	0.00603
15	0.01366	0.00694	0.00699	0.00699	0.00862	0.00694	0.00515	0.01692	0.01529	0.02691	0.02417	0.02889	0.01949	0.05106	0.00708	0.00205	0.00368	0.00714	0.73527	0.00678
16	0.00917	0.00655	0.00876	0.01048	0.01096	0.00614	0.00711	0.01055	0.01433	0.01909	0.04085	0.70682	0.04883	0.02314	0.00951	0.00303	0.00441	0.04733	0.00689	0.00606
17	0.01157	0.00824	0.01132	0.01248	0.01391	0.00835	0.01037	0.01445	0.01590	0.02105	0.07276	0.07140	0.03955	0.12132	0.08995	0.00479	0.00811	0.45167	0.00629	0.00651
18	0.01944	0.68505	0.09381	0.01340	0.02014	0.02837	0.01392	0.02234	0.01513	0.01797	0.01057	0.01222	0.00952	0.00641	0.00495	0.00165	0.00819	0.00410	0.00317	0.00965
19	0.02287	0.01653	0.01739	0.01424	0.01904	0.06506	0.01137	0.20909	0.16799	0.15112	0.10236	0.02740	0.05072	0.00995	0.00744	0.00220	0.00673	0.00801	0.00729	0.08318
20	0.01954	0.02094	0.09171	0.01609	0.02015	0.16188	0.01373	0.02868	0.23393	0.07328	0.12733	0.02624	0.02415	0.01035	0.00958	0.00242	0.09635	0.00782	0.00597	0.00986
21	0.01695	0.06785	0.11014	0.01803	0.09795	0.01381	0.06404	0.02121	0.01601	0.05409	0.01397	0.01633	0.01113	0.00611	0.00620	0.00158	0.00734	0.00524	0.00423	0.44779
22	0.09219	0.01650	0.01850	0.01412	0.02004	0.01651	0.01160	0.30942	0.02520	0.20148	0.01897	0.01862	0.01328	0.00803	0.00676	0.00200	0.00690	0.00613	0.00693	0.18682
23	0.01580	0.01624	0.12212	0.23111	0.02999	0.01403	0.08604	0.04841	0.04681	0.04752	0.04346	0.02317	0.01574	0.00811	0.00695	0.00223	0.00795	0.00712	0.21824	0.00893
24	0.01013	0.00716	0.00895	0.00946	0.01013	0.00703	0.00631	0.01141	0.01364	0.01835	0.10445	0.25548	0.08035	0.30297	0.09623	0.00551	0.00707	0.03392	0.00579	0.00565
25	0.06487	0.01340	0.01466	0.01233	0.01601	0.01429	0.00966	0.21855	0.10892	0.09427	0.13042	0.03034	0.02600	0.08935	0.01047	0.00276	0.00601	0.00840	0.11964	0.00962
26	0.79154	0.01436	0.01091	0.00976	0.01436	0.01665	0.00804	0.02182	0.01263	0.03331	0.01034	0.01206	0.00804	0.00689	0.00459	0.00230	0.00574	0.00402	0.00459	0.00804
27	0.01382	0.00831	0.01040	0.00964	0.01213	0.00737	0.00731	0.01653	0.01920	0.14121	0.33997	0.13153	0.22195	0.01602	0.00862	0.00245	0.00415	0.01386	0.00787	0.00767
28	0.01543	0.01449	0.01686	0.15723	0.02335	0.12441	0.01321	0.01832	0.01423	0.04065	0.01637	0.02317	0.01438	0.03190	0.35504	0.00712	0.09531	0.00699	0.00391	0.00764
29	0.01684	0.11724	0.42137	0.02558	0.16402	0.04614	0.06118	0.02347	0.01617	0.02274	0.01312	0.01593	0.01001	0.00686	0.00692	0.00222	0.01036	0.00569	0.00331	0.01081
30	0.01543	0.11508	0.62868	0.02024	0.03071	0.01856	0.02583	0.02337	0.01561	0.02285	0.01300	0.01526	0.00942	0.00698	0.00680	0.00227	0.01064	0.00532	0.00314	0.01081
31	0.01061	0.00712	0.00815	0.00834	0.00839	0.00707	0.00476	0.01075	0.01117	0.01489	0.02530	0.12314	0.02939	0.66126	0.03471	0.00674	0.00688	0.01192	0.00476	0.00466
32	0.00931	0.00742	0.00834	0.00837	0.01042	0.00645	0.00618	0.01159	0.01780	0.02275	0.24948	0.14205	0.43711	0.01825	0.00885	0.00251	0.00375	0.01563	0.00726	0.00645
33	0.02044	0.14136	0.23605	0.01706	0.02393	0.06029	0.01729	0.23571	0.05212	0.02982	0.01756	0.08318	0.01480	0.00924	0.00704	0.00223	0.00885	0.00718	0.00515	0.01072
34	0.15608	0.01783	0.01872	0.01470	0.02010	0.01949	0.01211	0.44425	0.02829	0.11396	0.01827	0.01837	0.01294	0.00858	0.00679	0.00221	0.00722	0.00634	0.06229	0.01145
35	0.25663	0.01413	0.01764	0.01345	0.01930	0.01320	0.08061	0.02512	0.01644	0.21669	0.01706	0.01766	0.01221	0.00704	0.00613	0.00195	0.00657	0.00562	0.00574	0.24681
36	0.09857	0.01332	0.02103	0.64389	0.04713	0.01651	0.01925	0.01928	0.01460	0.02053	0.01288	0.01895	0.00969	0.00736	0.00711	0.00245	0.00944	0.00632	0.00344	0.00822
37	0.00931	0.00668	0.00843	0.00970	0.01025	0.00625	0.00637	0.01044	0.01389	0.01829	0.04117	0.55719	0.10511	0.14320	0.01417	0.00367	0.00474	0.01886	0.00649	0.00579
38	0.01985	0.74357	0.03890	0.01270	0.01905	0.02937	0.01270	0.02223	0.01508	0.01747	0.01032	0.01191	0.00953	0.00635	0.00476	0.00159	0.00794	0.00397	0.00318	0.00953
39	0.02773	0.03538	0.02104	0.01913	0.02295	0.70930	0.01434	0.02964	0.02104	0.01817	0.01148	0.01339	0.00956	0.00765	0.00669	0.00191	0.01339	0.00478	0.00383	0.00861
40	0.01020	0.00778	0.01108	0.01407	0.08496	0.00738	0.00863	0.01203	0.01514	0.02054	0.09839	0.59313	0.04699	0.02069	0.00918	0.00286	0.00472	0.01881	0.00666	0.00674
41	0.34102	0.01339	0.01369	0.01183	0.01614	0.01422	0.00945	0.09480	0.05621	0.19971	0.02222	0.13835	0.01890	0.01063	0.00662	0.00242	0.00592	0.00830	0.00662	0.00957
42	0.27746	0.01739	0.01712	0.01373	0.01884	0.01943	0.01129	0.39524	0.02579	0.04058	0.01596	0.01685	0.01172	0.00822	0.00629	0.00220	0.00693	0.00583	0.07855	0.01059
43	0.01584	0.01133	0.01224	0.01132	0.01414	0.01222	0.00865	0.09857	0.22277	0.02961	0.07917	0.13059	0.05001	0.01203	0.00718	0.00229	0.00489	0.01014	0.25810	0.00893
44	0.01148	0.00713	0.00962	0.00962	0.00996	0.00747	0.00639	0.01103	0.01069	0.01460	0.01885	0.03461	0.01995	0.31756	0.20556	0.27826	0.01016	0.00856	0.00392	0.00460
45	0.16356	0.01466	0.01599	0.01280	0.01775	0.01519	0.01048	0.23784	0.02329	0.24726	0.02420	0.02342	0.05370	0.00918	0.00675	0.00222	0.00634	0.00700	0.09760	0.01077
46	0.02076	0.01277	0.01470	0.01247	0.01636	0.01326	0.00988	0.12585	0.19351	0.17721	0.16568	0.03150	0.02958	0.01055	0.00739	0.00226	0.00544	0.00875	0.13178	0.01030
47	0.01041	0.00721	0.00863	0.00903	0.00954	0.00700	0.00581	0.01136	0.01326	0.01770	0.09912	0.18559	0.06970	0.43895	0.02591	0.00538	0.00606	0.05840	0.00563	0.00531
48	0.10954	0.02266	0.13662	0.02078	0.08934	0.09330	0.07682	0.13065	0.08770	0.09794	0.01692	0.01828	0.01249	0.00812	0.00797	0.00234	0.04612	0.00641	0.00526	0.01074
49	0.15328	0.01357	0.01664	0.01298	0.01855	0.01281	0.01071	0.08518	0.02099	0.53957	0.02535	0.02257	0.01627	0.00880	0.00701	0.00229	0.00638	0.00685	0.00832	0.01190
50	0.01008	0.00697	0.00864	0.00933	0.00962	0.00692	0.00588	0.01083	0.01226	0.01646	0.03007	0.32030	0.03506	0.39287	0.08623	0.00595	0.00717	0.01465	0.00541	0.00530
51	0.01535	0.01055	0.01176	0.01087	0.01404	0.01051	0.00853	0.05075	0.16479	0.10061	0.07469	0.07052	0.27574	0.01452	0.00810	0.00248	0.00494	0.06314	0.07947	0.00861
52	0.01645	0.29750	0.31855	0.09394	0.02844	0.02118	0.04399	0.02186	0.01536	0.02053	0.01368	0.05208	0.01163	0.00764	0.00642	0.00212	0.00943	0.00597	0.00339	0.00984
53	0.01528	0.00912	0.01082	0.01016	0.01230	0.00887	0.00748	0.04347	0.05509	0.12154	0.09502	0.10711	0.10326	0.20727	0.01593	0.00372	0.00558	0.06131	0.09920	0.00747
54	0.03921	0.09068	0.01601	0.07710	0.01796	0.01305	0.00990	0.09610	0.03778	0.06641	0.17019	0.07822	0.16074	0.01238	0.00752	0.00224	0.00565	0.01030	0.03692	0.05164
55	0.01762	0.11062	0.10254	0.01835	0.10747	0.14395	0.01407	0.05736	0.01774	0.02221	0.02388	0.13104	0.09018	0.01069	0.00713	0.00212	0.00815	0.00875	0.00472	0.10143

[dist]
# distance from previous block
# <min> <max>
2	59

[block]
# block no. 10 follows, 27 sequences, length 26
# corresponding to MSA columns:
