[name]
unknown

[dist]
# distance from previous block
# <min> <max>
0	428

[block]
# block no. 0 follows, 31 sequences, length 122
# corresponding to MSA columns:
# 428-549
name=unknown_A
#
# <colnr> <probs for GDERKNQSTAVLIFYWHMCP>
#	G	D	E	R	K	N	Q	S	T	A	V	L	I	F	Y	W	H	M	C	P
0	0.01102	0.00787	0.01102	0.01260	0.01417	0.00787	0.01102	0.01417	0.01575	0.02047	0.03622	0.07717	0.03937	0.01890	0.00945	0.00315	0.00630	0.67084	0.00630	0.00630
1	0.02653	0.01120	0.01485	0.01178	0.01642	0.01007	0.00959	0.03057	0.07309	0.56525	0.12811	0.02756	0.02425	0.00934	0.00706	0.00214	0.00541	0.00776	0.00821	0.01082
2	0.00991	0.00680	0.00832	0.00832	0.00862	0.00710	0.00522	0.01050	0.01020	0.01390	0.02077	0.04041	0.02298	0.58697	0.20483	0.00770	0.00948	0.00931	0.00403	0.00462
3	0.01092	0.00760	0.00952	0.00909	0.01096	0.00715	0.00679	0.01475	0.06340	0.06150	0.47405	0.14344	0.12518	0.01473	0.00802	0.00226	0.00363	0.01294	0.00726	0.00682
4	0.01597	0.01528	0.02604	0.20954	0.55683	0.01600	0.02052	0.02016	0.01512	0.02119	0.01270	0.01724	0.01043	0.00627	0.00679	0.00209	0.00836	0.00609	0.00330	0.01006
5	0.01479	0.00811	0.01060	0.00942	0.01196	0.00726	0.00726	0.01764	0.01878	0.20164	0.45178	0.08206	0.10471	0.01325	0.00780	0.00219	0.00394	0.01152	0.00761	0.00766
6	0.00922	0.00718	0.00980	0.00960	0.01110	0.00657	0.04185	0.01136	0.01563	0.02092	0.26240	0.30881	0.18304	0.05840	0.00980	0.00267	0.00417	0.01501	0.00646	0.00601
7	0.01693	0.01626	0.02777	0.04199	0.71689	0.01626	0.02100	0.02100	0.01558	0.02235	0.01287	0.01693	0.01084	0.00610	0.00677	0.00203	0.00813	0.00610	0.00339	0.01084
8	0.02506	0.02930	0.01931	0.01708	0.02094	0.57269	0.01303	0.13313	0.06666	0.02169	0.01264	0.01385	0.01006	0.00738	0.00633	0.00185	0.01112	0.00490	0.00428	0.00871
9	0.01653	0.01576	0.02647	0.07888	0.63337	0.01573	0.02003	0.02055	0.01538	0.02208	0.01278	0.01682	0.01069	0.00607	0.00666	0.00198	0.00798	0.00596	0.00341	0.06287
10	0.03070	0.01164	0.01588	0.01217	0.01746	0.01006	0.01006	0.03334	0.01958	0.72163	0.02699	0.02329	0.01694	0.00847	0.00688	0.00212	0.00582	0.00688	0.00847	0.01164
11	0.00977	0.00733	0.01100	0.01100	0.01222	0.00855	0.00855	0.01222	0.01100	0.01588	0.01833	0.02688	0.01710	0.05131	0.73245	0.01100	0.01833	0.00733	0.00367	0.00611
12	0.00993	0.00670	0.00781	0.00781	0.00793	0.00682	0.00458	0.01017	0.01005	0.01352	0.02124	0.04302	0.02411	0.69020	0.10315	0.00706	0.00778	0.00969	0.00410	0.00434
13	0.01891	0.01660	0.02510	0.10828	0.46287	0.01746	0.01867	0.19871	0.01977	0.02734	0.01374	0.01693	0.01087	0.00673	0.00680	0.00206	0.00807	0.00611	0.00427	0.01071
14	0.01292	0.01216	0.02052	0.74312	0.04712	0.01520	0.01900	0.01748	0.01368	0.01748	0.01216	0.01824	0.00912	0.00684	0.00684	0.00228	0.00912	0.00608	0.00304	0.00760
15	0.00986	0.00698	0.00924	0.00924	0.00985	0.00760	0.00636	0.01109	0.01048	0.01458	0.01993	0.03577	0.02097	0.40337	0.38568	0.00883	0.01251	0.00863	0.00390	0.00513
16	0.01615	0.01845	0.04037	0.02884	0.03576	0.01730	0.69204	0.02191	0.01615	0.02191	0.01384	0.01845	0.01038	0.00577	0.00807	0.00231	0.01153	0.00807	0.00346	0.00923
17	0.00968	0.00699	0.00914	0.00861	0.01022	0.00646	0.00646	0.01291	0.01937	0.02743	0.71328	0.05110	0.06455	0.01399	0.00807	0.00215	0.00323	0.01237	0.00753	0.00646
18	0.01693	0.01626	0.02777	0.04199	0.71689	0.01626	0.02100	0.02100	0.01558	0.02235	0.01287	0.01693	0.01084	0.00610	0.00677	0.00203	0.00813	0.00610	0.00339	0.01084
19	0.01029	0.00782	0.01078	0.01035	0.01207	0.00813	0.00780	0.01244	0.01157	0.01671	0.01973	0.10072	0.01975	0.11550	0.47979	0.00825	0.01371	0.00835	0.00404	0.12219
20	0.01292	0.01216	0.02052	0.74312	0.04712	0.01520	0.01900	0.01748	0.01368	0.01748	0.01216	0.01824	0.00912	0.00684	0.00684	0.00228	0.00912	0.00608	0.00304	0.00760
21	0.01292	0.01216	0.02052	0.74312	0.04712	0.01520	0.01900	0.01748	0.01368	0.01748	0.01216	0.01824	0.00912	0.00684	0.00684	0.00228	0.00912	0.00608	0.00304	0.00760
22	0.01292	0.01216	0.02052	0.74312	0.04712	0.01520	0.01900	0.01748	0.01368	0.01748	0.01216	0.01824	0.00912	0.00684	0.00684	0.00228	0.00912	0.00608	0.00304	0.00760
23	0.01292	0.01216	0.02052	0.74312	0.04712	0.01520	0.01900	0.01748	0.01368	0.01748	0.01216	0.01824	0.00912	0.00684	0.00684	0.00228	0.00912	0.00608	0.00304	0.00760
24	0.01472	0.03246	0.61651	0.02025	0.02979	0.01580	0.10035	0.02219	0.01485	0.05130	0.01308	0.01527	0.00921	0.00650	0.00669	0.00218	0.01009	0.00548	0.00319	0.01008
25	0.80789	0.01323	0.01006	0.00900	0.01323	0.01535	0.00741	0.02011	0.01164	0.03070	0.00953	0.01111	0.00741	0.00635	0.00423	0.00212	0.00529	0.00370	0.00423	0.00741
26	0.01667	0.01598	0.02729	0.08830	0.67265	0.01619	0.02086	0.02076	0.01545	0.02203	0.01282	0.01702	0.01072	0.00614	0.00678	0.00205	0.00819	0.00609	0.00336	0.01062
27	0.01702	0.01470	0.01547	0.01392	0.01779	0.01702	0.01083	0.03635	0.70453	0.02862	0.02785	0.02553	0.02088	0.00928	0.00696	0.00232	0.00541	0.00773	0.00696	0.01083
28	0.01829	0.76368	0.03585	0.01171	0.01756	0.02707	0.01171	0.02049	0.01390	0.01610	0.00951	0.01097	0.00878	0.00585	0.00439	0.00146	0.00732	0.00366	0.00293	0.00878
29	0.00977	0.00733	0.01100	0.01100	0.01222	0.00855	0.00855	0.01222	0.01100	0.01588	0.01833	0.02688	0.01710	0.05131	0.73245	0.01100	0.01833	0.00733	0.00367	0.00611
30	0.01732	0.01216	0.02104	0.19123	0.02710	0.01275	0.15676	0.02100	0.01489	0.19594	0.01781	0.02176	0.01348	0.01898	0.20031	0.00458	0.03261	0.00703	0.00467	0.00857
31	0.02880	0.01109	0.01487	0.01156	0.01646	0.00967	0.00950	0.03150	0.01903	0.64814	0.02650	0.02352	0.01700	0.00842	0.00666	0.00206	0.00554	0.00683	0.09177	0.01109
32	0.01292	0.01216	0.02052	0.74312	0.04712	0.01520	0.01900	0.01748	0.01368	0.01748	0.01216	0.01824	0.00912	0.00684	0.00684	0.00228	0.00912	0.00608	0.00304	0.00760
33	0.01479	0.01374	0.02267	0.49748	0.24412	0.01583	0.01928	0.05387	0.01521	0.02026	0.01259	0.01776	0.00976	0.00669	0.00682	0.00219	0.00874	0.00609	0.00334	0.00877
34	0.06046	0.01308	0.01743	0.31231	0.02931	0.05994	0.01363	0.02475	0.01630	0.32202	0.01832	0.01979	0.01251	0.00825	0.00753	0.03595	0.00759	0.00619	0.00547	0.00916
35	0.00912	0.00651	0.00884	0.01042	0.01116	0.00623	0.00771	0.01088	0.01387	0.01834	0.03727	0.55747	0.04354	0.02069	0.00894	0.00289	0.00465	0.20935	0.00634	0.00577
36	0.00945	0.00753	0.00853	0.00818	0.01030	0.00690	0.00617	0.01313	0.06775	0.02318	0.35047	0.05638	0.37664	0.01526	0.00800	0.00224	0.00350	0.01304	0.00692	0.00645
37	0.01393	0.00976	0.01373	0.09850	0.01808	0.00997	0.04726	0.09154	0.03955	0.09453	0.02951	0.44278	0.03147	0.01558	0.00801	0.00253	0.00564	0.01403	0.00610	0.00750
38	0.01615	0.01845	0.04037	0.02884	0.03576	0.01730	0.69204	0.02191	0.01615	0.02191	0.01384	0.01845	0.01038	0.00577	0.00807	0.00231	0.01153	0.00807	0.00346	0.00923
39	0.01788	0.67665	0.08154	0.01312	0.01931	0.02582	0.04814	0.02064	0.01405	0.01677	0.00992	0.01159	0.00886	0.00589	0.00472	0.00155	0.00772	0.00398	0.00295	0.00889
40	0.01578	0.01497	0.02540	0.14274	0.57191	0.01539	0.01974	0.01972	0.01514	0.02131	0.01441	0.06588	0.01286	0.00722	0.00691	0.00212	0.00800	0.00698	0.00353	0.01001
41	0.02346	0.02825	0.01796	0.01634	0.01979	0.57956	0.01231	0.02789	0.11929	0.01906	0.01388	0.01514	0.01115	0.00744	0.00619	0.00183	0.01072	0.00502	0.05647	0.00825
42	0.01693	0.01626	0.02777	0.04199	0.71689	0.01626	0.02100	0.02100	0.01558	0.02235	0.01287	0.01693	0.01084	0.00610	0.00677	0.00203	0.00813	0.00610	0.00339	0.01084
43	0.00978	0.00730	0.01082	0.01082	0.01198	0.00846	0.00834	0.01211	0.01094	0.01575	0.01848	0.02776	0.01749	0.08612	0.69816	0.01078	0.01775	0.00746	0.00369	0.00601
44	0.06361	0.12622	0.02082	0.01573	0.01990	0.48706	0.01239	0.06377	0.01901	0.09322	0.01244	0.01348	0.00975	0.00707	0.00595	0.00179	0.01037	0.00463	0.00419	0.00862
45	0.02669	0.01493	0.01757	0.01369	0.01878	0.01526	0.01123	0.32384	0.07036	0.34260	0.05612	0.02178	0.01720	0.00868	0.00693	0.00210	0.00642	0.00689	0.00761	0.01133
46	0.01528	0.01467	0.01978	0.01591	0.05603	0.04790	0.10506	0.01846	0.01424	0.02112	0.01189	0.01495	0.00997	0.00633	0.00818	0.00157	0.11537	0.00502	0.00375	0.49452
47	0.01693	0.01626	0.02777	0.04199	0.71689	0.01626	0.02100	0.02100	0.01558	0.02235	0.01287	0.01693	0.01084	0.00610	0.00677	0.00203	0.00813	0.00610	0.00339	0.01084
48	0.01027	0.00819	0.01188	0.01174	0.01263	0.00981	0.00908	0.01233	0.01131	0.01626	0.02060	0.16210	0.02121	0.03992	0.49214	0.00828	0.12257	0.00941	0.00407	0.00621
49	0.01292	0.01216	0.02052	0.74312	0.04712	0.01520	0.01900	0.01748	0.01368	0.01748	0.01216	0.01824	0.00912	0.00684	0.00684	0.00228	0.00912	0.00608	0.00304	0.00760
50	0.00940	0.00640	0.00762	0.00816	0.00830	0.00627	0.00490	0.00980	0.01102	0.01470	0.02706	0.28674	0.03181	0.50812	0.02593	0.00532	0.00573	0.01319	0.00490	0.00463
51	0.00959	0.00699	0.00901	0.00851	0.01016	0.00641	0.00638	0.01273	0.01914	0.02690	0.67496	0.05198	0.10320	0.01419	0.00807	0.00216	0.00324	0.01250	0.00746	0.00641
52	0.00968	0.00699	0.00914	0.00861	0.01022	0.00646	0.00646	0.01291	0.01937	0.02743	0.71328	0.05110	0.06455	0.01399	0.00807	0.00215	0.00323	0.01237	0.00753	0.00646
53	0.01292	0.01216	0.02052	0.74312	0.04712	0.01520	0.01900	0.01748	0.01368	0.01748	0.01216	0.01824	0.00912	0.00684	0.00684	0.00228	0.00912	0.00608	0.00304	0.00760
54	0.01221	0.00902	0.01250	0.01535	0.14334	0.00869	0.00917	0.03664	0.01482	0.05854	0.07584	0.27709	0.11621	0.14299	0.01257	0.00315	0.00540	0.03387	0.00562	0.00696
55	0.01702	0.01470	0.01547	0.01392	0.01779	0.01702	0.01083	0.03635	0.70453	0.02862	0.02785	0.02553	0.02088	0.00928	0.00696	0.00232	0.00541	0.00773	0.00696	0.01083
56	0.02558	0.03186	0.01945	0.01752	0.02115	0.69257	0.01321	0.06440	0.02010	0.01821	0.01090	0.01256	0.00897	0.00711	0.00621	0.00178	0.01207	0.00450	0.00371	0.00814
57	0.01703	0.01573	0.02143	0.09962	0.34873	0.05832	0.01616	0.04661	0.19423	0.02408	0.01740	0.01968	0.01370	0.00727	0.00664	0.00208	0.00736	0.00644	0.06748	0.01001
58	0.01411	0.01394	0.02531	0.50674	0.14245	0.01575	0.14588	0.01883	0.01442	0.01902	0.01258	0.01809	0.00961	0.00653	0.00706	0.00225	0.00943	0.00646	0.00317	0.00838
59	0.00881	0.00696	0.00793	0.00769	0.00968	0.00608	0.00577	0.01122	0.01730	0.02253	0.36022	0.05918	0.42067	0.01582	0.00808	0.00224	0.00336	0.01351	0.00689	0.00608
60	0.00820	0.00683	0.00715	0.00729	0.00936	0.00579	0.00539	0.00995	0.01553	0.01884	0.09960	0.13813	0.60928	0.01759	0.00815	0.00235	0.00351	0.01486	0.00641	0.00579
61	0.01275	0.00638	0.00638	0.00638	0.00797	0.00638	0.00478	0.01594	0.01435	0.02551	0.02232	0.02551	0.01754	0.00797	0.00478	0.00159	0.00319	0.00638	0.79755	0.00638
62	0.01615	0.01845	0.04037	0.02884	0.03576	0.01730	0.69204	0.02191	0.01615	0.02191	0.01384	0.01845	0.01038	0.00577	0.00807	0.00231	0.01153	0.00807	0.00346	0.00923
63	0.00854	0.00690	0.00759	0.00752	0.00954	0.00595	0.00560	0.01065	0.01651	0.02089	0.24460	0.09567	0.50286	0.01661	0.00811	0.00229	0.00342	0.01412	0.00668	0.00595
64	0.01226	0.00771	0.00961	0.00902	0.01135	0.00690	0.00706	0.01494	0.01787	0.12042	0.35033	0.05448	0.25280	0.01476	0.00806	0.00230	0.00399	0.08204	0.00717	0.00695
65	0.01810	0.01343	0.01579	0.01332	0.01677	0.01500	0.01074	0.36432	0.02208	0.03003	0.01897	0.02272	0.03651	0.02797	0.33457	0.00610	0.01227	0.00695	0.00539	0.00895
66	0.02887	0.01457	0.01769	0.01356	0.01892	0.01439	0.01120	0.29013	0.02447	0.45793	0.02288	0.02062	0.01488	0.00837	0.00687	0.00209	0.00648	0.00660	0.00784	0.01164
67	0.01645	0.01440	0.01612	0.01436	0.01741	0.01731	0.01135	0.03175	0.54479	0.02620	0.02406	0.02354	0.01850	0.00973	0.00978	0.00242	0.14481	0.00735	0.03966	0.01001
68	0.00880	0.00708	0.00792	0.00823	0.01011	0.00633	0.00615	0.01126	0.03836	0.01963	0.12145	0.19447	0.45250	0.01763	0.00827	0.00245	0.00381	0.06307	0.00648	0.00601
69	0.01263	0.02216	0.35694	0.04702	0.02387	0.01258	0.09535	0.01839	0.01584	0.02297	0.18381	0.02742	0.06205	0.00892	0.00705	0.00215	0.00776	0.00781	0.05675	0.00854
70	0.80789	0.01323	0.01006	0.00900	0.01323	0.01535	0.00741	0.02011	0.01164	0.03070	0.00953	0.01111	0.00741	0.00635	0.00423	0.00212	0.00529	0.00370	0.00423	0.00741
71	0.01829	0.76368	0.03585	0.01171	0.01756	0.02707	0.01171	0.02049	0.01390	0.01610	0.00951	0.01097	0.00878	0.00585	0.00439	0.00146	0.00732	0.00366	0.00293	0.00878
72	0.01547	0.01489	0.02572	0.29156	0.44914	0.01592	0.04867	0.01978	0.01492	0.02059	0.01266	0.01746	0.01021	0.00635	0.00685	0.00213	0.00863	0.00617	0.00327	0.00961
73	0.00902	0.00686	0.00830	0.00816	0.00987	0.00614	0.00604	0.01155	0.01748	0.02348	0.43295	0.13051	0.27304	0.01586	0.00814	0.00227	0.00338	0.01379	0.00702	0.00614
74	0.01047	0.00899	0.01179	0.01147	0.01232	0.01031	0.00881	0.01214	0.01360	0.01854	0.10741	0.29597	0.17613	0.01692	0.01259	0.00269	0.22276	0.03531	0.00549	0.00629
75	0.02314	0.01030	0.01264	0.01034	0.01421	0.00971	0.00833	0.06640	0.05207	0.39094	0.02468	0.02381	0.01703	0.00831	0.00611	0.00193	0.00493	0.00669	0.29876	0.00966
76	0.06203	0.02011	0.15112	0.01542	0.02119	0.01780	0.03698	0.39107	0.06195	0.03453	0.01644	0.01748	0.01203	0.00888	0.02564	0.00229	0.00779	0.00603	0.08089	0.01036
77	0.03070	0.01164	0.01588	0.01217	0.01746	0.01006	0.01006	0.03334	0.01958	0.72163	0.02699	0.02329	0.01694	0.00847	0.00688	0.00212	0.00582	0.00688	0.00847	0.01164
78	0.01728	0.50235	0.14844	0.01869	0.15109	0.02318	0.01570	0.02078	0.01431	0.01820	0.01060	0.01267	0.00915	0.00601	0.00519	0.00169	0.00793	0.00435	0.00301	0.00939
79	0.02601	0.01916	0.02053	0.01574	0.02122	0.02122	0.01300	0.69408	0.03217	0.04312	0.01643	0.01643	0.01163	0.00821	0.00684	0.00205	0.00753	0.00616	0.00684	0.01163
80	0.01893	0.01643	0.02001	0.02102	0.17223	0.04111	0.03590	0.17285	0.33448	0.02941	0.02143	0.02320	0.01673	0.00857	0.00701	0.00222	0.00693	0.03499	0.00590	0.01066
81	0.01372	0.03539	0.72412	0.01950	0.02961	0.01589	0.02528	0.02167	0.01444	0.02167	0.01228	0.01444	0.00867	0.00650	0.00650	0.00217	0.01011	0.00506	0.00289	0.01011
82	0.00834	0.00595	0.00794	0.00953	0.00992	0.00556	0.00635	0.00953	0.01310	0.01746	0.03771	0.75510	0.04525	0.02143	0.00873	0.00278	0.00397	0.01945	0.00635	0.00556
83	0.01408	0.01110	0.01447	0.01487	0.12706	0.00979	0.00972	0.01815	0.06006	0.06948	0.17391	0.03112	0.12096	0.00936	0.00665	0.00176	0.00501	0.00805	0.00549	0.28890
84	0.01379	0.01328	0.02102	0.47051	0.07046	0.01714	0.01777	0.01732	0.01272	0.01739	0.01115	0.01710	0.00916	0.00849	0.01196	0.00250	0.25142	0.00605	0.00304	0.00772
85	0.00978	0.00729	0.01080	0.01080	0.01195	0.00844	0.00831	0.01209	0.01094	0.01574	0.01850	0.02787	0.01754	0.09069	0.69366	0.01075	0.01767	0.00748	0.00369	0.00600
86	0.80789	0.01323	0.01006	0.00900	0.01323	0.01535	0.00741	0.02011	0.01164	0.03070	0.00953	0.01111	0.00741	0.00635	0.00423	0.00212	0.00529	0.00370	0.00423	0.00741
87	0.00893	0.00702	0.00810	0.00799	0.00996	0.00619	0.00609	0.01136	0.01714	0.02225	0.32887	0.06060	0.40553	0.01607	0.00817	0.00230	0.00356	0.05695	0.00683	0.00609
88	0.01650	0.01533	0.02243	0.02647	0.34333	0.03303	0.05252	0.05487	0.01602	0.02324	0.01276	0.01577	0.01052	0.00580	0.00615	0.00163	0.00717	0.00535	0.00384	0.32727
89	0.00987	0.00738	0.00921	0.00874	0.01052	0.00694	0.00655	0.01377	0.05686	0.02620	0.58248	0.07174	0.13533	0.01432	0.00803	0.00220	0.00340	0.01255	0.00733	0.00660
90	0.80789	0.01323	0.01006	0.00900	0.01323	0.01535	0.00741	0.02011	0.01164	0.03070	0.00953	0.01111	0.00741	0.00635	0.00423	0.00212	0.00529	0.00370	0.00423	0.00741
91	0.00834	0.00595	0.00794	0.00953	0.00992	0.00556	0.00635	0.00953	0.01310	0.01746	0.03771	0.75510	0.04525	0.02143	0.00873	0.00278	0.00397	0.01945	0.00635	0.00556
92	0.01884	0.01480	0.01800	0.01907	0.14936	0.01623	0.01273	0.05538	0.47517	0.10587	0.02455	0.02335	0.01824	0.00855	0.00691	0.00223	0.00604	0.00728	0.00645	0.01095
93	0.02556	0.03261	0.01939	0.01763	0.02115	0.73210	0.01322	0.02732	0.01939	0.01674	0.01058	0.01234	0.00881	0.00705	0.00617	0.00176	0.01234	0.00441	0.00353	0.00793
94	0.00980	0.00723	0.01048	0.01048	0.01152	0.00827	0.00791	0.01188	0.01084	0.01550	0.01880	0.02949	0.01824	0.15492	0.63040	0.01036	0.01661	0.00771	0.00374	0.00582
95	0.02927	0.01393	0.01729	0.01326	0.01861	0.01345	0.01095	0.23456	0.02341	0.51500	0.02377	0.02120	0.01532	0.00839	0.00687	0.00210	0.00634	0.00666	0.00797	0.01164
96	0.03070	0.01164	0.01588	0.01217	0.01746	0.01006	0.01006	0.03334	0.01958	0.72163	0.02699	0.02329	0.01694	0.00847	0.00688	0.00212	0.00582	0.00688	0.00847	0.01164
97	0.03070	0.01164	0.01588	0.01217	0.01746	0.01006	0.01006	0.03334	0.01958	0.72163	0.02699	0.02329	0.01694	0.00847	0.00688	0.00212	0.00582	0.00688	0.00847	0.01164
98	0.00977	0.00733	0.01100	0.01100	0.01222	0.00855	0.00855	0.01222	0.01100	0.01588	0.01833	0.02688	0.01710	0.05131	0.73245	0.01100	0.01833	0.00733	0.00367	0.00611
99	0.02075	0.00872	0.01061	0.00896	0.01220	0.00802	0.00713	0.02369	0.01668	0.33568	0.02440	0.02452	0.01727	0.00819	0.00572	0.00183	0.00436	0.00660	0.44596	0.00872
100	0.01702	0.01470	0.01547	0.01392	0.01779	0.01702	0.01083	0.03635	0.70453	0.02862	0.02785	0.02553	0.02088	0.00928	0.00696	0.00232	0.00541	0.00773	0.00696	0.01083
101	0.80789	0.01323	0.01006	0.00900	0.01323	0.01535	0.00741	0.02011	0.01164	0.03070	0.00953	0.01111	0.00741	0.00635	0.00423	0.00212	0.00529	0.00370	0.00423	0.00741
102	0.00834	0.00595	0.00794	0.00953	0.00992	0.00556	0.00635	0.00953	0.01310	0.01746	0.03771	0.75510	0.04525	0.02143	0.00873	0.00278	0.00397	0.01945	0.00635	0.00556
103	0.00834	0.00595	0.00794	0.00953	0.00992	0.00556	0.00635	0.00953	0.01310	0.01746	0.03771	0.75510	0.04525	0.02143	0.00873	0.00278	0.00397	0.01945	0.00635	0.00556
104	0.01018	0.00618	0.00738	0.00821	0.00916	0.00594	0.00573	0.01228	0.01395	0.02124	0.06911	0.42380	0.03523	0.01563	0.00711	0.00227	0.00362	0.01382	0.32323	0.00594
105	0.02998	0.01180	0.01586	0.01226	0.01748	0.01042	0.01010	0.03350	0.05536	0.68542	0.02704	0.02340	0.01714	0.00851	0.00688	0.00213	0.00580	0.00692	0.00839	0.01160
106	0.01292	0.01216	0.02052	0.74312	0.04712	0.01520	0.01900	0.01748	0.01368	0.01748	0.01216	0.01824	0.00912	0.00684	0.00684	0.00228	0.00912	0.00608	0.00304	0.00760
107	0.01292	0.01216	0.02052	0.74312	0.04712	0.01520	0.01900	0.01748	0.01368	0.01748	0.01216	0.01824	0.00912	0.00684	0.00684	0.00228	0.00912	0.00608	0.00304	0.00760
108	0.00910	0.00654	0.00842	0.00899	0.00987	0.00620	0.00626	0.01087	0.01463	0.01990	0.23587	0.35365	0.08375	0.12295	0.04772	0.00352	0.00487	0.03495	0.00626	0.00569
109	0.00834	0.00595	0.00794	0.00953	0.00992	0.00556	0.00635	0.00953	0.01310	0.01746	0.03771	0.75510	0.04525	0.02143	0.00873	0.00278	0.00397	0.01945	0.00635	0.00556
110	0.01714	0.01530	0.02458	0.03252	0.46551	0.01555	0.06203	0.02393	0.14436	0.05973	0.01785	0.06002	0.01492	0.00765	0.00701	0.00215	0.00749	0.00732	0.00449	0.01048
111	0.01873	0.01814	0.03022	0.02929	0.25209	0.04158	0.27297	0.15986	0.04011	0.02628	0.01424	0.01746	0.01101	0.00670	0.00771	0.00217	0.03017	0.00685	0.00423	0.01020
112	0.00929	0.00708	0.01008	0.01294	0.08487	0.00672	0.00791	0.01085	0.01357	0.01831	0.05750	0.65349	0.04224	0.01956	0.00850	0.00268	0.00439	0.01780	0.00608	0.00615
113	0.26232	0.08127	0.02126	0.02379	0.28590	0.11440	0.01437	0.04407	0.01503	0.02403	0.01116	0.01389	0.00926	0.00666	0.00653	0.00202	0.04634	0.00492	0.00372	0.00906
114	0.00902	0.00644	0.00872	0.01031	0.01101	0.00615	0.00754	0.01071	0.01377	0.01823	0.03733	0.58238	0.04375	0.02079	0.00891	0.00287	0.00456	0.18540	0.00634	0.00575
115	0.02088	0.52647	0.03104	0.01317	0.01880	0.07095	0.03248	0.10675	0.01717	0.08807	0.01227	0.01317	0.00998	0.00648	0.00517	0.00165	0.00766	0.00447	0.00401	0.00937
116	0.02030	0.14858	0.12859	0.01998	0.13603	0.11146	0.01571	0.20857	0.09812	0.02688	0.01459	0.01579	0.01126	0.00718	0.00629	0.00196	0.00836	0.00551	0.00461	0.01022
117	0.01609	0.01659	0.09986	0.01934	0.02496	0.01389	0.30646	0.07603	0.03720	0.08576	0.10413	0.02918	0.12037	0.00902	0.00767	0.00224	0.00824	0.00891	0.00511	0.00895
118	0.01013	0.00662	0.00739	0.00739	0.00750	0.00662	0.00419	0.01034	0.01024	0.01407	0.02161	0.04350	0.02439	0.70993	0.03284	0.00630	0.00641	0.00971	0.05655	0.00429
119	0.01366	0.01236	0.07186	0.01311	0.05894	0.01079	0.01026	0.04277	0.15370	0.06421	0.27738	0.03702	0.11162	0.01326	0.04301	0.00258	0.00568	0.00957	0.00633	0.04190
120	0.72566	0.01309	0.01058	0.00923	0.01361	0.01475	0.00759	0.02070	0.01221	0.06870	0.01063	0.01194	0.00807	0.00641	0.00442	0.00206	0.00531	0.00390	0.00446	0.04667
121	0.01214	0.01030	0.01591	0.01829	0.18118	0.01002	0.05544	0.01645	0.05582	0.02507	0.40419	0.09917	0.04407	0.01193	0.00775	0.00220	0.00513	0.01093	0.00614	0.00785

[dist]
# distance from previous block
# <min> <max>
1	2

[block]
# block no. 1 follows, 31 sequences, length 6
# corresponding to MSA columns:
# 552-557
name=unknown_B
#
# <colnr> <probs for GDERKNQSTAVLIFYWHMCP>
#	G	D	E	R	K	N	Q	S	T	A	V	L	I	F	Y	W	H	M	C	P
0	0.01610	0.00885	0.01112	0.00964	0.01261	0.00769	0.00724	0.01817	0.01593	0.22537	0.13368	0.14609	0.11225	0.12135	0.01131	0.00275	0.00488	0.01058	0.00651	0.11788
1	0.01828	0.25453	0.12587	0.01443	0.01996	0.06306	0.01355	0.08952	0.28388	0.02430	0.01773	0.01771	0.01372	0.00757	0.00603	0.00197	0.00731	0.00572	0.00488	0.00998
2	0.48920	0.13080	0.11870	0.01128	0.01673	0.01665	0.01095	0.02180	0.01324	0.10045	0.01178	0.01287	0.00881	0.00652	0.00487	0.00202	0.00636	0.00423	0.00429	0.00846
3	0.01668	0.31410	0.34090	0.01696	0.05493	0.02067	0.01824	0.07059	0.04908	0.02143	0.01229	0.01390	0.00962	0.00649	0.00574	0.00189	0.00852	0.00477	0.00341	0.00977
4	0.01651	0.11613	0.15411	0.01399	0.01870	0.01443	0.01365	0.14569	0.01855	0.07519	0.04814	0.09271	0.02386	0.01201	0.00742	0.00239	0.00708	0.20523	0.00550	0.00871
5	0.12856	0.01181	0.01091	0.01043	0.01213	0.11916	0.00759	0.01508	0.01295	0.01864	0.09053	0.03015	0.02172	0.24051	0.23527	0.00608	0.01050	0.00765	0.00428	0.00604

[dist]
# distance from previous block
# <min> <max>
5	9

[block]
# block no. 2 follows, 31 sequences, length 47
# corresponding to MSA columns:
# 567-613
name=unknown_C
#
# <colnr> <probs for GDERKNQSTAVLIFYWHMCP>
#	G	D	E	R	K	N	Q	S	T	A	V	L	I	F	Y	W	H	M	C	P
0	0.15530	0.09389	0.30299	0.01584	0.02187	0.09769	0.01677	0.02199	0.05588	0.02204	0.01214	0.01434	0.00949	0.00739	0.00791	0.00215	0.10380	0.00493	0.02472	0.00887
1	0.05141	0.16800	0.53263	0.01741	0.02626	0.01817	0.02140	0.05184	0.01502	0.02202	0.01183	0.01374	0.00876	0.00645	0.00602	0.00203	0.00926	0.00479	0.00314	0.00981
2	0.01323	0.01235	0.02014	0.68847	0.04492	0.01534	0.01839	0.01889	0.06545	0.01831	0.01334	0.01879	0.01000	0.00702	0.00685	0.00228	0.00884	0.00620	0.00333	0.00784
3	0.01449	0.01338	0.02192	0.56314	0.17525	0.01577	0.01902	0.05927	0.01517	0.01998	0.01256	0.01788	0.00961	0.00678	0.00683	0.00222	0.00883	0.00609	0.00334	0.00847
4	0.01532	0.01232	0.01491	0.01171	0.04831	0.00950	0.00881	0.01838	0.01458	0.06479	0.01309	0.01486	0.01058	0.00532	0.00525	0.00113	0.00525	0.00432	0.00429	0.71727
5	0.00959	0.00669	0.00736	0.00736	0.00781	0.00647	0.00435	0.00992	0.01104	0.01428	0.03080	0.04885	0.15835	0.61582	0.02964	0.00580	0.00602	0.01082	0.00457	0.00446
6	0.01693	0.01626	0.02777	0.04199	0.71689	0.01626	0.02100	0.02100	0.01558	0.02235	0.01287	0.01693	0.01084	0.00610	0.00677	0.00203	0.00813	0.00610	0.00339	0.01084
7	0.02107	0.00904	0.01143	0.00954	0.01295	0.00819	0.00761	0.02400	0.01765	0.36613	0.12682	0.02821	0.02420	0.00910	0.00629	0.00193	0.00448	0.00751	0.29488	0.00896
8	0.00881	0.00641	0.00786	0.00855	0.00938	0.00594	0.00574	0.01016	0.01384	0.01831	0.14072	0.39626	0.15697	0.16258	0.01358	0.00335	0.00429	0.01571	0.00610	0.00545
9	0.00834	0.00595	0.00794	0.00953	0.00992	0.00556	0.00635	0.00953	0.01310	0.01746	0.03771	0.75510	0.04525	0.02143	0.00873	0.00278	0.00397	0.01945	0.00635	0.00556
10	0.01829	0.76368	0.03585	0.01171	0.01756	0.02707	0.01171	0.02049	0.01390	0.01610	0.00951	0.01097	0.00878	0.00585	0.00439	0.00146	0.00732	0.00366	0.00293	0.00878
11	0.00959	0.00699	0.00901	0.00851	0.01016	0.00641	0.00638	0.01272	0.01914	0.02689	0.67415	0.05200	0.10402	0.01419	0.00807	0.00216	0.00324	0.01250	0.00746	0.00641
12	0.80789	0.01323	0.01006	0.00900	0.01323	0.01535	0.00741	0.02011	0.01164	0.03070	0.00953	0.01111	0.00741	0.00635	0.00423	0.00212	0.00529	0.00370	0.00423	0.00741
13	0.00824	0.00671	0.00729	0.00763	0.00946	0.00577	0.00554	0.00993	0.01525	0.01878	0.10028	0.22307	0.52213	0.01807	0.00823	0.00241	0.00357	0.01547	0.00642	0.00577
14	0.01496	0.01235	0.01652	0.01949	0.20284	0.01289	0.01197	0.02394	0.25743	0.05375	0.22936	0.03256	0.06241	0.01016	0.00729	0.00218	0.00542	0.00894	0.00620	0.00933
15	0.01461	0.01412	0.01791	0.46262	0.03498	0.09448	0.01529	0.07704	0.01631	0.01985	0.02282	0.02613	0.13832	0.00890	0.00699	0.00221	0.00831	0.00743	0.00404	0.00766
16	0.01505	0.01263	0.01377	0.01250	0.01576	0.01418	0.00965	0.03006	0.52057	0.02830	0.21188	0.03239	0.03261	0.01054	0.00726	0.00228	0.00483	0.00898	0.00711	0.00965
17	0.01702	0.01470	0.01547	0.01392	0.01779	0.01702	0.01083	0.03635	0.70453	0.02862	0.02785	0.02553	0.02088	0.00928	0.00696	0.00232	0.00541	0.00773	0.00696	0.01083
18	0.01583	0.01270	0.01380	0.01229	0.01561	0.01415	0.00956	0.09235	0.42788	0.02950	0.18839	0.03070	0.03008	0.01020	0.00705	0.00220	0.00494	0.00858	0.06463	0.00955
19	0.80789	0.01323	0.01006	0.00900	0.01323	0.01535	0.00741	0.02011	0.01164	0.03070	0.00953	0.01111	0.00741	0.00635	0.00423	0.00212	0.00529	0.00370	0.00423	0.00741
20	0.02556	0.03261	0.01939	0.01763	0.02115	0.73210	0.01322	0.02732	0.01939	0.01674	0.01058	0.01234	0.00881	0.00705	0.00617	0.00176	0.01234	0.00441	0.00353	0.00793
21	0.01345	0.01270	0.02147	0.65131	0.13482	0.01534	0.01926	0.01794	0.01393	0.01812	0.01225	0.01807	0.00934	0.00674	0.00683	0.00225	0.00899	0.00608	0.00309	0.00802
22	0.01126	0.00734	0.00965	0.00887	0.01076	0.00673	0.00673	0.01444	0.01938	0.07946	0.66185	0.04902	0.06098	0.01357	0.00798	0.00215	0.00342	0.01196	0.00760	0.00684
23	0.00995	0.00663	0.00746	0.00746	0.00746	0.00663	0.00415	0.00995	0.00995	0.01327	0.02156	0.04477	0.02487	0.75957	0.03482	0.00663	0.00663	0.00995	0.00415	0.00415
24	0.52633	0.01266	0.01216	0.01015	0.01476	0.01343	0.00837	0.02490	0.01452	0.28101	0.01585	0.01552	0.01086	0.00712	0.00519	0.00212	0.00548	0.00485	0.00577	0.00894
25	0.03070	0.01164	0.01588	0.01217	0.01746	0.01006	0.01006	0.03334	0.01958	0.72163	0.02699	0.02329	0.01694	0.00847	0.00688	0.00212	0.00582	0.00688	0.00847	0.01164
26	0.00974	0.00696	0.00955	0.01113	0.01215	0.00677	0.00879	0.01196	0.01448	0.01904	0.03693	0.40069	0.04218	0.02011	0.00911	0.00297	0.00519	0.35998	0.00632	0.00595
27	0.01693	0.01626	0.02777	0.04199	0.71689	0.01626	0.02100	0.02100	0.01558	0.02235	0.01287	0.01693	0.01084	0.00610	0.00677	0.00203	0.00813	0.00610	0.00339	0.01084
28	0.80789	0.01323	0.01006	0.00900	0.01323	0.01535	0.00741	0.02011	0.01164	0.03070	0.00953	0.01111	0.00741	0.00635	0.00423	0.00212	0.00529	0.00370	0.00423	0.00741
29	0.03070	0.01164	0.01588	0.01217	0.01746	0.01006	0.01006	0.03334	0.01958	0.72163	0.02699	0.02329	0.01694	0.00847	0.00688	0.00212	0.00582	0.00688	0.00847	0.01164
30	0.01648	0.00847	0.00950	0.00857	0.01115	0.00844	0.00665	0.02165	0.10450	0.15675	0.06589	0.02665	0.02071	0.00860	0.00566	0.00182	0.00397	0.00701	0.49956	0.00794
31	0.01829	0.76368	0.03585	0.01171	0.01756	0.02707	0.01171	0.02049	0.01390	0.01610	0.00951	0.01097	0.00878	0.00585	0.00439	0.00146	0.00732	0.00366	0.00293	0.00878
32	0.80789	0.01323	0.01006	0.00900	0.01323	0.01535	0.00741	0.02011	0.01164	0.03070	0.00953	0.01111	0.00741	0.00635	0.00423	0.00212	0.00529	0.00370	0.00423	0.00741
33	0.80789	0.01323	0.01006	0.00900	0.01323	0.01535	0.00741	0.02011	0.01164	0.03070	0.00953	0.01111	0.00741	0.00635	0.00423	0.00212	0.00529	0.00370	0.00423	0.00741
34	0.00828	0.00616	0.00772	0.00897	0.00978	0.00560	0.00610	0.00959	0.01363	0.01768	0.04447	0.60765	0.18833	0.02056	0.00859	0.00268	0.00386	0.01838	0.00635	0.00560
35	0.01559	0.01629	0.01792	0.01598	0.01700	0.15527	0.01287	0.01740	0.01235	0.01636	0.01186	0.01773	0.01118	0.02183	0.21433	0.00495	0.40459	0.00605	0.00328	0.00719
36	0.00850	0.00695	0.00751	0.00737	0.00950	0.00595	0.00553	0.01062	0.01658	0.02081	0.23686	0.06201	0.54511	0.01646	0.00808	0.00227	0.00340	0.01390	0.00666	0.00595
37	0.01419	0.01216	0.01419	0.01013	0.01621	0.00912	0.00811	0.01723	0.01419	0.02229	0.01216	0.01419	0.01013	0.00507	0.00507	0.00101	0.00507	0.00405	0.00405	0.80139
38	0.01497	0.01497	0.02095	0.01796	0.01796	0.02095	0.01497	0.01646	0.01048	0.01646	0.00898	0.01497	0.00898	0.01197	0.02245	0.00299	0.74704	0.00599	0.00299	0.00748
39	0.26993	0.01777	0.01722	0.01370	0.01872	0.04354	0.01127	0.46115	0.02533	0.03835	0.01407	0.01463	0.01022	0.00759	0.00601	0.00206	0.00699	0.00533	0.00592	0.01019
40	0.01569	0.02220	0.22349	0.01421	0.01983	0.15189	0.01394	0.02196	0.10762	0.02177	0.04212	0.02331	0.09623	0.00833	0.00639	0.00190	0.00766	0.00652	0.05259	0.14236
41	0.01968	0.02082	0.02460	0.03292	0.46469	0.21458	0.01806	0.05028	0.04878	0.02191	0.01306	0.01603	0.01077	0.00659	0.00662	0.00197	0.00914	0.00571	0.00373	0.01006
42	0.01339	0.01264	0.02138	0.66016	0.12637	0.01532	0.01924	0.01790	0.01390	0.01806	0.01224	0.01809	0.00932	0.00675	0.00683	0.00225	0.00900	0.00608	0.00308	0.00798
43	0.00995	0.00663	0.00746	0.00746	0.00746	0.00663	0.00415	0.00995	0.00995	0.01327	0.02156	0.04477	0.02487	0.75957	0.03482	0.00663	0.00663	0.00995	0.00415	0.00415
44	0.01391	0.01192	0.01386	0.00999	0.01590	0.00897	0.00797	0.01689	0.01425	0.02212	0.01475	0.01653	0.04203	0.00562	0.00520	0.00107	0.00499	0.00452	0.00416	0.76534
45	0.80789	0.01323	0.01006	0.00900	0.01323	0.01535	0.00741	0.02011	0.01164	0.03070	0.00953	0.01111	0.00741	0.00635	0.00423	0.00212	0.00529	0.00370	0.00423	0.00741
46	0.01296	0.00945	0.01197	0.01105	0.01279	0.01053	0.00833	0.14371	0.01484	0.02051	0.01875	0.02925	0.01795	0.21714	0.42037	0.00819	0.01336	0.00775	0.00440	0.00670

[dist]
# distance from previous block
# <min> <max>
0	7

[block]
# block no. 3 follows, 31 sequences, length 71
# corresponding to MSA columns:
# 621-691
name=unknown_D
#
# <colnr> <probs for GDERKNQSTAVLIFYWHMCP>
#	G	D	E	R	K	N	Q	S	T	A	V	L	I	F	Y	W	H	M	C	P
0	0.01689	0.12539	0.31455	0.02385	0.16596	0.11641	0.10011	0.02218	0.01548	0.02042	0.01198	0.01467	0.00934	0.00632	0.00642	0.00201	0.00982	0.00535	0.00315	0.00968
1	0.22479	0.26660	0.08199	0.01262	0.01774	0.12837	0.01163	0.06313	0.03467	0.04418	0.01204	0.01338	0.00963	0.00665	0.00512	0.00183	0.00750	0.00441	0.04516	0.00860
2	0.02242	0.02313	0.16187	0.01730	0.04376	0.08238	0.01554	0.42087	0.08674	0.03455	0.01598	0.01649	0.01159	0.00780	0.00672	0.00207	0.00830	0.00592	0.00566	0.01090
3	0.00984	0.00707	0.00968	0.00968	0.01044	0.00784	0.00691	0.01137	0.01060	0.01491	0.01953	0.03355	0.02000	0.31561	0.47212	0.00937	0.01396	0.00831	0.00384	0.00538
4	0.02044	0.54819	0.03105	0.01338	0.01862	0.20941	0.01214	0.04596	0.01596	0.01721	0.01003	0.01152	0.00889	0.00625	0.00494	0.00156	0.00862	0.00394	0.00322	0.00866
5	0.02490	0.01221	0.01555	0.01167	0.01724	0.01032	0.00955	0.06226	0.01842	0.45139	0.02146	0.01987	0.01437	0.00731	0.00627	0.00174	0.00566	0.00589	0.00690	0.27700
6	0.01414	0.03263	0.61655	0.02164	0.06596	0.01606	0.09467	0.02166	0.01468	0.02173	0.01247	0.01499	0.00896	0.00640	0.00668	0.00217	0.01016	0.00542	0.00297	0.01006
7	0.01954	0.01067	0.01671	0.01325	0.01718	0.00960	0.11254	0.02281	0.01866	0.32144	0.28164	0.06867	0.03509	0.01075	0.00760	0.00219	0.00563	0.00973	0.00725	0.00904
8	0.01249	0.01160	0.01610	0.01481	0.01496	0.01521	0.01175	0.01388	0.01146	0.01684	0.01970	0.29116	0.02251	0.01550	0.01733	0.00291	0.46975	0.01101	0.00425	0.00676
9	0.01429	0.01323	0.02177	0.58486	0.16085	0.01569	0.01903	0.05324	0.01497	0.01965	0.01250	0.01792	0.00955	0.00678	0.00683	0.00223	0.00887	0.00609	0.00330	0.00837
10	0.02060	0.27862	0.09139	0.02120	0.20640	0.07451	0.01529	0.04324	0.01641	0.15012	0.01419	0.01544	0.01092	0.00662	0.00589	0.00184	0.00791	0.00517	0.00424	0.01000
11	0.01495	0.01542	0.02037	0.59706	0.04173	0.12482	0.01792	0.01893	0.01439	0.01732	0.01176	0.01718	0.00907	0.00712	0.00750	0.00224	0.04565	0.00582	0.00311	0.00764
12	0.00810	0.00689	0.00697	0.00704	0.00927	0.00577	0.00524	0.00981	0.01549	0.01844	0.06802	0.09390	0.68688	0.01749	0.00811	0.00233	0.00349	0.01464	0.00635	0.00577
13	0.00937	0.00659	0.00862	0.00962	0.01019	0.00652	0.00675	0.01068	0.01250	0.01669	0.03125	0.37817	0.03608	0.22503	0.08310	0.00465	0.00642	0.12691	0.00549	0.00535
14	0.80789	0.01323	0.01006	0.00900	0.01323	0.01535	0.00741	0.02011	0.01164	0.03070	0.00953	0.01111	0.00741	0.00635	0.00423	0.00212	0.00529	0.00370	0.00423	0.00741
15	0.01281	0.00999	0.01391	0.01583	0.13361	0.00974	0.03094	0.04006	0.07618	0.05947	0.15705	0.23042	0.15430	0.01405	0.00783	0.00234	0.00505	0.01251	0.00614	0.00777
16	0.01497	0.01497	0.02095	0.01796	0.01796	0.02095	0.01497	0.01646	0.01048	0.01646	0.00898	0.01497	0.00898	0.01197	0.02245	0.00299	0.74704	0.00599	0.00299	0.00748
17	0.00953	0.00699	0.00894	0.00845	0.01013	0.00639	0.00634	0.01262	0.01901	0.02660	0.65310	0.05248	0.12526	0.01430	0.00807	0.00217	0.00325	0.01257	0.00742	0.00639
18	0.03008	0.01263	0.01649	0.01264	0.01796	0.01152	0.01044	0.11997	0.02123	0.63267	0.02561	0.02239	0.01624	0.00843	0.00688	0.00211	0.00605	0.00679	0.00825	0.01164
19	0.01973	0.20372	0.25314	0.01757	0.04641	0.27188	0.01704	0.05889	0.01704	0.01978	0.01127	0.01307	0.00897	0.00662	0.00592	0.00185	0.01004	0.00459	0.00335	0.00913
20	0.00977	0.00733	0.01100	0.01100	0.01222	0.00855	0.00855	0.01222	0.01100	0.01588	0.01833	0.02688	0.01710	0.05131	0.73245	0.01100	0.01833	0.00733	0.00367	0.00611
21	0.01102	0.00787	0.01102	0.01260	0.01417	0.00787	0.01102	0.01417	0.01575	0.02047	0.03622	0.07717	0.03937	0.01890	0.00945	0.00315	0.00630	0.67084	0.00630	0.00630
22	0.01674	0.01699	0.09537	0.35780	0.15889	0.04284	0.03765	0.08530	0.03818	0.06400	0.01408	0.01775	0.01048	0.00695	0.00681	0.00217	0.00877	0.00608	0.00393	0.00923
23	0.01394	0.01799	0.21720	0.01575	0.02096	0.01269	0.09690	0.02091	0.11833	0.06352	0.04806	0.02959	0.08001	0.01766	0.14745	0.00399	0.00982	0.05180	0.00476	0.00866
24	0.00926	0.00662	0.00898	0.01042	0.01126	0.00633	0.00781	0.01119	0.01434	0.01906	0.08223	0.49814	0.04471	0.02015	0.00891	0.00285	0.00464	0.22085	0.00641	0.00585
25	0.01638	0.01856	0.08538	0.03516	0.39916	0.01664	0.28311	0.02141	0.01571	0.02213	0.01320	0.01734	0.01049	0.00600	0.00726	0.00215	0.00961	0.00679	0.00338	0.01015
26	0.01463	0.07751	0.65680	0.01876	0.02844	0.01633	0.02390	0.02204	0.01461	0.04769	0.01267	0.01457	0.00898	0.00654	0.00639	0.00212	0.00978	0.00504	0.00310	0.01009
27	0.01476	0.13077	0.60790	0.01841	0.02772	0.04376	0.02305	0.02172	0.01456	0.02075	0.01185	0.01391	0.00869	0.00644	0.00621	0.00206	0.00983	0.00485	0.00292	0.00986
28	0.01829	0.76368	0.03585	0.01171	0.01756	0.02707	0.01171	0.02049	0.01390	0.01610	0.00951	0.01097	0.00878	0.00585	0.00439	0.00146	0.00732	0.00366	0.00293	0.00878
29	0.01355	0.01130	0.01355	0.01063	0.01580	0.00887	0.00869	0.01661	0.01450	0.02193	0.01701	0.02687	0.01602	0.00785	0.00595	0.00144	0.00531	0.13831	0.00451	0.64130
30	0.01507	0.24952	0.52175	0.01721	0.02607	0.01918	0.02129	0.02132	0.01428	0.02003	0.01146	0.01342	0.00870	0.00631	0.00588	0.00196	0.00929	0.00464	0.00290	0.00972
31	0.01626	0.01706	0.07330	0.12131	0.59393	0.01611	0.02105	0.02064	0.01528	0.02174	0.01275	0.01692	0.01049	0.00621	0.00676	0.00207	0.00837	0.00602	0.00331	0.01042
32	0.00979	0.00728	0.01076	0.01076	0.01190	0.00842	0.00826	0.01207	0.01093	0.01571	0.01854	0.02807	0.01762	0.09846	0.68601	0.01070	0.01755	0.00750	0.00370	0.00598
33	0.01922	0.01771	0.04730	0.08589	0.38089	0.06489	0.10130	0.08361	0.01764	0.09343	0.01450	0.01742	0.01113	0.00662	0.00691	0.00208	0.00868	0.00628	0.00419	0.01033
34	0.02306	0.01480	0.01983	0.03974	0.19695	0.01507	0.01369	0.22956	0.04393	0.23750	0.05799	0.04207	0.01713	0.00845	0.00696	0.00211	0.00681	0.00713	0.00638	0.01084
35	0.01561	0.01655	0.02976	0.02424	0.07215	0.01907	0.30671	0.01911	0.01326	0.01920	0.01133	0.01660	0.00971	0.00891	0.01522	0.00263	0.38137	0.00689	0.00322	0.00846
36	0.00995	0.00663	0.00746	0.00746	0.00746	0.00663	0.00415	0.00995	0.00995	0.01327	0.02156	0.04477	0.02487	0.75957	0.03482	0.00663	0.00663	0.00995	0.00415	0.00415
37	0.02659	0.02080	0.01964	0.01561	0.02067	0.16276	0.01263	0.46542	0.02780	0.13475	0.01676	0.01658	0.01182	0.00802	0.00671	0.00200	0.00825	0.00591	0.00641	0.01089
38	0.02237	0.12999	0.06228	0.01850	0.02451	0.01582	0.25084	0.02627	0.01697	0.31193	0.01842	0.01902	0.01274	0.00713	0.00739	0.00211	0.03144	0.00669	0.00542	0.01015
39	0.00979	0.00725	0.01058	0.01058	0.01165	0.00832	0.00803	0.01195	0.01087	0.01557	0.01871	0.02900	0.01803	0.13539	0.64963	0.01048	0.01694	0.00764	0.00372	0.00588
40	0.00826	0.00666	0.00736	0.00778	0.00950	0.00576	0.00561	0.00994	0.01514	0.01879	0.10323	0.26006	0.48144	0.01827	0.00827	0.00243	0.00359	0.01572	0.00643	0.00576
41	0.01595	0.01525	0.02599	0.21378	0.55278	0.01600	0.02051	0.02013	0.01511	0.02116	0.01270	0.01725	0.01042	0.00628	0.00679	0.00209	0.00837	0.00609	0.00330	0.01004
42	0.02307	0.02187	0.08141	0.01535	0.01930	0.29724	0.01284	0.02557	0.01737	0.22849	0.01831	0.09364	0.01506	0.00946	0.00845	0.00215	0.08934	0.00695	0.00519	0.00895
43	0.45035	0.01600	0.01736	0.02185	0.27234	0.07711	0.01290	0.02105	0.01375	0.02643	0.01084	0.01336	0.00879	0.00632	0.00533	0.00206	0.00694	0.00464	0.00386	0.00871
44	0.00831	0.00684	0.00731	0.00741	0.00943	0.00584	0.00547	0.01016	0.01579	0.01947	0.14441	0.13601	0.56519	0.01735	0.00815	0.00234	0.00349	0.01471	0.00650	0.00584
45	0.01884	0.41421	0.07588	0.01474	0.02022	0.14208	0.05801	0.02453	0.13367	0.01912	0.01331	0.01443	0.01096	0.00668	0.00552	0.00176	0.00830	0.00487	0.00375	0.00911
46	0.02497	0.01730	0.14421	0.01462	0.02095	0.01292	0.04634	0.12055	0.01980	0.41228	0.02106	0.01979	0.01386	0.00767	0.00672	0.00204	0.00704	0.00628	0.00665	0.07497
47	0.01866	0.54961	0.10513	0.01509	0.06129	0.11506	0.01387	0.02151	0.01476	0.01714	0.01014	0.01187	0.00890	0.00609	0.00498	0.00161	0.00830	0.00405	0.00303	0.00893
48	0.04679	0.09081	0.02329	0.02126	0.14847	0.30020	0.05918	0.15729	0.02010	0.02405	0.01266	0.01470	0.01011	0.00692	0.00627	0.00188	0.00956	0.00529	0.03188	0.00929
49	0.00822	0.00660	0.00734	0.00787	0.00950	0.00572	0.00563	0.00982	0.01486	0.01841	0.07864	0.30085	0.46530	0.01863	0.00831	0.00247	0.00363	0.01609	0.00639	0.00572
50	0.01664	0.03131	0.60243	0.01824	0.02752	0.01489	0.02266	0.02367	0.01533	0.14193	0.01481	0.01596	0.01009	0.00684	0.00657	0.00216	0.00937	0.00537	0.00385	0.01037
51	0.01920	0.27162	0.15043	0.02085	0.15430	0.04345	0.07862	0.05772	0.01635	0.10629	0.01356	0.01523	0.01044	0.00649	0.00604	0.00189	0.00834	0.00532	0.00396	0.00991
52	0.01061	0.00758	0.01054	0.01212	0.01351	0.00751	0.01030	0.01345	0.01534	0.02001	0.03645	0.18252	0.04029	0.01929	0.00934	0.00309	0.00594	0.56961	0.00631	0.00618
53	0.00977	0.00733	0.01100	0.01100	0.01222	0.00855	0.00855	0.01222	0.01100	0.01588	0.01833	0.02688	0.01710	0.05131	0.73245	0.01100	0.01833	0.00733	0.00367	0.00611
54	0.01690	0.01420	0.06399	0.06016	0.24224	0.01303	0.03408	0.06141	0.07145	0.12303	0.06473	0.13508	0.04944	0.01014	0.00726	0.00223	0.00670	0.00909	0.00538	0.00946
55	0.02037	0.04849	0.08914	0.06746	0.20621	0.21847	0.03695	0.08476	0.08258	0.05895	0.01449	0.01641	0.01120	0.00704	0.00657	0.00201	0.00921	0.00570	0.00425	0.00974
56	0.02930	0.01133	0.01543	0.01193	0.01698	0.00982	0.00982	0.03198	0.01957	0.67541	0.07268	0.02514	0.02011	0.00884	0.00696	0.00212	0.00565	0.00725	0.00841	0.01130
57	0.01359	0.01282	0.01767	0.01538	0.01566	0.01714	0.01250	0.01525	0.01196	0.01805	0.13116	0.02394	0.02000	0.08166	0.02113	0.00319	0.55056	0.00745	0.00388	0.00700
58	0.01924	0.11044	0.26331	0.02237	0.16925	0.01602	0.08096	0.02422	0.01601	0.18966	0.01576	0.01705	0.01128	0.00674	0.00654	0.00206	0.00847	0.00583	0.00439	0.01039
59	0.07473	0.01712	0.02282	0.02689	0.32534	0.11322	0.06068	0.02546	0.01704	0.22527	0.01650	0.01786	0.01207	0.00691	0.00664	0.00204	0.00808	0.00606	0.00494	0.01033
60	0.00809	0.00693	0.00693	0.00693	0.00924	0.00578	0.00520	0.00982	0.01559	0.01848	0.06931	0.06584	0.71411	0.01733	0.00809	0.00231	0.00347	0.01444	0.00635	0.00578
61	0.01348	0.01286	0.02097	0.58210	0.07691	0.01624	0.01841	0.01749	0.01323	0.01756	0.01165	0.01761	0.00919	0.00768	0.00952	0.00239	0.13586	0.00606	0.00305	0.00775
62	0.02183	0.01520	0.04095	0.02754	0.32747	0.01413	0.09680	0.02642	0.05074	0.27993	0.01890	0.01981	0.01347	0.00709	0.00697	0.00211	0.00760	0.00668	0.00543	0.01092
63	0.02368	0.22270	0.02372	0.01602	0.02022	0.52449	0.01282	0.04791	0.01839	0.01746	0.01049	0.01212	0.00890	0.00678	0.00573	0.00169	0.01087	0.00427	0.00348	0.00828
