[name]
unknown

[dist]
# distance from previous block
# <min> <max>
1	137

[block]
# block no. 0 follows, 31 sequences, length 7
# corresponding to MSA columns:
# 192-198
name=unknown_A
#
# <colnr> <probs for GDERKNQSTAVLIFYWHMCP>
#	G	D	E	R	K	N	Q	S	T	A	V	L	I	F	Y	W	H	M	C	P
0	0.07288	0.01321	0.01548	0.13958	0.08504	0.07181	0.01155	0.08388	0.06541	0.07691	0.10408	0.11001	0.02335	0.08552	0.00979	0.00265	0.00679	0.00867	0.00530	0.00811
1	0.09529	0.01036	0.01316	0.12510	0.01868	0.01069	0.00969	0.07315	0.01556	0.13149	0.05008	0.18488	0.02264	0.07855	0.06122	0.00322	0.00681	0.00944	0.00546	0.07454
2	0.01419	0.09586	0.05035	0.07301	0.01808	0.10452	0.01112	0.01764	0.06339	0.01835	0.02404	0.18061	0.08934	0.04508	0.01019	0.00243	0.10450	0.00940	0.00452	0.06335
3	0.01377	0.01316	0.01503	0.11008	0.10591	0.11285	0.01150	0.01657	0.01564	0.02018	0.10068	0.16761	0.05923	0.01178	0.00728	0.00215	0.00665	0.07608	0.00492	0.12893
4	0.01570	0.01172	0.01598	0.16418	0.09152	0.01279	0.01200	0.13439	0.04030	0.07604	0.02171	0.02769	0.07065	0.12629	0.14472	0.00445	0.00925	0.00768	0.00483	0.00812
5	0.07065	0.00984	0.01299	0.10872	0.06616	0.00999	0.00950	0.01619	0.01358	0.10762	0.02507	0.15809	0.07827	0.17382	0.01361	0.00319	0.03426	0.00974	0.00502	0.07368
6	0.05387	0.01431	0.01575	0.11268	0.02037	0.06724	0.01097	0.19885	0.06923	0.13605	0.08851	0.02570	0.01974	0.12367	0.01110	0.00281	0.00702	0.00734	0.00588	0.00890

[dist]
# distance from previous block
# <min> <max>
0	2

[block]
# block no. 1 follows, 31 sequences, length 9
# corresponding to MSA columns:
# 201-209
name=unknown_B
#
# <colnr> <probs for GDERKNQSTAVLIFYWHMCP>
#	G	D	E	R	K	N	Q	S	T	A	V	L	I	F	Y	W	H	M	C	P
0	0.01578	0.01395	0.02344	0.21522	0.31076	0.01463	0.07503	0.01962	0.01498	0.06826	0.01701	0.05593	0.04057	0.00787	0.00774	0.00218	0.04354	0.00722	0.00392	0.04235
1	0.09461	0.01577	0.01585	0.06436	0.03995	0.12372	0.01130	0.12222	0.13409	0.10241	0.01817	0.02005	0.01401	0.01588	0.14082	0.00372	0.00945	0.00622	0.03840	0.00899
2	0.01673	0.07840	0.02014	0.02247	0.26821	0.01259	0.03709	0.01951	0.01552	0.14974	0.02525	0.22067	0.06208	0.01132	0.00724	0.00223	0.00635	0.01020	0.00527	0.00902
3	0.01518	0.01419	0.05900	0.05317	0.14802	0.01392	0.06081	0.07962	0.14732	0.02359	0.02199	0.02814	0.05542	0.11010	0.01131	0.00281	0.03664	0.03408	0.07599	0.00869
4	0.01193	0.00630	0.00667	0.00696	0.00833	0.00622	0.00507	0.01475	0.01412	0.02402	0.02517	0.16064	0.02267	0.01046	0.00551	0.00181	0.00333	0.00880	0.65101	0.00622
5	0.01504	0.01299	0.01770	0.17250	0.12817	0.01266	0.01277	0.07650	0.05033	0.02388	0.08285	0.01988	0.01607	0.00696	0.00625	0.00170	0.00644	0.00598	0.00446	0.32688
6	0.01770	0.19645	0.02094	0.12293	0.02161	0.11423	0.01203	0.02495	0.20854	0.06087	0.01756	0.02004	0.01420	0.04729	0.06969	0.00297	0.00856	0.00607	0.00460	0.00878
7	0.01293	0.01175	0.13931	0.00881	0.01198	0.00814	0.00858	0.01700	0.01437	0.02479	0.02046	0.02346	0.01589	0.00770	0.00510	0.00170	0.00447	0.00613	0.65037	0.00707
8	0.31909	0.01628	0.05584	0.02311	0.21443	0.01639	0.13945	0.02133	0.04684	0.02539	0.01223	0.01517	0.00971	0.00665	0.00695	0.00219	0.05053	0.00557	0.00385	0.00900

[dist]
# distance from previous block
# <min> <max>
1	5

[block]
# block no. 2 follows, 31 sequences, length 40
# corresponding to MSA columns:
# 226-265
name=unknown_C
#
# <colnr> <probs for GDERKNQSTAVLIFYWHMCP>
#	G	D	E	R	K	N	Q	S	T	A	V	L	I	F	Y	W	H	M	C	P
0	0.05560	0.01748	0.06731	0.05374	0.13315	0.12110	0.01397	0.06511	0.04238	0.26259	0.02004	0.02390	0.01528	0.00854	0.00685	0.00216	0.00774	0.06737	0.00573	0.00995
1	0.32731	0.01677	0.01923	0.01494	0.02014	0.01840	0.10494	0.34003	0.02200	0.03537	0.01340	0.01465	0.00983	0.00715	0.00600	0.00211	0.00722	0.00547	0.00536	0.00967
2	0.01112	0.01054	0.04769	0.04504	0.01457	0.00968	0.00876	0.01776	0.18010	0.02215	0.13547	0.07256	0.32214	0.01525	0.03250	0.00262	0.00513	0.03327	0.00622	0.00741
3	0.00873	0.00696	0.00782	0.00760	0.00963	0.00605	0.00570	0.01106	0.01711	0.02207	0.32735	0.05994	0.45383	0.01599	0.00808	0.00225	0.00337	0.01361	0.00683	0.00605
4	0.00918	0.00688	0.00852	0.00831	0.00997	0.00621	0.00615	0.01187	0.01789	0.02440	0.49899	0.12268	0.21285	0.01548	0.00814	0.00225	0.00335	0.01354	0.00714	0.00621
5	0.01041	0.00726	0.00913	0.00909	0.01041	0.00756	0.00666	0.01350	0.04962	0.02013	0.15033	0.09889	0.07470	0.12873	0.23990	0.00555	0.00865	0.00998	0.13339	0.00612
6	0.01811	0.73472	0.06322	0.01202	0.01804	0.02663	0.01225	0.02053	0.01392	0.01632	0.00962	0.01111	0.00878	0.00588	0.00447	0.00149	0.00743	0.00371	0.00293	0.00883
7	0.02101	0.05794	0.02241	0.01718	0.02101	0.09816	0.06807	0.29141	0.09086	0.02881	0.01446	0.01640	0.01133	0.00884	0.01076	0.00228	0.19820	0.00611	0.00503	0.00974
8	0.01919	0.01522	0.01867	0.01818	0.12261	0.01694	0.01278	0.30647	0.09007	0.03207	0.13108	0.02333	0.02108	0.00938	0.00879	0.00218	0.09354	0.00732	0.04125	0.00986
9	0.01982	0.02734	0.37510	0.01764	0.02545	0.01853	0.01919	0.35521	0.02324	0.03231	0.01434	0.01543	0.01014	0.00735	0.00667	0.00211	0.00883	0.00560	0.00485	0.01087
10	0.80789	0.01323	0.01006	0.00900	0.01323	0.01535	0.00741	0.02011	0.01164	0.03070	0.00953	0.01111	0.00741	0.00635	0.00423	0.00212	0.00529	0.00370	0.00423	0.00741
11	0.02083	0.27872	0.02401	0.01408	0.01875	0.20444	0.01185	0.14768	0.13043	0.02336	0.01714	0.01754	0.04812	0.00775	0.00591	0.00183	0.00814	0.00553	0.00463	0.00926
12	0.01521	0.02347	0.25516	0.06320	0.03441	0.01675	0.44642	0.02160	0.01548	0.02160	0.01326	0.01718	0.00977	0.00605	0.00751	0.00226	0.01096	0.00702	0.00326	0.00942
13	0.00820	0.00648	0.00740	0.00813	0.00956	0.00567	0.00573	0.00968	0.01444	0.01801	0.05470	0.38440	0.40498	0.01922	0.00838	0.00253	0.00370	0.01675	0.00635	0.00567
14	0.01275	0.00638	0.00638	0.00638	0.00797	0.00638	0.00478	0.01594	0.01435	0.02551	0.02232	0.02551	0.01754	0.00797	0.00478	0.00159	0.00319	0.00638	0.79755	0.00638
15	0.01736	0.01629	0.01585	0.14492	0.02196	0.16170	0.01175	0.13563	0.12238	0.02475	0.08894	0.10582	0.04591	0.01025	0.00700	0.00215	0.00732	0.00842	0.04323	0.00837
16	0.16690	0.05270	0.11643	0.12468	0.02450	0.20209	0.04645	0.06064	0.01645	0.07086	0.01375	0.05033	0.01113	0.00756	0.00618	0.00207	0.00885	0.00576	0.00414	0.00854
17	0.01275	0.00638	0.00638	0.00638	0.00797	0.00638	0.00478	0.01594	0.01435	0.02551	0.02232	0.02551	0.01754	0.00797	0.00478	0.00159	0.00319	0.00638	0.79755	0.00638
18	0.80789	0.01323	0.01006	0.00900	0.01323	0.01535	0.00741	0.02011	0.01164	0.03070	0.00953	0.01111	0.00741	0.00635	0.00423	0.00212	0.00529	0.00370	0.00423	0.00741
19	0.01055	0.00890	0.01414	0.26254	0.02409	0.00970	0.04387	0.01348	0.01430	0.01912	0.12846	0.33008	0.03287	0.01579	0.03822	0.00283	0.00659	0.01274	0.00514	0.00659
20	0.00936	0.00698	0.00869	0.00826	0.01002	0.00632	0.00620	0.01228	0.01859	0.02560	0.58126	0.05413	0.19772	0.01467	0.00807	0.00218	0.00328	0.01280	0.00729	0.00632
21	0.01189	0.00721	0.00947	0.00935	0.01102	0.00656	0.00683	0.01419	0.01683	0.11558	0.33389	0.31594	0.08219	0.01625	0.00816	0.00239	0.00387	0.01443	0.00715	0.00677
22	0.01372	0.03539	0.72412	0.01950	0.02961	0.01589	0.02528	0.02167	0.01444	0.02167	0.01228	0.01444	0.00867	0.00650	0.00650	0.00217	0.01011	0.00506	0.00289	0.01011
23	0.02175	0.21482	0.15125	0.01562	0.02178	0.11090	0.01491	0.31632	0.02268	0.02901	0.01317	0.01416	0.01001	0.00715	0.00607	0.00189	0.00854	0.00510	0.00471	0.01016
24	0.01419	0.01363	0.01939	0.30523	0.19446	0.07092	0.01576	0.01794	0.01584	0.02098	0.18412	0.02537	0.02310	0.00866	0.00777	0.00218	0.04059	0.00749	0.00426	0.00811
25	0.01006	0.00722	0.00902	0.00915	0.01073	0.00676	0.00674	0.01319	0.04977	0.04326	0.32456	0.26214	0.15922	0.01657	0.00824	0.00242	0.00381	0.04378	0.00693	0.00644
26	0.00866	0.00675	0.00795	0.00876	0.01029	0.00605	0.00656	0.01044	0.01477	0.01846	0.05302	0.30352	0.37367	0.01899	0.00853	0.00261	0.00411	0.12473	0.00634	0.00579
27	0.02595	0.02087	0.02039	0.01598	0.02121	0.11123	0.01303	0.60965	0.03055	0.03978	0.01568	0.01591	0.01128	0.00807	0.00676	0.00202	0.00814	0.00594	0.00642	0.01117
28	0.01456	0.16970	0.59719	0.01806	0.02739	0.01795	0.02277	0.02145	0.01434	0.02064	0.01177	0.01380	0.00869	0.00638	0.00611	0.00204	0.00960	0.00480	0.00290	0.00987
29	0.01436	0.03094	0.54463	0.02195	0.03122	0.01626	0.20031	0.02173	0.01489	0.02173	0.01269	0.01550	0.00912	0.00631	0.00691	0.00220	0.01048	0.00585	0.00304	0.00988
30	0.01615	0.01845	0.04037	0.02884	0.03576	0.01730	0.69204	0.02191	0.01615	0.02191	0.01384	0.01845	0.01038	0.00577	0.00807	0.00231	0.01153	0.00807	0.00346	0.00923
31	0.01372	0.03539	0.72412	0.01950	0.02961	0.01589	0.02528	0.02167	0.01444	0.02167	0.01228	0.01444	0.00867	0.00650	0.00650	0.00217	0.01011	0.00506	0.00289	0.01011
32	0.01188	0.00594	0.00891	0.00891	0.00891	0.00594	0.00594	0.00891	0.00891	0.01188	0.01188	0.02080	0.01188	0.02377	0.02674	0.80095	0.00594	0.00594	0.00297	0.00297
33	0.01292	0.01216	0.02052	0.74312	0.04712	0.01520	0.01900	0.01748	0.01368	0.01748	0.01216	0.01824	0.00912	0.00684	0.00684	0.00228	0.00912	0.00608	0.00304	0.00760
34	0.02576	0.02656	0.01990	0.01678	0.02118	0.41242	0.01312	0.32716	0.02513	0.02860	0.01321	0.01418	0.01008	0.00757	0.00647	0.00189	0.01017	0.00519	0.00502	0.00960
35	0.00995	0.00663	0.00746	0.00746	0.00746	0.00663	0.00415	0.00995	0.00995	0.01327	0.02156	0.04477	0.02487	0.75957	0.03482	0.00663	0.00663	0.00995	0.00415	0.00415
36	0.02463	0.02195	0.01957	0.01593	0.02038	0.21243	0.01278	0.44373	0.02665	0.03366	0.01471	0.01567	0.01101	0.00810	0.00744	0.00201	0.05004	0.00569	0.04348	0.01015
37	0.02446	0.02072	0.01813	0.01531	0.01952	0.24526	0.01208	0.16994	0.16499	0.17518	0.01884	0.01842	0.01367	0.00830	0.00741	0.00207	0.04356	0.00607	0.00597	0.01009
38	0.01644	0.33134	0.39450	0.01606	0.02411	0.02082	0.01889	0.06789	0.01545	0.02088	0.01144	0.01317	0.00892	0.00636	0.00566	0.00187	0.00879	0.00456	0.00318	0.00967
39	0.30735	0.06751	0.01697	0.01246	0.01742	0.01779	0.01040	0.28548	0.04988	0.13018	0.01540	0.01546	0.01104	0.00746	0.00574	0.00206	0.00638	0.00527	0.00586	0.00988

[dist]
# distance from previous block
# <min> <max>
0	4

[block]
# block no. 3 follows, 31 sequences, length 19
# corresponding to MSA columns:
# 271-289
name=unknown_D
#
# <colnr> <probs for GDERKNQSTAVLIFYWHMCP>
#	G	D	E	R	K	N	Q	S	T	A	V	L	I	F	Y	W	H	M	C	P
0	0.26289	0.01682	0.01776	0.10425	0.02239	0.13292	0.08530	0.07711	0.04836	0.05642	0.01518	0.02070	0.01254	0.00794	0.00625	0.00216	0.00790	0.06535	0.00460	0.03316
1	0.15187	0.13774	0.02219	0.09019	0.19574	0.01712	0.01385	0.10333	0.01726	0.16613	0.01497	0.01634	0.01109	0.00690	0.00600	0.00200	0.00708	0.00546	0.00486	0.00987
2	0.60923	0.01556	0.01288	0.01187	0.03935	0.07580	0.00921	0.08141	0.01422	0.02973	0.01033	0.01207	0.00810	0.00682	0.00553	0.00212	0.03931	0.00417	0.00433	0.00796
3	0.09287	0.02157	0.01705	0.01448	0.01875	0.33440	0.01133	0.08262	0.01984	0.26259	0.04667	0.01799	0.01410	0.00787	0.00639	0.00195	0.00872	0.00568	0.00572	0.00940
4	0.01858	0.43498	0.21004	0.01448	0.02135	0.02308	0.01544	0.14863	0.01751	0.02266	0.01154	0.01290	0.00929	0.00647	0.00540	0.00176	0.00808	0.00449	0.00366	0.00966
5	0.01437	0.01364	0.02313	0.49023	0.28870	0.01558	0.01972	0.01875	0.01436	0.01924	0.01242	0.01777	0.00974	0.00657	0.00682	0.00219	0.00876	0.00609	0.00316	0.00877
6	0.02580	0.02533	0.02001	0.01661	0.02119	0.34729	0.01310	0.38824	0.02630	0.03102	0.01374	0.01455	0.01034	0.00768	0.00653	0.00192	0.00973	0.00536	0.00532	0.00994
7	0.01292	0.01216	0.02052	0.74312	0.04712	0.01520	0.01900	0.01748	0.01368	0.01748	0.01216	0.01824	0.00912	0.00684	0.00684	0.00228	0.00912	0.00608	0.00304	0.00760
8	0.00947	0.00698	0.00885	0.00839	0.01009	0.00637	0.00629	0.01250	0.01887	0.02625	0.62829	0.05305	0.15027	0.01443	0.00807	0.00217	0.00326	0.01265	0.00738	0.00637
9	0.80789	0.01323	0.01006	0.00900	0.01323	0.01535	0.00741	0.02011	0.01164	0.03070	0.00953	0.01111	0.00741	0.00635	0.00423	0.00212	0.00529	0.00370	0.00423	0.00741
10	0.11798	0.19915	0.35744	0.01573	0.02334	0.01929	0.01783	0.13182	0.01688	0.02505	0.01197	0.01354	0.00902	0.00661	0.00578	0.00198	0.00842	0.00474	0.00372	0.00971
11	0.01750	0.00947	0.01222	0.01036	0.01368	0.00842	0.00810	0.04183	0.01808	0.24909	0.26370	0.09934	0.03612	0.04504	0.00857	0.00229	0.00477	0.03499	0.00706	0.10938
12	0.02114	0.02247	0.01669	0.01501	0.01830	0.36805	0.01138	0.17100	0.05266	0.02334	0.02028	0.16675	0.04250	0.01070	0.00694	0.00208	0.00893	0.00836	0.00509	0.00833
13	0.01829	0.76368	0.03585	0.01171	0.01756	0.02707	0.01171	0.02049	0.01390	0.01610	0.00951	0.01097	0.00878	0.00585	0.00439	0.00146	0.00732	0.00366	0.00293	0.00878
14	0.03762	0.00892	0.01108	0.01021	0.01231	0.00906	0.00795	0.03464	0.04685	0.09091	0.34104	0.10488	0.13613	0.01400	0.00909	0.00234	0.06679	0.04216	0.00677	0.00722
15	0.01188	0.00594	0.00891	0.00891	0.00891	0.00594	0.00594	0.00891	0.00891	0.01188	0.01188	0.02080	0.01188	0.02377	0.02674	0.80095	0.00594	0.00594	0.00297	0.00297
16	0.00917	0.00663	0.00857	0.00986	0.01050	0.00644	0.00683	0.01133	0.04685	0.01792	0.03562	0.58901	0.04164	0.08722	0.01107	0.00314	0.00451	0.08176	0.00618	0.00576
17	0.01666	0.33599	0.37921	0.01595	0.02390	0.02098	0.01861	0.07807	0.01572	0.02117	0.01148	0.01317	0.00896	0.00638	0.00565	0.00187	0.00873	0.00457	0.00324	0.00969
18	0.11154	0.41290	0.02670	0.01299	0.01803	0.17781	0.01148	0.05612	0.04140	0.05853	0.01172	0.01277	0.00966	0.00656	0.00511	0.00170	0.00804	0.00428	0.00385	0.00881

[dist]
# distance from previous block
# <min> <max>
9	24

[block]
# block no. 4 follows, 31 sequences, length 6
# corresponding to MSA columns:
# 314-319
name=unknown_E
#
# <colnr> <probs for GDERKNQSTAVLIFYWHMCP>
#	G	D	E	R	K	N	Q	S	T	A	V	L	I	F	Y	W	H	M	C	P
0	0.11248	0.30473	0.02460	0.01291	0.01837	0.02123	0.01145	0.26436	0.02101	0.12704	0.01447	0.01469	0.01080	0.00713	0.00561	0.00184	0.00695	0.00502	0.00527	0.01005
1	0.01710	0.01562	0.02507	0.21106	0.46366	0.01663	0.01949	0.10579	0.01722	0.02380	0.01315	0.01719	0.01052	0.00655	0.00680	0.00210	0.00830	0.00610	0.00374	0.01014
2	0.01572	0.01502	0.02558	0.25412	0.51425	0.01594	0.02039	0.01993	0.01500	0.02088	0.01265	0.01733	0.01032	0.00632	0.00679	0.00211	0.00843	0.00609	0.00328	0.00986
3	0.00936	0.00665	0.00892	0.01004	0.01073	0.00661	0.00728	0.01094	0.01289	0.01723	0.03228	0.40013	0.03707	0.14521	0.10525	0.00453	0.00673	0.15694	0.00564	0.00556
4	0.10679	0.01634	0.03267	0.02422	0.03007	0.01573	0.51550	0.02060	0.01557	0.02272	0.01655	0.02602	0.01419	0.00771	0.00783	0.00241	0.01006	0.10248	0.00396	0.00860
5	0.01587	0.01644	0.02794	0.11110	0.21574	0.05258	0.22567	0.01987	0.01481	0.02016	0.01396	0.02135	0.01214	0.00813	0.01021	0.00239	0.14424	0.05501	0.00352	0.00888

[dist]
# distance from previous block
# <min> <max>
6	13

[block]
# block no. 5 follows, 31 sequences, length 43
# corresponding to MSA columns:
# 336-378
name=unknown_F
#
# <colnr> <probs for GDERKNQSTAVLIFYWHMCP>
#	G	D	E	R	K	N	Q	S	T	A	V	L	I	F	Y	W	H	M	C	P
0	0.01436	0.06045	0.01730	0.01327	0.01644	0.01230	0.11056	0.09615	0.07256	0.05249	0.05741	0.10098	0.11308	0.12542	0.10251	0.00398	0.00803	0.00977	0.00529	0.00766
1	0.13354	0.14285	0.15006	0.01502	0.02061	0.23894	0.01400	0.08810	0.01775	0.10069	0.01296	0.01395	0.00976	0.00693	0.00582	0.00191	0.00895	0.00475	0.00428	0.00916
2	0.02373	0.06814	0.02356	0.01976	0.11361	0.05288	0.05224	0.49306	0.02730	0.03622	0.01509	0.01606	0.01114	0.00759	0.00671	0.00201	0.00804	0.00602	0.00579	0.01104
3	0.18692	0.01891	0.01888	0.03582	0.03811	0.12822	0.05017	0.29584	0.05392	0.08656	0.01509	0.01582	0.01100	0.00749	0.00627	0.00206	0.00786	0.00561	0.00554	0.00988
4	0.01820	0.71470	0.03532	0.01369	0.06339	0.02636	0.01232	0.02052	0.01401	0.01651	0.00973	0.01137	0.00891	0.00587	0.00455	0.00150	0.00737	0.00382	0.00296	0.00891
5	0.01353	0.01318	0.02347	0.61704	0.07601	0.01553	0.10792	0.01822	0.01409	0.01829	0.01241	0.01821	0.00936	0.00666	0.00700	0.00227	0.00939	0.00634	0.00311	0.00796
6	0.01447	0.01237	0.01972	0.01631	0.01954	0.01295	0.17777	0.05563	0.08915	0.06093	0.02715	0.15144	0.08704	0.01553	0.06685	0.00320	0.08989	0.06676	0.00526	0.00804
7	0.00841	0.00614	0.00794	0.00935	0.01001	0.00567	0.00640	0.00974	0.01348	0.01769	0.04118	0.65225	0.11967	0.02088	0.00869	0.00274	0.00400	0.04380	0.00635	0.00561
8	0.01500	0.01408	0.02371	0.17705	0.49047	0.01463	0.01867	0.01878	0.01487	0.02074	0.01601	0.11462	0.01504	0.00827	0.00704	0.00218	0.00778	0.00785	0.00371	0.00950
9	0.02189	0.04384	0.11960	0.01550	0.02105	0.06581	0.05160	0.23350	0.09838	0.16283	0.07924	0.02115	0.01752	0.00835	0.00686	0.00209	0.00751	0.00676	0.00612	0.01039
10	0.02703	0.01178	0.01538	0.01203	0.01680	0.01075	0.00984	0.10363	0.02095	0.54228	0.12865	0.02669	0.02348	0.00927	0.00705	0.00212	0.00562	0.00762	0.00815	0.01086
11	0.00994	0.00668	0.00771	0.00771	0.00779	0.00677	0.00445	0.01011	0.01002	0.01345	0.02133	0.04353	0.02433	0.71047	0.08318	0.00694	0.00744	0.00977	0.00411	0.00428
12	0.04440	0.02129	0.01966	0.01630	0.02054	0.25383	0.07624	0.21784	0.11522	0.02813	0.10052	0.02057	0.01816	0.00839	0.00683	0.00203	0.00863	0.00666	0.00545	0.00932
13	0.01248	0.01239	0.01692	0.01454	0.01734	0.08561	0.14929	0.01525	0.01505	0.01890	0.05613	0.12977	0.19741	0.01898	0.11123	0.00364	0.04221	0.07101	0.00496	0.00688
14	0.00831	0.00604	0.00785	0.00930	0.00986	0.00558	0.00625	0.00955	0.01332	0.01755	0.04047	0.69487	0.10370	0.02107	0.00868	0.00274	0.00393	0.01901	0.00635	0.00558
15	0.01345	0.01270	0.02148	0.65059	0.13552	0.01534	0.01926	0.01794	0.01393	0.01812	0.01225	0.01807	0.00935	0.00674	0.00683	0.00225	0.00899	0.00608	0.00309	0.00803
16	0.06807	0.01237	0.04048	0.01497	0.01780	0.01242	0.13859	0.05521	0.09104	0.02172	0.02459	0.31016	0.02578	0.05486	0.01061	0.00276	0.07387	0.01193	0.00521	0.00756
17	0.00850	0.00695	0.00750	0.00736	0.00949	0.00595	0.00552	0.01062	0.01657	0.02080	0.23595	0.06203	0.54602	0.01646	0.00808	0.00227	0.00340	0.01390	0.00666	0.00595
18	0.30374	0.06062	0.01332	0.00998	0.01420	0.01261	0.00826	0.02462	0.03810	0.27562	0.01876	0.01862	0.01324	0.00747	0.00538	0.00198	0.00523	0.00547	0.15384	0.00893
19	0.01769	0.38002	0.29169	0.01540	0.02262	0.08281	0.01701	0.06482	0.01575	0.01998	0.01108	0.01274	0.00892	0.00635	0.00549	0.00179	0.00881	0.00441	0.00322	0.00939
20	0.02142	0.01531	0.01626	0.01355	0.01758	0.06143	0.01085	0.20555	0.21382	0.15984	0.05509	0.02426	0.04980	0.00936	0.00770	0.00216	0.04727	0.00729	0.05131	0.01014
21	0.00964	0.00673	0.00788	0.00827	0.00880	0.00654	0.00538	0.01039	0.01174	0.01531	0.03128	0.14053	0.11478	0.48559	0.02517	0.00519	0.00586	0.09116	0.00496	0.00478
22	0.11058	0.07216	0.01720	0.01356	0.01730	0.28472	0.01055	0.12976	0.01875	0.10252	0.01508	0.01878	0.01248	0.10659	0.00975	0.00250	0.00860	0.00564	0.03509	0.00838
23	0.00864	0.00631	0.00795	0.00898	0.00977	0.00583	0.00615	0.01005	0.01386	0.01827	0.10257	0.50802	0.14539	0.08141	0.01076	0.00298	0.00412	0.03709	0.00627	0.00558
24	0.01611	0.01622	0.02207	0.40784	0.08361	0.10569	0.05535	0.06339	0.01539	0.01950	0.01191	0.01682	0.00942	0.00761	0.00916	0.00229	0.12005	0.00598	0.00339	0.00820
25	0.01877	0.47496	0.17464	0.01417	0.02072	0.06305	0.01476	0.11001	0.01673	0.02085	0.01105	0.01248	0.00913	0.00636	0.00525	0.00170	0.00820	0.00432	0.00347	0.00938
26	0.01968	0.02332	0.01984	0.01734	0.02017	0.40586	0.08755	0.02183	0.01676	0.01787	0.04680	0.12210	0.01681	0.01005	0.00933	0.00218	0.12331	0.00759	0.00403	0.00760
27	0.00971	0.00736	0.00900	0.00863	0.01044	0.00687	0.00645	0.01344	0.05689	0.02520	0.51152	0.09154	0.18782	0.01479	0.00805	0.00223	0.00344	0.01291	0.00720	0.00652
28	0.00918	0.00725	0.00838	0.00874	0.01046	0.00671	0.00644	0.01229	0.06321	0.02036	0.15283	0.25993	0.33724	0.01754	0.00827	0.00247	0.00387	0.05209	0.00657	0.00620
29	0.01414	0.10170	0.66145	0.01879	0.02851	0.01691	0.02404	0.02156	0.01439	0.02116	0.01203	0.01413	0.00868	0.00644	0.00631	0.00210	0.00986	0.00493	0.00289	0.00999
30	0.01270	0.01192	0.01990	0.70972	0.04540	0.01477	0.01837	0.01713	0.01377	0.01753	0.01475	0.02040	0.04111	0.00732	0.00690	0.00228	0.00886	0.00646	0.00319	0.00752
31	0.12071	0.01127	0.01278	0.01044	0.01443	0.01120	0.00846	0.12561	0.01880	0.30800	0.02172	0.02146	0.01515	0.00801	0.00587	0.00194	0.00516	0.00621	0.26340	0.00941
32	0.01671	0.01603	0.02737	0.08083	0.67978	0.01620	0.02089	0.02080	0.01547	0.02208	0.01283	0.01700	0.01074	0.00614	0.00678	0.00205	0.00818	0.00609	0.00337	0.01066
33	0.01372	0.03539	0.72412	0.01950	0.02961	0.01589	0.02528	0.02167	0.01444	0.02167	0.01228	0.01444	0.00867	0.00650	0.00650	0.00217	0.01011	0.00506	0.00289	0.01011
34	0.00828	0.00699	0.00720	0.00730	0.00956	0.00591	0.00558	0.01010	0.01560	0.01861	0.06714	0.06658	0.66989	0.01743	0.00818	0.00237	0.00365	0.05746	0.00635	0.00581
35	0.01380	0.00927	0.01120	0.01084	0.01320	0.00933	0.00827	0.02020	0.18535	0.11332	0.14556	0.24140	0.10080	0.01495	0.00796	0.00247	0.00461	0.07265	0.00696	0.00787
36	0.01693	0.01626	0.02777	0.04199	0.71689	0.01626	0.02100	0.02100	0.01558	0.02235	0.01287	0.01693	0.01084	0.00610	0.00677	0.00203	0.00813	0.00610	0.00339	0.01084
37	0.01530	0.28617	0.48712	0.01682	0.02546	0.01974	0.02060	0.02126	0.01426	0.01975	0.01132	0.01325	0.00871	0.00628	0.00577	0.00192	0.00915	0.00457	0.00290	0.00965
38	0.00949	0.00763	0.01217	0.01213	0.01342	0.00717	0.09155	0.01138	0.01366	0.01822	0.03465	0.61693	0.04053	0.01932	0.00870	0.00275	0.00507	0.06319	0.00599	0.00606
39	0.01903	0.06889	0.02650	0.01990	0.02443	0.18546	0.24249	0.12208	0.01857	0.02275	0.01609	0.06097	0.01442	0.00887	0.00835	0.00223	0.06096	0.06502	0.00432	0.00868
40	0.01781	0.16583	0.14063	0.01869	0.02432	0.17230	0.17968	0.02344	0.08803	0.01995	0.01474	0.05721	0.01249	0.00759	0.00700	0.00205	0.02902	0.00650	0.00380	0.00892
41	0.01648	0.09600	0.04970	0.01190	0.01510	0.01083	0.01017	0.01995	0.05381	0.19633	0.02965	0.25010	0.02943	0.01439	0.00773	0.00249	0.00575	0.16570	0.00635	0.00815
42	0.33903	0.05998	0.10975	0.01461	0.03726	0.24537	0.01258	0.06937	0.01612	0.02497	0.01079	0.01246	0.00847	0.00669	0.00541	0.00197	0.00851	0.00434	0.00392	0.00838

[dist]
# distance from previous block
# <min> <max>
4	7

[block]
# block no. 6 follows, 31 sequences, length 54
# corresponding to MSA columns:
# 386-439
name=unknown_G
#
# <colnr> <probs for GDERKNQSTAVLIFYWHMCP>
#	G	D	E	R	K	N	Q	S	T	A	V	L	I	F	Y	W	H	M	C	P
0	0.24006	0.02512	0.01656	0.01485	0.01870	0.43983	0.01142	0.06110	0.07330	0.02293	0.01199	0.01328	0.00955	0.00710	0.00574	0.00192	0.00959	0.00457	0.00417	0.00822
1	0.07289	0.01483	0.01557	0.01613	0.10258	0.11182	0.01126	0.07369	0.10791	0.07734	0.08154	0.06923	0.05512	0.01064	0.00706	0.00219	0.00664	0.09588	0.00566	0.06202
2	0.01161	0.00952	0.01296	0.01603	0.13601	0.00971	0.00980	0.01694	0.14693	0.02116	0.07816	0.43607	0.03584	0.01588	0.00800	0.00252	0.00493	0.01435	0.00603	0.00756
3	0.02260	0.02647	0.01815	0.01637	0.01970	0.50731	0.01248	0.06977	0.09315	0.01964	0.01364	0.01573	0.01123	0.01244	0.08763	0.00291	0.03316	0.00525	0.00411	0.00827
4	0.01182	0.00912	0.01128	0.01171	0.01386	0.00942	0.00971	0.01832	0.16486	0.02305	0.13751	0.06102	0.10875	0.01594	0.00857	0.00274	0.00536	0.36308	0.00663	0.00725
5	0.00848	0.00605	0.00810	0.00969	0.01015	0.00568	0.00660	0.00977	0.01324	0.01762	0.03763	0.71948	0.04494	0.02130	0.00877	0.00280	0.00409	0.05367	0.00635	0.00560
6	0.08267	0.01226	0.01580	0.01220	0.01743	0.01117	0.01008	0.07713	0.01990	0.62926	0.02510	0.02200	0.01594	0.00831	0.00670	0.00211	0.00590	0.00662	0.00807	0.01136
7	0.00906	0.00697	0.00828	0.00795	0.00984	0.00619	0.00596	0.01170	0.01789	0.02394	0.46189	0.05686	0.31812	0.01529	0.00808	0.00221	0.00332	0.01318	0.00707	0.00619
8	0.01023	0.00798	0.00941	0.00897	0.01100	0.00769	0.00674	0.01519	0.11187	0.02490	0.42779	0.08576	0.21759	0.01453	0.00795	0.00224	0.00362	0.01259	0.00711	0.00684
9	0.00977	0.00733	0.01100	0.01100	0.01222	0.00855	0.00855	0.01222	0.01100	0.01588	0.01833	0.02688	0.01710	0.05131	0.73245	0.01100	0.01833	0.00733	0.00367	0.00611
10	0.00886	0.00638	0.00849	0.00989	0.01064	0.00601	0.00711	0.01052	0.01399	0.01855	0.07434	0.57116	0.07471	0.02043	0.00879	0.00279	0.00431	0.13089	0.00640	0.00574
11	0.06704	0.01172	0.01560	0.01202	0.01727	0.01030	0.00993	0.03272	0.01921	0.68932	0.02617	0.02272	0.01649	0.00837	0.00676	0.00212	0.00580	0.00673	0.00827	0.01145
12	0.01584	0.00856	0.00921	0.00833	0.01070	0.00868	0.00645	0.11045	0.01717	0.08603	0.02277	0.06527	0.01824	0.00881	0.00547	0.00177	0.00405	0.00713	0.57758	0.00750
13	0.01292	0.01216	0.02052	0.74312	0.04712	0.01520	0.01900	0.01748	0.01368	0.01748	0.01216	0.01824	0.00912	0.00684	0.00684	0.00228	0.00912	0.00608	0.00304	0.00760
14	0.01411	0.09665	0.66622	0.01884	0.02860	0.01683	0.02414	0.02157	0.01440	0.02120	0.01204	0.01415	0.00868	0.00645	0.00632	0.00211	0.00988	0.00494	0.00289	0.01000
15	0.02057	0.08043	0.18888	0.01341	0.01914	0.01329	0.01335	0.09481	0.01890	0.26833	0.13864	0.02426	0.02189	0.00867	0.00668	0.00205	0.00660	0.00701	0.04321	0.00989
16	0.60723	0.01454	0.01232	0.01049	0.01497	0.03806	0.00861	0.11706	0.01546	0.09014	0.01201	0.01293	0.00885	0.00681	0.00489	0.00210	0.00587	0.00434	0.00494	0.00838
17	0.01155	0.07183	0.01287	0.01012	0.01200	0.01017	0.00802	0.01409	0.01675	0.04672	0.40055	0.09128	0.13708	0.01379	0.00976	0.00227	0.10671	0.01133	0.00631	0.00682
18	0.01790	0.01384	0.01615	0.01302	0.01720	0.01450	0.05537	0.26489	0.14059	0.03050	0.02619	0.02707	0.11156	0.03651	0.00770	0.00217	0.00603	0.00770	0.11514	0.07596
19	0.01336	0.01248	0.02095	0.53719	0.18177	0.01461	0.01835	0.01753	0.01402	0.01848	0.01445	0.07995	0.01251	0.00791	0.00699	0.00227	0.00848	0.00721	0.00339	0.00809
20	0.02099	0.01667	0.01771	0.01473	0.01931	0.01887	0.01179	0.32736	0.40705	0.03503	0.02279	0.02150	0.01679	0.00881	0.00691	0.00220	0.00635	0.00704	0.00691	0.01119
21	0.00877	0.00649	0.00820	0.00876	0.00991	0.00591	0.00619	0.01078	0.01574	0.02117	0.28273	0.38847	0.16551	0.01810	0.00839	0.00248	0.00362	0.01609	0.00677	0.00591
22	0.01628	0.06603	0.02697	0.17058	0.54480	0.01679	0.02000	0.02031	0.01511	0.02102	0.01251	0.01677	0.01038	0.00622	0.00662	0.00204	0.00826	0.00593	0.00329	0.01009
23	0.01393	0.03396	0.66660	0.02028	0.03013	0.01601	0.08136	0.02169	0.01459	0.02169	0.01241	0.01478	0.00881	0.00644	0.00663	0.00218	0.01023	0.00531	0.00294	0.01004
24	0.00852	0.00609	0.00815	0.00974	0.01022	0.00572	0.00668	0.00985	0.01328	0.01768	0.03760	0.70757	0.04484	0.02126	0.00878	0.00280	0.00413	0.06512	0.00635	0.00561
25	0.01155	0.00825	0.00963	0.00919	0.01138	0.00797	0.00691	0.01655	0.12136	0.06318	0.28824	0.13531	0.21853	0.01446	0.00777	0.00227	0.00386	0.01249	0.04399	0.00712
26	0.06724	0.01117	0.01182	0.01054	0.01368	0.01171	0.00821	0.12934	0.18059	0.02738	0.16754	0.05904	0.24942	0.01268	0.00737	0.00224	0.00468	0.01052	0.00666	0.00815
27	0.00994	0.00704	0.00953	0.00953	0.01031	0.00777	0.00679	0.01151	0.01072	0.01524	0.01966	0.03344	0.01999	0.31147	0.44980	0.00906	0.01349	0.00826	0.03104	0.00539
28	0.01798	0.71443	0.08239	0.01223	0.01837	0.02631	0.01262	0.02057	0.01394	0.01647	0.00970	0.01121	0.00877	0.00590	0.00453	0.00151	0.00751	0.00375	0.00292	0.00887
29	0.01534	0.01293	0.02077	0.58893	0.09527	0.01535	0.01813	0.06569	0.01551	0.06725	0.01351	0.01835	0.00996	0.00699	0.00684	0.00223	0.00871	0.00614	0.00370	0.00840
30	0.02339	0.01790	0.01987	0.01949	0.13955	0.09104	0.01347	0.26777	0.15997	0.14745	0.01925	0.01905	0.01394	0.00798	0.00679	0.00208	0.00742	0.00640	0.00620	0.01096
31	0.00857	0.00675	0.00756	0.00781	0.00937	0.00608	0.00555	0.01009	0.01424	0.01781	0.08215	0.17884	0.42745	0.12044	0.06309	0.00358	0.00502	0.01411	0.00592	0.00557
32	0.02105	0.01692	0.01945	0.01863	0.11611	0.01880	0.01322	0.33045	0.30635	0.03428	0.02063	0.02024	0.01533	0.00836	0.00688	0.00216	0.00674	0.00680	0.00641	0.01119
33	0.01365	0.02897	0.52130	0.01920	0.02778	0.01477	0.11433	0.02057	0.01519	0.02234	0.08645	0.01885	0.01487	0.00712	0.00682	0.00213	0.00934	0.00620	0.00351	0.04660
34	0.01562	0.01492	0.02540	0.27120	0.49794	0.01591	0.02034	0.01985	0.01496	0.02076	0.01264	0.01736	0.01028	0.00634	0.00679	0.00211	0.00845	0.00609	0.00327	0.00978
35	0.01601	0.39943	0.38008	0.01560	0.02359	0.02148	0.01849	0.02108	0.01417	0.01888	0.01089	0.01271	0.00872	0.00618	0.00545	0.00182	0.00871	0.00436	0.00291	0.00945
36	0.00839	0.00607	0.00783	0.00922	0.00976	0.00562	0.00616	0.00957	0.01317	0.01737	0.03965	0.66584	0.10061	0.05360	0.00983	0.00291	0.00404	0.01861	0.00625	0.00551
37	0.58614	0.01248	0.01081	0.00950	0.01339	0.01399	0.00772	0.06490	0.01468	0.05607	0.13461	0.01896	0.01811	0.00790	0.00518	0.00212	0.00510	0.00551	0.00515	0.00768
38	0.01499	0.01427	0.02426	0.38152	0.39255	0.01574	0.02003	0.01929	0.01466	0.01999	0.01253	0.01757	0.01001	0.00646	0.00681	0.00215	0.00861	0.00609	0.00322	0.00927
39	0.02801	0.01333	0.01660	0.01302	0.01814	0.01290	0.01066	0.14508	0.11652	0.51138	0.02533	0.02244	0.01659	0.00854	0.00689	0.00213	0.00605	0.00688	0.00799	0.01153
40	0.00882	0.00746	0.00769	0.00754	0.00990	0.00659	0.00568	0.01186	0.06227	0.01992	0.12068	0.06189	0.61283	0.01650	0.00801	0.00230	0.00358	0.01381	0.00649	0.00617
41	0.07846	0.03130	0.01876	0.01704	0.02061	0.68363	0.01283	0.02683	0.01886	0.01769	0.01050	0.01225	0.00872	0.00700	0.00604	0.00179	0.01186	0.00436	0.00357	0.00790
42	0.01467	0.01394	0.02367	0.43808	0.33851	0.01566	0.01987	0.01901	0.01451	0.01960	0.01247	0.01767	0.00987	0.00652	0.00681	0.00217	0.00869	0.00609	0.00319	0.00901
43	0.00859	0.00640	0.00806	0.00922	0.01021	0.00587	0.00657	0.01017	0.01413	0.01831	0.06575	0.50809	0.19665	0.02001	0.00864	0.00269	0.00407	0.08446	0.00638	0.00571
44	0.01693	0.01626	0.02777	0.04199	0.71689	0.01626	0.02100	0.02100	0.01558	0.02235	0.01287	0.01693	0.01084	0.00610	0.00677	0.00203	0.00813	0.00610	0.00339	0.01084
45	0.01651	0.01583	0.02701	0.11502	0.64712	0.01615	0.02079	0.02063	0.01538	0.02184	0.01279	0.01707	0.01066	0.00617	0.00678	0.00206	0.00823	0.00609	0.00335	0.01050
46	0.01154	0.14094	0.01573	0.01094	0.01341	0.01064	0.06258	0.01371	0.01498	0.03693	0.15342	0.30130	0.13009	0.04205	0.00861	0.00246	0.00511	0.01315	0.00570	0.00671
47	0.00834	0.00595	0.00794	0.00953	0.00992	0.00556	0.00635	0.00953	0.01310	0.01746	0.03771	0.75510	0.04525	0.02143	0.00873	0.00278	0.00397	0.01945	0.00635	0.00556
48	0.01419	0.01216	0.01419	0.01013	0.01621	0.00912	0.00811	0.01723	0.01419	0.02229	0.01216	0.01419	0.01013	0.00507	0.00507	0.00101	0.00507	0.00405	0.00405	0.80139
49	0.01779	0.01803	0.02678	0.14946	0.05399	0.10544	0.25749	0.11500	0.06181	0.02357	0.01572	0.02170	0.01277	0.00782	0.00795	0.00227	0.03652	0.05260	0.00426	0.00900
50	0.01416	0.01406	0.02074	0.65122	0.07443	0.07555	0.01860	0.01846	0.01424	0.01763	0.01206	0.01769	0.00917	0.00682	0.00678	0.00223	0.00935	0.00594	0.00310	0.00777
51	0.53885	0.01387	0.01294	0.12104	0.01936	0.05225	0.00984	0.02192	0.01346	0.12360	0.01240	0.01394	0.00906	0.00675	0.00510	0.00212	0.00632	0.00454	0.00460	0.00805
52	0.13110	0.04383	0.01607	0.01456	0.06346	0.22154	0.01038	0.02312	0.10936	0.04670	0.01527	0.01940	0.01312	0.11106	0.00980	0.00247	0.00778	0.00565	0.00441	0.13090
53	0.02207	0.01211	0.01389	0.01163	0.01548	0.05865	0.00923	0.02746	0.12725	0.35715	0.19502	0.02988	0.02879	0.00984	0.00703	0.00211	0.00542	0.00818	0.04912	0.00971

[dist]
# distance from previous block
# <min> <max>
0	2

[block]
# block no. 7 follows, 31 sequences, length 35
# corresponding to MSA columns:
# 442-476
name=unknown_H
#
# <colnr> <probs for GDERKNQSTAVLIFYWHMCP>
#	G	D	E	R	K	N	Q	S	T	A	V	L	I	F	Y	W	H	M	C	P
0	0.01562	0.01214	0.01372	0.01200	0.01531	0.03096	0.00930	0.12836	0.14950	0.04880	0.02214	0.11180	0.02034	0.07624	0.13104	0.00391	0.00802	0.03552	0.00551	0.14977
1	0.01930	0.01608	0.01568	0.01353	0.01679	0.13470	0.01058	0.12815	0.17960	0.10292	0.16854	0.02716	0.02562	0.04209	0.00944	0.00236	0.06438	0.00779	0.00622	0.00907
2	0.01448	0.02817	0.50891	0.01684	0.02454	0.01481	0.01993	0.09907	0.01571	0.02266	0.01448	0.02026	0.01200	0.14537	0.01176	0.00298	0.00916	0.00609	0.00359	0.00919
3	0.02356	0.27451	0.02494	0.01425	0.01947	0.14141	0.01223	0.26469	0.04021	0.10110	0.01451	0.01485	0.01099	0.00727	0.00590	0.00182	0.00803	0.00513	0.00513	0.01002
4	0.02166	0.01180	0.01416	0.01161	0.01577	0.01149	0.00933	0.12514	0.11502	0.31974	0.11941	0.03325	0.13990	0.01073	0.00724	0.00217	0.00529	0.00886	0.00755	0.00989
5	0.02407	0.01584	0.01897	0.01726	0.09330	0.01675	0.01274	0.33537	0.12431	0.19819	0.02124	0.02258	0.01559	0.00876	0.00700	0.00216	0.00682	0.04107	0.00685	0.01116
6	0.01518	0.02290	0.24339	0.02390	0.03044	0.01758	0.35868	0.02078	0.01453	0.02078	0.01242	0.01656	0.00959	0.00720	0.01039	0.00240	0.15417	0.00676	0.00320	0.00916
7	0.00844	0.00610	0.00781	0.00912	0.00967	0.00566	0.00607	0.00959	0.01309	0.01723	0.03942	0.63491	0.10653	0.07862	0.01071	0.00304	0.00413	0.01824	0.00618	0.00547
8	0.01112	0.00721	0.00903	0.00955	0.01128	0.00652	0.00723	0.01299	0.01505	0.09307	0.04623	0.33756	0.25129	0.01831	0.00846	0.00263	0.00443	0.13506	0.00657	0.00641
9	0.01301	0.04290	0.01363	0.00999	0.01454	0.00926	0.00779	0.01552	0.01344	0.02022	0.01606	0.09629	0.01561	0.07264	0.07053	0.00254	0.00632	0.00644	0.00422	0.54904
10	0.01438	0.01297	0.02011	0.62070	0.04248	0.01587	0.01781	0.07732	0.07188	0.02060	0.01381	0.01868	0.01030	0.00716	0.00685	0.00226	0.00868	0.00622	0.00369	0.00821
11	0.00947	0.00656	0.00817	0.00861	0.00892	0.00664	0.00547	0.01020	0.01100	0.01486	0.02556	0.24087	0.02933	0.43840	0.14018	0.00626	0.00777	0.01219	0.00469	0.00486
12	0.01711	0.00952	0.01024	0.00896	0.01171	0.00981	0.00704	0.13284	0.05374	0.10251	0.02211	0.02375	0.01665	0.00813	0.00546	0.00176	0.00431	0.00646	0.53982	0.00805
13	0.02547	0.02011	0.01948	0.01574	0.02013	0.16852	0.01274	0.35212	0.02460	0.15936	0.01626	0.01666	0.01170	0.00846	0.00856	0.00212	0.09572	0.00590	0.00599	0.01037
14	0.07658	0.01307	0.01973	0.41041	0.14423	0.01523	0.01654	0.08943	0.01547	0.02182	0.01325	0.01831	0.01047	0.01209	0.09248	0.00323	0.00958	0.00605	0.00367	0.00835
15	0.00834	0.00595	0.00794	0.00953	0.00992	0.00556	0.00635	0.00953	0.01310	0.01746	0.03771	0.75510	0.04525	0.02143	0.00873	0.00278	0.00397	0.01945	0.00635	0.00556
16	0.04666	0.02091	0.02855	0.02296	0.05573	0.20838	0.33483	0.07298	0.01800	0.02229	0.01534	0.02257	0.01305	0.00772	0.00743	0.00221	0.01053	0.07705	0.00406	0.00875
17	0.00835	0.00619	0.00779	0.00898	0.00980	0.00564	0.00613	0.00973	0.01387	0.01811	0.07397	0.58846	0.17741	0.02030	0.00858	0.00266	0.00384	0.01815	0.00640	0.00564
18	0.02536	0.01936	0.01930	0.01522	0.02037	0.10334	0.01236	0.47365	0.07073	0.11017	0.01738	0.01714	0.01238	0.00803	0.00670	0.00200	0.00767	0.00603	0.00651	0.04629
19	0.01676	0.09638	0.04730	0.01370	0.01727	0.13777	0.01153	0.07243	0.11936	0.02157	0.02357	0.02945	0.09784	0.03403	0.00949	0.00231	0.09478	0.07952	0.00484	0.07011
20	0.07751	0.14589	0.19327	0.10220	0.05412	0.07386	0.01588	0.01982	0.01383	0.02015	0.01201	0.01525	0.00974	0.00749	0.00839	0.00209	0.12751	0.00512	0.08745	0.00842
21	0.01061	0.00721	0.00876	0.00875	0.01062	0.00646	0.00658	0.01278	0.01630	0.07434	0.23066	0.17981	0.28483	0.04261	0.00916	0.00256	0.00403	0.07084	0.00675	0.00636
22	0.01633	0.00988	0.01230	0.08780	0.01675	0.00983	0.00912	0.06133	0.07123	0.17796	0.11583	0.03932	0.18418	0.01164	0.00721	0.00220	0.00511	0.05140	0.10237	0.00820
23	0.11210	0.20735	0.13960	0.01388	0.01943	0.05604	0.01324	0.10682	0.15762	0.05379	0.01653	0.04709	0.01329	0.00784	0.00593	0.00200	0.00724	0.00587	0.00478	0.00955
24	0.01208	0.00899	0.03247	0.01009	0.01223	0.00806	0.00774	0.05199	0.06038	0.07923	0.17562	0.33489	0.14702	0.01626	0.00806	0.00244	0.00437	0.01428	0.00672	0.00708
25	0.02077	0.00905	0.01113	0.00931	0.01284	0.00808	0.00744	0.02345	0.01713	0.36594	0.03251	0.03120	0.13433	0.00979	0.00637	0.00197	0.00453	0.00798	0.27731	0.00886
26	0.01552	0.03287	0.64895	0.01872	0.02832	0.01527	0.02366	0.02291	0.01499	0.09596	0.01384	0.01538	0.00954	0.00671	0.00654	0.00216	0.00966	0.00525	0.00348	0.01027
27	0.01418	0.01202	0.01547	0.01401	0.01535	0.05105	0.01125	0.01733	0.05533	0.06184	0.01584	0.02169	0.01409	0.03004	0.35735	0.00664	0.26855	0.00671	0.00394	0.00733
28	0.01235	0.00768	0.00996	0.00930	0.01146	0.00699	0.00726	0.01532	0.01858	0.11499	0.48034	0.05196	0.12918	0.01418	0.00806	0.00227	0.00391	0.08179	0.00739	0.00703
29	0.02081	0.00932	0.01182	0.00988	0.01332	0.00853	0.00787	0.02433	0.04260	0.35792	0.17056	0.02985	0.02729	0.00952	0.00655	0.00199	0.00453	0.00793	0.22631	0.00906
30	0.11150	0.01608	0.05302	0.11048	0.24224	0.04539	0.11148	0.05458	0.01603	0.02369	0.08696	0.02014	0.01585	0.00874	0.02943	0.00242	0.03223	0.00667	0.00406	0.00898
31	0.01591	0.01537	0.02637	0.23725	0.33496	0.01632	0.12535	0.03963	0.07857	0.02202	0.01428	0.01832	0.01121	0.00660	0.00702	0.00217	0.00869	0.00656	0.00372	0.00968
32	0.02925	0.01396	0.01731	0.01327	0.01862	0.01349	0.01096	0.23689	0.02346	0.51261	0.02374	0.02117	0.01530	0.00839	0.00687	0.00210	0.00635	0.00666	0.00797	0.01164
33	0.01758	0.02013	0.23016	0.01531	0.02110	0.01498	0.03894	0.06976	0.27183	0.11035	0.02118	0.02230	0.01586	0.05584	0.00852	0.00248	0.00722	0.00682	0.03955	0.01009
34	0.01362	0.01271	0.01869	0.01581	0.01923	0.04272	0.16499	0.01963	0.13131	0.02194	0.07042	0.13955	0.05522	0.01244	0.00845	0.00244	0.03338	0.14227	0.00544	0.06974

[dist]
# distance from previous block
# <min> <max>
0	2

[block]
# block no. 8 follows, 31 sequences, length 25
# corresponding to MSA columns:
# 479-503
name=unknown_I
#
# <colnr> <probs for GDERKNQSTAVLIFYWHMCP>
#	G	D	E	R	K	N	Q	S	T	A	V	L	I	F	Y	W	H	M	C	P
0	0.01026	0.00889	0.00939	0.00969	0.01114	0.06948	0.00703	0.01221	0.01518	0.01945	0.17813	0.29383	0.18723	0.02197	0.11012	0.00362	0.00646	0.01389	0.00597	0.00607
1	0.00839	0.00655	0.00751	0.00807	0.00951	0.00578	0.00569	0.00996	0.01472	0.01860	0.10723	0.32550	0.37923	0.04937	0.00944	0.00265	0.00377	0.01599	0.00636	0.00568
2	0.08466	0.01480	0.01495	0.10698	0.02015	0.09321	0.01094	0.02505	0.28398	0.02383	0.05317	0.02597	0.09435	0.00926	0.00718	0.00213	0.03346	0.00733	0.00538	0.08323
3	0.01801	0.01468	0.01755	0.08016	0.09717	0.01638	0.01254	0.19289	0.30885	0.03031	0.08619	0.02409	0.02043	0.00884	0.00691	0.00217	0.00626	0.00740	0.03901	0.01015
4	0.02612	0.01754	0.02129	0.01614	0.02170	0.01856	0.07153	0.49856	0.02816	0.18193	0.01839	0.01802	0.01262	0.00805	0.00696	0.00209	0.00752	0.00648	0.00689	0.01143
5	0.01601	0.01536	0.02092	0.01775	0.01827	0.02098	0.01478	0.08015	0.01252	0.01897	0.00968	0.01510	0.00923	0.01162	0.02098	0.00291	0.67754	0.00600	0.00336	0.00787
6	0.01292	0.01216	0.02052	0.74312	0.04712	0.01520	0.01900	0.01748	0.01368	0.01748	0.01216	0.01824	0.00912	0.00684	0.00684	0.00228	0.00912	0.00608	0.00304	0.00760
7	0.01412	0.01196	0.01361	0.01115	0.01572	0.01089	0.00864	0.02165	0.21603	0.02341	0.02064	0.13030	0.01863	0.00879	0.00618	0.00166	0.00500	0.00747	0.00525	0.44890
8	0.02137	0.02426	0.01807	0.01627	0.01960	0.39838	0.01249	0.02967	0.27426	0.02115	0.01687	0.01751	0.01333	0.00835	0.00799	0.00209	0.07881	0.00580	0.00476	0.00897
9	0.02446	0.01722	0.01869	0.01455	0.01966	0.01866	0.01195	0.55216	0.05002	0.09945	0.02266	0.02194	0.07840	0.00912	0.00697	0.00209	0.00693	0.00705	0.00694	0.01106
10	0.00873	0.00639	0.00825	0.00931	0.01023	0.00591	0.00660	0.01045	0.01458	0.01936	0.14469	0.50674	0.13140	0.01958	0.00861	0.00265	0.00398	0.07024	0.00653	0.00578
11	0.02796	0.01084	0.01443	0.01129	0.01602	0.00950	0.00925	0.03069	0.01878	0.61565	0.02628	0.02362	0.01703	0.00839	0.00656	0.00204	0.00542	0.00680	0.12859	0.01084
12	0.28771	0.01217	0.01395	0.01112	0.01606	0.01181	0.00918	0.02897	0.01696	0.49314	0.02122	0.01926	0.01379	0.00777	0.00600	0.00212	0.00565	0.00583	0.00707	0.01024
13	0.53530	0.01267	0.01210	0.01011	0.01472	0.01349	0.00834	0.02475	0.01443	0.27303	0.01565	0.01538	0.01075	0.00709	0.00516	0.00212	0.00548	0.00482	0.00572	0.00889
14	0.02197	0.01129	0.01371	0.01113	0.01533	0.01059	0.00898	0.12629	0.04330	0.35697	0.09169	0.03559	0.20085	0.01120	0.00729	0.00217	0.00525	0.00920	0.00755	0.00968
15	0.00811	0.00685	0.00701	0.00714	0.00930	0.00576	0.00529	0.00979	0.01539	0.01840	0.06676	0.12139	0.66020	0.01766	0.00814	0.00235	0.00351	0.01484	0.00635	0.00576
16	0.01093	0.00812	0.01139	0.01093	0.01151	0.00961	0.00813	0.01184	0.01036	0.01477	0.01665	0.02820	0.01684	0.20206	0.35808	0.12941	0.12472	0.00751	0.00357	0.00539
17	0.00916	0.00636	0.00797	0.00893	0.00925	0.00614	0.00581	0.01002	0.01205	0.01602	0.03124	0.42745	0.03681	0.31191	0.01906	0.00432	0.00518	0.06178	0.00548	0.00505
