[name]
unknown

[dist]
# distance from previous block
# <min> <max>
0	461

[block]
# block no. 0 follows, 24 sequences, length 205
# corresponding to MSA columns:
# 461-508,514-670
name=unknown_A
#
# <colnr> <probs for GDERKNQSTAVLIFYWHMCP>
#	G	D	E	R	K	N	Q	S	T	A	V	L	I	F	Y	W	H	M	C	P
0	0.01615	0.01078	0.01431	0.01495	0.01754	0.01090	0.01294	0.08308	0.02053	0.07151	0.03887	0.07785	0.04052	0.01979	0.01043	0.00344	0.00741	0.51309	0.00754	0.00837
1	0.02015	0.41230	0.28669	0.01710	0.02574	0.02501	0.01951	0.02530	0.01681	0.06656	0.01366	0.01526	0.01078	0.00728	0.00623	0.00206	0.00961	0.00512	0.00382	0.01100
2	0.02364	0.51537	0.06169	0.01522	0.02171	0.13242	0.01439	0.04942	0.01838	0.06562	0.01304	0.01435	0.01095	0.00734	0.00581	0.00186	0.00941	0.00481	0.00411	0.01044
3	0.02255	0.02283	0.18262	0.01699	0.02427	0.01729	0.01653	0.23372	0.02387	0.10605	0.01846	0.02010	0.01363	0.01350	0.07803	0.00325	0.00997	0.00657	0.00598	0.16379
4	0.01586	0.16072	0.25775	0.01588	0.02270	0.01772	0.01707	0.02382	0.10953	0.02595	0.15282	0.03250	0.09428	0.01089	0.00769	0.00239	0.00792	0.00882	0.00552	0.01017
5	0.20844	0.01874	0.01859	0.18426	0.02812	0.12026	0.01420	0.06512	0.13511	0.07384	0.04604	0.02151	0.01608	0.00892	0.00715	0.00248	0.00860	0.00680	0.00570	0.01004
6	0.06754	0.01418	0.02295	0.65456	0.05191	0.01763	0.02110	0.02047	0.01569	0.02132	0.01388	0.02057	0.01043	0.00789	0.00772	0.00263	0.01026	0.00686	0.00362	0.00879
7	0.01230	0.00772	0.00958	0.01016	0.01080	0.00737	0.00649	0.01317	0.01403	0.06332	0.03429	0.36490	0.03939	0.34227	0.02380	0.00521	0.00616	0.01650	0.00636	0.00618
8	0.01228	0.00854	0.01127	0.01240	0.05565	0.00882	0.00739	0.01282	0.01210	0.01654	0.02238	0.04264	0.02435	0.46775	0.16718	0.08718	0.01044	0.01014	0.00449	0.00565
9	0.01623	0.01537	0.02605	0.52635	0.22073	0.01795	0.02265	0.02136	0.01645	0.02178	0.01432	0.02073	0.01111	0.00770	0.00791	0.00257	0.01026	0.00705	0.00363	0.00982
10	0.02323	0.00987	0.01186	0.01012	0.01371	0.00912	0.00803	0.02667	0.01909	0.29275	0.02807	0.02852	0.02004	0.00947	0.00653	0.00209	0.00494	0.00763	0.45837	0.00987
11	0.01640	0.01405	0.02341	0.65481	0.05225	0.01721	0.02131	0.02153	0.01633	0.06556	0.01528	0.02154	0.01120	0.00806	0.00793	0.00263	0.01031	0.00711	0.00396	0.00913
12	0.01738	0.01642	0.02713	0.36298	0.32801	0.01831	0.02240	0.02359	0.06108	0.02367	0.01571	0.02105	0.01240	0.00774	0.00790	0.00252	0.00976	0.00719	0.00402	0.01074
13	0.01903	0.01634	0.01733	0.01579	0.01999	0.01881	0.01219	0.03999	0.61324	0.03228	0.03306	0.07692	0.02615	0.01173	0.00821	0.00273	0.00616	0.00990	0.00802	0.01213
14	0.01481	0.00939	0.00878	0.00900	0.01073	0.05423	0.00657	0.01794	0.01675	0.02705	0.02840	0.16194	0.02587	0.01220	0.00654	0.00213	0.00460	0.01018	0.56555	0.00733
15	0.01470	0.00787	0.00809	0.00777	0.00986	0.00763	0.00576	0.01817	0.01631	0.02846	0.02500	0.02999	0.02024	0.05154	0.00765	0.00215	0.00408	0.00745	0.66746	0.05980
16	0.01623	0.13664	0.54263	0.02051	0.03075	0.01944	0.02554	0.02395	0.01654	0.02385	0.01580	0.06439	0.01299	0.00862	0.00736	0.00244	0.01077	0.00678	0.00363	0.01113
17	0.01267	0.00906	0.01263	0.01428	0.01611	0.00901	0.01241	0.01633	0.01854	0.02429	0.08512	0.08737	0.04765	0.02151	0.01084	0.00357	0.00706	0.57682	0.00740	0.00731
18	0.00988	0.00705	0.00945	0.01129	0.01184	0.00663	0.00773	0.01141	0.01539	0.02048	0.04359	0.67293	0.05198	0.02464	0.01018	0.00325	0.00479	0.06363	0.00736	0.00650
19	0.01609	0.03601	0.54362	0.02360	0.03411	0.01801	0.11593	0.02456	0.01713	0.02506	0.01640	0.02242	0.01278	0.00840	0.00803	0.00261	0.01165	0.04860	0.00372	0.01127
20	0.02179	0.63465	0.03898	0.01410	0.02038	0.02971	0.01371	0.02431	0.01623	0.05803	0.01219	0.01389	0.01076	0.00745	0.00670	0.00186	0.05652	0.00465	0.00378	0.01027
21	0.01498	0.01409	0.02378	0.70226	0.05462	0.01762	0.02202	0.02026	0.01586	0.02026	0.01409	0.02114	0.01057	0.00793	0.00793	0.00264	0.01057	0.00705	0.00352	0.00881
22	0.77733	0.01534	0.01166	0.01043	0.01534	0.01779	0.00859	0.02331	0.01350	0.03558	0.01104	0.01288	0.00859	0.00736	0.00491	0.00245	0.00613	0.00429	0.00491	0.00859
23	0.01133	0.00850	0.01274	0.01274	0.01416	0.00991	0.00991	0.01416	0.01274	0.01841	0.02124	0.03115	0.01982	0.05947	0.68989	0.01274	0.02124	0.00850	0.00425	0.00708
24	0.01005	0.00774	0.00841	0.00872	0.01025	0.00694	0.00590	0.01137	0.01569	0.01947	0.05811	0.17701	0.37930	0.22423	0.01848	0.00422	0.00518	0.01620	0.00662	0.00610
25	0.01026	0.00795	0.00935	0.00925	0.01132	0.00703	0.00684	0.01300	0.01979	0.02610	0.34808	0.13688	0.32803	0.01880	0.00944	0.00265	0.00395	0.01625	0.00800	0.00703
26	0.02322	0.01825	0.02004	0.01536	0.02172	0.01832	0.01246	0.31131	0.11609	0.03799	0.01893	0.01949	0.01430	0.00824	0.00713	0.00194	0.00724	0.00642	0.00666	0.31489
27	0.05499	0.01853	0.02132	0.01662	0.02237	0.08482	0.07715	0.19083	0.02442	0.17069	0.04779	0.02713	0.08333	0.00987	0.00780	0.00226	0.00820	0.00812	0.00693	0.11682
28	0.01777	0.01913	0.03773	0.16575	0.06550	0.02025	0.38630	0.02324	0.01698	0.02330	0.01464	0.02057	0.01148	0.00819	0.01189	0.00279	0.13225	0.00839	0.00382	0.01004
29	0.01693	0.17415	0.55611	0.02085	0.03161	0.02094	0.02624	0.02485	0.01662	0.02386	0.01361	0.01596	0.01007	0.00739	0.00706	0.00235	0.01109	0.00554	0.00336	0.01142
30	0.01901	0.01821	0.03107	0.13526	0.59008	0.01868	0.02403	0.02380	0.01776	0.02516	0.01481	0.01983	0.01230	0.00718	0.00786	0.00239	0.00957	0.00706	0.00387	0.01206
31	0.01700	0.05092	0.11707	0.01570	0.01931	0.19816	0.01337	0.02064	0.04301	0.02120	0.02872	0.35924	0.03145	0.01629	0.00862	0.00270	0.00859	0.01389	0.00571	0.00840
32	0.01590	0.04102	0.68023	0.02260	0.03432	0.01842	0.02930	0.02511	0.01674	0.02511	0.01423	0.01674	0.01005	0.00753	0.00753	0.00251	0.01172	0.00586	0.00335	0.01172
33	0.02484	0.13091	0.02419	0.01728	0.02244	0.20088	0.03954	0.09641	0.20473	0.09485	0.02357	0.02321	0.04400	0.00946	0.00745	0.00231	0.00927	0.00727	0.00625	0.01115
34	0.01176	0.00759	0.00916	0.00924	0.00934	0.00765	0.00552	0.01150	0.01159	0.01554	0.02397	0.07533	0.02716	0.55253	0.07652	0.11671	0.00825	0.01116	0.00469	0.00482
35	0.03045	0.01929	0.02086	0.01637	0.02235	0.11183	0.03350	0.16576	0.04811	0.33612	0.02369	0.02229	0.01606	0.00904	0.00768	0.00226	0.00836	0.00713	0.00781	0.09105
36	0.01939	0.17440	0.32647	0.01843	0.02682	0.02097	0.02038	0.03028	0.18647	0.07180	0.01954	0.02003	0.01449	0.00839	0.00720	0.00239	0.00926	0.00649	0.00506	0.01175
37	0.01153	0.00769	0.00865	0.00865	0.00865	0.00769	0.00480	0.01153	0.01153	0.01538	0.02499	0.05189	0.02883	0.72131	0.04036	0.00769	0.00769	0.01153	0.00480	0.00480
38	0.01750	0.01600	0.02591	0.03752	0.46466	0.01612	0.01990	0.02284	0.06175	0.02537	0.02303	0.12715	0.02249	0.01140	0.00851	0.00264	0.00830	0.07271	0.00505	0.01114
39	0.02205	0.02500	0.24682	0.09409	0.07140	0.01745	0.13159	0.05450	0.01927	0.18658	0.01886	0.02084	0.01313	0.00827	0.00869	0.00256	0.03460	0.00729	0.00532	0.01170
40	0.01628	0.01426	0.02439	0.53896	0.07379	0.01670	0.06399	0.02124	0.01651	0.06010	0.01738	0.07035	0.01424	0.00911	0.00818	0.00266	0.01007	0.00836	0.00422	0.00921
41	0.01147	0.00792	0.00984	0.00984	0.01025	0.00833	0.00629	0.01229	0.01188	0.01626	0.02390	0.04588	0.02622	0.52939	0.22872	0.00915	0.01162	0.01065	0.00464	0.00546
42	0.01786	0.10874	0.47717	0.02411	0.07636	0.06618	0.07214	0.02539	0.01731	0.02413	0.01394	0.01670	0.01039	0.00740	0.00741	0.00240	0.01153	0.00598	0.00349	0.01137
43	0.01850	0.06787	0.27720	0.01928	0.02651	0.01802	0.06244	0.16640	0.02156	0.02969	0.02251	0.12467	0.02092	0.01193	0.00835	0.00267	0.00945	0.07585	0.00547	0.01073
44	0.02186	0.02129	0.01907	0.01712	0.01966	0.25271	0.01343	0.02424	0.01730	0.08780	0.01692	0.02154	0.01430	0.02286	0.18644	0.00514	0.17257	0.00683	0.05005	0.00887
45	0.01955	0.25338	0.28718	0.02162	0.03028	0.09230	0.14215	0.02541	0.01752	0.02254	0.01337	0.01612	0.01049	0.00720	0.00708	0.00224	0.01128	0.00595	0.00357	0.01077
46	0.01715	0.01563	0.02654	0.28307	0.30570	0.01684	0.06345	0.02207	0.01709	0.02431	0.01626	0.02173	0.01290	0.00767	0.00765	0.00241	0.00930	0.00726	0.11267	0.01031
47	0.01685	0.01552	0.01753	0.01565	0.01872	0.10867	0.07568	0.09919	0.04550	0.02712	0.13966	0.26444	0.06621	0.01629	0.00913	0.00274	0.00743	0.03816	0.00688	0.00864
48	0.01498	0.01409	0.02378	0.70226	0.05462	0.01762	0.02202	0.02026	0.01586	0.02026	0.01409	0.02114	0.01057	0.00793	0.00793	0.00264	0.01057	0.00705	0.00352	0.00881
49	0.10782	0.02098	0.02222	0.01719	0.02337	0.02311	0.01420	0.54476	0.03395	0.08596	0.01894	0.01888	0.01335	0.00931	0.00762	0.00239	0.00834	0.00689	0.00773	0.01298
50	0.01699	0.01651	0.02910	0.40444	0.26911	0.01830	0.08713	0.02222	0.01692	0.02277	0.01458	0.02064	0.01142	0.00750	0.00805	0.00255	0.01046	0.00729	0.00371	0.01032
51	0.01278	0.00913	0.01278	0.01460	0.01643	0.00913	0.01278	0.01643	0.01825	0.02373	0.04199	0.08945	0.04564	0.02191	0.01095	0.00365	0.00730	0.61847	0.00730	0.00730
52	0.01148	0.00875	0.01086	0.01180	0.01322	0.00855	0.00821	0.01594	0.10548	0.02239	0.04033	0.57791	0.04605	0.02173	0.00958	0.00302	0.00491	0.01957	0.00730	0.05290
53	0.01021	0.00756	0.00966	0.01113	0.01230	0.00701	0.00815	0.01216	0.01636	0.02116	0.05070	0.46627	0.17448	0.02332	0.01013	0.00320	0.00501	0.13719	0.00735	0.00666
54	0.01037	0.00795	0.00950	0.00936	0.01139	0.00708	0.00693	0.01322	0.02007	0.02674	0.38435	0.13360	0.29363	0.01855	0.00944	0.00264	0.00393	0.01608	0.00808	0.00708
55	0.10920	0.01439	0.01761	0.01413	0.01981	0.01391	0.01152	0.03776	0.14883	0.48194	0.02939	0.02605	0.01940	0.00975	0.00768	0.00250	0.00659	0.00779	0.00896	0.01280
56	0.02923	0.02133	0.02282	0.01760	0.02367	0.02356	0.01450	0.60796	0.03605	0.04876	0.01945	0.01967	0.01389	0.00950	0.00779	0.00235	0.00843	0.00715	0.05318	0.01312
57	0.01501	0.01433	0.02180	0.01904	0.02015	0.01783	0.08399	0.01727	0.01405	0.02034	0.02234	0.22952	0.02466	0.01670	0.01877	0.00331	0.38962	0.03824	0.00486	0.00817
58	0.01810	0.01728	0.02943	0.26298	0.46946	0.01844	0.02358	0.02300	0.01733	0.02406	0.01465	0.02012	0.01191	0.00735	0.00788	0.00245	0.00980	0.00706	0.00379	0.01133
59	0.02286	0.04624	0.02483	0.01952	0.02466	0.15743	0.13516	0.05482	0.22149	0.09878	0.08922	0.02661	0.02277	0.00970	0.00814	0.00246	0.00928	0.00845	0.00654	0.01102
60	0.02328	0.62316	0.03821	0.01365	0.02034	0.02853	0.01329	0.02590	0.01706	0.11380	0.01395	0.01478	0.01154	0.00722	0.00551	0.00181	0.00823	0.00478	0.00432	0.01066
61	0.02200	0.01959	0.09383	0.02200	0.09259	0.01583	0.13715	0.09503	0.02049	0.14129	0.01810	0.01988	0.01327	0.00741	0.00752	0.00208	0.00877	0.00681	0.00559	0.25077
62	0.02297	0.17747	0.19029	0.01864	0.02551	0.20755	0.01800	0.09821	0.11886	0.02619	0.01632	0.01745	0.01268	0.00827	0.00704	0.00222	0.01059	0.00593	0.00480	0.01102
63	0.02551	0.05705	0.02755	0.02771	0.18985	0.30580	0.08196	0.03025	0.06472	0.08975	0.01660	0.01867	0.01293	0.00802	0.00762	0.00226	0.01139	0.00657	0.00487	0.01092
64	0.01824	0.01743	0.02969	0.24317	0.48817	0.01848	0.02365	0.02312	0.01740	0.02423	0.01467	0.02008	0.01197	0.00732	0.00787	0.00244	0.00976	0.00706	0.00381	0.01144
65	0.00973	0.00768	0.00877	0.00926	0.01112	0.00673	0.00666	0.01178	0.01778	0.02252	0.15184	0.27690	0.38908	0.02105	0.00961	0.00282	0.00416	0.01824	0.00756	0.00673
66	0.00947	0.00764	0.00844	0.00909	0.01099	0.00661	0.00649	0.01126	0.01706	0.02101	0.06750	0.30050	0.45273	0.02175	0.00963	0.00287	0.00422	0.01877	0.00736	0.00661
67	0.01191	0.00797	0.00998	0.00947	0.01134	0.00746	0.00711	0.01565	0.02132	0.03137	0.54294	0.05347	0.06423	0.01486	0.00861	0.00237	0.00373	0.01299	0.15577	0.00746
68	0.01134	0.00847	0.01259	0.01259	0.01395	0.00983	0.00972	0.01406	0.01270	0.01829	0.02138	0.03195	0.02017	0.08481	0.66502	0.01255	0.02072	0.00861	0.00427	0.00699
69	0.01153	0.00769	0.00865	0.00865	0.00865	0.00769	0.00480	0.01153	0.01153	0.01538	0.02499	0.05189	0.02883	0.72131	0.04036	0.00769	0.00769	0.01153	0.00480	0.00480
70	0.03185	0.01370	0.01795	0.01400	0.01960	0.01245	0.01147	0.09838	0.02417	0.52840	0.11281	0.03036	0.02617	0.01062	0.00815	0.00245	0.00656	0.00872	0.00948	0.01271
71	0.02120	0.72609	0.04155	0.01357	0.02035	0.03138	0.01357	0.02374	0.01611	0.01866	0.01102	0.01272	0.01018	0.00678	0.00509	0.00170	0.00848	0.00424	0.00339	0.01018
72	0.01622	0.08194	0.64208	0.02206	0.03349	0.01919	0.02836	0.02503	0.01670	0.02473	0.01404	0.01650	0.01005	0.00749	0.00739	0.00246	0.01153	0.00576	0.00335	0.01163
73	0.01957	0.01606	0.01822	0.01689	0.06270	0.01716	0.01238	0.15020	0.30063	0.03419	0.11270	0.03265	0.07181	0.01113	0.00806	0.00242	0.00643	0.00929	0.00745	0.09006
74	0.01944	0.01865	0.03185	0.07457	0.64739	0.01879	0.02424	0.02418	0.01797	0.02568	0.01488	0.01969	0.01248	0.00710	0.00785	0.00237	0.00947	0.00706	0.00391	0.01241
75	0.01963	0.01884	0.03219	0.04867	0.67185	0.01884	0.02434	0.02434	0.01806	0.02591	0.01492	0.01963	0.01256	0.00707	0.00785	0.00236	0.00942	0.00707	0.00393	0.01256
76	0.01972	0.01703	0.01793	0.01614	0.02062	0.01972	0.01255	0.04214	0.65752	0.03317	0.03228	0.02959	0.02421	0.01076	0.00807	0.00269	0.00628	0.00897	0.00807	0.01255
77	0.77733	0.01534	0.01166	0.01043	0.01534	0.01779	0.00859	0.02331	0.01350	0.03558	0.01104	0.01288	0.00859	0.00736	0.00491	0.00245	0.00613	0.00429	0.00491	0.00859
78	0.01122	0.00811	0.01060	0.00998	0.01185	0.00748	0.00748	0.01496	0.02245	0.03180	0.66766	0.05923	0.07482	0.01621	0.00935	0.00249	0.00374	0.01434	0.00873	0.00748
79	0.01914	0.01835	0.03132	0.11634	0.60795	0.01871	0.02410	0.02391	0.01783	0.02532	0.01483	0.01978	0.01235	0.00715	0.00786	0.00238	0.00954	0.00706	0.00388	0.01217
80	0.01644	0.01409	0.01644	0.01175	0.01879	0.01057	0.00940	0.01997	0.01644	0.02584	0.01409	0.01644	0.01175	0.00587	0.00587	0.00117	0.00587	0.00470	0.00470	0.76979
81	0.00943	0.00781	0.00827	0.00864	0.01087	0.00664	0.00629	0.01131	0.01750	0.02119	0.07300	0.20440	0.54528	0.02104	0.00952	0.00279	0.00413	0.01790	0.00736	0.00664
82	0.01546	0.01459	0.02465	0.63459	0.11852	0.01774	0.02226	0.02068	0.01608	0.02085	0.01418	0.02098	0.01078	0.00784	0.00792	0.00261	0.01045	0.00705	0.00357	0.00920
83	0.01725	0.21507	0.51796	0.02031	0.03077	0.02171	0.02530	0.02477	0.01658	0.02347	0.01342	0.01572	0.01008	0.00734	0.00691	0.00230	0.01090	0.00545	0.00336	0.01133
84	0.00961	0.00712	0.00897	0.01046	0.01135	0.00649	0.00710	0.01111	0.01574	0.02047	0.05082	0.59180	0.17219	0.02392	0.00998	0.00311	0.00449	0.02141	0.00736	0.00649
85	0.01915	0.01584	0.01711	0.01516	0.01933	0.01785	0.01183	0.09931	0.46989	0.03464	0.15438	0.03426	0.03293	0.01169	0.00830	0.00262	0.00604	0.00982	0.00818	0.01166
86	0.01645	0.11194	0.61411	0.02167	0.03287	0.01976	0.02767	0.02497	0.01668	0.02444	0.01390	0.01633	0.01006	0.00746	0.00728	0.00243	0.01138	0.00569	0.00335	0.01156
87	0.01777	0.01684	0.02798	0.30785	0.38635	0.01841	0.02271	0.02377	0.05538	0.02409	0.01562	0.02083	0.01246	0.00763	0.00789	0.00249	0.00969	0.00717	0.00401	0.01106
88	0.01278	0.00913	0.01278	0.01460	0.01643	0.00913	0.01278	0.01643	0.01825	0.02373	0.04199	0.08945	0.04564	0.02191	0.01095	0.00365	0.00730	0.61847	0.00730	0.00730
89	0.01799	0.31129	0.42825	0.01904	0.02881	0.02353	0.02309	0.02457	0.01649	0.02257	0.01297	0.01516	0.01010	0.00724	0.00657	0.00219	0.01044	0.00522	0.00337	0.01111
90	0.01744	0.23968	0.49502	0.01998	0.03027	0.02217	0.02474	0.02472	0.01656	0.02324	0.01330	0.01558	0.01008	0.00732	0.00682	0.00227	0.01078	0.00539	0.00336	0.01127
91	0.01706	0.01662	0.02571	0.24138	0.16181	0.02109	0.02022	0.02051	0.01450	0.02082	0.01247	0.01900	0.01089	0.01064	0.01668	0.00299	0.34754	0.00700	0.00358	0.00949
92	0.13736	0.19774	0.02596	0.01785	0.06034	0.19204	0.01398	0.14008	0.02203	0.10119	0.01529	0.01630	0.01175	0.00807	0.00659	0.00214	0.00952	0.00558	0.00536	0.01081
93	0.00937	0.00803	0.00803	0.00803	0.01071	0.00669	0.00602	0.01138	0.01807	0.02142	0.08033	0.07632	0.66863	0.02008	0.00937	0.00268	0.00402	0.01674	0.00736	0.00669
94	0.01941	0.02002	0.03633	0.02733	0.03230	0.02204	0.35345	0.08732	0.01828	0.02568	0.01433	0.01970	0.01160	0.00956	0.01519	0.00293	0.26179	0.00826	0.00422	0.01026
95	0.01655	0.01493	0.02379	0.63144	0.05151	0.01834	0.02130	0.08498	0.01807	0.02334	0.01461	0.02092	0.01087	0.00809	0.00793	0.00262	0.01038	0.00706	0.00398	0.00929
96	0.03558	0.01350	0.01840	0.01411	0.02024	0.01166	0.01166	0.03865	0.02270	0.67734	0.03128	0.02699	0.01963	0.00981	0.00797	0.00245	0.00675	0.00797	0.00981	0.01350
97	0.00937	0.00803	0.00803	0.00803	0.01071	0.00669	0.00602	0.01138	0.01807	0.02142	0.08033	0.07632	0.66863	0.02008	0.00937	0.00268	0.00402	0.01674	0.00736	0.00669
98	0.00964	0.00697	0.00913	0.01086	0.01145	0.00646	0.00728	0.01106	0.01535	0.02031	0.04589	0.67792	0.08925	0.02456	0.01008	0.00319	0.00457	0.02220	0.00736	0.00646
99	0.01093	0.00809	0.01019	0.00967	0.01167	0.00736	0.00725	0.01440	0.02176	0.03016	0.57487	0.06193	0.16864	0.01682	0.00936	0.00252	0.00378	0.01472	0.00851	0.00736
100	0.02339	0.01767	0.01912	0.01634	0.02135	0.01983	0.01295	0.15901	0.47126	0.10313	0.02960	0.02727	0.02165	0.01042	0.00803	0.00260	0.00680	0.00851	0.00822	0.01283
101	0.01763	0.01960	0.04199	0.05760	0.03887	0.01855	0.55263	0.02371	0.01824	0.02466	0.01883	0.09331	0.01616	0.00861	0.00938	0.00273	0.01235	0.01063	0.00434	0.01018
102	0.02962	0.03779	0.02247	0.02043	0.02451	0.68948	0.01532	0.03166	0.02247	0.01941	0.01226	0.01430	0.01021	0.00817	0.00715	0.00204	0.01430	0.00511	0.00409	0.00919
103	0.01543	0.01166	0.01368	0.01211	0.01511	0.01196	0.00938	0.12157	0.11389	0.03455	0.44917	0.04919	0.08131	0.01451	0.00894	0.00251	0.00492	0.01251	0.00845	0.00914
104	0.00998	0.00713	0.00957	0.01141	0.01201	0.00672	0.00792	0.01160	0.01550	0.02060	0.04353	0.65126	0.05174	0.02454	0.01021	0.00327	0.00488	0.08424	0.00735	0.00653
105	0.01972	0.01703	0.01793	0.01614	0.02062	0.01972	0.01255	0.04214	0.65752	0.03317	0.03228	0.02959	0.02421	0.01076	0.00807	0.00269	0.00628	0.00897	0.00807	0.01255
106	0.02672	0.01410	0.01772	0.01320	0.01975	0.01166	0.01077	0.05344	0.02043	0.35891	0.02305	0.02192	0.01583	0.00802	0.00702	0.00187	0.00643	0.00646	0.00743	0.35526
107	0.01266	0.00957	0.01169	0.01101	0.01101	0.01091	0.00724	0.01300	0.01165	0.01610	0.02215	0.04518	0.02525	0.58383	0.03757	0.00687	0.14355	0.01064	0.00455	0.00556
108	0.03558	0.01350	0.01840	0.01411	0.02024	0.01166	0.01166	0.03865	0.02270	0.67734	0.03128	0.02699	0.01963	0.00981	0.00797	0.00245	0.00675	0.00797	0.00981	0.01350
109	0.01810	0.01749	0.03040	0.25470	0.43876	0.01853	0.06056	0.02311	0.01740	0.02409	0.01472	0.02021	0.01190	0.00732	0.00797	0.00247	0.01002	0.00720	0.00380	0.01126
110	0.02041	0.44464	0.05997	0.01438	0.01998	0.13362	0.01335	0.02339	0.01841	0.02161	0.13897	0.02219	0.02274	0.00888	0.00636	0.00194	0.00865	0.00641	0.00454	0.00956
111	0.03558	0.01350	0.01840	0.01411	0.02024	0.01166	0.01166	0.03865	0.02270	0.67734	0.03128	0.02699	0.01963	0.00981	0.00797	0.00245	0.00675	0.00797	0.00981	0.01350
112	0.00937	0.00803	0.00803	0.00803	0.01071	0.00669	0.00602	0.01138	0.01807	0.02142	0.08033	0.07632	0.66863	0.02008	0.00937	0.00268	0.00402	0.01674	0.00736	0.00669
113	0.02037	0.01422	0.01857	0.02105	0.14835	0.04003	0.01373	0.11292	0.02102	0.13953	0.03069	0.23738	0.03044	0.01536	0.00898	0.00281	0.00732	0.10006	0.00704	0.01015
114	0.01693	0.17415	0.55611	0.02085	0.03161	0.02094	0.02624	0.02485	0.01662	0.02386	0.01361	0.01596	0.01007	0.00739	0.00706	0.00235	0.01109	0.00554	0.00336	0.01142
115	0.03290	0.01281	0.01745	0.01379	0.01934	0.01112	0.01121	0.03579	0.02192	0.60931	0.03257	0.09834	0.02303	0.01137	0.00820	0.00253	0.00653	0.00948	0.00956	0.01276
116	0.03280	0.01330	0.01801	0.01412	0.01976	0.01197	0.01160	0.05928	0.02220	0.58337	0.02975	0.02713	0.01941	0.01507	0.08036	0.00354	0.00836	0.00800	0.00915	0.01281
117	0.01644	0.01409	0.01644	0.01175	0.01879	0.01057	0.00940	0.01997	0.01644	0.02584	0.01409	0.01644	0.01175	0.00587	0.00587	0.00117	0.00587	0.00470	0.00470	0.76979
118	0.01685	0.01637	0.02886	0.42347	0.25114	0.01826	0.08706	0.02210	0.01686	0.02260	0.01456	0.02068	0.01136	0.00752	0.00805	0.00255	0.01049	0.00729	0.00370	0.01021
119	0.02066	0.02294	0.02371	0.09125	0.02539	0.21650	0.01725	0.02285	0.01552	0.01930	0.01133	0.01686	0.01037	0.01161	0.01868	0.00297	0.43390	0.00642	0.00365	0.00884
120	0.01058	0.00909	0.01063	0.01027	0.01243	0.00914	0.00795	0.01272	0.01642	0.02059	0.06161	0.06143	0.47440	0.02710	0.14335	0.00472	0.08012	0.01412	0.00636	0.00697
121	0.00937	0.00803	0.00803	0.00803	0.01071	0.00669	0.00602	0.01138	0.01807	0.02142	0.08033	0.07632	0.66863	0.02008	0.00937	0.00268	0.00402	0.01674	0.00736	0.00669
122	0.01590	0.04102	0.68023	0.02260	0.03432	0.01842	0.02930	0.02511	0.01674	0.02511	0.01423	0.01674	0.01005	0.00753	0.00753	0.00251	0.01172	0.00586	0.00335	0.01172
123	0.02657	0.02971	0.02105	0.01868	0.02274	0.44306	0.01434	0.14792	0.02367	0.02518	0.01512	0.01813	0.01251	0.01728	0.12506	0.00395	0.01441	0.00609	0.00486	0.00966
124	0.01153	0.00769	0.00865	0.00865	0.00865	0.00769	0.00480	0.01153	0.01153	0.01538	0.02499	0.05189	0.02883	0.72131	0.04036	0.00769	0.00769	0.01153	0.00480	0.00480
125	0.01123	0.00802	0.01100	0.01283	0.01398	0.00779	0.01009	0.01375	0.01673	0.02200	0.04284	0.40088	0.04902	0.02337	0.01054	0.00344	0.00596	0.32233	0.00733	0.00687
126	0.01697	0.17816	0.55237	0.02079	0.03152	0.02101	0.02615	0.02484	0.01662	0.02382	0.01359	0.01594	0.01007	0.00738	0.00704	0.00235	0.01107	0.00554	0.00336	0.01141
127	0.02550	0.02180	0.02011	0.01721	0.02218	0.15008	0.01353	0.16761	0.33692	0.10075	0.02548	0.02411	0.01874	0.00990	0.00785	0.00247	0.00840	0.00773	0.00745	0.01219
128	0.01590	0.04102	0.68023	0.02260	0.03432	0.01842	0.02930	0.02511	0.01674	0.02511	0.01423	0.01674	0.01005	0.00753	0.00753	0.00251	0.01172	0.00586	0.00335	0.01172
129	0.00966	0.00690	0.00920	0.01104	0.01150	0.00644	0.00736	0.01104	0.01518	0.02024	0.04371	0.71614	0.05245	0.02484	0.01012	0.00322	0.00460	0.02254	0.00736	0.00644
130	0.00966	0.00690	0.00920	0.01104	0.01150	0.00644	0.00736	0.01104	0.01518	0.02024	0.04371	0.71614	0.05245	0.02484	0.01012	0.00322	0.00460	0.02254	0.00736	0.00644
131	0.01122	0.00811	0.01060	0.00998	0.01185	0.00748	0.00748	0.01496	0.02245	0.03180	0.66766	0.05923	0.07482	0.01621	0.00935	0.00249	0.00374	0.01434	0.00873	0.00748
132	0.02962	0.03779	0.02247	0.02043	0.02451	0.68948	0.01532	0.03166	0.02247	0.01941	0.01226	0.01430	0.01021	0.00817	0.00715	0.00204	0.01430	0.00511	0.00409	0.00919
133	0.00937	0.00803	0.00803	0.00803	0.01071	0.00669	0.00602	0.01138	0.01807	0.02142	0.08033	0.07632	0.66863	0.02008	0.00937	0.00268	0.00402	0.01674	0.00736	0.00669
134	0.01972	0.01703	0.01793	0.01614	0.02062	0.01972	0.01255	0.04214	0.65752	0.03317	0.03228	0.02959	0.02421	0.01076	0.00807	0.00269	0.00628	0.00897	0.00807	0.01255
135	0.01859	0.01778	0.03031	0.19442	0.53421	0.01857	0.02382	0.02343	0.01757	0.02465	0.01473	0.01996	0.01212	0.00726	0.00787	0.00242	0.00968	0.00706	0.00384	0.01172
136	0.01735	0.01735	0.02429	0.02082	0.02082	0.02429	0.01735	0.01908	0.01214	0.01908	0.01041	0.01735	0.01041	0.01388	0.02602	0.00347	0.70680	0.00694	0.00347	0.00867
137	0.01610	0.06594	0.65699	0.02227	0.03381	0.01889	0.02873	0.02506	0.01672	0.02488	0.01411	0.01660	0.01005	0.00751	0.00744	0.00248	0.01160	0.00580	0.00335	0.01166
138	0.00966	0.00690	0.00920	0.01104	0.01150	0.00644	0.00736	0.01104	0.01518	0.02024	0.04371	0.71614	0.05245	0.02484	0.01012	0.00322	0.00460	0.02254	0.00736	0.00644
139	0.01122	0.00811	0.01060	0.00998	0.01185	0.00748	0.00748	0.01496	0.02245	0.03180	0.66766	0.05923	0.07482	0.01621	0.00935	0.00249	0.00374	0.01434	0.00873	0.00748
140	0.01644	0.01409	0.01644	0.01175	0.01879	0.01057	0.00940	0.01997	0.01644	0.02584	0.01409	0.01644	0.01175	0.00587	0.00587	0.00117	0.00587	0.00470	0.00470	0.76979
141	0.01858	0.01792	0.03095	0.18937	0.51334	0.01863	0.04844	0.02350	0.01761	0.02467	0.01478	0.02002	0.01211	0.00724	0.00793	0.00243	0.00983	0.00715	0.00384	0.01168
142	0.01735	0.01735	0.02429	0.02082	0.02082	0.02429	0.01735	0.01908	0.01214	0.01908	0.01041	0.01735	0.01041	0.01388	0.02602	0.00347	0.70680	0.00694	0.00347	0.00867
143	0.00986	0.00805	0.00872	0.00855	0.01101	0.00690	0.00641	0.01233	0.01924	0.02418	0.23655	0.07177	0.51069	0.01905	0.00937	0.00263	0.00394	0.01610	0.00773	0.00690
144	0.01513	0.01270	0.01504	0.01161	0.01738	0.00977	0.00900	0.01823	0.01620	0.02475	0.01985	0.15242	0.01966	0.00956	0.00670	0.00157	0.00563	0.00817	0.00522	0.62144
145	0.00966	0.00690	0.00920	0.01104	0.01150	0.00644	0.00736	0.01104	0.01518	0.02024	0.04371	0.71614	0.05245	0.02484	0.01012	0.00322	0.00460	0.02254	0.00736	0.00644
146	0.02345	0.01889	0.02003	0.01689	0.02204	0.02146	0.01345	0.25787	0.43572	0.03918	0.02754	0.02581	0.02037	0.01032	0.00802	0.00258	0.00715	0.00831	0.00802	0.01289
147	0.02238	0.22937	0.02478	0.01487	0.02001	0.11547	0.01283	0.11132	0.02094	0.07570	0.02057	0.02993	0.01843	0.01033	0.00715	0.00220	0.00845	0.11423	0.05096	0.09008
148	0.01873	0.40653	0.33947	0.01778	0.02687	0.02533	0.02091	0.02438	0.01641	0.02167	0.01252	0.01460	0.01012	0.00713	0.00623	0.00208	0.00999	0.00500	0.00337	0.01090
149	0.01612	0.06897	0.65417	0.02223	0.03375	0.01895	0.02866	0.02506	0.01672	0.02485	0.01410	0.01658	0.01005	0.00750	0.00743	0.00248	0.01159	0.00579	0.00335	0.01166
150	0.01963	0.01884	0.03219	0.04867	0.67185	0.01884	0.02434	0.02434	0.01806	0.02591	0.01492	0.01963	0.01256	0.00707	0.00785	0.00236	0.00942	0.00707	0.00393	0.01256
151	0.01893	0.02027	0.10130	0.15219	0.07620	0.01788	0.30566	0.05011	0.01877	0.07652	0.01880	0.07245	0.01524	0.00873	0.00870	0.00264	0.01109	0.00921	0.00472	0.01059
152	0.02432	0.03168	0.09651	0.02364	0.02959	0.37516	0.18175	0.03041	0.08593	0.02299	0.01551	0.01799	0.01211	0.00798	0.00787	0.00232	0.01297	0.00670	0.00440	0.01019
153	0.00966	0.00690	0.00920	0.01104	0.01150	0.00644	0.00736	0.01104	0.01518	0.02024	0.04371	0.71614	0.05245	0.02484	0.01012	0.00322	0.00460	0.02254	0.00736	0.00644
154	0.00966	0.00690	0.00920	0.01104	0.01150	0.00644	0.00736	0.01104	0.01518	0.02024	0.04371	0.71614	0.05245	0.02484	0.01012	0.00322	0.00460	0.02254	0.00736	0.00644
155	0.02231	0.10248	0.09180	0.02620	0.03371	0.08910	0.36673	0.02774	0.01922	0.11742	0.01712	0.02011	0.01256	0.00737	0.00830	0.00245	0.01183	0.00786	0.00473	0.01097
156	0.01586	0.01535	0.02706	0.56363	0.11877	0.01800	0.08656	0.02123	0.01639	0.02139	0.01438	0.02101	0.01093	0.00771	0.00807	0.00262	0.01074	0.00729	0.00362	0.00940
157	0.01133	0.00850	0.01274	0.01274	0.01416	0.00991	0.00991	0.01416	0.01274	0.01841	0.02124	0.03115	0.01982	0.05947	0.68989	0.01274	0.02124	0.00850	0.00425	0.00708
158	0.01864	0.01784	0.03041	0.18720	0.54102	0.01858	0.02385	0.02347	0.01759	0.02471	0.01474	0.01995	0.01214	0.00725	0.00787	0.00242	0.00966	0.00706	0.00384	0.01177
159	0.01038	0.00807	0.00943	0.00909	0.01133	0.00712	0.00682	0.01333	0.02045	0.02706	0.39955	0.06703	0.34589	0.01798	0.00936	0.00258	0.00387	0.01543	0.00811	0.00712
160	0.01914	0.01835	0.03132	0.11634	0.60795	0.01871	0.02410	0.02391	0.01783	0.02532	0.01483	0.01978	0.01235	0.00715	0.00786	0.00238	0.00954	0.00706	0.00388	0.01217
161	0.01645	0.11194	0.61411	0.02167	0.03287	0.01976	0.02767	0.02497	0.01668	0.02444	0.01390	0.01633	0.01006	0.00746	0.00728	0.00243	0.01138	0.00569	0.00335	0.01156
162	0.02332	0.02083	0.01819	0.01563	0.02012	0.17693	0.01223	0.18380	0.14872	0.07605	0.05930	0.03395	0.15312	0.01191	0.00813	0.00243	0.00827	0.00934	0.00709	0.01064
163	0.01828	0.01961	0.04035	0.03453	0.16505	0.01868	0.45394	0.02426	0.01854	0.02533	0.01850	0.02808	0.01562	0.00834	0.00922	0.00271	0.01195	0.07196	0.00433	0.01072
164	0.00958	0.00723	0.00886	0.01017	0.01127	0.00651	0.00697	0.01114	0.01602	0.02058	0.05433	0.53060	0.23113	0.02346	0.00990	0.00306	0.00443	0.02086	0.00736	0.00651
165	0.01644	0.01409	0.01644	0.01175	0.01879	0.01057	0.00940	0.01997	0.01644	0.02584	0.01409	0.01644	0.01175	0.00587	0.00587	0.00117	0.00587	0.00470	0.00470	0.76979
166	0.01498	0.01409	0.02378	0.70226	0.05462	0.01762	0.02202	0.02026	0.01586	0.02026	0.01409	0.02114	0.01057	0.00793	0.00793	0.00264	0.01057	0.00705	0.00352	0.00881
167	0.00937	0.00803	0.00803	0.00803	0.01071	0.00669	0.00602	0.01138	0.01807	0.02142	0.08033	0.07632	0.66863	0.02008	0.00937	0.00268	0.00402	0.01674	0.00736	0.00669
168	0.01778	0.01989	0.04290	0.03111	0.03834	0.01864	0.57724	0.02391	0.01835	0.02487	0.01891	0.09332	0.01622	0.00856	0.00944	0.00273	0.01246	0.01072	0.00436	0.01025
169	0.02279	0.15808	0.02329	0.01474	0.01984	0.01965	0.01241	0.22802	0.02353	0.09798	0.06303	0.02372	0.01871	0.04391	0.08569	0.00356	0.03821	0.00721	0.00621	0.08944
170	0.02906	0.01278	0.01679	0.01349	0.01860	0.01166	0.01091	0.03427	0.08837	0.48142	0.15878	0.03371	0.03115	0.01119	0.00826	0.00249	0.00610	0.00935	0.00942	0.01219
171	0.02120	0.72609	0.04155	0.01357	0.02035	0.03138	0.01357	0.02374	0.01611	0.01866	0.01102	0.01272	0.01018	0.00678	0.00509	0.00170	0.00848	0.00424	0.00339	0.01018
172	0.01644	0.01409	0.01644	0.01175	0.01879	0.01057	0.00940	0.01997	0.01644	0.02584	0.01409	0.01644	0.01175	0.00587	0.00587	0.00117	0.00587	0.00470	0.00470	0.76979
173	0.01122	0.00811	0.01060	0.00998	0.01185	0.00748	0.00748	0.01496	0.02245	0.03180	0.66766	0.05923	0.07482	0.01621	0.00935	0.00249	0.00374	0.01434	0.00873	0.00748
174	0.03083	0.01321	0.01678	0.01321	0.01851	0.01219	0.01080	0.09954	0.02304	0.48053	0.02889	0.02665	0.01911	0.00967	0.00748	0.00232	0.00635	0.00777	0.16086	0.01227
175	0.01498	0.01409	0.02378	0.70226	0.05462	0.01762	0.02202	0.02026	0.01586	0.02026	0.01409	0.02114	0.01057	0.00793	0.00793	0.00264	0.01057	0.00705	0.00352	0.00881
176	0.01133	0.00850	0.01274	0.01274	0.01416	0.00991	0.00991	0.01416	0.01274	0.01841	0.02124	0.03115	0.01982	0.05947	0.68989	0.01274	0.02124	0.00850	0.00425	0.00708
177	0.01153	0.00769	0.00865	0.00865	0.00865	0.00769	0.00480	0.01153	0.01153	0.01538	0.02499	0.05189	0.02883	0.72131	0.04036	0.00769	0.00769	0.01153	0.00480	0.00480
178	0.77733	0.01534	0.01166	0.01043	0.01534	0.01779	0.00859	0.02331	0.01350	0.03558	0.01104	0.01288	0.00859	0.00736	0.00491	0.00245	0.00613	0.00429	0.00491	0.00859
179	0.00966	0.00690	0.00920	0.01104	0.01150	0.00644	0.00736	0.01104	0.01518	0.02024	0.04371	0.71614	0.05245	0.02484	0.01012	0.00322	0.00460	0.02254	0.00736	0.00644
180	0.02896	0.01852	0.02176	0.08774	0.02613	0.01992	0.01462	0.35705	0.09470	0.21253	0.02315	0.02246	0.01592	0.00956	0.00796	0.00246	0.00814	0.00754	0.00799	0.01291
181	0.01816	0.01734	0.02954	0.25487	0.47712	0.01846	0.02361	0.02305	0.01736	0.02413	0.01466	0.02010	0.01193	0.00734	0.00788	0.00245	0.00978	0.00706	0.00380	0.01138
182	0.74628	0.01562	0.01216	0.01075	0.01572	0.01807	0.00886	0.04916	0.01448	0.03618	0.01137	0.01314	0.00879	0.00745	0.00503	0.00245	0.00624	0.00441	0.00503	0.00879
183	0.01872	0.02139	0.04679	0.03342	0.04144	0.02005	0.64305	0.02540	0.01872	0.02540	0.01604	0.02139	0.01203	0.00668	0.00936	0.00267	0.01337	0.00936	0.00401	0.01070
184	0.01122	0.00811	0.01060	0.00998	0.01185	0.00748	0.00748	0.01496	0.02245	0.03180	0.66766	0.05923	0.07482	0.01621	0.00935	0.00249	0.00374	0.01434	0.00873	0.00748
185	0.01122	0.00811	0.01060	0.00998	0.01185	0.00748	0.00748	0.01496	0.02245	0.03180	0.66766	0.05923	0.07482	0.01621	0.00935	0.00249	0.00374	0.01434	0.00873	0.00748
186	0.01963	0.01884	0.03219	0.04867	0.67185	0.01884	0.02434	0.02434	0.01806	0.02591	0.01492	0.01963	0.01256	0.00707	0.00785	0.00236	0.00942	0.00707	0.00393	0.01256
187	0.00937	0.00803	0.00803	0.00803	0.01071	0.00669	0.00602	0.01138	0.01807	0.02142	0.08033	0.07632	0.66863	0.02008	0.00937	0.00268	0.00402	0.01674	0.00736	0.00669
188	0.00937	0.00803	0.00803	0.00803	0.01071	0.00669	0.00602	0.01138	0.01807	0.02142	0.08033	0.07632	0.66863	0.02008	0.00937	0.00268	0.00402	0.01674	0.00736	0.00669
189	0.01498	0.01409	0.02378	0.70226	0.05462	0.01762	0.02202	0.02026	0.01586	0.02026	0.01409	0.02114	0.01057	0.00793	0.00793	0.00264	0.01057	0.00705	0.00352	0.00881
190	0.01644	0.01409	0.01644	0.01175	0.01879	0.01057	0.00940	0.01997	0.01644	0.02584	0.01409	0.01644	0.01175	0.00587	0.00587	0.00117	0.00587	0.00470	0.00470	0.76979
191	0.03014	0.02221	0.02380	0.01825	0.02459	0.02459	0.01507	0.64541	0.03728	0.04998	0.01904	0.01904	0.01349	0.00952	0.00793	0.00238	0.00873	0.00714	0.00793	0.01349
192	0.01590	0.04102	0.68023	0.02260	0.03432	0.01842	0.02930	0.02511	0.01674	0.02511	0.01423	0.01674	0.01005	0.00753	0.00753	0.00251	0.01172	0.00586	0.00335	0.01172
193	0.02080	0.01757	0.01854	0.01636	0.02103	0.02023	0.01281	0.10459	0.59331	0.03491	0.03091	0.02849	0.02310	0.01063	0.00805	0.00266	0.00653	0.00878	0.00805	0.01265
194	0.03558	0.01350	0.01840	0.01411	0.02024	0.01166	0.01166	0.03865	0.02270	0.67734	0.03128	0.02699	0.01963	0.00981	0.00797	0.00245	0.00675	0.00797	0.00981	0.01350
195	0.77733	0.01534	0.01166	0.01043	0.01534	0.01779	0.00859	0.02331	0.01350	0.03558	0.01104	0.01288	0.00859	0.00736	0.00491	0.00245	0.00613	0.00429	0.00491	0.00859
196	0.01498	0.01409	0.02378	0.70226	0.05462	0.01762	0.02202	0.02026	0.01586	0.02026	0.01409	0.02114	0.01057	0.00793	0.00793	0.00264	0.01057	0.00705	0.00352	0.00881
197	0.01135	0.00841	0.01232	0.01232	0.01359	0.00968	0.00938	0.01389	0.01262	0.01809	0.02163	0.03330	0.02076	0.12799	0.62264	0.01222	0.01984	0.00881	0.00431	0.00684
198	0.01122	0.00811	0.01060	0.00998	0.01185	0.00748	0.00748	0.01496	0.02245	0.03180	0.66766	0.05923	0.07482	0.01621	0.00935	0.00249	0.00374	0.01434	0.00873	0.00748
199	0.01972	0.01703	0.01793	0.01614	0.02062	0.01972	0.01255	0.04214	0.65752	0.03317	0.03228	0.02959	0.02421	0.01076	0.00807	0.00269	0.00628	0.00897	0.00807	0.01255
200	0.01138	0.00830	0.01173	0.01173	0.01280	0.00936	0.00865	0.01351	0.01244	0.01766	0.02216	0.03627	0.02205	0.22286	0.52955	0.01150	0.01789	0.00925	0.00439	0.00652
201	0.01498	0.01409	0.02378	0.70226	0.05462	0.01762	0.02202	0.02026	0.01586	0.02026	0.01409	0.02114	0.01057	0.00793	0.00793	0.00264	0.01057	0.00705	0.00352	0.00881
202	0.00980	0.00700	0.00936	0.01120	0.01171	0.00656	0.00759	0.01127	0.01531	0.02039	0.04363	0.68911	0.05215	0.02472	0.01016	0.00324	0.00472	0.04824	0.00736	0.00648
203	0.01175	0.00800	0.01013	0.00960	0.01146	0.00747	0.00720	0.01548	0.02159	0.03147	0.57354	0.05488	0.06683	0.01519	0.00879	0.00240	0.00373	0.01332	0.11969	0.00747
204	0.01213	0.00905	0.01149	0.01084	0.01285	0.00901	0.00814	0.01755	0.08673	0.02986	0.50796	0.05297	0.06197	0.05049	0.08026	0.00379	0.00597	0.01306	0.00803	0.00785

[dist]
# distance from previous block
# <min> <max>
0	0

# created by:
# /home/berkeley/.conda/envs/busco_data_prod/bin/msa2prfl.pl pipeline/OGs_align_augustus/5794/68984.fs
