[name]
unknown

[dist]
# distance from previous block
# <min> <max>
0	830

[block]
# block no. 0 follows, 32 sequences, length 14
# corresponding to MSA columns:
# 904-917
name=unknown_A
#
# <colnr> <probs for GDERKNQSTAVLIFYWHMCP>
#	G	D	E	R	K	N	Q	S	T	A	V	L	I	F	Y	W	H	M	C	P
0	0.01525	0.01277	0.01216	0.01191	0.01436	0.15469	0.00963	0.01783	0.01714	0.09973	0.14427	0.05125	0.12742	0.01405	0.00793	0.00243	0.00645	0.26761	0.00607	0.00705
1	0.02474	0.02074	0.01925	0.01550	0.02032	0.16456	0.01247	0.47293	0.09468	0.06279	0.01645	0.01644	0.01194	0.00794	0.00659	0.00198	0.00807	0.00587	0.00613	0.01060
2	0.23313	0.01560	0.01541	0.09053	0.13889	0.14367	0.01133	0.02003	0.06402	0.02133	0.01404	0.02049	0.01268	0.15954	0.01143	0.00292	0.00757	0.00592	0.00394	0.00755
3	0.01656	0.34845	0.36187	0.01548	0.02316	0.02081	0.01790	0.08690	0.01563	0.02095	0.01127	0.01289	0.00883	0.00627	0.00552	0.00182	0.00849	0.00447	0.00323	0.00950
4	0.00840	0.00605	0.00768	0.00882	0.00937	0.00564	0.00585	0.00954	0.01291	0.01705	0.06274	0.57865	0.10500	0.11477	0.01173	0.00314	0.00415	0.01718	0.00600	0.00533
5	0.00952	0.00666	0.00850	0.00864	0.00913	0.00694	0.00572	0.01054	0.01092	0.01500	0.06051	0.11839	0.02648	0.42664	0.24040	0.00712	0.00946	0.01015	0.00435	0.00492
6	0.81159	0.01298	0.00986	0.00882	0.01298	0.01505	0.00727	0.01972	0.01142	0.03010	0.00934	0.01090	0.00727	0.00623	0.00415	0.00208	0.00519	0.00363	0.00415	0.00727
7	0.01436	0.01111	0.01081	0.01047	0.01116	0.15344	0.00727	0.01238	0.01081	0.01262	0.01140	0.01872	0.01105	0.02000	0.02215	0.64271	0.00709	0.00552	0.00302	0.00390
8	0.01645	0.01638	0.02973	0.03858	0.58363	0.01615	0.15730	0.02077	0.01539	0.02183	0.01281	0.01691	0.01054	0.00591	0.00690	0.00205	0.00865	0.00637	0.00334	0.01031
9	0.02272	0.03253	0.16239	0.01766	0.02242	0.59161	0.01535	0.02567	0.01804	0.01740	0.01071	0.01252	0.00861	0.00681	0.00612	0.00181	0.01166	0.00445	0.00333	0.00821
10	0.01616	0.01521	0.02059	0.29004	0.20747	0.07183	0.01595	0.08529	0.01620	0.02170	0.01239	0.01613	0.00979	0.00632	0.00629	0.00186	0.00799	0.00544	0.00367	0.16967
11	0.01543	0.01780	0.08173	0.32209	0.18518	0.08601	0.15609	0.02003	0.01491	0.01930	0.01227	0.01680	0.00949	0.00633	0.00685	0.00213	0.00960	0.00612	0.00317	0.00868
12	0.01946	0.02023	0.01644	0.01486	0.01854	0.25509	0.01140	0.03272	0.48153	0.02422	0.02171	0.02075	0.01657	0.00838	0.00657	0.00209	0.00756	0.00651	0.00571	0.00968
13	0.39914	0.02093	0.01537	0.01505	0.07269	0.29637	0.01084	0.06014	0.01579	0.02481	0.01038	0.01211	0.00830	0.00658	0.00523	0.00193	0.00822	0.00422	0.00396	0.00796

[dist]
# distance from previous block
# <min> <max>
0	6

[block]
# block no. 1 follows, 32 sequences, length 12
# corresponding to MSA columns:
# 924-935
name=unknown_B
#
# <colnr> <probs for GDERKNQSTAVLIFYWHMCP>
#	G	D	E	R	K	N	Q	S	T	A	V	L	I	F	Y	W	H	M	C	P
0	0.02068	0.02075	0.20066	0.02103	0.13862	0.05126	0.08821	0.10006	0.05682	0.20871	0.01729	0.01797	0.01215	0.00710	0.00672	0.00208	0.00822	0.00614	0.00509	0.01043
1	0.01030	0.00805	0.00950	0.00909	0.01108	0.00790	0.00682	0.01571	0.13628	0.02450	0.41091	0.11283	0.18294	0.01423	0.00779	0.00222	0.00364	0.01238	0.00696	0.00686
2	0.01097	0.00971	0.01444	0.01278	0.01431	0.01109	0.07109	0.01316	0.01250	0.01734	0.07087	0.06546	0.14687	0.07470	0.24726	0.00545	0.18209	0.00924	0.00430	0.00639
3	0.01564	0.01751	0.03633	0.02645	0.03207	0.01758	0.58076	0.02058	0.01488	0.02058	0.01276	0.01751	0.00995	0.00670	0.01034	0.00238	0.13835	0.00757	0.00332	0.00876
4	0.01152	0.01240	0.09040	0.01420	0.01649	0.01201	0.07325	0.01439	0.01141	0.01658	0.01553	0.02375	0.01452	0.09910	0.39787	0.00725	0.15215	0.00701	0.00342	0.00676
5	0.01613	0.09683	0.08947	0.19461	0.38607	0.06435	0.01907	0.02023	0.01483	0.01977	0.01192	0.01577	0.00971	0.00622	0.00635	0.00198	0.00856	0.00552	0.00316	0.00944
6	0.01770	0.01214	0.01621	0.06929	0.01903	0.01231	0.05448	0.10182	0.07961	0.15419	0.02040	0.10893	0.01709	0.01027	0.02606	0.00224	0.05544	0.00768	0.06960	0.14550
7	0.02257	0.07062	0.11514	0.01890	0.09567	0.12899	0.05979	0.23235	0.02130	0.14667	0.01547	0.01621	0.01114	0.00717	0.00649	0.00197	0.00847	0.00571	0.00514	0.01023
8	0.01909	0.49625	0.15073	0.01337	0.01956	0.08724	0.01373	0.02222	0.01480	0.09151	0.01169	0.01274	0.00944	0.00623	0.00507	0.00165	0.00794	0.00422	0.00349	0.00905
9	0.01030	0.00786	0.00912	0.00851	0.01063	0.00735	0.00645	0.07353	0.01846	0.02457	0.38092	0.08794	0.29985	0.01478	0.00784	0.00219	0.00367	0.01268	0.00684	0.00650
10	0.01830	0.01567	0.04254	0.17822	0.02696	0.05132	0.12105	0.21473	0.02049	0.07892	0.09468	0.02496	0.01849	0.00865	0.00717	0.00218	0.00798	0.05342	0.00524	0.00901
11	0.12332	0.15031	0.09164	0.06272	0.10770	0.06504	0.08615	0.16224	0.01810	0.05396	0.01276	0.01470	0.00976	0.00660	0.00600	0.00195	0.00812	0.00530	0.00421	0.00942

[dist]
# distance from previous block
# <min> <max>
0	3

[block]
# block no. 2 follows, 32 sequences, length 6
# corresponding to MSA columns:
# 939-944
name=unknown_C
#
# <colnr> <probs for GDERKNQSTAVLIFYWHMCP>
#	G	D	E	R	K	N	Q	S	T	A	V	L	I	F	Y	W	H	M	C	P
0	0.11378	0.01185	0.01134	0.00998	0.01322	0.09865	0.00779	0.01944	0.01702	0.20074	0.17436	0.03805	0.23445	0.01157	0.00693	0.00210	0.00523	0.00937	0.00639	0.00771
1	0.01661	0.02105	0.22275	0.01737	0.02356	0.01643	0.12225	0.14320	0.24090	0.02694	0.02146	0.02183	0.05852	0.00811	0.00692	0.00218	0.00780	0.00704	0.00509	0.01000
2	0.01044	0.00598	0.00823	0.00855	0.00878	0.00583	0.00563	0.00906	0.01016	0.01340	0.02187	0.18104	0.06647	0.11884	0.02236	0.48059	0.00535	0.00966	0.00397	0.00377
3	0.01034	0.00867	0.01188	0.01037	0.01305	0.00792	0.09169	0.04272	0.01626	0.02114	0.12668	0.09747	0.40357	0.01445	0.00772	0.00224	0.00465	0.03753	0.06517	0.00646
4	0.11495	0.01667	0.02145	0.14567	0.21327	0.12440	0.06923	0.01980	0.01446	0.02037	0.01316	0.02000	0.01158	0.00800	0.00857	0.00224	0.10531	0.05895	0.00357	0.00834
5	0.11189	0.01066	0.01100	0.01032	0.01315	0.01163	0.00791	0.02286	0.31067	0.02535	0.10125	0.10219	0.13019	0.01141	0.00672	0.00220	0.00443	0.00951	0.08858	0.00808

[dist]
# distance from previous block
# <min> <max>
0	38

[block]
# block no. 3 follows, 32 sequences, length 15
# corresponding to MSA columns:
# 983-997
name=unknown_D
#
# <colnr> <probs for GDERKNQSTAVLIFYWHMCP>
#	G	D	E	R	K	N	Q	S	T	A	V	L	I	F	Y	W	H	M	C	P
0	0.15833	0.15597	0.01944	0.01338	0.01770	0.26495	0.01090	0.04396	0.05803	0.08036	0.01264	0.01371	0.00999	0.00686	0.00601	0.00178	0.03504	0.00455	0.00421	0.08218
1	0.01981	0.01568	0.01810	0.01757	0.10327	0.11517	0.04187	0.14601	0.04323	0.14200	0.08463	0.06375	0.02133	0.01016	0.00806	0.00222	0.05116	0.08115	0.00573	0.00909
2	0.01364	0.01257	0.01340	0.07686	0.01686	0.11305	0.01013	0.01862	0.11964	0.01885	0.02062	0.02483	0.05785	0.02540	0.29623	0.00553	0.06063	0.00699	0.08113	0.00717
3	0.08880	0.01822	0.09488	0.12678	0.03406	0.01638	0.47933	0.02070	0.01494	0.02166	0.01282	0.01706	0.00959	0.00592	0.00726	0.00223	0.01029	0.00699	0.00336	0.00874
4	0.00884	0.00619	0.00782	0.00860	0.00905	0.00590	0.00559	0.00995	0.01280	0.01730	0.13065	0.44121	0.04108	0.24433	0.01620	0.00378	0.00458	0.01526	0.00574	0.00516
5	0.01612	0.01545	0.08501	0.32486	0.10252	0.04203	0.01652	0.02138	0.07572	0.10497	0.01678	0.01978	0.03671	0.00791	0.00828	0.00224	0.08457	0.00634	0.00412	0.00870
6	0.00868	0.00639	0.00781	0.00830	0.00932	0.00587	0.00571	0.01029	0.01443	0.01917	0.21022	0.33615	0.18631	0.12569	0.01197	0.00302	0.00399	0.01499	0.00620	0.00551
7	0.01534	0.04316	0.13025	0.04364	0.11779	0.01368	0.03280	0.15938	0.01766	0.02439	0.06124	0.08113	0.04716	0.09811	0.00995	0.00253	0.00701	0.00780	0.00467	0.08231
8	0.00935	0.00634	0.00815	0.00903	0.00958	0.00610	0.00623	0.01005	0.01215	0.01596	0.03212	0.34595	0.08426	0.20167	0.01699	0.10093	0.00506	0.10986	0.00529	0.00493
9	0.14507	0.01845	0.01641	0.06879	0.05042	0.23526	0.01174	0.08412	0.01734	0.03836	0.13907	0.02032	0.01886	0.00870	0.00817	0.00208	0.09811	0.00622	0.00458	0.00790
10	0.01828	0.01854	0.23571	0.01446	0.04412	0.01190	0.01392	0.02372	0.07641	0.22449	0.01865	0.02128	0.01412	0.09884	0.00968	0.00247	0.00704	0.00617	0.00511	0.13510
11	0.01919	0.01669	0.02439	0.02504	0.23211	0.03812	0.11506	0.16602	0.08266	0.07088	0.01508	0.01747	0.01168	0.00774	0.00927	0.00221	0.12534	0.00641	0.00464	0.01001
12	0.01673	0.10684	0.02477	0.09124	0.42525	0.04374	0.01691	0.07931	0.01650	0.02201	0.01751	0.02023	0.07583	0.00725	0.00647	0.00196	0.00764	0.00639	0.00381	0.00962
13	0.28741	0.26264	0.05374	0.01318	0.01807	0.19603	0.04518	0.02173	0.01434	0.02130	0.00992	0.01165	0.00824	0.00622	0.00495	0.00180	0.00804	0.00406	0.00347	0.00803
14	0.01793	0.15273	0.01872	0.01309	0.01622	0.17799	0.01061	0.10298	0.07757	0.02118	0.01510	0.01866	0.01287	0.05083	0.10244	0.00325	0.07580	0.00569	0.09835	0.00799

[dist]
# distance from previous block
# <min> <max>
0	10

[block]
# block no. 4 follows, 32 sequences, length 7
# corresponding to MSA columns:
# 1008-1014
name=unknown_E
#
# <colnr> <probs for GDERKNQSTAVLIFYWHMCP>
#	G	D	E	R	K	N	Q	S	T	A	V	L	I	F	Y	W	H	M	C	P
0	0.01282	0.01066	0.07104	0.01025	0.01328	0.00869	0.00862	0.01782	0.11285	0.11072	0.20607	0.15827	0.20479	0.01376	0.00759	0.00227	0.00453	0.01183	0.00657	0.00756
1	0.01145	0.04453	0.01497	0.29316	0.02441	0.01194	0.01161	0.01391	0.01244	0.01614	0.02286	0.03265	0.11427	0.19214	0.06459	0.00389	0.07341	0.03149	0.00384	0.00629
2	0.00976	0.00651	0.00732	0.00732	0.00732	0.00651	0.00407	0.00976	0.00976	0.01301	0.02114	0.04391	0.02439	0.76419	0.03415	0.00651	0.00651	0.00976	0.00407	0.00407
3	0.12884	0.35685	0.02350	0.01161	0.01638	0.02065	0.01035	0.13039	0.12504	0.02476	0.01436	0.01516	0.01150	0.00689	0.00510	0.00176	0.00627	0.00485	0.07677	0.00897
4	0.73620	0.01283	0.01041	0.00912	0.01338	0.01455	0.00752	0.02098	0.01217	0.09733	0.01100	0.01205	0.00817	0.00643	0.00440	0.00208	0.00524	0.00393	0.00455	0.00767
5	0.01002	0.00641	0.00752	0.00752	0.00752	0.00641	0.00431	0.00962	0.00962	0.01282	0.01982	0.04064	0.02262	0.66115	0.03305	0.11753	0.00641	0.00921	0.00391	0.00391
6	0.01581	0.01616	0.08027	0.10449	0.18183	0.01581	0.01544	0.08142	0.08498	0.02267	0.01343	0.01646	0.01084	0.00748	0.00922	0.00204	0.14726	0.00565	0.00395	0.16481

[dist]
# distance from previous block
# <min> <max>
2	16

[block]
# block no. 5 follows, 32 sequences, length 16
# corresponding to MSA columns:
# 1031-1046
name=unknown_F
#
# <colnr> <probs for GDERKNQSTAVLIFYWHMCP>
#	G	D	E	R	K	N	Q	S	T	A	V	L	I	F	Y	W	H	M	C	P
0	0.07188	0.29389	0.02388	0.01407	0.01859	0.35517	0.01173	0.02460	0.01662	0.09623	0.01173	0.01274	0.00943	0.00660	0.00538	0.00168	0.00918	0.00428	0.00383	0.00845
1	0.01021	0.00763	0.00939	0.00936	0.01039	0.00804	0.00665	0.01310	0.07387	0.01734	0.08601	0.10515	0.08920	0.29810	0.16094	0.00559	0.02752	0.05083	0.00498	0.00569
2	0.04023	0.05770	0.21014	0.04034	0.02116	0.03852	0.01453	0.13166	0.04823	0.19391	0.04020	0.08198	0.01619	0.00883	0.00699	0.00213	0.02509	0.00704	0.00544	0.00970
3	0.01407	0.22499	0.28270	0.08563	0.02310	0.01695	0.01601	0.02011	0.07801	0.02018	0.07639	0.02205	0.07718	0.00803	0.00615	0.00197	0.00752	0.00634	0.00390	0.00871
4	0.00815	0.00632	0.00742	0.00816	0.00945	0.00560	0.00574	0.00967	0.01430	0.01816	0.09199	0.41000	0.34348	0.01880	0.00825	0.00249	0.00363	0.01649	0.00630	0.00560
5	0.01721	0.01666	0.05058	0.14913	0.26420	0.03401	0.07903	0.11791	0.15507	0.02497	0.01591	0.01836	0.01224	0.00702	0.00679	0.00212	0.00801	0.00640	0.00442	0.00996
6	0.11444	0.05337	0.02556	0.16354	0.11545	0.01733	0.20207	0.12229	0.05895	0.02485	0.01350	0.01666	0.01034	0.00669	0.00698	0.00214	0.02647	0.00620	0.00406	0.00910
7	0.01421	0.01400	0.01966	0.01699	0.01710	0.01944	0.01411	0.01577	0.01032	0.01610	0.00964	0.01575	0.00954	0.01527	0.08737	0.00365	0.68488	0.00599	0.00300	0.00722
8	0.00951	0.00640	0.00739	0.00764	0.00770	0.00634	0.00441	0.00969	0.01025	0.01367	0.02367	0.15814	0.02758	0.64561	0.03007	0.00590	0.00609	0.01124	0.00441	0.00429
9	0.01834	0.09959	0.22826	0.02166	0.14987	0.01582	0.11544	0.06199	0.01642	0.15055	0.01603	0.04875	0.01234	0.00722	0.00661	0.00206	0.00831	0.00642	0.00438	0.00995
10	0.01596	0.05594	0.18864	0.15948	0.17519	0.05232	0.01774	0.02430	0.18193	0.03907	0.01595	0.01795	0.01213	0.00705	0.00650	0.00210	0.00809	0.00594	0.00409	0.00964
11	0.01452	0.01446	0.01798	0.01568	0.01723	0.09469	0.05388	0.01829	0.08021	0.01784	0.03528	0.01991	0.01387	0.02127	0.21447	0.00483	0.32792	0.00655	0.00372	0.00741
12	0.01192	0.00710	0.00908	0.00873	0.00969	0.00721	0.00597	0.01272	0.01123	0.08384	0.02166	0.03510	0.04470	0.37997	0.20971	0.07971	0.00906	0.00845	0.03881	0.00532
13	0.12495	0.09360	0.02450	0.02605	0.29832	0.22054	0.07764	0.02226	0.01571	0.02082	0.01132	0.01414	0.00938	0.00622	0.00603	0.00190	0.00899	0.00514	0.00343	0.00904
14	0.00860	0.00659	0.00792	0.00833	0.00981	0.00591	0.00611	0.01062	0.01559	0.02034	0.23405	0.26642	0.30126	0.01738	0.00819	0.00241	0.00365	0.05449	0.00654	0.00581
15	0.04262	0.06175	0.05540	0.06518	0.12998	0.07544	0.05693	0.09325	0.01705	0.02354	0.08329	0.02015	0.04230	0.00726	0.00622	0.00176	0.00713	0.00613	0.00433	0.20031

[dist]
# distance from previous block
# <min> <max>
0	1

[block]
# block no. 6 follows, 32 sequences, length 18
# corresponding to MSA columns:
# 1048-1065
name=unknown_G
#
# <colnr> <probs for GDERKNQSTAVLIFYWHMCP>
#	G	D	E	R	K	N	Q	S	T	A	V	L	I	F	Y	W	H	M	C	P
0	0.00922	0.00675	0.00842	0.00922	0.01036	0.00633	0.00651	0.01167	0.04598	0.01925	0.09366	0.50890	0.10320	0.01807	0.00805	0.00250	0.00395	0.04211	0.04785	0.03801
1	0.05323	0.04134	0.16673	0.01956	0.11151	0.09508	0.08995	0.05810	0.06539	0.07480	0.05684	0.04391	0.01508	0.00782	0.00724	0.00207	0.03987	0.00653	0.00441	0.04053
2	0.01614	0.04926	0.10914	0.13685	0.10232	0.06907	0.01451	0.05333	0.12795	0.05975	0.07800	0.04142	0.01842	0.00849	0.00669	0.00208	0.00731	0.03785	0.00477	0.05666
3	0.10053	0.10607	0.05240	0.15804	0.18417	0.01475	0.01381	0.01822	0.01405	0.06115	0.04308	0.02360	0.08556	0.05831	0.00870	0.00236	0.03622	0.00673	0.00403	0.00820
4	0.01691	0.02408	0.27172	0.06252	0.19269	0.09002	0.07457	0.11015	0.01725	0.02331	0.01373	0.04732	0.01110	0.00714	0.00669	0.00208	0.00915	0.00618	0.00372	0.00967
5	0.01107	0.00898	0.01442	0.01368	0.05659	0.00833	0.11370	0.01387	0.01600	0.04710	0.26331	0.26198	0.11496	0.01441	0.00800	0.00233	0.00505	0.01327	0.00608	0.00685
6	0.05948	0.01583	0.01606	0.01306	0.01767	0.11975	0.01050	0.14738	0.08916	0.35911	0.02417	0.02234	0.05771	0.00858	0.00661	0.00205	0.00674	0.00667	0.00686	0.01027
7	0.01657	0.01351	0.01620	0.01404	0.01637	0.01650	0.01133	0.10252	0.24946	0.04628	0.01859	0.02049	0.01476	0.01160	0.04573	0.00277	0.25800	0.00661	0.10983	0.00884
8	0.01549	0.01457	0.02088	0.22218	0.21064	0.05909	0.06080	0.05246	0.12874	0.02136	0.01701	0.08323	0.01465	0.00883	0.00769	0.03421	0.00781	0.00741	0.00421	0.00876
9	0.81159	0.01298	0.00986	0.00882	0.01298	0.01505	0.00727	0.01972	0.01142	0.03010	0.00934	0.01090	0.00727	0.00623	0.00415	0.00208	0.00519	0.00363	0.00415	0.00727
10	0.01262	0.00754	0.01019	0.03883	0.01160	0.00784	0.00703	0.05676	0.05409	0.01544	0.01749	0.02388	0.06946	0.02025	0.02147	0.60500	0.00583	0.00663	0.00368	0.00436
11	0.01909	0.02077	0.02001	0.01731	0.01894	0.25779	0.01394	0.08104	0.01508	0.01858	0.00998	0.01395	0.00899	0.00981	0.01536	0.00245	0.44023	0.00537	0.00345	0.00785
12	0.01166	0.00583	0.00874	0.00874	0.00874	0.00583	0.00583	0.00874	0.00874	0.01166	0.01166	0.02040	0.01166	0.02331	0.02622	0.80478	0.00583	0.00583	0.00291	0.00291
13	0.81159	0.01298	0.00986	0.00882	0.01298	0.01505	0.00727	0.01972	0.01142	0.03010	0.00934	0.01090	0.00727	0.00623	0.00415	0.00208	0.00519	0.00363	0.00415	0.00727
14	0.01658	0.26333	0.24956	0.01563	0.02202	0.09195	0.05175	0.02354	0.13252	0.02041	0.04209	0.01636	0.01287	0.00695	0.00590	0.00190	0.00828	0.00535	0.00380	0.00921
15	0.01084	0.00703	0.00960	0.00945	0.01066	0.00715	0.00689	0.01268	0.01346	0.06539	0.19769	0.13904	0.03334	0.14137	0.26419	0.04038	0.00916	0.01043	0.00528	0.00594
16	0.04942	0.05218	0.10694	0.01928	0.15157	0.04406	0.03776	0.14697	0.07782	0.05129	0.06187	0.02202	0.06180	0.00838	0.00735	0.00207	0.04641	0.00676	0.03666	0.00938
17	0.00942	0.00679	0.00827	0.00886	0.00984	0.00648	0.00643	0.01089	0.01328	0.01724	0.07897	0.16492	0.16589	0.27532	0.01740	0.00399	0.00523	0.17999	0.00554	0.00525

[dist]
# distance from previous block
# <min> <max>
0	7

[block]
# block no. 7 follows, 32 sequences, length 20
# corresponding to MSA columns:
# 1073-1092
name=unknown_H
#
# <colnr> <probs for GDERKNQSTAVLIFYWHMCP>
#	G	D	E	R	K	N	Q	S	T	A	V	L	I	F	Y	W	H	M	C	P
0	0.07910	0.10394	0.10613	0.11595	0.09700	0.12093	0.01495	0.12820	0.12559	0.02445	0.01434	0.01599	0.01103	0.00706	0.00612	0.00199	0.00812	0.00543	0.00432	0.00935
1	0.03947	0.01092	0.00972	0.00929	0.01149	0.11911	0.00701	0.01386	0.01707	0.02160	0.29926	0.06512	0.30764	0.01396	0.00755	0.00215	0.00479	0.02751	0.00616	0.00630
2	0.08521	0.47643	0.14521	0.01336	0.01933	0.12711	0.01354	0.02123	0.01432	0.01799	0.00993	0.01153	0.00848	0.00606	0.00489	0.00165	0.00818	0.00392	0.00306	0.00859
3	0.30647	0.20835	0.07684	0.01462	0.07012	0.15501	0.01203	0.05097	0.01480	0.02314	0.01029	0.01201	0.00839	0.00631	0.00502	0.00184	0.00768	0.00414	0.00364	0.00834
4	0.01734	0.03847	0.02104	0.06946	0.35590	0.10508	0.01524	0.08745	0.01691	0.02311	0.01508	0.04763	0.01277	0.00726	0.00626	0.00192	0.00749	0.00628	0.13615	0.00916
5	0.01523	0.01187	0.01370	0.07857	0.01759	0.05301	0.00941	0.05667	0.05057	0.09307	0.11088	0.02653	0.08323	0.01377	0.09665	0.00285	0.00721	0.00712	0.00518	0.24687
6	0.15533	0.01230	0.01445	0.01203	0.01634	0.01231	0.00995	0.15451	0.01944	0.34608	0.02342	0.06175	0.01850	0.00997	0.00675	0.00224	0.00593	0.10209	0.00691	0.00970
7	0.00908	0.00658	0.00803	0.00883	0.00969	0.00623	0.00625	0.01038	0.01293	0.01669	0.03823	0.28625	0.17046	0.23478	0.01598	0.00380	0.00498	0.14003	0.00559	0.00523
8	0.01519	0.29001	0.18316	0.01320	0.01827	0.05334	0.01328	0.04954	0.03362	0.01830	0.01363	0.01850	0.01217	0.09004	0.14686	0.00393	0.00998	0.00546	0.00343	0.00810
9	0.00849	0.00674	0.00741	0.00734	0.00915	0.00590	0.00534	0.01035	0.01552	0.01967	0.21700	0.08746	0.46663	0.09071	0.01056	0.00267	0.00367	0.01344	0.00629	0.00566
10	0.01734	0.21082	0.02125	0.01258	0.01743	0.12135	0.01062	0.05948	0.01522	0.02008	0.01093	0.01305	0.00937	0.00639	0.00695	0.00149	0.08959	0.00426	0.00366	0.34815
11	0.02161	0.01171	0.01407	0.01166	0.01573	0.01153	0.00928	0.09954	0.16120	0.31549	0.04257	0.09071	0.02024	0.00950	0.00665	0.00206	0.00528	0.00790	0.08626	0.05701
12	0.01761	0.08695	0.02664	0.02169	0.11306	0.10747	0.23339	0.09011	0.10501	0.02348	0.06170	0.02122	0.04578	0.00754	0.00693	0.00205	0.00860	0.00713	0.00448	0.00916
13	0.05512	0.15794	0.12671	0.08330	0.02401	0.15710	0.04685	0.22490	0.02009	0.02566	0.01239	0.01412	0.00948	0.00686	0.00605	0.00191	0.00885	0.00509	0.00422	0.00934
14	0.00812	0.00672	0.00712	0.00720	0.00923	0.00571	0.00533	0.00992	0.01546	0.01896	0.13342	0.12699	0.58865	0.01702	0.00799	0.00229	0.00342	0.01440	0.00635	0.00571
15	0.02259	0.01803	0.01793	0.01474	0.01906	0.17205	0.05160	0.20602	0.10812	0.17405	0.03802	0.05377	0.05544	0.00904	0.00684	0.00206	0.00756	0.00728	0.00612	0.00968
16	0.01689	0.09400	0.03726	0.02560	0.03198	0.08416	0.56668	0.02184	0.01591	0.02046	0.01286	0.01682	0.00988	0.00578	0.00739	0.00213	0.01097	0.00716	0.00335	0.00889
17	0.01085	0.00717	0.00873	0.00833	0.01036	0.00634	0.00624	0.01320	0.01697	0.09255	0.33902	0.14004	0.28469	0.01522	0.00788	0.00224	0.00359	0.01316	0.00693	0.00650
18	0.02158	0.01536	0.01565	0.01359	0.01764	0.10309	0.01083	0.07100	0.32126	0.22861	0.02507	0.02693	0.01903	0.00941	0.00693	0.00221	0.00647	0.06842	0.00677	0.01014
19	0.01313	0.01091	0.01431	0.01258	0.01561	0.01119	0.07714	0.08161	0.18080	0.02501	0.17238	0.07759	0.15962	0.01294	0.00777	0.00235	0.00537	0.10543	0.00636	0.00789

[dist]
# distance from previous block
# <min> <max>
0	1

[block]
# block no. 8 follows, 32 sequences, length 13
# corresponding to MSA columns:
# 1094-1106
name=unknown_I
#
# <colnr> <probs for GDERKNQSTAVLIFYWHMCP>
#	G	D	E	R	K	N	Q	S	T	A	V	L	I	F	Y	W	H	M	C	P
0	0.02332	0.01666	0.01743	0.01382	0.01858	0.05458	0.01125	0.44635	0.06457	0.13043	0.02465	0.02367	0.10544	0.00926	0.00685	0.00205	0.00676	0.00720	0.00670	0.01042
1	0.01640	0.01573	0.02686	0.07837	0.68677	0.01589	0.02049	0.02041	0.01518	0.02167	0.01258	0.01667	0.01054	0.00602	0.00665	0.00201	0.00802	0.00598	0.00330	0.01046
2	0.05564	0.01905	0.01712	0.01467	0.01886	0.15889	0.01154	0.22369	0.34970	0.02995	0.02000	0.01932	0.01498	0.00825	0.00653	0.00208	0.00723	0.00633	0.00602	0.01014
3	0.01642	0.51901	0.27104	0.01408	0.02124	0.02282	0.01600	0.02049	0.01381	0.01764	0.01025	0.01192	0.00857	0.00596	0.00501	0.00167	0.00811	0.00405	0.00286	0.00905
4	0.00849	0.00625	0.00800	0.00903	0.00994	0.00575	0.00637	0.01014	0.01423	0.01881	0.13515	0.51243	0.14904	0.01925	0.00842	0.00259	0.00387	0.06020	0.00638	0.00565
5	0.02316	0.01082	0.01396	0.01139	0.01551	0.01011	0.00915	0.02847	0.12811	0.45268	0.18889	0.02958	0.02817	0.00970	0.00703	0.00212	0.00505	0.00814	0.00786	0.01010
6	0.00863	0.00662	0.00796	0.00842	0.00992	0.00595	0.00623	0.01065	0.01547	0.02008	0.20880	0.26154	0.30980	0.01752	0.00823	0.00244	0.00374	0.07569	0.00650	0.00581
7	0.01379	0.03236	0.63196	0.02042	0.02989	0.01578	0.11990	0.02128	0.01440	0.02128	0.01226	0.01472	0.00874	0.00627	0.00659	0.00214	0.01011	0.00538	0.00291	0.00979
8	0.00875	0.00613	0.00757	0.00848	0.00881	0.00585	0.00538	0.00951	0.01183	0.01566	0.03262	0.46289	0.06923	0.29463	0.01796	0.00410	0.00483	0.01541	0.00543	0.00495
9	0.01688	0.01657	0.02273	0.05137	0.32310	0.10599	0.08719	0.09266	0.01781	0.02331	0.08719	0.03985	0.06913	0.00824	0.00698	0.00205	0.00791	0.00749	0.00438	0.00917
10	0.06973	0.05982	0.10603	0.01770	0.02316	0.12127	0.16689	0.09335	0.14065	0.02413	0.01484	0.01649	0.01138	0.00699	0.00699	0.00201	0.03528	0.00591	0.00434	0.07305
11	0.11039	0.21464	0.24462	0.01576	0.05754	0.05805	0.01551	0.05810	0.06833	0.05940	0.03064	0.01520	0.01135	0.00678	0.00569	0.00192	0.00781	0.00500	0.00396	0.00931
12	0.01610	0.24115	0.12593	0.01865	0.16040	0.04998	0.01435	0.02052	0.06020	0.04997	0.06933	0.05259	0.05301	0.00831	0.00664	0.00194	0.03125	0.00664	0.00413	0.00892

[dist]
# distance from previous block
# <min> <max>
0	3

[block]
# block no. 9 follows, 32 sequences, length 18
# corresponding to MSA columns:
# 1110-1127
name=unknown_J
#
# <colnr> <probs for GDERKNQSTAVLIFYWHMCP>
#	G	D	E	R	K	N	Q	S	T	A	V	L	I	F	Y	W	H	M	C	P
0	0.17759	0.18987	0.04780	0.03451	0.03849	0.10088	0.01114	0.08098	0.01593	0.09286	0.01595	0.09072	0.01428	0.00981	0.02815	0.00225	0.00738	0.02846	0.00456	0.00838
1	0.01680	0.01907	0.13390	0.01725	0.02270	0.07830	0.17118	0.11020	0.10808	0.04791	0.06384	0.02323	0.06693	0.00970	0.03430	0.00240	0.00849	0.00728	0.00485	0.05360
2	0.02144	0.12768	0.02238	0.01794	0.09010	0.19098	0.06013	0.12441	0.09523	0.11227	0.01698	0.02012	0.01353	0.00788	0.00646	0.00198	0.00831	0.04772	0.00498	0.00948
3	0.10699	0.14729	0.34306	0.01396	0.02057	0.01582	0.01587	0.06218	0.01501	0.02350	0.03955	0.01644	0.01201	0.00686	0.00558	0.00191	0.00741	0.00512	0.13209	0.00876
4	0.01794	0.76823	0.03516	0.01148	0.01722	0.02655	0.01148	0.02009	0.01363	0.01579	0.00933	0.01076	0.00861	0.00574	0.00431	0.00144	0.00718	0.00359	0.00287	0.00861
5	0.01461	0.10063	0.18189	0.01771	0.05020	0.01480	0.15790	0.08605	0.01658	0.02266	0.09524	0.06309	0.02094	0.05379	0.00871	0.00244	0.00797	0.07192	0.00443	0.00845
6	0.00822	0.00604	0.00772	0.00893	0.00966	0.00554	0.00608	0.00959	0.01358	0.01788	0.08407	0.61763	0.14045	0.02000	0.00843	0.00262	0.00378	0.01795	0.00630	0.00554
7	0.01224	0.00899	0.01083	0.01053	0.01253	0.00902	0.00810	0.14633	0.01853	0.02481	0.18939	0.28249	0.10879	0.01606	0.00810	0.00246	0.00471	0.11258	0.00658	0.00695
8	0.01371	0.07568	0.69064	0.01870	0.02838	0.01620	0.02405	0.02118	0.01414	0.02094	0.01189	0.01398	0.00851	0.00634	0.00626	0.00209	0.00976	0.00488	0.00284	0.00984
9	0.00843	0.00690	0.00749	0.00757	0.00968	0.00596	0.00583	0.01046	0.01580	0.01950	0.15193	0.06375	0.56362	0.01671	0.00806	0.00233	0.00365	0.08014	0.00638	0.00581
10	0.01267	0.01193	0.02013	0.74806	0.04621	0.01491	0.01863	0.01714	0.01342	0.01714	0.01193	0.01789	0.00894	0.00671	0.00671	0.00224	0.00894	0.00596	0.00298	0.00745
11	0.00938	0.00635	0.00743	0.00780	0.00789	0.00625	0.00458	0.00966	0.01049	0.01399	0.02491	0.21416	0.02915	0.58745	0.02807	0.00561	0.00588	0.01197	0.00458	0.00439
12	0.01074	0.00661	0.00791	0.00791	0.00884	0.00695	0.00554	0.01261	0.01168	0.01826	0.02052	0.03178	0.01951	0.27522	0.22432	0.00587	0.00851	0.00770	0.30410	0.00544
13	0.01079	0.00948	0.01609	0.01356	0.01627	0.00903	0.16659	0.01409	0.01591	0.02172	0.27129	0.10491	0.11541	0.01816	0.10555	0.00346	0.00737	0.06796	0.00562	0.00675
14	0.01391	0.01193	0.01391	0.00994	0.01590	0.00894	0.00795	0.01690	0.01391	0.02186	0.01193	0.01391	0.00994	0.00497	0.00497	0.00099	0.00497	0.00398	0.00398	0.80521
15	0.01967	0.01908	0.01689	0.01502	0.04732	0.26082	0.01113	0.06042	0.01628	0.08527	0.01364	0.01782	0.01170	0.09188	0.01121	0.00232	0.10768	0.00546	0.00420	0.18219
16	0.05247	0.01632	0.11503	0.02183	0.21097	0.01337	0.06809	0.02405	0.07971	0.19101	0.02025	0.02257	0.04204	0.00775	0.00670	0.00207	0.00714	0.03368	0.00508	0.05988
17	0.24415	0.07900	0.07303	0.08792	0.06451	0.09282	0.03983	0.02053	0.05776	0.02270	0.01346	0.06078	0.01159	0.00725	0.00565	0.00194	0.00717	0.00562	0.00395	0.10035

[dist]
# distance from previous block
# <min> <max>
11	28

[block]
# block no. 10 follows, 32 sequences, length 11
# corresponding to MSA columns:
# 1158-1168
name=unknown_K
#
# <colnr> <probs for GDERKNQSTAVLIFYWHMCP>
#	G	D	E	R	K	N	Q	S	T	A	V	L	I	F	Y	W	H	M	C	P
0	0.01849	0.18945	0.12334	0.01889	0.12100	0.06376	0.04865	0.14997	0.12858	0.02496	0.01501	0.01628	0.01167	0.00697	0.00608	0.00192	0.00779	0.00557	0.03182	0.00981
1	0.00860	0.00613	0.00787	0.00910	0.00961	0.00579	0.00615	0.00975	0.01268	0.01674	0.03605	0.55874	0.07771	0.13888	0.01265	0.00333	0.00445	0.06459	0.00588	0.00529
2	0.00943	0.00744	0.01099	0.01102	0.01228	0.00710	0.06444	0.01214	0.04857	0.01943	0.13185	0.55990	0.04303	0.01810	0.00833	0.00258	0.00448	0.01658	0.00619	0.00613
3	0.01445	0.10383	0.15268	0.01754	0.13357	0.01380	0.01369	0.06745	0.07392	0.04496	0.05857	0.23178	0.02357	0.01125	0.00696	0.00220	0.00648	0.00976	0.00493	0.00862
4	0.01566	0.01613	0.07371	0.05458	0.31911	0.06250	0.10600	0.01933	0.01516	0.05880	0.01845	0.17423	0.01770	0.00937	0.00717	0.00219	0.00788	0.00887	0.00418	0.00900
5	0.02066	0.01619	0.01604	0.01340	0.01724	0.10997	0.01059	0.31233	0.07815	0.09238	0.15248	0.08567	0.02484	0.01017	0.00702	0.00208	0.00660	0.00825	0.00652	0.00941
6	0.55838	0.01736	0.01296	0.01131	0.01549	0.15312	0.00907	0.11077	0.01552	0.02911	0.01043	0.01182	0.00807	0.00660	0.00485	0.00200	0.00679	0.00408	0.00436	0.00791
7	0.01012	0.00830	0.01085	0.01285	0.10410	0.00788	0.00811	0.01353	0.06285	0.02124	0.21214	0.22682	0.24535	0.01520	0.00784	0.00231	0.00420	0.01337	0.00617	0.00677
8	0.46894	0.13312	0.01540	0.01033	0.01483	0.01636	0.00875	0.02374	0.10503	0.12702	0.01415	0.01445	0.01056	0.00683	0.00490	0.00200	0.00560	0.00459	0.00489	0.00852
9	0.01837	0.16746	0.31436	0.01605	0.02323	0.01941	0.01728	0.23581	0.07788	0.02740	0.01409	0.01504	0.01044	0.00701	0.00613	0.00197	0.00821	0.00526	0.00440	0.01020
10	0.01970	0.11388	0.01938	0.01520	0.06804	0.01701	0.01161	0.28576	0.12073	0.07743	0.04701	0.10046	0.01953	0.00991	0.00679	0.00211	0.00640	0.04324	0.00603	0.00977

[dist]
# distance from previous block
# <min> <max>
0	1

[block]
# block no. 11 follows, 32 sequences, length 56
# corresponding to MSA columns:
# 1170-1225
name=unknown_L
#
# <colnr> <probs for GDERKNQSTAVLIFYWHMCP>
#	G	D	E	R	K	N	Q	S	T	A	V	L	I	F	Y	W	H	M	C	P
0	0.02053	0.01712	0.02291	0.02938	0.41189	0.09598	0.01665	0.11793	0.01856	0.12762	0.01587	0.01947	0.01259	0.00725	0.00671	0.00203	0.00794	0.03455	0.00467	0.01035
1	0.01948	0.01465	0.01631	0.01392	0.01789	0.01603	0.01150	0.38469	0.13333	0.03341	0.04817	0.03462	0.04155	0.01123	0.00743	0.00233	0.00650	0.17067	0.00661	0.00967
2	0.01618	0.22797	0.42488	0.01637	0.02432	0.01916	0.01910	0.09758	0.05457	0.02252	0.01262	0.01408	0.00952	0.00654	0.00588	0.00194	0.00864	0.00486	0.00350	0.00977
3	0.01571	0.01206	0.01529	0.01706	0.15908	0.01268	0.01089	0.15914	0.12044	0.02778	0.12362	0.10726	0.02495	0.01002	0.00673	0.00206	0.00541	0.00865	0.15240	0.00877
4	0.00861	0.00679	0.00777	0.00760	0.00950	0.00594	0.00567	0.01092	0.01679	0.02185	0.34571	0.08446	0.41304	0.01574	0.00795	0.00222	0.00332	0.01348	0.00673	0.00594
5	0.02402	0.01010	0.01292	0.01046	0.01450	0.00920	0.00845	0.02772	0.05798	0.47983	0.05490	0.02468	0.01897	0.00846	0.00628	0.00196	0.00493	0.00690	0.20790	0.00986
6	0.01311	0.01065	0.01387	0.19696	0.02180	0.01195	0.01108	0.09227	0.15788	0.02209	0.02576	0.28527	0.02597	0.04133	0.00853	0.00259	0.00603	0.03972	0.00550	0.00764
7	0.00979	0.00725	0.00969	0.01015	0.01037	0.00789	0.00706	0.01034	0.01148	0.01567	0.02730	0.44621	0.03208	0.14418	0.01684	0.09501	0.11440	0.01406	0.00500	0.00521
8	0.01932	0.01881	0.01581	0.01435	0.01773	0.23645	0.01108	0.10260	0.27789	0.04564	0.02245	0.10541	0.01957	0.01024	0.00693	0.00218	0.00754	0.05131	0.00572	0.00899
9	0.01697	0.44838	0.02616	0.01227	0.01646	0.14063	0.01093	0.01911	0.01380	0.01584	0.01174	0.01502	0.01073	0.01747	0.19423	0.00390	0.01079	0.00464	0.00316	0.00779
10	0.12743	0.00875	0.01024	0.01147	0.08966	0.00841	0.00755	0.01333	0.01593	0.02318	0.26559	0.04661	0.32157	0.01311	0.00723	0.00216	0.00410	0.01104	0.00598	0.00667
11	0.01649	0.01543	0.01928	0.01464	0.01957	0.09319	0.11090	0.01949	0.01456	0.06129	0.01240	0.01495	0.01006	0.00643	0.00801	0.00160	0.11136	0.00502	0.00394	0.44139
12	0.00962	0.00660	0.00830	0.00934	0.01013	0.00639	0.00642	0.04835	0.01402	0.01941	0.03414	0.63645	0.03951	0.01883	0.00803	0.00256	0.00400	0.01692	0.09512	0.00587
13	0.00831	0.00624	0.00770	0.00855	0.00960	0.00563	0.00595	0.00990	0.01438	0.01882	0.14513	0.47574	0.22183	0.01891	0.00830	0.00252	0.00366	0.01678	0.00640	0.00563
14	0.01163	0.00850	0.01038	0.00950	0.01153	0.00833	0.00721	0.11310	0.01999	0.02770	0.51165	0.12505	0.08157	0.01384	0.00781	0.00217	0.00388	0.01210	0.00711	0.00695
15	0.01391	0.01193	0.01391	0.00994	0.01590	0.00894	0.00795	0.01690	0.01391	0.02186	0.01193	0.01391	0.00994	0.00497	0.00497	0.00099	0.00497	0.00398	0.00398	0.80521
16	0.01299	0.01193	0.01852	0.55718	0.03837	0.01337	0.01587	0.01708	0.01355	0.01836	0.01193	0.01686	0.00920	0.00626	0.00626	0.00191	0.00792	0.00545	0.00324	0.21376
17	0.81159	0.01298	0.00986	0.00882	0.01298	0.01505	0.00727	0.01972	0.01142	0.03010	0.00934	0.01090	0.00727	0.00623	0.00415	0.00208	0.00519	0.00363	0.00415	0.00727
18	0.01267	0.01193	0.02013	0.74806	0.04621	0.01491	0.01863	0.01714	0.01342	0.01714	0.01193	0.01789	0.00894	0.00671	0.00671	0.00224	0.00894	0.00596	0.00298	0.00745
19	0.00966	0.00689	0.00925	0.00925	0.00991	0.00755	0.00647	0.01099	0.01033	0.01444	0.01938	0.03415	0.02016	0.36715	0.42540	0.00888	0.01288	0.00833	0.00380	0.00514
20	0.01488	0.26694	0.50962	0.01670	0.02530	0.01906	0.02058	0.02088	0.01400	0.01952	0.01118	0.01309	0.00853	0.00617	0.00572	0.00191	0.00905	0.00452	0.00284	0.00950
21	0.00835	0.00676	0.00741	0.00736	0.00935	0.00582	0.00548	0.01040	0.01611	0.02034	0.23456	0.09940	0.51244	0.01637	0.00796	0.00225	0.00337	0.01391	0.00653	0.00582
22	0.01526	0.22498	0.36688	0.01946	0.02746	0.01885	0.19534	0.02101	0.01446	0.01986	0.01172	0.01428	0.00896	0.00602	0.00623	0.00198	0.00955	0.00536	0.00299	0.00935
23	0.00911	0.00672	0.00783	0.00808	0.00922	0.00625	0.00568	0.01055	0.01373	0.01776	0.13672	0.12377	0.25167	0.26828	0.01696	0.00381	0.00477	0.08815	0.00566	0.00526
24	0.22470	0.01094	0.01149	0.01083	0.01351	0.01241	0.00832	0.04593	0.20662	0.02398	0.02106	0.12525	0.01939	0.06286	0.16935	0.00440	0.00802	0.00813	0.00516	0.00763
25	0.01556	0.01214	0.01848	0.28918	0.17610	0.01301	0.01472	0.05559	0.03380	0.10067	0.11656	0.02535	0.05944	0.00839	0.00689	0.00210	0.00695	0.00738	0.00478	0.03292
26	0.01775	0.01873	0.02159	0.21095	0.27015	0.19742	0.01671	0.02349	0.11780	0.02022	0.01404	0.01704	0.01115	0.00686	0.00654	0.00203	0.00887	0.00579	0.00378	0.00910
27	0.21537	0.01389	0.01488	0.01229	0.01619	0.01554	0.01003	0.20431	0.09622	0.14761	0.01729	0.01775	0.01262	0.00812	0.00748	0.00212	0.08316	0.00575	0.09006	0.00934
28	0.00852	0.00639	0.00756	0.00833	0.00935	0.00584	0.00576	0.00978	0.01331	0.01695	0.04467	0.36534	0.26769	0.14372	0.01267	0.00322	0.00430	0.05541	0.00586	0.00533
29	0.01559	0.01490	0.02540	0.22399	0.54749	0.01567	0.02009	0.01970	0.01480	0.02069	0.01244	0.01694	0.01019	0.00617	0.00666	0.00206	0.00822	0.00597	0.00323	0.00981
30	0.00858	0.00604	0.00779	0.00895	0.00928	0.00580	0.00583	0.00953	0.01208	0.01615	0.03274	0.57294	0.03889	0.18754	0.04161	0.00387	0.00500	0.01656	0.00565	0.00516
31	0.01456	0.01452	0.02053	0.05998	0.01927	0.02022	0.01491	0.01621	0.01046	0.01621	0.00899	0.01487	0.00882	0.01145	0.02113	0.00290	0.70882	0.00588	0.00294	0.00735
32	0.81159	0.01298	0.00986	0.00882	0.01298	0.01505	0.00727	0.01972	0.01142	0.03010	0.00934	0.01090	0.00727	0.00623	0.00415	0.00208	0.00519	0.00363	0.00415	0.00727
33	0.01661	0.01594	0.02724	0.04119	0.72233	0.01594	0.02059	0.02059	0.01528	0.02192	0.01262	0.01661	0.01063	0.00598	0.00664	0.00199	0.00797	0.00598	0.00332	0.01063
34	0.02551	0.01879	0.02014	0.01544	0.02081	0.02081	0.01275	0.69996	0.03155	0.04229	0.01611	0.01611	0.01141	0.00805	0.00671	0.00201	0.00738	0.00604	0.00671	0.01141
35	0.01287	0.00792	0.01083	0.01017	0.01153	0.00854	0.00753	0.01451	0.01168	0.11928	0.01981	0.03078	0.01877	0.26366	0.38182	0.00784	0.04393	0.00786	0.00440	0.00625
36	0.01899	0.66010	0.03279	0.01233	0.01774	0.13092	0.01170	0.02108	0.01442	0.01588	0.00948	0.01096	0.00862	0.00591	0.00456	0.00148	0.00790	0.00370	0.00296	0.00849
37	0.00965	0.00694	0.00950	0.00950	0.01026	0.00769	0.00679	0.01116	0.01040	0.01463	0.01914	0.03284	0.01959	0.31406	0.47772	0.00920	0.01374	0.00814	0.00377	0.00528
38	0.01834	0.01775	0.01674	0.09652	0.02148	0.15522	0.01208	0.06873	0.46185	0.02540	0.02171	0.02125	0.01641	0.00836	0.00666	0.00215	0.00714	0.00669	0.00574	0.00976
39	0.00880	0.00685	0.00805	0.00812	0.00995	0.00610	0.00620	0.01113	0.01646	0.02138	0.29352	0.10591	0.37204	0.01625	0.00810	0.00233	0.00364	0.08257	0.00664	0.00594
40	0.01300	0.01337	0.02709	0.02066	0.02490	0.01257	0.42697	0.01678	0.01435	0.01936	0.02109	0.23413	0.02149	0.08880	0.01083	0.00284	0.00868	0.01132	0.00428	0.00750
41	0.00995	0.00674	0.00923	0.00923	0.00982	0.00733	0.00645	0.01070	0.01011	0.01407	0.01819	0.03181	0.01877	0.30384	0.37941	0.12584	0.01205	0.00792	0.00366	0.00484
42	0.07726	0.09947	0.02121	0.01673	0.06762	0.01785	0.08985	0.16155	0.27890	0.02791	0.01968	0.05998	0.01583	0.00836	0.00653	0.00212	0.00671	0.00710	0.00550	0.00984
43	0.02478	0.02554	0.01927	0.01632	0.02059	0.40047	0.01275	0.30617	0.06254	0.02778	0.01369	0.01448	0.01045	0.00751	0.00637	0.00188	0.00977	0.00521	0.00499	0.00944
44	0.00849	0.00694	0.00757	0.00776	0.00986	0.00602	0.00604	0.01052	0.01563	0.01917	0.11914	0.06496	0.56320	0.01694	0.00813	0.00237	0.00379	0.11135	0.00632	0.00580
45	0.02043	0.02150	0.02001	0.01650	0.02067	0.29659	0.11204	0.18750	0.05038	0.02425	0.02243	0.03997	0.12012	0.00898	0.00687	0.00201	0.00902	0.00726	0.00488	0.00859
46	0.01451	0.09748	0.02227	0.43977	0.15174	0.01664	0.01699	0.02077	0.11608	0.01939	0.01401	0.01793	0.01088	0.00683	0.00645	0.00211	0.00805	0.00594	0.00359	0.00858
47	0.01252	0.00788	0.01079	0.01167	0.01354	0.00760	0.00989	0.01527	0.01558	0.09865	0.03655	0.14152	0.07626	0.01757	0.00883	0.00289	0.00572	0.49418	0.00642	0.00666
48	0.00938	0.00654	0.00831	0.00864	0.00903	0.00677	0.00564	0.01025	0.01067	0.01454	0.02365	0.18955	0.02662	0.42368	0.21070	0.00682	0.00892	0.01105	0.00440	0.00485
49	0.01157	0.00673	0.00888	0.00950	0.01055	0.00622	0.00652	0.01282	0.01344	0.12092	0.03367	0.57158	0.03807	0.10220	0.01116	0.00305	0.00445	0.01622	0.00629	0.00617
50	0.00888	0.00639	0.00842	0.00886	0.00989	0.00592	0.00628	0.01112	0.01614	0.02237	0.40254	0.37930	0.05453	0.01711	0.00822	0.00240	0.00350	0.01535	0.00685	0.00592
51	0.01342	0.01136	0.01336	0.00977	0.01524	0.00865	0.00777	0.01642	0.01448	0.02243	0.09092	0.01796	0.01590	0.00595	0.00530	0.00112	0.00477	0.00489	0.00436	0.71594
52	0.01539	0.09838	0.02386	0.28112	0.30348	0.01688	0.01742	0.02154	0.11650	0.02047	0.01417	0.01764	0.01126	0.00667	0.00643	0.00206	0.00783	0.00594	0.00367	0.00929
53	0.01610	0.01570	0.09491	0.01219	0.01810	0.01235	0.01085	0.15640	0.05511	0.02655	0.05460	0.01708	0.01374	0.00648	0.00575	0.00146	0.00592	0.00517	0.00475	0.46677
54	0.24863	0.02309	0.01925	0.01749	0.06063	0.36797	0.08841	0.02322	0.01578	0.02122	0.01048	0.01283	0.00854	0.00679	0.00663	0.00197	0.05082	0.00471	0.00361	0.00791
55	0.02296	0.01739	0.01863	0.01479	0.01968	0.01938	0.01205	0.52573	0.18506	0.03854	0.04272	0.01930	0.01525	0.00849	0.00678	0.00208	0.00677	0.00660	0.00676	0.01106

[dist]
# distance from previous block
# <min> <max>
0	2

[block]
# block no. 12 follows, 32 sequences, length 29
# corresponding to MSA columns:
# 1228-1240,1245-1260
name=unknown_M
#
# <colnr> <probs for GDERKNQSTAVLIFYWHMCP>
#	G	D	E	R	K	N	Q	S	T	A	V	L	I	F	Y	W	H	M	C	P
0	0.01097	0.00820	0.01013	0.00934	0.01138	0.00816	0.00719	0.08623	0.01817	0.02491	0.39745	0.04458	0.16504	0.02050	0.14359	0.00374	0.00642	0.01091	0.00640	0.00670
1	0.01900	0.02086	0.01631	0.01671	0.09284	0.37921	0.01149	0.02124	0.01730	0.05240	0.09825	0.02494	0.09791	0.01352	0.08612	0.00286	0.00999	0.00693	0.00445	0.00766
2	0.00985	0.00709	0.00837	0.00886	0.00943	0.00717	0.00569	0.01240	0.08722	0.01638	0.02847	0.34271	0.03237	0.36977	0.02043	0.00446	0.00528	0.01344	0.00527	0.00536
3	0.00850	0.00672	0.00766	0.00764	0.00947	0.00587	0.00565	0.01065	0.01631	0.02106	0.29019	0.13465	0.41923	0.01629	0.00799	0.00226	0.00337	0.01399	0.00663	0.00587
4	0.00859	0.00625	0.00768	0.00843	0.00921	0.00579	0.00565	0.00988	0.01345	0.01775	0.12466	0.42182	0.15549	0.15775	0.01314	0.00328	0.00421	0.01565	0.00597	0.00534
5	0.28146	0.01523	0.01514	0.01235	0.01703	0.04520	0.01007	0.22259	0.09488	0.19655	0.01732	0.01679	0.01215	0.00759	0.00587	0.00207	0.00625	0.00552	0.00613	0.00983
6	0.00818	0.00584	0.00779	0.00934	0.00973	0.00545	0.00623	0.00934	0.01285	0.01713	0.03698	0.75981	0.04438	0.02102	0.00856	0.00273	0.00389	0.01908	0.00623	0.00545
7	0.01761	0.20478	0.20987	0.01524	0.02062	0.14547	0.01516	0.09517	0.01694	0.02149	0.08754	0.01713	0.01482	0.00783	0.00758	0.00196	0.08266	0.00550	0.00388	0.00874
8	0.02055	0.02405	0.02173	0.01820	0.02236	0.39416	0.14900	0.02711	0.18057	0.02024	0.01734	0.01848	0.04078	0.00759	0.00668	0.00199	0.00999	0.00621	0.00435	0.00861
9	0.02089	0.01300	0.01743	0.01685	0.14816	0.01144	0.01132	0.07312	0.01730	0.26849	0.01742	0.01768	0.01249	0.00654	0.00603	0.00163	0.00596	0.00546	0.00556	0.32323
10	0.00970	0.00706	0.00944	0.01066	0.01199	0.00679	0.00865	0.01213	0.01499	0.01957	0.08826	0.25374	0.11732	0.01868	0.00884	0.00283	0.00505	0.38208	0.00628	0.00594
11	0.01383	0.01311	0.02222	0.54016	0.24507	0.01521	0.01921	0.01816	0.01396	0.01855	0.01213	0.01751	0.00944	0.00649	0.00669	0.00216	0.00866	0.00597	0.00308	0.00839
12	0.01557	0.01686	0.03437	0.02960	0.18187	0.01639	0.48131	0.02043	0.01527	0.02109	0.01424	0.05319	0.01185	0.00679	0.00843	0.00226	0.04995	0.00792	0.00349	0.00913
13	0.81159	0.01298	0.00986	0.00882	0.01298	0.01505	0.00727	0.01972	0.01142	0.03010	0.00934	0.01090	0.00727	0.00623	0.00415	0.00208	0.00519	0.00363	0.00415	0.00727
14	0.01771	0.01780	0.03094	0.02307	0.02857	0.10580	0.46203	0.02205	0.01628	0.09657	0.01711	0.09851	0.01440	0.00777	0.00763	0.00223	0.01000	0.00855	0.00424	0.00875
15	0.01669	0.01441	0.01517	0.01365	0.01745	0.01669	0.01062	0.03565	0.71021	0.02807	0.02731	0.02503	0.02048	0.00910	0.00683	0.00228	0.00531	0.00759	0.00683	0.01062
16	0.01676	0.01905	0.15503	0.19144	0.31329	0.01653	0.01950	0.14379	0.01762	0.02443	0.01299	0.01635	0.01000	0.00659	0.00662	0.00208	0.00845	0.00580	0.00377	0.00992
17	0.00959	0.00719	0.01078	0.01078	0.01198	0.00839	0.00839	0.01198	0.01078	0.01558	0.01797	0.02636	0.01677	0.05032	0.73760	0.01078	0.01797	0.00719	0.00359	0.00599
18	0.01531	0.01256	0.01683	0.01208	0.01808	0.00988	0.08312	0.01855	0.01451	0.07348	0.01317	0.01502	0.01045	0.00529	0.00542	0.00121	0.00571	0.00461	0.00423	0.66048
