[name]
unknown

[dist]
# distance from previous block
# <min> <max>
0	74

[block]
# block no. 0 follows, 32 sequences, length 75
# corresponding to MSA columns:
# 109-183
name=unknown_A
#
# <colnr> <probs for GDERKNQSTAVLIFYWHMCP>
#	G	D	E	R	K	N	Q	S	T	A	V	L	I	F	Y	W	H	M	C	P
0	0.01202	0.01716	0.21983	0.01541	0.02013	0.01139	0.13258	0.01603	0.01380	0.01920	0.04184	0.10330	0.07624	0.13603	0.01229	0.00300	0.02972	0.06708	0.00422	0.04872
1	0.08063	0.00776	0.00936	0.00905	0.01079	0.00778	0.00662	0.01381	0.01304	0.09758	0.06638	0.13566	0.14138	0.17647	0.18860	0.00520	0.00801	0.01040	0.00527	0.00621
2	0.04841	0.08679	0.02116	0.01791	0.09750	0.15790	0.11497	0.07488	0.03637	0.03952	0.02106	0.02312	0.10371	0.01265	0.08441	0.00290	0.00923	0.00691	0.03233	0.00829
3	0.06360	0.05893	0.02225	0.03935	0.12358	0.01688	0.08847	0.23441	0.08106	0.17745	0.01762	0.01806	0.01260	0.00737	0.00658	0.00205	0.00729	0.00625	0.00574	0.01048
4	0.01523	0.00998	0.01401	0.01286	0.05133	0.00942	0.06810	0.01952	0.09030	0.17540	0.14867	0.10626	0.17992	0.05704	0.00910	0.00248	0.00523	0.01074	0.00641	0.00800
5	0.07280	0.01063	0.01581	0.12465	0.18239	0.01095	0.01218	0.01757	0.01380	0.12377	0.02065	0.07883	0.05853	0.01404	0.04830	0.13844	0.00708	0.03744	0.00454	0.00761
6	0.01937	0.11104	0.04351	0.11215	0.02139	0.25939	0.01220	0.05935	0.01706	0.10005	0.01957	0.12652	0.05182	0.00954	0.00652	0.00200	0.00835	0.00752	0.00459	0.00808
7	0.01663	0.15755	0.50681	0.01677	0.02529	0.01664	0.02034	0.02270	0.01480	0.12229	0.01366	0.01483	0.00969	0.00654	0.00607	0.00200	0.00884	0.00498	0.00363	0.00991
8	0.01157	0.00698	0.00878	0.00877	0.01019	0.00641	0.00617	0.01326	0.01473	0.10782	0.18011	0.30021	0.11375	0.14179	0.01231	0.00306	0.00433	0.01359	0.02996	0.00620
9	0.01477	0.01444	0.02568	0.35192	0.33530	0.01562	0.10669	0.01918	0.01453	0.01975	0.01244	0.01737	0.00983	0.00626	0.00684	0.00213	0.00883	0.00622	0.00318	0.00902
10	0.01441	0.05258	0.02151	0.06181	0.14306	0.01462	0.12632	0.08182	0.03471	0.02157	0.04634	0.02796	0.15267	0.01316	0.07239	0.00296	0.09135	0.00813	0.00439	0.00827
11	0.01158	0.00976	0.00997	0.00967	0.01117	0.06507	0.00682	0.01558	0.11719	0.01910	0.14890	0.10675	0.10721	0.24888	0.07931	0.00429	0.00660	0.01055	0.00540	0.00620
12	0.01043	0.00796	0.01091	0.01344	0.12180	0.00793	0.00777	0.01186	0.01202	0.01645	0.02672	0.18636	0.08478	0.31282	0.10711	0.00500	0.00721	0.01102	0.03256	0.00584
13	0.01537	0.01357	0.02094	0.44278	0.17779	0.01558	0.01737	0.12827	0.01706	0.02275	0.05335	0.01919	0.01281	0.00718	0.00676	0.00214	0.00816	0.00633	0.00391	0.00868
14	0.01529	0.01553	0.02257	0.48441	0.09497	0.09874	0.09222	0.04201	0.03342	0.01904	0.01253	0.01727	0.00957	0.00667	0.00676	0.00215	0.00934	0.00603	0.00333	0.00814
15	0.01389	0.01170	0.01369	0.01001	0.01558	0.00906	0.00793	0.01713	0.03830	0.02155	0.01246	0.01465	0.01040	0.00607	0.00614	0.04300	0.00503	0.00420	0.00402	0.73519
16	0.01191	0.01085	0.01736	0.45838	0.06054	0.01318	0.01519	0.01538	0.01296	0.01712	0.01796	0.10003	0.05050	0.01415	0.09202	0.00332	0.07055	0.00792	0.00358	0.00709
17	0.01615	0.24039	0.31536	0.05710	0.06632	0.08168	0.09363	0.02118	0.01464	0.01912	0.01132	0.01378	0.00887	0.00616	0.00596	0.00191	0.00931	0.00495	0.00300	0.00917
18	0.18101	0.01332	0.01394	0.01167	0.01557	0.05327	0.00939	0.11724	0.05547	0.25200	0.02297	0.06007	0.06319	0.00923	0.00704	0.00212	0.04444	0.00701	0.05194	0.00912
19	0.00843	0.00645	0.00741	0.00789	0.00933	0.00572	0.00561	0.01014	0.01473	0.01901	0.13813	0.30168	0.35734	0.03815	0.00875	0.00250	0.00362	0.01520	0.03429	0.00565
20	0.01507	0.01912	0.22056	0.01609	0.02093	0.01473	0.07422	0.15491	0.03982	0.02409	0.01822	0.14546	0.01679	0.01359	0.07001	0.00302	0.09020	0.00828	0.02622	0.00868
21	0.01613	0.01494	0.02231	0.05584	0.02274	0.01720	0.16550	0.10544	0.19367	0.02358	0.01664	0.01968	0.01328	0.01311	0.08857	0.00330	0.18764	0.00693	0.00457	0.00892
22	0.05633	0.00741	0.00868	0.00860	0.01018	0.00722	0.00622	0.01376	0.05167	0.04117	0.28902	0.20476	0.10422	0.08257	0.00987	0.00262	0.00395	0.01231	0.07318	0.00627
23	0.00966	0.00634	0.00844	0.00934	0.01021	0.00586	0.00646	0.01126	0.01428	0.05961	0.15495	0.59405	0.04608	0.01902	0.00835	0.00258	0.00387	0.01716	0.00655	0.00595
24	0.11149	0.02050	0.01684	0.03728	0.01921	0.26466	0.01149	0.19647	0.09707	0.06606	0.05181	0.01773	0.01412	0.00949	0.03484	0.00231	0.00868	0.00575	0.00520	0.00900
25	0.05558	0.00755	0.00893	0.00926	0.01085	0.00741	0.00684	0.01350	0.07578	0.02189	0.22854	0.30585	0.14577	0.01634	0.00793	0.00243	0.00397	0.05875	0.00648	0.00633
26	0.13187	0.01039	0.01142	0.01006	0.01317	0.01061	0.00781	0.09283	0.07987	0.16436	0.08156	0.11806	0.09036	0.04998	0.00799	0.00236	0.00489	0.00904	0.09527	0.00811
27	0.01347	0.00805	0.00871	0.00807	0.01011	0.00833	0.00621	0.08872	0.04368	0.02676	0.12198	0.02776	0.02335	0.01095	0.04343	0.00220	0.00444	0.00718	0.52961	0.00697
28	0.07905	0.00735	0.00879	0.00901	0.01071	0.00706	0.00693	0.01241	0.01609	0.02295	0.32148	0.17712	0.15641	0.01566	0.00792	0.00240	0.00400	0.12201	0.00652	0.00613
29	0.00832	0.00634	0.00765	0.00832	0.00955	0.00567	0.00586	0.01001	0.01473	0.01914	0.16415	0.40089	0.27835	0.01840	0.00824	0.00246	0.00360	0.01621	0.00643	0.00567
30	0.00890	0.00618	0.00771	0.00849	0.00883	0.00593	0.00541	0.00979	0.01219	0.01640	0.09024	0.42273	0.03834	0.30617	0.01835	0.00413	0.00483	0.01489	0.00550	0.00499
31	0.02073	0.01800	0.01681	0.01425	0.01832	0.14249	0.01124	0.24792	0.27053	0.05512	0.09436	0.02247	0.01989	0.00884	0.00677	0.00207	0.00696	0.00697	0.00631	0.00995
32	0.02987	0.01180	0.01581	0.01212	0.01732	0.01043	0.01001	0.06728	0.01984	0.69150	0.02593	0.02249	0.01634	0.00829	0.00675	0.00207	0.00580	0.00671	0.00822	0.01142
33	0.00844	0.00595	0.00771	0.00900	0.00932	0.00563	0.00586	0.00941	0.01232	0.01643	0.03428	0.63789	0.04098	0.14758	0.01292	0.00337	0.00434	0.01749	0.00586	0.00521
34	0.01062	0.00760	0.01055	0.01179	0.01334	0.00752	0.01016	0.01372	0.01596	0.02107	0.13426	0.07199	0.04218	0.01784	0.00907	0.00295	0.00574	0.58107	0.00635	0.00620
35	0.01087	0.00682	0.00848	0.00871	0.01008	0.00621	0.00612	0.01249	0.01449	0.09100	0.13882	0.35447	0.15909	0.10492	0.01107	0.00290	0.00417	0.01449	0.02872	0.00609
36	0.01166	0.00583	0.00874	0.00874	0.00874	0.00583	0.00583	0.00874	0.00874	0.01166	0.01166	0.02040	0.01166	0.02331	0.02622	0.80478	0.00583	0.00583	0.00291	0.00291
37	0.01589	0.01521	0.02594	0.17016	0.59897	0.01575	0.02024	0.01996	0.01494	0.02105	0.01249	0.01684	0.01032	0.00611	0.00665	0.00204	0.00815	0.00598	0.00326	0.01005
38	0.10115	0.00930	0.01045	0.00974	0.01197	0.00955	0.00728	0.09614	0.05570	0.06163	0.20707	0.20636	0.05348	0.07345	0.00931	0.00257	0.00458	0.01112	0.05201	0.00712
39	0.01290	0.00778	0.00990	0.01007	0.01174	0.00739	0.00725	0.04162	0.05096	0.13474	0.05687	0.51446	0.07291	0.01739	0.00805	0.00253	0.00435	0.01549	0.00665	0.00696
40	0.01095	0.00884	0.01022	0.01048	0.01229	0.04799	0.00848	0.01434	0.03879	0.02270	0.31639	0.05892	0.11940	0.01546	0.00832	0.00250	0.00495	0.27602	0.00655	0.00641
41	0.00962	0.00665	0.00855	0.00874	0.00994	0.00621	0.00622	0.01165	0.01537	0.04412	0.31172	0.28834	0.10675	0.08353	0.04847	0.00317	0.00458	0.01401	0.00644	0.00593
42	0.01578	0.00808	0.01081	0.01002	0.01240	0.00745	0.00758	0.01785	0.01556	0.25224	0.11931	0.25486	0.08752	0.03824	0.10625	0.00357	0.00631	0.01191	0.00665	0.00758
43	0.01922	0.01371	0.01520	0.01322	0.01713	0.01510	0.01037	0.11399	0.45363	0.14316	0.02665	0.08755	0.02082	0.00988	0.00695	0.00225	0.00551	0.00826	0.00700	0.01040
44	0.47445	0.01997	0.01388	0.01229	0.01631	0.26229	0.00969	0.08135	0.01577	0.02649	0.01028	0.01176	0.00810	0.00662	0.00502	0.00195	0.00774	0.00408	0.00414	0.00780
45	0.01839	0.01332	0.01403	0.01191	0.01553	0.01478	0.00946	0.25785	0.25455	0.03199	0.02173	0.02196	0.01631	0.00833	0.00611	0.00196	0.00533	0.00663	0.26034	0.00950
46	0.01608	0.23408	0.21010	0.01492	0.02190	0.01664	0.08957	0.02036	0.01442	0.06044	0.01223	0.01406	0.00959	0.00582	0.00558	0.00162	0.00763	0.00472	0.00355	0.23670
47	0.02551	0.01879	0.02014	0.01544	0.02081	0.02081	0.01275	0.69996	0.03155	0.04229	0.01611	0.01611	0.01141	0.00805	0.00671	0.00201	0.00738	0.00604	0.00671	0.01141
48	0.01391	0.01193	0.01391	0.00994	0.01590	0.00894	0.00795	0.01690	0.01391	0.02186	0.01193	0.01391	0.00994	0.00497	0.00497	0.00099	0.00497	0.00398	0.00398	0.80521
49	0.00928	0.00685	0.00867	0.00822	0.00989	0.00624	0.00616	0.01225	0.01849	0.02572	0.63059	0.05208	0.15226	0.01416	0.00792	0.00213	0.00320	0.01241	0.00723	0.00624
50	0.00950	0.00686	0.00897	0.00844	0.01002	0.00633	0.00633	0.01266	0.01899	0.02691	0.71879	0.05012	0.06331	0.01372	0.00791	0.00211	0.00317	0.01213	0.00739	0.00633
51	0.00950	0.00686	0.00897	0.00844	0.01002	0.00633	0.00633	0.01266	0.01899	0.02691	0.71879	0.05012	0.06331	0.01372	0.00791	0.00211	0.00317	0.01213	0.00739	0.00633
52	0.00950	0.00686	0.00897	0.00844	0.01002	0.00633	0.00633	0.01266	0.01899	0.02691	0.71879	0.05012	0.06331	0.01372	0.00791	0.00211	0.00317	0.01213	0.00739	0.00633
53	0.00818	0.00584	0.00779	0.00934	0.00973	0.00545	0.00623	0.00934	0.01285	0.01713	0.03698	0.75981	0.04438	0.02102	0.00856	0.00273	0.00389	0.01908	0.00623	0.00545
54	0.02551	0.01879	0.02014	0.01544	0.02081	0.02081	0.01275	0.69996	0.03155	0.04229	0.01611	0.01611	0.01141	0.00805	0.00671	0.00201	0.00738	0.00604	0.00671	0.01141
55	0.81159	0.01298	0.00986	0.00882	0.01298	0.01505	0.00727	0.01972	0.01142	0.03010	0.00934	0.01090	0.00727	0.00623	0.00415	0.00208	0.00519	0.00363	0.00415	0.00727
56	0.02551	0.01879	0.02014	0.01544	0.02081	0.02081	0.01275	0.69996	0.03155	0.04229	0.01611	0.01611	0.01141	0.00805	0.00671	0.00201	0.00738	0.00604	0.00671	0.01141
57	0.01081	0.00772	0.01081	0.01236	0.01390	0.00772	0.01081	0.01390	0.01545	0.02008	0.03553	0.07569	0.03862	0.01854	0.00927	0.00309	0.00618	0.67717	0.00618	0.00618
58	0.01287	0.03148	0.64880	0.01803	0.02688	0.01445	0.02272	0.01992	0.01402	0.02079	0.01483	0.09747	0.01251	0.00801	0.00662	0.00219	0.00924	0.00654	0.00321	0.00942
59	0.01391	0.01193	0.01391	0.00994	0.01590	0.00894	0.00795	0.01690	0.01391	0.02186	0.01193	0.01391	0.00994	0.00497	0.00497	0.00099	0.00497	0.00398	0.00398	0.80521
60	0.33823	0.01232	0.01350	0.01085	0.01563	0.01234	0.00895	0.05366	0.01662	0.42529	0.01931	0.01787	0.01272	0.00748	0.00572	0.00207	0.00557	0.00549	0.00660	0.00978
61	0.00962	0.00669	0.00847	0.00872	0.00916	0.00696	0.00580	0.01054	0.01066	0.01450	0.02271	0.11220	0.02520	0.46081	0.21423	0.00705	0.00923	0.04835	0.00428	0.00483
62	0.01248	0.01025	0.01614	0.01430	0.03513	0.01099	0.11001	0.09034	0.01432	0.01999	0.05381	0.02635	0.01807	0.09172	0.43594	0.00753	0.01387	0.00759	0.00414	0.00704
63	0.01267	0.01193	0.02013	0.74806	0.04621	0.01491	0.01863	0.01714	0.01342	0.01714	0.01193	0.01789	0.00894	0.00671	0.00671	0.00224	0.00894	0.00596	0.00298	0.00745
64	0.81159	0.01298	0.00986	0.00882	0.01298	0.01505	0.00727	0.01972	0.01142	0.03010	0.00934	0.01090	0.00727	0.00623	0.00415	0.00208	0.00519	0.00363	0.00415	0.00727
65	0.01794	0.76823	0.03516	0.01148	0.01722	0.02655	0.01148	0.02009	0.01363	0.01579	0.00933	0.01076	0.00861	0.00574	0.00431	0.00144	0.00718	0.00359	0.00287	0.00861
66	0.00961	0.00808	0.00850	0.00827	0.01065	0.00764	0.00623	0.01442	0.13681	0.02057	0.11591	0.09271	0.50517	0.01554	0.00777	0.00228	0.00374	0.01309	0.00644	0.00658
67	0.00818	0.00584	0.00779	0.00934	0.00973	0.00545	0.00623	0.00934	0.01285	0.01713	0.03698	0.75981	0.04438	0.02102	0.00856	0.00273	0.00389	0.01908	0.00623	0.00545
68	0.01461	0.00790	0.00946	0.00859	0.00990	0.00763	0.00561	0.01586	0.03670	0.17507	0.02257	0.03847	0.02249	0.56645	0.02698	0.00535	0.00628	0.00900	0.00512	0.00596
69	0.00818	0.00584	0.00779	0.00934	0.00973	0.00545	0.00623	0.00934	0.01285	0.01713	0.03698	0.75981	0.04438	0.02102	0.00856	0.00273	0.00389	0.01908	0.00623	0.00545
70	0.01070	0.00821	0.01183	0.05472	0.05119	0.00881	0.00973	0.01419	0.04983	0.01939	0.12662	0.10357	0.03038	0.02730	0.26009	0.02727	0.00980	0.16476	0.00508	0.00652
71	0.01826	0.19500	0.02572	0.08724	0.24652	0.18394	0.01578	0.02102	0.01494	0.01806	0.01078	0.01407	0.00932	0.00695	0.00796	0.00195	0.10550	0.00503	0.00317	0.00880
72	0.01612	0.01432	0.01954	0.21256	0.10844	0.07257	0.05262	0.01937	0.01448	0.08067	0.01420	0.05489	0.01191	0.00760	0.00805	0.00197	0.08724	0.00622	0.00394	0.19328
73	0.25101	0.04005	0.08650	0.03558	0.07565	0.11058	0.01249	0.13659	0.04192	0.06989	0.01310	0.01437	0.00987	0.00675	0.00564	0.00193	0.00733	0.00487	0.00456	0.07134
74	0.01677	0.01865	0.13060	0.01578	0.06120	0.07046	0.03707	0.11742	0.13800	0.02558	0.05832	0.01856	0.01495	0.00711	0.00623	0.00177	0.00700	0.00583	0.00478	0.24393

[dist]
# distance from previous block
# <min> <max>
0	1

[block]
# block no. 1 follows, 32 sequences, length 30
# corresponding to MSA columns:
# 185-214
name=unknown_B
#
# <colnr> <probs for GDERKNQSTAVLIFYWHMCP>
#	G	D	E	R	K	N	Q	S	T	A	V	L	I	F	Y	W	H	M	C	P
0	0.01005	0.00777	0.00911	0.00874	0.01094	0.00736	0.00662	0.01360	0.07307	0.03915	0.16318	0.10101	0.33836	0.02062	0.12342	0.00357	0.00599	0.01190	0.00602	0.03952
1	0.01875	0.01760	0.03969	0.01850	0.12335	0.16144	0.01312	0.06019	0.09499	0.10005	0.12575	0.02214	0.01991	0.00917	0.00955	0.00218	0.14287	0.00683	0.00503	0.00888
2	0.02143	0.01162	0.01415	0.01129	0.01569	0.01086	0.00911	0.12272	0.06629	0.32600	0.12225	0.02927	0.09875	0.00963	0.00683	0.00198	0.00524	0.00793	0.00712	0.10184
3	0.81159	0.01298	0.00986	0.00882	0.01298	0.01505	0.00727	0.01972	0.01142	0.03010	0.00934	0.01090	0.00727	0.00623	0.00415	0.00208	0.00519	0.00363	0.00415	0.00727
4	0.01794	0.76823	0.03516	0.01148	0.01722	0.02655	0.01148	0.02009	0.01363	0.01579	0.00933	0.01076	0.00861	0.00574	0.00431	0.00144	0.00718	0.00359	0.00287	0.00861
5	0.00834	0.00681	0.00737	0.00723	0.00932	0.00584	0.00542	0.01043	0.01626	0.02043	0.23871	0.06078	0.54744	0.01613	0.00793	0.00223	0.00334	0.01363	0.00653	0.00584
6	0.00931	0.00685	0.00871	0.00824	0.00991	0.00625	0.00618	0.01230	0.01855	0.02585	0.64052	0.05186	0.14224	0.01411	0.00792	0.00213	0.00319	0.01238	0.00725	0.00625
7	0.00950	0.00686	0.00897	0.00844	0.01002	0.00633	0.00633	0.01266	0.01899	0.02691	0.71879	0.05012	0.06331	0.01372	0.00791	0.00211	0.00317	0.01213	0.00739	0.00633
8	0.00970	0.00674	0.00848	0.00848	0.00889	0.00714	0.00552	0.01051	0.01010	0.01387	0.02008	0.03800	0.02183	0.52394	0.27089	0.00795	0.01036	0.00889	0.00391	0.00471
9	0.01863	0.01914	0.02764	0.05430	0.36183	0.13104	0.16710	0.09611	0.01772	0.02303	0.01283	0.01621	0.01025	0.00631	0.00684	0.00202	0.00933	0.00615	0.00372	0.00981
10	0.00858	0.00641	0.00797	0.00845	0.00968	0.00581	0.00601	0.01056	0.01555	0.02076	0.28156	0.35324	0.20578	0.01755	0.00819	0.00241	0.00353	0.01553	0.00663	0.00581
11	0.01563	0.16096	0.30119	0.01685	0.05178	0.12301	0.01689	0.01987	0.01434	0.01868	0.01393	0.09961	0.01285	0.00843	0.00751	0.00204	0.07228	0.00634	0.00339	0.03441
12	0.65364	0.12471	0.01512	0.01021	0.01474	0.01685	0.04330	0.01987	0.01197	0.02755	0.00956	0.01125	0.00761	0.00613	0.00437	0.00199	0.00580	0.00385	0.00392	0.00756
13	0.01328	0.01255	0.02122	0.63876	0.15076	0.01507	0.01894	0.01768	0.01370	0.01788	0.01203	0.01769	0.00920	0.00660	0.00670	0.00220	0.00879	0.00597	0.00303	0.00794
14	0.10898	0.41994	0.22658	0.01376	0.02032	0.07459	0.01485	0.02087	0.01392	0.01903	0.01017	0.01184	0.00843	0.00606	0.00500	0.00173	0.00808	0.00403	0.00305	0.00876
15	0.00793	0.00680	0.00680	0.00680	0.00906	0.00566	0.00510	0.00963	0.01529	0.01813	0.06797	0.06457	0.71961	0.01699	0.00793	0.00227	0.00340	0.01416	0.00623	0.00566
16	0.01391	0.01193	0.01391	0.00994	0.01590	0.00894	0.00795	0.01690	0.01391	0.02186	0.01193	0.01391	0.00994	0.00497	0.00497	0.00099	0.00497	0.00398	0.00398	0.80521
17	0.00793	0.00680	0.00680	0.00680	0.00906	0.00566	0.00510	0.00963	0.01529	0.01813	0.06797	0.06457	0.71961	0.01699	0.00793	0.00227	0.00340	0.01416	0.00623	0.00566
18	0.00932	0.00685	0.00872	0.00825	0.00991	0.00625	0.00619	0.01231	0.01857	0.02589	0.64353	0.05179	0.13921	0.01410	0.00792	0.00213	0.00319	0.01237	0.00725	0.00625
19	0.01468	0.01468	0.02055	0.01762	0.01762	0.02055	0.01468	0.01615	0.01028	0.01615	0.00881	0.01468	0.00881	0.01174	0.02202	0.00294	0.75191	0.00587	0.00294	0.00734
20	0.01267	0.01193	0.02013	0.74806	0.04621	0.01491	0.01863	0.01714	0.01342	0.01714	0.01193	0.01789	0.00894	0.00671	0.00671	0.00224	0.00894	0.00596	0.00298	0.00745
21	0.01406	0.00827	0.01019	0.00906	0.01175	0.00750	0.00702	0.01756	0.05602	0.18060	0.34792	0.04663	0.23060	0.01316	0.00760	0.00215	0.00391	0.01124	0.00724	0.00752
22	0.00834	0.00629	0.00777	0.00888	0.00991	0.00572	0.00632	0.00984	0.01379	0.01768	0.04582	0.49680	0.23933	0.01963	0.00844	0.00262	0.00396	0.07705	0.00622	0.00558
23	0.02457	0.02250	0.01934	0.01585	0.02048	0.24324	0.01263	0.43055	0.08901	0.03296	0.01534	0.01567	0.01137	0.00779	0.00652	0.00195	0.00866	0.00565	0.00571	0.01021
24	0.01055	0.00790	0.00960	0.00973	0.01137	0.00780	0.00723	0.09012	0.01604	0.02117	0.10342	0.33646	0.18717	0.02102	0.08808	0.00339	0.00579	0.05067	0.00610	0.00637
25	0.01468	0.01468	0.02055	0.01762	0.01762	0.02055	0.01468	0.01615	0.01028	0.01615	0.00881	0.01468	0.00881	0.01174	0.02202	0.00294	0.75191	0.00587	0.00294	0.00734
26	0.01569	0.01860	0.22134	0.09090	0.08771	0.01319	0.08780	0.02175	0.07360	0.12068	0.06231	0.02703	0.07375	0.00879	0.00707	0.00221	0.00768	0.04596	0.00479	0.00915
27	0.19885	0.08184	0.01759	0.04495	0.01896	0.21939	0.01112	0.10697	0.11072	0.10629	0.01494	0.01543	0.01119	0.00725	0.00577	0.00195	0.00780	0.00510	0.00495	0.00896
28	0.06014	0.05210	0.19919	0.01983	0.15162	0.01588	0.03375	0.14800	0.01752	0.04523	0.01759	0.01924	0.06928	0.00771	0.00725	0.00202	0.05053	0.00609	0.00428	0.07275
29	0.02102	0.38086	0.06187	0.01412	0.03854	0.11545	0.01250	0.08122	0.04558	0.13005	0.01368	0.01431	0.01065	0.00683	0.00586	0.00175	0.02734	0.00475	0.00430	0.00935

[dist]
# distance from previous block
# <min> <max>
2	4

[block]
# block no. 2 follows, 32 sequences, length 69
# corresponding to MSA columns:
# 219-287
name=unknown_C
#
# <colnr> <probs for GDERKNQSTAVLIFYWHMCP>
#	G	D	E	R	K	N	Q	S	T	A	V	L	I	F	Y	W	H	M	C	P
0	0.01862	0.01605	0.01687	0.06532	0.01908	0.12305	0.01187	0.21550	0.05209	0.04165	0.01563	0.02163	0.01346	0.04583	0.06453	0.07903	0.12386	0.04311	0.00470	0.00813
1	0.00897	0.00666	0.00863	0.00927	0.01052	0.00632	0.00694	0.01111	0.01493	0.01991	0.20167	0.29654	0.16533	0.02098	0.07743	0.00332	0.00531	0.11407	0.00625	0.00586
2	0.00818	0.00584	0.00779	0.00934	0.00973	0.00545	0.00623	0.00934	0.01285	0.01713	0.03698	0.75981	0.04438	0.02102	0.00856	0.00273	0.00389	0.01908	0.00623	0.00545
3	0.01836	0.01525	0.01611	0.01399	0.01809	0.01747	0.01103	0.16179	0.58135	0.03077	0.02518	0.02334	0.01876	0.00890	0.00681	0.00223	0.00570	0.00729	0.00681	0.01077
4	0.01661	0.01594	0.02724	0.04119	0.72233	0.01594	0.02059	0.02059	0.01528	0.02192	0.01262	0.01661	0.01063	0.00598	0.00664	0.00199	0.00797	0.00598	0.00332	0.01063
5	0.81159	0.01298	0.00986	0.00882	0.01298	0.01505	0.00727	0.01972	0.01142	0.03010	0.00934	0.01090	0.00727	0.00623	0.00415	0.00208	0.00519	0.00363	0.00415	0.00727
6	0.01794	0.76823	0.03516	0.01148	0.01722	0.02655	0.01148	0.02009	0.01363	0.01579	0.00933	0.01076	0.00861	0.00574	0.00431	0.00144	0.00718	0.00359	0.00287	0.00861
7	0.02506	0.03198	0.01901	0.01729	0.02074	0.73725	0.01296	0.02679	0.01901	0.01642	0.01037	0.01210	0.00864	0.00691	0.00605	0.00173	0.01210	0.00432	0.00346	0.00778
8	0.02506	0.03198	0.01901	0.01729	0.02074	0.73725	0.01296	0.02679	0.01901	0.01642	0.01037	0.01210	0.00864	0.00691	0.00605	0.00173	0.01210	0.00432	0.00346	0.00778
9	0.02094	0.12679	0.07509	0.11418	0.02457	0.31851	0.03412	0.13644	0.01881	0.02126	0.01155	0.01380	0.00918	0.00705	0.00677	0.00190	0.04169	0.00495	0.00379	0.00863
10	0.00920	0.00685	0.00856	0.00813	0.00984	0.00620	0.00610	0.01209	0.01829	0.02524	0.59521	0.05287	0.18793	0.01434	0.00792	0.00214	0.00321	0.01252	0.00717	0.00620
11	0.01898	0.56219	0.03060	0.01258	0.01739	0.05009	0.01181	0.02107	0.01394	0.08767	0.01103	0.01257	0.00945	0.00686	0.00703	0.00172	0.10865	0.00424	0.00345	0.00869
12	0.01794	0.76823	0.03516	0.01148	0.01722	0.02655	0.01148	0.02009	0.01363	0.01579	0.00933	0.01076	0.00861	0.00574	0.00431	0.00144	0.00718	0.00359	0.00287	0.00861
13	0.01267	0.01193	0.02013	0.74806	0.04621	0.01491	0.01863	0.01714	0.01342	0.01714	0.01193	0.01789	0.00894	0.00671	0.00671	0.00224	0.00894	0.00596	0.00298	0.00745
14	0.64643	0.01350	0.01159	0.00989	0.01428	0.01523	0.00815	0.09984	0.01449	0.09750	0.01175	0.01263	0.00863	0.00664	0.00470	0.00207	0.00549	0.00421	0.00484	0.00814
15	0.00818	0.00584	0.00779	0.00934	0.00973	0.00545	0.00623	0.00934	0.01285	0.01713	0.03698	0.75981	0.04438	0.02102	0.00856	0.00273	0.00389	0.01908	0.00623	0.00545
16	0.00959	0.00719	0.01078	0.01078	0.01198	0.00839	0.00839	0.01198	0.01078	0.01558	0.01797	0.02636	0.01677	0.05032	0.73760	0.01078	0.01797	0.00719	0.00359	0.00599
17	0.02120	0.05695	0.07194	0.05353	0.02022	0.12957	0.01229	0.06840	0.01702	0.21947	0.01562	0.01642	0.01136	0.00731	0.00754	0.00184	0.07791	0.00529	0.00499	0.18114
18	0.04480	0.04141	0.19027	0.15736	0.04676	0.12028	0.01598	0.08359	0.03428	0.04014	0.01288	0.01592	0.01003	0.02690	0.00751	0.00207	0.03783	0.00527	0.00379	0.10293
19	0.28348	0.03878	0.01842	0.05911	0.17312	0.20073	0.01314	0.04328	0.01493	0.02302	0.01064	0.01330	0.00874	0.00686	0.00682	0.00203	0.06690	0.00470	0.00368	0.00832
20	0.01577	0.06827	0.05301	0.02787	0.12446	0.01702	0.51794	0.02093	0.01570	0.02137	0.04090	0.01857	0.01219	0.00604	0.00747	0.00216	0.01023	0.00746	0.00349	0.00914
21	0.01336	0.04493	0.01568	0.05597	0.11472	0.10809	0.01130	0.01555	0.01373	0.01757	0.03971	0.19278	0.03951	0.05327	0.12304	0.00384	0.07920	0.04640	0.00434	0.00700
22	0.01166	0.00583	0.00874	0.00874	0.00874	0.00583	0.00583	0.00874	0.00874	0.01166	0.01166	0.02040	0.01166	0.02331	0.02622	0.80478	0.00583	0.00583	0.00291	0.00291
23	0.00815	0.00593	0.00769	0.00910	0.00967	0.00547	0.00612	0.00937	0.01308	0.01722	0.03992	0.69398	0.10831	0.02064	0.00850	0.00268	0.00385	0.01861	0.00623	0.00547
24	0.01992	0.17330	0.11521	0.02102	0.16449	0.21956	0.03383	0.07218	0.05552	0.04557	0.01283	0.01456	0.01020	0.00664	0.00603	0.00185	0.00904	0.00508	0.00382	0.00938
25	0.06987	0.17532	0.10401	0.10952	0.06343	0.21545	0.01396	0.02069	0.01486	0.01856	0.01196	0.01504	0.00992	0.01064	0.07492	0.00267	0.00980	0.00488	0.04648	0.00804
26	0.01806	0.13208	0.14680	0.02384	0.24139	0.01809	0.05250	0.12194	0.10638	0.05238	0.01501	0.01664	0.01155	0.00679	0.00635	0.00199	0.00785	0.00579	0.00431	0.01027
27	0.01940	0.16207	0.05385	0.01638	0.01980	0.16652	0.03512	0.14664	0.01698	0.02138	0.01087	0.01377	0.00925	0.00853	0.01149	0.00218	0.26826	0.00518	0.00374	0.00859
28	0.00862	0.00669	0.00785	0.00784	0.00956	0.00592	0.00577	0.01087	0.01652	0.02169	0.33795	0.15414	0.35015	0.01617	0.00801	0.00226	0.00337	0.01398	0.00672	0.00592
29	0.01058	0.00907	0.00970	0.01036	0.01176	0.07555	0.00784	0.01263	0.01506	0.01911	0.13200	0.30859	0.13097	0.01921	0.04854	0.00301	0.00578	0.15826	0.00597	0.00601
30	0.81159	0.01298	0.00986	0.00882	0.01298	0.01505	0.00727	0.01972	0.01142	0.03010	0.00934	0.01090	0.00727	0.00623	0.00415	0.00208	0.00519	0.00363	0.00415	0.00727
31	0.01563	0.01359	0.03437	0.01673	0.11328	0.01437	0.01157	0.04474	0.42797	0.04574	0.04983	0.13795	0.02365	0.01056	0.00709	0.00228	0.00557	0.00917	0.00621	0.00970
32	0.01875	0.01241	0.01424	0.01209	0.01584	0.01308	0.00958	0.13152	0.27538	0.17156	0.19090	0.03061	0.05406	0.01016	0.00709	0.00216	0.00513	0.00850	0.00722	0.00971
33	0.01017	0.00744	0.00934	0.00936	0.01071	0.00735	0.00679	0.04185	0.04951	0.02233	0.30953	0.25661	0.06395	0.08873	0.05081	0.00323	0.00490	0.03475	0.00639	0.00624
34	0.25464	0.01043	0.01075	0.01055	0.01315	0.03141	0.00837	0.01820	0.08315	0.06268	0.08728	0.16333	0.02735	0.01470	0.04645	0.00287	0.00589	0.13599	0.00565	0.00716
35	0.01286	0.01036	0.01488	0.06565	0.17511	0.01102	0.01107	0.07891	0.01427	0.01978	0.02105	0.05346	0.06634	0.15048	0.23175	0.00546	0.01011	0.00803	0.03210	0.00729
36	0.01489	0.00787	0.00997	0.00937	0.01182	0.00692	0.00703	0.01678	0.01589	0.23442	0.09109	0.29463	0.22155	0.01552	0.00779	0.00236	0.00426	0.01348	0.00694	0.00739
37	0.01391	0.01193	0.01391	0.00994	0.01590	0.00894	0.00795	0.01690	0.01391	0.02186	0.01193	0.01391	0.00994	0.00497	0.00497	0.00099	0.00497	0.00398	0.00398	0.80521
38	0.01393	0.01260	0.02140	0.04963	0.27201	0.01316	0.10582	0.05450	0.01431	0.02018	0.01515	0.02089	0.01312	0.02457	0.31166	0.00570	0.01259	0.00675	0.00362	0.00842
39	0.01417	0.00783	0.00988	0.00897	0.01129	0.00700	0.00672	0.01637	0.01672	0.19575	0.27626	0.12317	0.17325	0.08959	0.01035	0.00264	0.00426	0.01172	0.00693	0.00713
40	0.81159	0.01298	0.00986	0.00882	0.01298	0.01505	0.00727	0.01972	0.01142	0.03010	0.00934	0.01090	0.00727	0.00623	0.00415	0.00208	0.00519	0.00363	0.00415	0.00727
41	0.01014	0.00816	0.01196	0.01192	0.01397	0.00771	0.07142	0.01283	0.01508	0.01928	0.04234	0.16208	0.21766	0.01729	0.00869	0.00274	0.00559	0.34898	0.00595	0.00620
42	0.01073	0.00688	0.00877	0.00884	0.01033	0.00624	0.00636	0.01274	0.01575	0.08756	0.27204	0.32036	0.14176	0.04857	0.00918	0.00255	0.00386	0.01446	0.00673	0.00629
43	0.01821	0.01517	0.01603	0.01396	0.01803	0.01740	0.01099	0.15048	0.59291	0.03053	0.02537	0.02349	0.01891	0.00892	0.00681	0.00223	0.00567	0.00732	0.00681	0.01076
44	0.00793	0.00680	0.00680	0.00680	0.00906	0.00566	0.00510	0.00963	0.01529	0.01813	0.06797	0.06457	0.71961	0.01699	0.00793	0.00227	0.00340	0.01416	0.00623	0.00566
45	0.01048	0.00674	0.00999	0.00966	0.01057	0.00670	0.03060	0.01055	0.01197	0.01630	0.14203	0.10312	0.07141	0.02505	0.14239	0.36699	0.00730	0.00910	0.00438	0.00469
46	0.00834	0.00614	0.00782	0.00882	0.00968	0.00562	0.00608	0.00990	0.01417	0.01879	0.14721	0.54571	0.14852	0.01929	0.00837	0.00256	0.00371	0.01726	0.00641	0.00562
47	0.02506	0.03198	0.01901	0.01729	0.02074	0.73725	0.01296	0.02679	0.01901	0.01642	0.01037	0.01210	0.00864	0.00691	0.00605	0.00173	0.01210	0.00432	0.00346	0.00778
48	0.01603	0.34859	0.39310	0.01565	0.02352	0.02057	0.01843	0.05752	0.01488	0.02004	0.01110	0.01281	0.00871	0.00619	0.00551	0.00182	0.00860	0.00443	0.00306	0.00944
49	0.01204	0.01092	0.01167	0.01136	0.01291	0.12107	0.00868	0.01407	0.01273	0.01644	0.07147	0.02696	0.04338	0.03815	0.50381	0.05225	0.01476	0.00729	0.00392	0.00611
50	0.01398	0.01227	0.01555	0.03659	0.01801	0.00959	0.04641	0.01716	0.01400	0.02168	0.01202	0.01428	0.00992	0.00507	0.00519	0.00111	0.00546	0.00426	0.00391	0.73355
51	0.08839	0.00911	0.01138	0.01118	0.05055	0.00875	0.00796	0.01824	0.05205	0.17967	0.18891	0.10414	0.13230	0.01335	0.00917	0.08654	0.00468	0.00988	0.00629	0.00747
52	0.01116	0.00703	0.00889	0.00891	0.01030	0.00652	0.00641	0.01297	0.01494	0.08879	0.21696	0.23080	0.11376	0.16556	0.01331	0.00323	0.00452	0.06355	0.00630	0.00607
53	0.01661	0.01594	0.02724	0.04119	0.72233	0.01594	0.02059	0.02059	0.01528	0.02192	0.01262	0.01661	0.01063	0.00598	0.00664	0.00199	0.00797	0.00598	0.00332	0.01063
54	0.01346	0.00847	0.01300	0.01172	0.01283	0.00925	0.04610	0.01334	0.01093	0.08156	0.01534	0.06091	0.01439	0.02431	0.15507	0.38533	0.10786	0.00701	0.00376	0.00536
55	0.14170	0.01066	0.01184	0.01021	0.01376	0.01068	0.00808	0.07477	0.08517	0.23351	0.05401	0.09457	0.12398	0.01062	0.00653	0.00213	0.00487	0.00865	0.08564	0.00861
56	0.01173	0.00761	0.00940	0.00945	0.01133	0.00704	0.00710	0.04609	0.01606	0.09655	0.12713	0.31671	0.21155	0.01687	0.00811	0.00246	0.00426	0.07733	0.00662	0.00661
57	0.00913	0.00717	0.00835	0.00831	0.01023	0.00653	0.00636	0.01216	0.04393	0.02188	0.30058	0.08852	0.35808	0.01580	0.00803	0.00231	0.00367	0.07615	0.00667	0.00614
58	0.21835	0.01231	0.01283	0.01080	0.01458	0.01311	0.00867	0.19434	0.04886	0.13475	0.08621	0.06285	0.03760	0.00914	0.00607	0.00205	0.00526	0.00714	0.10633	0.00873
59	0.22069	0.00854	0.00888	0.00873	0.01071	0.00874	0.00644	0.01415	0.01317	0.05998	0.08882	0.15207	0.11516	0.18668	0.01314	0.00331	0.00500	0.06432	0.00540	0.00610
60	0.01141	0.00781	0.01019	0.01082	0.01268	0.00755	0.00893	0.01476	0.04552	0.06428	0.11546	0.13484	0.14117	0.01699	0.00859	0.00272	0.00513	0.36810	0.00648	0.00656
61	0.09303	0.00723	0.00818	0.00827	0.01000	0.00685	0.00607	0.01175	0.01565	0.02241	0.29688	0.23025	0.22813	0.01566	0.00769	0.00230	0.00363	0.01355	0.00644	0.00603
62	0.01107	0.00754	0.00923	0.00940	0.01087	0.00741	0.00687	0.01382	0.06307	0.06674	0.03606	0.20480	0.16546	0.18469	0.08752	0.00425	0.00630	0.09311	0.00567	0.00612
63	0.08836	0.00855	0.01038	0.01069	0.01260	0.00861	0.00817	0.03936	0.06390	0.09821	0.03153	0.39556	0.03387	0.01645	0.00790	0.00261	0.00489	0.14508	0.00631	0.00699
64	0.01487	0.00815	0.01046	0.00977	0.01239	0.00730	0.00777	0.01732	0.01693	0.21483	0.18204	0.11792	0.20737	0.01459	0.00790	0.00237	0.00452	0.12903	0.00703	0.00745
65	0.00988	0.00651	0.00876	0.00972	0.01055	0.00627	0.00689	0.01139	0.01316	0.05565	0.05094	0.51807	0.03877	0.07699	0.07941	0.00375	0.00570	0.07581	0.00596	0.00581
66	0.01432	0.00983	0.01187	0.01138	0.01342	0.01017	0.00859	0.18669	0.04214	0.05162	0.02840	0.37942	0.03043	0.01679	0.00970	0.07848	0.00531	0.07811	0.00614	0.00721
67	0.69410	0.01360	0.01112	0.00971	0.01396	0.01569	0.00797	0.08499	0.05118	0.03115	0.01096	0.01216	0.00837	0.00656	0.00454	0.00208	0.00540	0.00408	0.00454	0.00784
68	0.01403	0.01231	0.01975	0.05139	0.36487	0.01302	0.01501	0.05368	0.01422	0.02021	0.01502	0.02069	0.01318	0.02461	0.31149	0.00567	0.01214	0.00649	0.00361	0.00863

[dist]
# distance from previous block
# <min> <max>
0	2

# created by:
# /home/berkeley/.conda/envs/busco_data_prod/bin/msa2prfl.pl pipeline/OGs_align_augustus/5794/68989.fs
