[name]
unknown

[dist]
# distance from previous block
# <min> <max>
0	157

[block]
# block no. 0 follows, 32 sequences, length 25
# corresponding to MSA columns:
# 182-206
name=unknown_A
#
# <colnr> <probs for GDERKNQSTAVLIFYWHMCP>
#	G	D	E	R	K	N	Q	S	T	A	V	L	I	F	Y	W	H	M	C	P
0	0.07114	0.05801	0.04913	0.01688	0.10860	0.01471	0.04603	0.16926	0.05909	0.02612	0.01745	0.02565	0.01553	0.05582	0.00822	0.00227	0.00684	0.09837	0.00485	0.14603
1	0.01650	0.05563	0.18173	0.08757	0.21994	0.04212	0.06842	0.08613	0.10867	0.02371	0.03500	0.01789	0.01271	0.00696	0.00662	0.00207	0.00830	0.00612	0.00407	0.00983
2	0.01933	0.05541	0.13988	0.01571	0.06123	0.13518	0.01341	0.14375	0.04754	0.10396	0.07335	0.02144	0.04376	0.03412	0.00741	0.00208	0.00767	0.00639	0.00506	0.06331
3	0.04950	0.08317	0.19836	0.01721	0.04976	0.12639	0.03105	0.19644	0.08144	0.04914	0.01426	0.01542	0.01070	0.00734	0.00695	0.00203	0.04111	0.00542	0.00454	0.00978
4	0.01660	0.17644	0.35088	0.01533	0.02236	0.04368	0.01707	0.02356	0.10338	0.09273	0.04427	0.01845	0.03228	0.00739	0.00614	0.00199	0.00799	0.00571	0.00420	0.00956
5	0.01559	0.08455	0.51914	0.01750	0.02578	0.06162	0.02076	0.02371	0.09824	0.05035	0.01417	0.01545	0.01029	0.00677	0.00627	0.00207	0.00913	0.00521	0.00358	0.00983
6	0.01214	0.00783	0.01123	0.01046	0.01248	0.00711	0.05266	0.01442	0.01589	0.12123	0.22471	0.33875	0.11291	0.01577	0.00802	0.00239	0.00439	0.01416	0.00665	0.00680
7	0.01738	0.67742	0.12111	0.01243	0.01868	0.02519	0.01313	0.02024	0.01370	0.01646	0.00966	0.01118	0.00860	0.00582	0.00456	0.00152	0.00751	0.00376	0.00287	0.00877
8	0.02080	0.01381	0.01608	0.01197	0.01759	0.01259	0.00976	0.21876	0.02019	0.18116	0.01631	0.01649	0.01182	0.00659	0.00586	0.00153	0.00583	0.00518	0.00571	0.40195
9	0.01403	0.01358	0.01838	0.29255	0.06645	0.07399	0.06797	0.02049	0.14110	0.02085	0.10086	0.05939	0.06374	0.00915	0.00707	0.00220	0.00744	0.00810	0.00463	0.00802
10	0.01480	0.01706	0.10829	0.01948	0.06372	0.04819	0.17691	0.07178	0.01561	0.02155	0.07619	0.13574	0.01965	0.01041	0.01057	0.00239	0.16636	0.00881	0.00428	0.00822
11	0.00961	0.00711	0.01036	0.01036	0.01141	0.00816	0.00786	0.01171	0.01066	0.01526	0.01836	0.02851	0.01771	0.13786	0.65134	0.01026	0.01657	0.00750	0.00365	0.00575
12	0.01240	0.01045	0.01369	0.07067	0.01613	0.01267	0.01008	0.01806	0.16738	0.01814	0.01846	0.02640	0.01689	0.15966	0.25617	0.00597	0.14809	0.00740	0.00423	0.00705
13	0.01506	0.10338	0.44920	0.02139	0.12271	0.01680	0.06330	0.06328	0.01542	0.02198	0.01308	0.04089	0.01036	0.00683	0.00640	0.00206	0.00908	0.00571	0.00330	0.00976
14	0.02371	0.02536	0.01826	0.01761	0.07138	0.49840	0.01254	0.05080	0.01871	0.11285	0.01514	0.07669	0.01295	0.00826	0.00642	0.00189	0.01008	0.00607	0.00445	0.00842
15	0.01267	0.01193	0.02013	0.74806	0.04621	0.01491	0.01863	0.01714	0.01342	0.01714	0.01193	0.01789	0.00894	0.00671	0.00671	0.00224	0.00894	0.00596	0.00298	0.00745
16	0.01247	0.00842	0.00986	0.00929	0.01114	0.00865	0.00696	0.12048	0.01698	0.02455	0.16304	0.16181	0.06290	0.06420	0.09277	0.00335	0.00587	0.01034	0.20016	0.00674
17	0.01925	0.03962	0.07191	0.02894	0.37498	0.01519	0.08151	0.02412	0.05739	0.17521	0.01636	0.01821	0.01222	0.00681	0.00712	0.00207	0.02778	0.00628	0.00456	0.01045
18	0.01300	0.01040	0.05367	0.01125	0.01351	0.00956	0.00913	0.01858	0.15608	0.07603	0.04944	0.15077	0.02921	0.18341	0.03354	0.00367	0.00614	0.15969	0.00578	0.00714
19	0.00941	0.00699	0.00885	0.00876	0.01047	0.00643	0.00682	0.01228	0.01771	0.02412	0.48399	0.05701	0.18506	0.01512	0.00814	0.00230	0.00370	0.11971	0.00697	0.00618
20	0.01542	0.07154	0.28354	0.02135	0.04779	0.09376	0.25365	0.02074	0.01514	0.02011	0.01454	0.08402	0.01248	0.00749	0.00695	0.00214	0.00985	0.00716	0.00342	0.00891
21	0.07601	0.14695	0.20041	0.01652	0.04172	0.04671	0.08576	0.03985	0.10029	0.09408	0.01517	0.01646	0.01139	0.00707	0.00677	0.00203	0.04207	0.00556	0.03582	0.00936
22	0.01048	0.00812	0.01284	0.01231	0.03608	0.00762	0.09574	0.01174	0.01346	0.01771	0.08715	0.23566	0.15949	0.01760	0.01245	0.19145	0.00543	0.05396	0.00508	0.00564
23	0.07756	0.01370	0.02313	0.42632	0.22759	0.01540	0.08384	0.01871	0.01400	0.01990	0.01207	0.01700	0.00939	0.00637	0.00660	0.00216	0.00861	0.00597	0.00321	0.00846
24	0.01938	0.04747	0.05462	0.14529	0.19428	0.09144	0.03706	0.12593	0.08192	0.09546	0.01534	0.01734	0.01153	0.00718	0.00694	0.00206	0.02647	0.00596	0.00457	0.00975

[dist]
# distance from previous block
# <min> <max>
1	3

[block]
# block no. 1 follows, 32 sequences, length 30
# corresponding to MSA columns:
# 210-239
name=unknown_B
#
# <colnr> <probs for GDERKNQSTAVLIFYWHMCP>
#	G	D	E	R	K	N	Q	S	T	A	V	L	I	F	Y	W	H	M	C	P
0	0.01798	0.01753	0.09023	0.01277	0.01764	0.14058	0.01102	0.03801	0.11354	0.12346	0.07126	0.02350	0.07773	0.00826	0.00633	0.00179	0.00671	0.00656	0.00528	0.20982
1	0.02093	0.00987	0.01270	0.01020	0.01400	0.00854	0.00793	0.02311	0.01652	0.39253	0.09879	0.03040	0.05398	0.15101	0.01184	0.00278	0.00539	0.00785	0.00674	0.11489
2	0.00959	0.00719	0.01078	0.01078	0.01198	0.00839	0.00839	0.01198	0.01078	0.01558	0.01797	0.02636	0.01677	0.05032	0.73760	0.01078	0.01797	0.00719	0.00359	0.00599
3	0.01391	0.01193	0.01391	0.00994	0.01590	0.00894	0.00795	0.01690	0.01391	0.02186	0.01193	0.01391	0.00994	0.00497	0.00497	0.00099	0.00497	0.00398	0.00398	0.80521
4	0.01468	0.01468	0.02055	0.01762	0.01762	0.02055	0.01468	0.01615	0.01028	0.01615	0.00881	0.01468	0.00881	0.01174	0.02202	0.00294	0.75191	0.00587	0.00294	0.00734
5	0.01661	0.01594	0.02724	0.04119	0.72233	0.01594	0.02059	0.02059	0.01528	0.02192	0.01262	0.01661	0.01063	0.00598	0.00664	0.00199	0.00797	0.00598	0.00332	0.01063
6	0.00996	0.00643	0.00747	0.00747	0.00747	0.00643	0.00425	0.00965	0.00965	0.01287	0.02014	0.04142	0.02304	0.68567	0.03331	0.09111	0.00643	0.00934	0.00394	0.00394
7	0.01713	0.02144	0.13475	0.02319	0.12942	0.12751	0.17643	0.05015	0.03952	0.02091	0.01235	0.01567	0.00990	0.00728	0.00948	0.00216	0.14247	0.00596	0.00351	0.05076
8	0.01121	0.00871	0.01124	0.10549	0.01578	0.00911	0.00849	0.01648	0.13629	0.02328	0.36227	0.03999	0.11393	0.01338	0.00951	0.08724	0.00460	0.01009	0.00612	0.00678
9	0.02036	0.01886	0.01707	0.01478	0.01887	0.15860	0.01157	0.18709	0.41851	0.02907	0.02141	0.02045	0.01607	0.00843	0.00665	0.00211	0.00712	0.00659	0.00614	0.01025
10	0.00990	0.00736	0.00912	0.01003	0.01165	0.00709	0.00807	0.01302	0.04832	0.01963	0.04342	0.19893	0.22078	0.01758	0.00842	0.00268	0.00479	0.30522	0.04787	0.00612
11	0.02044	0.01813	0.01830	0.13111	0.02369	0.12163	0.01300	0.27144	0.25519	0.02980	0.01839	0.01882	0.01367	0.00803	0.00666	0.00210	0.00761	0.00630	0.00569	0.01000
12	0.00835	0.00642	0.00767	0.00833	0.00965	0.00573	0.00595	0.01007	0.01475	0.01899	0.14513	0.36819	0.30835	0.01835	0.00825	0.00247	0.00367	0.03759	0.00639	0.00568
13	0.11675	0.01734	0.13874	0.01443	0.07508	0.04963	0.01220	0.01995	0.01440	0.07278	0.01263	0.01433	0.00981	0.00579	0.00543	0.00152	0.00652	0.00448	0.00403	0.40416
14	0.01570	0.08492	0.52019	0.01959	0.05902	0.01636	0.07011	0.05063	0.01536	0.06781	0.01309	0.01495	0.00938	0.00646	0.00638	0.00207	0.00934	0.00528	0.00342	0.00995
15	0.00969	0.00676	0.00859	0.00859	0.00903	0.00720	0.00565	0.01057	0.01013	0.01395	0.01998	0.03748	0.02160	0.50249	0.29203	0.00807	0.01071	0.00882	0.00389	0.00477
16	0.01340	0.00978	0.01447	0.01398	0.08904	0.00884	0.09143	0.01622	0.01639	0.12157	0.14031	0.04405	0.33283	0.01233	0.00747	0.00216	0.00512	0.01083	0.04223	0.00754
17	0.03934	0.04996	0.20549	0.02274	0.21838	0.09942	0.01711	0.11231	0.01733	0.04804	0.01557	0.09515	0.01362	0.00817	0.00657	0.00206	0.00825	0.00681	0.00416	0.00952
18	0.01618	0.01634	0.05768	0.06454	0.59845	0.01574	0.01977	0.02139	0.06397	0.02210	0.01415	0.01855	0.01183	0.00655	0.00671	0.00205	0.00787	0.02216	0.00360	0.01037
19	0.00959	0.00716	0.01062	0.01062	0.01176	0.00830	0.00818	0.01187	0.01073	0.01545	0.01813	0.02721	0.01714	0.08473	0.70369	0.01058	0.01742	0.00731	0.00362	0.00590
20	0.26541	0.06573	0.20936	0.01620	0.06758	0.01529	0.08676	0.05236	0.01483	0.02547	0.08094	0.01750	0.01425	0.00704	0.00584	0.00205	0.00726	0.00564	0.03196	0.00855
21	0.09673	0.12166	0.02112	0.04457	0.05630	0.22129	0.01314	0.09170	0.04550	0.02108	0.01122	0.01387	0.00945	0.00805	0.00979	0.00211	0.19527	0.00501	0.00377	0.00836
22	0.00829	0.00604	0.00782	0.00900	0.00970	0.00557	0.00613	0.00973	0.01374	0.01828	0.11328	0.61676	0.11122	0.01985	0.00843	0.00261	0.00377	0.01786	0.00635	0.00557
23	0.06859	0.06328	0.24647	0.01322	0.01933	0.01254	0.01382	0.02295	0.03993	0.23171	0.07282	0.02461	0.09059	0.00858	0.00645	0.00204	0.00666	0.00686	0.00542	0.04412
24	0.02004	0.27693	0.05411	0.01316	0.01847	0.17690	0.01158	0.06545	0.04312	0.08410	0.01287	0.01382	0.01024	0.00638	0.00538	0.00157	0.00774	0.00448	0.00411	0.16956
25	0.72747	0.09302	0.01254	0.00911	0.01343	0.01627	0.00771	0.01976	0.01165	0.02859	0.00934	0.01089	0.00741	0.00618	0.00417	0.00201	0.00540	0.00363	0.00402	0.00741
26	0.01583	0.03757	0.27754	0.01829	0.02475	0.01364	0.18692	0.02106	0.01509	0.12596	0.04695	0.02167	0.01468	0.01345	0.11119	0.00340	0.01031	0.02843	0.00421	0.00906
27	0.01286	0.01195	0.01606	0.05250	0.01672	0.01533	0.01180	0.01658	0.08581	0.01815	0.05300	0.02635	0.11503	0.01759	0.11997	0.00383	0.38742	0.00771	0.00412	0.00721
28	0.01101	0.11360	0.07049	0.01088	0.01312	0.04132	0.00907	0.01323	0.01421	0.01856	0.10699	0.43596	0.03678	0.01614	0.00767	0.00241	0.00526	0.06130	0.00550	0.00649
29	0.03374	0.04805	0.43591	0.02149	0.15652	0.01528	0.02050	0.02075	0.03137	0.02155	0.01229	0.01470	0.00936	0.00630	0.00653	0.00196	0.02665	0.00504	0.00320	0.10882

[dist]
# distance from previous block
# <min> <max>
0	1

[block]
# block no. 2 follows, 32 sequences, length 41
# corresponding to MSA columns:
# 241-281
name=unknown_C
#
# <colnr> <probs for GDERKNQSTAVLIFYWHMCP>
#	G	D	E	R	K	N	Q	S	T	A	V	L	I	F	Y	W	H	M	C	P
0	0.01487	0.10271	0.32487	0.01651	0.05577	0.01606	0.01683	0.05257	0.18357	0.02398	0.10757	0.02131	0.01876	0.00797	0.00649	0.00207	0.00743	0.00648	0.00458	0.00958
1	0.01277	0.03412	0.24664	0.01393	0.04159	0.01210	0.01361	0.04679	0.11193	0.02350	0.18713	0.05078	0.10499	0.04111	0.00811	0.00230	0.00631	0.00863	0.00518	0.02846
2	0.01028	0.00976	0.05928	0.01104	0.01353	0.00805	0.06433	0.01418	0.04356	0.02424	0.45390	0.15509	0.07891	0.01367	0.00787	0.00223	0.00449	0.01231	0.00651	0.00679
3	0.01932	0.01605	0.01866	0.10087	0.04861	0.08482	0.07049	0.28676	0.05436	0.02951	0.01706	0.04311	0.01336	0.00794	0.00643	0.00198	0.00735	0.00657	0.15760	0.00915
4	0.00851	0.00645	0.00786	0.00829	0.00962	0.00579	0.00592	0.01047	0.01551	0.02048	0.25927	0.32755	0.25489	0.01752	0.00817	0.00239	0.00352	0.01542	0.00659	0.00579
5	0.02709	0.01334	0.01640	0.01290	0.01790	0.01309	0.01055	0.16414	0.13043	0.48253	0.02457	0.02186	0.01620	0.00838	0.00675	0.00210	0.00598	0.00674	0.00776	0.01129
6	0.81159	0.01298	0.00986	0.00882	0.01298	0.01505	0.00727	0.01972	0.01142	0.03010	0.00934	0.01090	0.00727	0.00623	0.00415	0.00208	0.00519	0.00363	0.00415	0.00727
7	0.01267	0.01193	0.02013	0.74806	0.04621	0.01491	0.01863	0.01714	0.01342	0.01714	0.01193	0.01789	0.00894	0.00671	0.00671	0.00224	0.00894	0.00596	0.00298	0.00745
8	0.00852	0.00670	0.00770	0.00770	0.00949	0.00588	0.00568	0.01068	0.01631	0.02114	0.29694	0.14625	0.40047	0.01632	0.00800	0.00227	0.00338	0.01405	0.00664	0.00588
9	0.01611	0.01275	0.01439	0.01337	0.01660	0.01415	0.01086	0.15175	0.33576	0.02773	0.02822	0.07597	0.02554	0.01239	0.00764	0.00250	0.00589	0.21265	0.00658	0.00915
10	0.01541	0.01339	0.02013	0.59177	0.04079	0.01617	0.01738	0.16281	0.01728	0.02251	0.01282	0.01751	0.00947	0.00700	0.00671	0.00219	0.00861	0.00598	0.00378	0.00830
11	0.00883	0.00676	0.00811	0.00805	0.00976	0.00604	0.00601	0.01125	0.01690	0.02246	0.38783	0.12715	0.30364	0.01581	0.00803	0.00226	0.00342	0.03490	0.00680	0.00599
12	0.02517	0.01348	0.01775	0.16990	0.02431	0.01383	0.01250	0.20575	0.02123	0.39458	0.02063	0.02000	0.01360	0.00790	0.00673	0.00209	0.00684	0.00639	0.00675	0.01057
13	0.14307	0.01549	0.01699	0.01332	0.01837	0.01646	0.01096	0.36502	0.05913	0.24547	0.01878	0.01781	0.01282	0.00791	0.00635	0.00205	0.00645	0.00597	0.00682	0.01076
14	0.02573	0.01844	0.01992	0.01527	0.02063	0.02028	0.01261	0.66761	0.03095	0.07548	0.01661	0.01644	0.01166	0.00807	0.00671	0.00202	0.00730	0.00608	0.00679	0.01141
15	0.43301	0.01578	0.01481	0.01201	0.01675	0.01782	0.00991	0.34732	0.02111	0.03597	0.01260	0.01341	0.00926	0.00711	0.00539	0.00205	0.00625	0.00479	0.00539	0.00926
16	0.02161	0.01989	0.02777	0.02075	0.02648	0.09407	0.28581	0.35933	0.02398	0.03130	0.01450	0.01648	0.01063	0.00698	0.00712	0.00208	0.00944	0.00661	0.00505	0.01009
17	0.01661	0.01594	0.02724	0.04119	0.72233	0.01594	0.02059	0.02059	0.01528	0.02192	0.01262	0.01661	0.01063	0.00598	0.00664	0.00199	0.00797	0.00598	0.00332	0.01063
18	0.00816	0.00588	0.00774	0.00922	0.00970	0.00546	0.00618	0.00936	0.01296	0.01718	0.03845	0.72698	0.07627	0.02083	0.00853	0.00270	0.00387	0.01884	0.00623	0.00546
19	0.01207	0.01115	0.01789	0.53203	0.09361	0.01306	0.01586	0.01583	0.01369	0.01749	0.02157	0.02670	0.12558	0.04658	0.00829	0.00244	0.00784	0.00749	0.00359	0.00725
20	0.00976	0.00651	0.00732	0.00732	0.00732	0.00651	0.00407	0.00976	0.00976	0.01301	0.02114	0.04391	0.02439	0.76419	0.03415	0.00651	0.00651	0.00976	0.00407	0.00407
21	0.00956	0.00694	0.00970	0.00991	0.01076	0.00765	0.00728	0.01131	0.01093	0.01531	0.02119	0.09563	0.02199	0.21722	0.47244	0.00871	0.01347	0.04046	0.00405	0.00549
22	0.01794	0.76823	0.03516	0.01148	0.01722	0.02655	0.01148	0.02009	0.01363	0.01579	0.00933	0.01076	0.00861	0.00574	0.00431	0.00144	0.00718	0.00359	0.00287	0.00861
23	0.00841	0.00653	0.00769	0.00823	0.00971	0.00581	0.00599	0.01023	0.01502	0.01921	0.15284	0.29994	0.35262	0.01796	0.00822	0.00245	0.00369	0.05333	0.00640	0.00572
24	0.01201	0.01041	0.01595	0.27081	0.11736	0.01179	0.01282	0.01508	0.01432	0.01967	0.20580	0.03052	0.02651	0.13380	0.01281	0.00293	0.06772	0.00826	0.00440	0.00700
25	0.49655	0.01386	0.01237	0.01041	0.01461	0.01568	0.00853	0.21281	0.01745	0.03299	0.01270	0.01400	0.00958	0.00693	0.00494	0.00200	0.00558	0.00462	0.09604	0.00833
26	0.01763	0.50041	0.18157	0.01363	0.01987	0.10621	0.01430	0.02098	0.01439	0.01733	0.01044	0.01211	0.00887	0.00608	0.00497	0.00162	0.00821	0.00405	0.02862	0.00872
27	0.43991	0.16725	0.13443	0.01195	0.01729	0.09443	0.01159	0.02080	0.01312	0.02437	0.00989	0.01154	0.00788	0.00623	0.00475	0.00192	0.00710	0.00392	0.00361	0.00802
28	0.04526	0.01479	0.09504	0.01799	0.08730	0.01312	0.12541	0.05221	0.09101	0.07338	0.08870	0.11016	0.02216	0.01304	0.06178	0.00292	0.04112	0.03099	0.00505	0.00859
29	0.01547	0.01479	0.02519	0.24490	0.52748	0.01564	0.02003	0.01960	0.01474	0.02054	0.01242	0.01698	0.01014	0.00619	0.00666	0.00206	0.00825	0.00597	0.00322	0.00971
30	0.00840	0.00644	0.00770	0.00818	0.00955	0.00574	0.00583	0.01023	0.01520	0.01980	0.20910	0.33422	0.29983	0.01780	0.00818	0.00241	0.00354	0.01561	0.00650	0.00574
31	0.01584	0.01810	0.03959	0.02828	0.03507	0.01697	0.69796	0.02149	0.01584	0.02149	0.01357	0.01810	0.01018	0.00566	0.00792	0.00226	0.01131	0.00792	0.00339	0.00905
32	0.00916	0.00685	0.00851	0.00809	0.00982	0.00619	0.00607	0.01202	0.01820	0.02503	0.57996	0.05320	0.20332	0.01442	0.00792	0.00214	0.00322	0.01257	0.00714	0.00619
33	0.00933	0.00681	0.00821	0.00888	0.00994	0.00646	0.00651	0.01079	0.01320	0.01689	0.03947	0.17056	0.20822	0.25378	0.01667	0.00390	0.00521	0.19438	0.00553	0.00527
34	0.02740	0.01137	0.01510	0.01176	0.01654	0.01017	0.00964	0.07434	0.01999	0.60043	0.10632	0.02557	0.02170	0.00892	0.00688	0.00208	0.00552	0.00733	0.00809	0.01083
35	0.02463	0.07979	0.02018	0.01675	0.02051	0.63134	0.01285	0.08151	0.01968	0.01850	0.01077	0.01234	0.00887	0.00693	0.00599	0.00173	0.01139	0.00441	0.00368	0.00813
36	0.01325	0.00823	0.01062	0.00974	0.01153	0.00808	0.02447	0.04864	0.01374	0.12229	0.02931	0.12821	0.11833	0.27466	0.14383	0.00520	0.00780	0.01040	0.00530	0.00638
37	0.04585	0.01592	0.10106	0.01537	0.02041	0.01379	0.09040	0.18346	0.04623	0.20278	0.02236	0.06384	0.01853	0.00999	0.00725	0.00229	0.00719	0.11755	0.00609	0.00966
38	0.01498	0.11329	0.16832	0.01340	0.01739	0.15430	0.01243	0.01897	0.05970	0.01728	0.01542	0.02254	0.01421	0.17030	0.15503	0.00456	0.01057	0.00626	0.00363	0.00742
39	0.01434	0.01418	0.01990	0.01716	0.01724	0.01974	0.01426	0.01587	0.01031	0.01611	0.00942	0.01546	0.00934	0.01431	0.06954	0.00346	0.70317	0.00596	0.00298	0.00725
40	0.07171	0.53589	0.02920	0.01243	0.01753	0.14121	0.01137	0.02244	0.07145	0.01785	0.01097	0.01216	0.00950	0.00624	0.00479	0.00159	0.00770	0.00404	0.00338	0.00855

[dist]
# distance from previous block
# <min> <max>
0	1

[block]
# block no. 3 follows, 32 sequences, length 51
# corresponding to MSA columns:
# 283-333
name=unknown_D
#
# <colnr> <probs for GDERKNQSTAVLIFYWHMCP>
#	G	D	E	R	K	N	Q	S	T	A	V	L	I	F	Y	W	H	M	C	P
0	0.02066	0.04420	0.14409	0.01983	0.14287	0.04424	0.01552	0.23786	0.13343	0.10397	0.01728	0.01770	0.01260	0.00748	0.00656	0.00205	0.00758	0.00602	0.00539	0.01066
1	0.06673	0.01712	0.09388	0.01884	0.14169	0.01631	0.01391	0.12666	0.31062	0.09290	0.02034	0.02006	0.01502	0.00787	0.00656	0.00214	0.00660	0.00649	0.00575	0.01053
2	0.54116	0.01474	0.05510	0.01097	0.01541	0.01531	0.00966	0.13771	0.01552	0.03063	0.01348	0.01891	0.01141	0.00787	0.00528	0.00218	0.00596	0.07595	0.00474	0.00803
3	0.01837	0.48793	0.16927	0.01406	0.02020	0.15515	0.01438	0.02155	0.01473	0.01698	0.01006	0.01168	0.00859	0.00608	0.00504	0.00163	0.00862	0.00399	0.00297	0.00872
4	0.00976	0.00651	0.00732	0.00732	0.00732	0.00651	0.00407	0.00976	0.00976	0.01301	0.02114	0.04391	0.02439	0.76419	0.03415	0.00651	0.00651	0.00976	0.00407	0.00407
5	0.01847	0.01544	0.01506	0.01312	0.01634	0.15051	0.02951	0.15083	0.09332	0.09737	0.10146	0.10638	0.05005	0.05579	0.03222	0.00267	0.00726	0.02990	0.00591	0.00837
6	0.01500	0.05147	0.51049	0.01724	0.02535	0.01426	0.05231	0.02140	0.01536	0.09703	0.09994	0.01956	0.01615	0.00742	0.00661	0.00210	0.00862	0.00612	0.00400	0.00956
7	0.01588	0.05615	0.01298	0.01027	0.01353	0.03136	0.00822	0.08029	0.10294	0.13862	0.15859	0.03957	0.21758	0.01183	0.00709	0.00211	0.00487	0.03108	0.04890	0.00812
8	0.01225	0.01143	0.01682	0.01472	0.01579	0.01450	0.05262	0.01432	0.01132	0.01648	0.01860	0.02429	0.08747	0.02541	0.26955	0.00556	0.37118	0.00734	0.00354	0.00679
9	0.02315	0.23611	0.02378	0.01528	0.01977	0.39317	0.01251	0.16065	0.02003	0.02146	0.01124	0.01253	0.00919	0.00681	0.00569	0.00170	0.00977	0.00446	0.00395	0.00874
10	0.02012	0.01909	0.14021	0.15236	0.14797	0.08058	0.01647	0.12340	0.01842	0.17270	0.03333	0.01810	0.01248	0.00726	0.00662	0.00206	0.00817	0.00598	0.00485	0.00985
11	0.00856	0.00670	0.00719	0.00718	0.00875	0.00594	0.00501	0.00998	0.01422	0.01775	0.12466	0.07987	0.45402	0.20403	0.01452	0.00333	0.00417	0.01300	0.00581	0.00533
12	0.01397	0.01332	0.02213	0.47567	0.22921	0.01579	0.01875	0.01799	0.01359	0.01835	0.01178	0.01719	0.00939	0.00704	0.00832	0.00224	0.08790	0.00596	0.00307	0.00832
13	0.01267	0.01193	0.02013	0.74806	0.04621	0.01491	0.01863	0.01714	0.01342	0.01714	0.01193	0.01789	0.00894	0.00671	0.00671	0.00224	0.00894	0.00596	0.00298	0.00745
14	0.81159	0.01298	0.00986	0.00882	0.01298	0.01505	0.00727	0.01972	0.01142	0.03010	0.00934	0.01090	0.00727	0.00623	0.00415	0.00208	0.00519	0.00363	0.00415	0.00727
15	0.01794	0.76823	0.03516	0.01148	0.01722	0.02655	0.01148	0.02009	0.01363	0.01579	0.00933	0.01076	0.00861	0.00574	0.00431	0.00144	0.00718	0.00359	0.00287	0.00861
16	0.00851	0.00682	0.00761	0.00741	0.00942	0.00591	0.00556	0.01076	0.01667	0.02140	0.31073	0.05918	0.47481	0.01577	0.00792	0.00221	0.00331	0.01341	0.00666	0.00591
17	0.00913	0.00679	0.00850	0.00820	0.00983	0.00616	0.00610	0.01191	0.01795	0.02472	0.55919	0.09551	0.18170	0.01475	0.00796	0.00218	0.00325	0.01292	0.00711	0.00616
18	0.81159	0.01298	0.00986	0.00882	0.01298	0.01505	0.00727	0.01972	0.01142	0.03010	0.00934	0.01090	0.00727	0.00623	0.00415	0.00208	0.00519	0.00363	0.00415	0.00727
19	0.00838	0.00671	0.00728	0.00730	0.00911	0.00584	0.00529	0.01013	0.01524	0.01906	0.17086	0.10851	0.49900	0.08498	0.01037	0.00266	0.00368	0.01376	0.00623	0.00562
20	0.01255	0.01334	0.09097	0.24149	0.04702	0.01249	0.01339	0.01996	0.16787	0.02249	0.18468	0.03117	0.09543	0.00983	0.00710	0.00220	0.00633	0.00846	0.00517	0.00807
21	0.81159	0.01298	0.00986	0.00882	0.01298	0.01505	0.00727	0.01972	0.01142	0.03010	0.00934	0.01090	0.00727	0.00623	0.00415	0.00208	0.00519	0.00363	0.00415	0.00727
22	0.01076	0.00842	0.00990	0.08744	0.01299	0.04227	0.00686	0.01177	0.01078	0.01410	0.01905	0.03628	0.02055	0.51133	0.16423	0.00664	0.00922	0.00861	0.00383	0.00497
23	0.01391	0.01193	0.01391	0.00994	0.01590	0.00894	0.00795	0.01690	0.01391	0.02186	0.01193	0.01391	0.00994	0.00497	0.00497	0.00099	0.00497	0.00398	0.00398	0.80521
24	0.81159	0.01298	0.00986	0.00882	0.01298	0.01505	0.00727	0.01972	0.01142	0.03010	0.00934	0.01090	0.00727	0.00623	0.00415	0.00208	0.00519	0.00363	0.00415	0.00727
25	0.01531	0.01461	0.02488	0.27496	0.49873	0.01560	0.01994	0.01945	0.01466	0.02034	0.01239	0.01703	0.01007	0.00622	0.00666	0.00207	0.00829	0.00597	0.00321	0.00958
26	0.02551	0.01879	0.02014	0.01544	0.02081	0.02081	0.01275	0.69996	0.03155	0.04229	0.01611	0.01611	0.01141	0.00805	0.00671	0.00201	0.00738	0.00604	0.00671	0.01141
27	0.01631	0.01564	0.02670	0.09453	0.67131	0.01586	0.02044	0.02033	0.01514	0.02156	0.01257	0.01670	0.01050	0.00603	0.00665	0.00201	0.00804	0.00598	0.00330	0.01039
28	0.01379	0.01289	0.02084	0.54659	0.16095	0.01528	0.01812	0.01972	0.08804	0.01914	0.01369	0.01843	0.01047	0.00684	0.00671	0.00220	0.00839	0.00614	0.00345	0.00834
29	0.81159	0.01298	0.00986	0.00882	0.01298	0.01505	0.00727	0.01972	0.01142	0.03010	0.00934	0.01090	0.00727	0.00623	0.00415	0.00208	0.00519	0.00363	0.00415	0.00727
30	0.01346	0.03471	0.72942	0.01912	0.02904	0.01558	0.02479	0.02125	0.01417	0.02125	0.01204	0.01417	0.00850	0.00637	0.00637	0.00212	0.00992	0.00496	0.00283	0.00992
31	0.00818	0.00584	0.00779	0.00934	0.00973	0.00545	0.00623	0.00934	0.01285	0.01713	0.03698	0.75981	0.04438	0.02102	0.00856	0.00273	0.00389	0.01908	0.00623	0.00545
32	0.02551	0.01879	0.02014	0.01544	0.02081	0.02081	0.01275	0.69996	0.03155	0.04229	0.01611	0.01611	0.01141	0.00805	0.00671	0.00201	0.00738	0.00604	0.00671	0.01141
33	0.00815	0.00664	0.00721	0.00742	0.00929	0.00570	0.00543	0.00993	0.01530	0.01896	0.13704	0.18073	0.53026	0.01730	0.00804	0.00233	0.00346	0.01476	0.00636	0.00570
34	0.00976	0.00651	0.00732	0.00732	0.00732	0.00651	0.00407	0.00976	0.00976	0.01301	0.02114	0.04391	0.02439	0.76419	0.03415	0.00651	0.00651	0.00976	0.00407	0.00407
35	0.01534	0.01135	0.01332	0.01011	0.01520	0.00920	0.00803	0.05947	0.01565	0.09761	0.02137	0.06810	0.08939	0.00784	0.00581	0.00142	0.00496	0.00646	0.00499	0.53437
36	0.01534	0.01390	0.02163	0.31432	0.26250	0.01579	0.01737	0.09110	0.03624	0.02166	0.01433	0.06194	0.01223	0.00792	0.00796	0.00222	0.06406	0.00681	0.00380	0.00889
37	0.01691	0.02745	0.40762	0.02214	0.14266	0.05075	0.04008	0.14648	0.03845	0.02521	0.01330	0.01527	0.00980	0.00670	0.00652	0.00207	0.00913	0.00546	0.00379	0.01020
38	0.01250	0.00879	0.01032	0.00980	0.01232	0.00858	0.00769	0.01808	0.14823	0.09086	0.21118	0.07278	0.24806	0.01418	0.00780	0.00233	0.00430	0.09799	0.00682	0.00738
39	0.01343	0.01129	0.01690	0.13478	0.09908	0.01186	0.07313	0.01855	0.10105	0.06357	0.11243	0.06882	0.16623	0.01114	0.00821	0.00228	0.04646	0.02757	0.00528	0.00794
40	0.00839	0.00624	0.00782	0.00863	0.00965	0.00567	0.00602	0.01008	0.01461	0.01933	0.18268	0.47171	0.18721	0.01870	0.00830	0.00250	0.00364	0.01665	0.00647	0.00567
41	0.00818	0.00584	0.00779	0.00934	0.00973	0.00545	0.00623	0.00934	0.01285	0.01713	0.03698	0.75981	0.04438	0.02102	0.00856	0.00273	0.00389	0.01908	0.00623	0.00545
42	0.02300	0.01755	0.01873	0.01493	0.01985	0.01964	0.01215	0.51120	0.22438	0.03825	0.01929	0.01865	0.01399	0.00835	0.00675	0.00209	0.00679	0.00648	0.00675	0.01119
43	0.01573	0.01223	0.01449	0.01055	0.01624	0.00983	0.00850	0.04378	0.01490	0.08139	0.01320	0.01477	0.01052	0.00557	0.00571	0.00118	0.02839	0.00434	0.00441	0.68427
44	0.01251	0.00625	0.00625	0.00625	0.00782	0.00625	0.00469	0.01563	0.01407	0.02502	0.02189	0.02502	0.01720	0.00782	0.00469	0.00156	0.00313	0.00625	0.80144	0.00625
45	0.00856	0.00621	0.00861	0.00974	0.01035	0.00626	0.00682	0.01007	0.01228	0.01670	0.03173	0.55732	0.03676	0.02911	0.20983	0.00495	0.00778	0.01579	0.00550	0.00560
46	0.01431	0.01415	0.01995	0.03874	0.01812	0.01965	0.01442	0.01593	0.01040	0.01614	0.00945	0.01548	0.00929	0.01392	0.06467	0.00339	0.68579	0.00595	0.00298	0.00726
47	0.01081	0.00772	0.01081	0.01236	0.01390	0.00772	0.01081	0.01390	0.01545	0.02008	0.03553	0.07569	0.03862	0.01854	0.00927	0.00309	0.00618	0.67717	0.00618	0.00618
48	0.00818	0.00584	0.00779	0.00934	0.00973	0.00545	0.00623	0.00934	0.01285	0.01713	0.03698	0.75981	0.04438	0.02102	0.00856	0.00273	0.00389	0.01908	0.00623	0.00545
49	0.01391	0.01193	0.01391	0.00994	0.01590	0.00894	0.00795	0.01690	0.01391	0.02186	0.01193	0.01391	0.00994	0.00497	0.00497	0.00099	0.00497	0.00398	0.00398	0.80521
50	0.01609	0.19893	0.19944	0.01613	0.06250	0.01760	0.01524	0.09447	0.13412	0.02318	0.01854	0.02627	0.01624	0.00896	0.00651	0.00213	0.00744	0.12237	0.00454	0.00927

[dist]
# distance from previous block
# <min> <max>
3	6

[block]
# block no. 4 follows, 32 sequences, length 160
# corresponding to MSA columns:
# 340-499
name=unknown_E
#
# <colnr> <probs for GDERKNQSTAVLIFYWHMCP>
#	G	D	E	R	K	N	Q	S	T	A	V	L	I	F	Y	W	H	M	C	P
0	0.00818	0.00584	0.00779	0.00934	0.00973	0.00545	0.00623	0.00934	0.01285	0.01713	0.03698	0.75981	0.04438	0.02102	0.00856	0.00273	0.00389	0.01908	0.00623	0.00545
1	0.01761	0.01561	0.02637	0.03900	0.66973	0.01549	0.01979	0.02150	0.01557	0.07452	0.01365	0.01707	0.01107	0.00615	0.00665	0.00200	0.00780	0.00604	0.00369	0.01069
2	0.01847	0.71330	0.03396	0.01191	0.01748	0.07957	0.01159	0.02059	0.01404	0.01583	0.00941	0.01086	0.00861	0.00583	0.00444	0.00146	0.00754	0.00364	0.00291	0.00855
3	0.01428	0.01395	0.02042	0.01611	0.02022	0.06496	0.21982	0.01971	0.11493	0.02066	0.02093	0.12784	0.03876	0.08432	0.00972	0.00247	0.00740	0.00882	0.02487	0.14982
4	0.01491	0.27230	0.50454	0.01665	0.02521	0.01914	0.02048	0.02087	0.01399	0.01948	0.01116	0.01306	0.00854	0.00617	0.00570	0.00190	0.00903	0.00451	0.00285	0.00949
5	0.01081	0.00885	0.00978	0.00919	0.01163	0.00883	0.00700	0.01761	0.20167	0.02381	0.28228	0.04904	0.30636	0.01376	0.00763	0.00221	0.00383	0.01171	0.00679	0.00722
6	0.01267	0.01193	0.02013	0.74806	0.04621	0.01491	0.01863	0.01714	0.01342	0.01714	0.01193	0.01789	0.00894	0.00671	0.00671	0.00224	0.00894	0.00596	0.00298	0.00745
7	0.00989	0.00689	0.00926	0.00926	0.01010	0.00759	0.00666	0.01157	0.01073	0.01554	0.01934	0.03198	0.01930	0.28003	0.44500	0.00860	0.01295	0.00795	0.07196	0.00538
8	0.01289	0.01214	0.02051	0.70959	0.08301	0.01496	0.01874	0.01733	0.01352	0.01740	0.01196	0.01782	0.00904	0.00667	0.00670	0.00222	0.00889	0.00596	0.00300	0.00763
9	0.01532	0.01671	0.03256	0.05786	0.02996	0.01803	0.44663	0.01957	0.01393	0.01957	0.01196	0.01699	0.00968	0.00767	0.01241	0.00248	0.24984	0.00717	0.00323	0.00843
10	0.01267	0.01193	0.02013	0.74806	0.04621	0.01491	0.01863	0.01714	0.01342	0.01714	0.01193	0.01789	0.00894	0.00671	0.00671	0.00224	0.00894	0.00596	0.00298	0.00745
11	0.00961	0.00709	0.01029	0.01029	0.01132	0.00812	0.00777	0.01166	0.01064	0.01521	0.01842	0.02886	0.01786	0.15216	0.63725	0.01017	0.01634	0.00756	0.00366	0.00572
12	0.00819	0.00598	0.00771	0.00903	0.00967	0.00550	0.00610	0.00947	0.01331	0.01753	0.06071	0.66020	0.12124	0.02035	0.00847	0.00265	0.00382	0.01831	0.00626	0.00550
13	0.01794	0.76823	0.03516	0.01148	0.01722	0.02655	0.01148	0.02009	0.01363	0.01579	0.00933	0.01076	0.00861	0.00574	0.00431	0.00144	0.00718	0.00359	0.00287	0.00861
14	0.00870	0.00617	0.00791	0.00909	0.00958	0.00586	0.00614	0.00983	0.01256	0.01661	0.03499	0.53122	0.06766	0.16779	0.01366	0.00349	0.00458	0.07310	0.00580	0.00525
15	0.00902	0.00708	0.00835	0.00902	0.01090	0.00642	0.00729	0.01120	0.01520	0.01879	0.05402	0.11086	0.42534	0.01781	0.00847	0.00260	0.00446	0.26110	0.00621	0.00584
16	0.00938	0.00681	0.00841	0.00878	0.01034	0.00630	0.00677	0.01186	0.01605	0.02171	0.26406	0.16771	0.21513	0.01618	0.00805	0.00240	0.00393	0.14425	0.06592	0.00599
17	0.02506	0.03198	0.01901	0.01729	0.02074	0.73725	0.01296	0.02679	0.01901	0.01642	0.01037	0.01210	0.00864	0.00691	0.00605	0.00173	0.01210	0.00432	0.00346	0.00778
18	0.01611	0.34835	0.30436	0.01451	0.02190	0.01981	0.01635	0.05716	0.01485	0.02011	0.01108	0.01277	0.00888	0.00602	0.00533	0.00168	0.00800	0.00431	0.00320	0.10524
19	0.01719	0.27315	0.28251	0.05634	0.02509	0.02021	0.07101	0.13857	0.01710	0.02288	0.01196	0.01389	0.00920	0.00642	0.00589	0.00189	0.00862	0.00498	0.00357	0.00954
20	0.02093	0.01558	0.01630	0.01319	0.01775	0.06863	0.01055	0.24120	0.17464	0.13103	0.08951	0.02184	0.01894	0.00836	0.00657	0.00192	0.00627	0.00667	0.00640	0.12370
21	0.01270	0.01166	0.01858	0.40967	0.11655	0.01386	0.01614	0.01630	0.01364	0.01806	0.01899	0.05184	0.05666	0.00989	0.00897	0.00242	0.09492	0.09791	0.00375	0.00748
22	0.01790	0.05915	0.02236	0.22562	0.23270	0.17428	0.01643	0.07852	0.01651	0.02028	0.01221	0.01648	0.01009	0.03274	0.00793	0.00216	0.03677	0.00561	0.00353	0.00874
23	0.01227	0.01001	0.01124	0.01038	0.01299	0.01056	0.00794	0.02183	0.30721	0.02612	0.33541	0.04174	0.14074	0.01227	0.00746	0.00220	0.00410	0.01053	0.00699	0.00803
24	0.00989	0.00670	0.00799	0.00834	0.00864	0.00669	0.00541	0.01051	0.01094	0.01450	0.02447	0.07923	0.02787	0.59472	0.02846	0.00571	0.00634	0.13451	0.00455	0.00452
25	0.01318	0.01174	0.01805	0.02186	0.25123	0.01177	0.06383	0.03911	0.05311	0.02102	0.04958	0.10881	0.14317	0.05409	0.00950	0.00256	0.02839	0.08604	0.00490	0.00805
26	0.01068	0.00871	0.00971	0.00957	0.01171	0.00880	0.00710	0.01731	0.20975	0.02203	0.14987	0.21410	0.26445	0.01522	0.00777	0.00235	0.00401	0.01316	0.00658	0.00710
27	0.01267	0.01193	0.02013	0.74806	0.04621	0.01491	0.01863	0.01714	0.01342	0.01714	0.01193	0.01789	0.00894	0.00671	0.00671	0.00224	0.00894	0.00596	0.00298	0.00745
28	0.02348	0.01756	0.01875	0.01478	0.01973	0.01954	0.01208	0.55874	0.14879	0.03917	0.01827	0.01800	0.01321	0.00823	0.00666	0.00204	0.00686	0.00632	0.03671	0.01108
29	0.01453	0.01500	0.05153	0.37401	0.29276	0.01556	0.10173	0.01909	0.01442	0.01958	0.01239	0.01730	0.00970	0.00630	0.00682	0.00215	0.00891	0.00617	0.00315	0.00891
30	0.01101	0.00764	0.00832	0.00779	0.01041	0.00663	0.00597	0.01358	0.04226	0.10316	0.11283	0.05700	0.55823	0.01541	0.00775	0.00223	0.00373	0.01288	0.00659	0.00659
31	0.00933	0.00757	0.00838	0.00821	0.01030	0.00703	0.00613	0.01328	0.09231	0.02149	0.23596	0.11543	0.40899	0.01559	0.00786	0.00226	0.00359	0.01331	0.00661	0.00637
32	0.02026	0.07538	0.04561	0.12619	0.15841	0.19462	0.08395	0.13061	0.01866	0.06398	0.01317	0.01561	0.01012	0.00674	0.00647	0.00196	0.00924	0.00561	0.00410	0.00932
33	0.00969	0.00678	0.00871	0.00871	0.00920	0.00726	0.00581	0.01065	0.01017	0.01404	0.01987	0.03684	0.02133	0.47665	0.31749	0.00823	0.01112	0.00872	0.00388	0.00484
34	0.00979	0.00775	0.00893	0.00938	0.01098	0.00764	0.00677	0.01436	0.13792	0.01959	0.06107	0.36400	0.23651	0.04011	0.00886	0.00262	0.00414	0.03683	0.00630	0.00644
35	0.01267	0.01193	0.02013	0.74806	0.04621	0.01491	0.01863	0.01714	0.01342	0.01714	0.01193	0.01789	0.00894	0.00671	0.00671	0.00224	0.00894	0.00596	0.00298	0.00745
36	0.02024	0.12851	0.04694	0.14067	0.12031	0.25783	0.01504	0.07922	0.01727	0.05818	0.01212	0.01460	0.00963	0.00698	0.00688	0.00192	0.04601	0.00509	0.00376	0.00879
37	0.00971	0.00668	0.00821	0.00821	0.00852	0.00699	0.00518	0.01033	0.01002	0.01367	0.02032	0.03937	0.02243	0.57971	0.21594	0.00761	0.00947	0.00909	0.00394	0.00456
38	0.00892	0.00615	0.00757	0.00839	0.00859	0.00595	0.00521	0.00954	0.01139	0.01519	0.02951	0.42198	0.03495	0.37172	0.02064	0.00451	0.00513	0.01468	0.00521	0.00480
39	0.01893	0.21863	0.21357	0.01653	0.05052	0.12434	0.01577	0.14419	0.09340	0.02365	0.01350	0.01461	0.01046	0.00687	0.00591	0.00188	0.00849	0.00503	0.00408	0.00964
40	0.02095	0.22241	0.04893	0.05881	0.06298	0.21104	0.08571	0.13550	0.01865	0.05671	0.01245	0.01422	0.00978	0.00664	0.00601	0.00183	0.00912	0.00512	0.00402	0.00913
41	0.01257	0.01201	0.01950	0.47587	0.06448	0.03695	0.07585	0.01634	0.01377	0.01770	0.01733	0.17391	0.01657	0.00961	0.00718	0.00231	0.00815	0.00884	0.00373	0.00731
42	0.61020	0.17044	0.01540	0.00952	0.01405	0.01721	0.00826	0.02040	0.01224	0.05908	0.01013	0.01142	0.00798	0.00622	0.00430	0.00194	0.00563	0.00377	0.00408	0.00774
43	0.00987	0.00650	0.00728	0.00728	0.00734	0.00650	0.00409	0.00999	0.00993	0.01348	0.02117	0.04317	0.02411	0.73461	0.03300	0.00631	0.00637	0.00962	0.03525	0.00415
44	0.00890	0.00665	0.00808	0.00842	0.00975	0.00608	0.00613	0.01086	0.01526	0.02014	0.24561	0.21942	0.23678	0.09458	0.01091	0.00284	0.00401	0.07354	0.00634	0.00569
45	0.01346	0.03471	0.72942	0.01912	0.02904	0.01558	0.02479	0.02125	0.01417	0.02125	0.01204	0.01417	0.00850	0.00637	0.00637	0.00212	0.00992	0.00496	0.00283	0.00992
46	0.00950	0.00686	0.00897	0.00844	0.01002	0.00633	0.00633	0.01266	0.01899	0.02691	0.71879	0.05012	0.06331	0.01372	0.00791	0.00211	0.00317	0.01213	0.00739	0.00633
47	0.01346	0.03471	0.72942	0.01912	0.02904	0.01558	0.02479	0.02125	0.01417	0.02125	0.01204	0.01417	0.00850	0.00637	0.00637	0.00212	0.00992	0.00496	0.00283	0.00992
48	0.01669	0.01441	0.01517	0.01365	0.01745	0.01669	0.01062	0.03565	0.71021	0.02807	0.02731	0.02503	0.02048	0.00910	0.00683	0.00228	0.00531	0.00759	0.00683	0.01062
49	0.01391	0.01193	0.01391	0.00994	0.01590	0.00894	0.00795	0.01690	0.01391	0.02186	0.01193	0.01391	0.00994	0.00497	0.00497	0.00099	0.00497	0.00398	0.00398	0.80521
50	0.01281	0.00987	0.01217	0.01242	0.01474	0.01056	0.01038	0.05721	0.18371	0.02281	0.03291	0.05584	0.06815	0.01796	0.06280	0.00336	0.00676	0.39187	0.00618	0.00750
51	0.00990	0.00707	0.00977	0.01132	0.01247	0.00694	0.00923	0.01233	0.01455	0.01906	0.03603	0.31135	0.04060	0.01939	0.00903	0.00296	0.00539	0.45047	0.00620	0.00593
52	0.02193	0.02656	0.02020	0.01984	0.09283	0.50674	0.01413	0.02384	0.01673	0.01693	0.01027	0.01313	0.00888	0.00787	0.00958	0.00202	0.17240	0.00483	0.00333	0.00798
53	0.01287	0.00902	0.01213	0.01086	0.01364	0.00829	0.03942	0.01681	0.06712	0.09322	0.24160	0.17056	0.06028	0.01321	0.00757	0.00220	0.00470	0.08908	0.00638	0.12105
54	0.01135	0.00987	0.01315	0.01118	0.01423	0.00949	0.09222	0.05275	0.10885	0.02303	0.19117	0.04790	0.36165	0.01337	0.00771	0.00222	0.00480	0.01165	0.00623	0.00719
55	0.01944	0.01047	0.01335	0.01115	0.01428	0.01059	0.00886	0.09148	0.01678	0.27156	0.05830	0.02528	0.01849	0.08233	0.12418	0.00378	0.06304	0.00705	0.10449	0.04511
56	0.67093	0.01314	0.01078	0.00957	0.01365	0.01515	0.00780	0.04773	0.08494	0.03026	0.03577	0.01391	0.01072	0.00685	0.00466	0.00210	0.00522	0.00443	0.00464	0.00774
57	0.81159	0.01298	0.00986	0.00882	0.01298	0.01505	0.00727	0.01972	0.01142	0.03010	0.00934	0.01090	0.00727	0.00623	0.00415	0.00208	0.00519	0.00363	0.00415	0.00727
58	0.03010	0.01142	0.01557	0.01194	0.01713	0.00986	0.00986	0.03270	0.01920	0.72698	0.02647	0.02284	0.01661	0.00830	0.00675	0.00208	0.00571	0.00675	0.00830	0.01142
59	0.02638	0.02057	0.01887	0.01516	0.02000	0.20111	0.01218	0.38455	0.02569	0.18323	0.01688	0.01654	0.01183	0.00782	0.00655	0.00195	0.00823	0.00575	0.00623	0.01049
60	0.03010	0.01142	0.01557	0.01194	0.01713	0.00986	0.00986	0.03270	0.01920	0.72698	0.02647	0.02284	0.01661	0.00830	0.00675	0.00208	0.00571	0.00675	0.00830	0.01142
61	0.01442	0.01371	0.02329	0.43334	0.34724	0.01537	0.01951	0.01868	0.01425	0.01927	0.01224	0.01732	0.00969	0.00638	0.00668	0.00213	0.00851	0.00597	0.00313	0.00887
62	0.01391	0.01193	0.01391	0.00994	0.01590	0.00894	0.00795	0.01690	0.01391	0.02186	0.01193	0.01391	0.00994	0.00497	0.00497	0.00099	0.00497	0.00398	0.00398	0.80521
63	0.00976	0.00651	0.00732	0.00732	0.00732	0.00651	0.00407	0.00976	0.00976	0.01301	0.02114	0.04391	0.02439	0.76419	0.03415	0.00651	0.00651	0.00976	0.00407	0.00407
64	0.00948	0.00796	0.01000	0.01159	0.09862	0.00715	0.00740	0.01191	0.01639	0.02122	0.25497	0.05426	0.43533	0.01464	0.00776	0.00219	0.00390	0.01253	0.00621	0.00648
65	0.01778	0.01496	0.01579	0.01388	0.01786	0.01720	0.01088	0.11783	0.62626	0.02983	0.02592	0.02393	0.01936	0.00897	0.00681	0.00224	0.00557	0.00739	0.00681	0.01072
66	0.01399	0.01358	0.01939	0.01783	0.05509	0.01840	0.01402	0.01574	0.01063	0.01637	0.01045	0.01661	0.01015	0.01746	0.13293	0.00411	0.59680	0.00608	0.00306	0.00731
67	0.01468	0.01468	0.02055	0.01762	0.01762	0.02055	0.01468	0.01615	0.01028	0.01615	0.00881	0.01468	0.00881	0.01174	0.02202	0.00294	0.75191	0.00587	0.00294	0.00734
68	0.02506	0.03198	0.01901	0.01729	0.02074	0.73725	0.01296	0.02679	0.01901	0.01642	0.01037	0.01210	0.00864	0.00691	0.00605	0.00173	0.01210	0.00432	0.00346	0.00778
69	0.01627	0.49465	0.29409	0.01433	0.02163	0.02246	0.01645	0.02052	0.01383	0.01782	0.01034	0.01203	0.00857	0.00598	0.00508	0.00169	0.00820	0.00410	0.00286	0.00910
70	0.00818	0.00584	0.00779	0.00934	0.00973	0.00545	0.00623	0.00934	0.01285	0.01713	0.03698	0.75981	0.04438	0.02102	0.00856	0.00273	0.00389	0.01908	0.00623	0.00545
71	0.01980	0.47019	0.07455	0.01473	0.04231	0.24375	0.01309	0.02224	0.01537	0.01653	0.00993	0.01159	0.00868	0.00615	0.00505	0.00159	0.00889	0.00398	0.00306	0.00851
72	0.01202	0.00969	0.01120	0.01137	0.01362	0.01029	0.00892	0.02043	0.27432	0.02215	0.03767	0.19791	0.13608	0.01530	0.00801	0.00258	0.00496	0.18943	0.00644	0.00761
73	0.01840	0.49428	0.03308	0.01549	0.02113	0.08558	0.14415	0.04958	0.04721	0.01859	0.01134	0.01317	0.00958	0.00608	0.00537	0.00168	0.00832	0.00477	0.00336	0.00883
74	0.00818	0.00584	0.00779	0.00934	0.00973	0.00545	0.00623	0.00934	0.01285	0.01713	0.03698	0.75981	0.04438	0.02102	0.00856	0.00273	0.00389	0.01908	0.00623	0.00545
75	0.00966	0.00689	0.00927	0.00927	0.00994	0.00756	0.00650	0.01101	0.01033	0.01445	0.01936	0.03404	0.02011	0.36256	0.42992	0.00891	0.01296	0.00831	0.00380	0.00515
76	0.00988	0.00706	0.00975	0.01130	0.01243	0.00692	0.00920	0.01230	0.01453	0.01904	0.03604	0.31639	0.04064	0.01941	0.00902	0.00296	0.00537	0.44562	0.00620	0.00592
77	0.01267	0.01193	0.02013	0.74806	0.04621	0.01491	0.01863	0.01714	0.01342	0.01714	0.01193	0.01789	0.00894	0.00671	0.00671	0.00224	0.00894	0.00596	0.00298	0.00745
78	0.00841	0.00682	0.00746	0.00730	0.00936	0.00587	0.00548	0.01056	0.01643	0.02082	0.26764	0.06014	0.51826	0.01599	0.00793	0.00222	0.00333	0.01354	0.00659	0.00587
79	0.03010	0.01142	0.01557	0.01194	0.01713	0.00986	0.00986	0.03270	0.01920	0.72698	0.02647	0.02284	0.01661	0.00830	0.00675	0.00208	0.00571	0.00675	0.00830	0.01142
80	0.01440	0.01236	0.01413	0.01058	0.01617	0.01029	0.00841	0.02015	0.13487	0.02294	0.01460	0.01585	0.01177	0.00569	0.00529	0.00122	0.00503	0.00460	0.00447	0.66717
81	0.01346	0.03471	0.72942	0.01912	0.02904	0.01558	0.02479	0.02125	0.01417	0.02125	0.01204	0.01417	0.00850	0.00637	0.00637	0.00212	0.00992	0.00496	0.00283	0.00992
82	0.00818	0.00584	0.00779	0.00934	0.00973	0.00545	0.00623	0.00934	0.01285	0.01713	0.03698	0.75981	0.04438	0.02102	0.00856	0.00273	0.00389	0.01908	0.00623	0.00545
83	0.01135	0.00898	0.01151	0.00991	0.01284	0.00832	0.00755	0.01361	0.01188	0.01770	0.01604	0.02407	0.01521	0.14215	0.33530	0.00620	0.01099	0.00630	0.00382	0.32629
84	0.00818	0.00584	0.00779	0.00934	0.00973	0.00545	0.00623	0.00934	0.01285	0.01713	0.03698	0.75981	0.04438	0.02102	0.00856	0.00273	0.00389	0.01908	0.00623	0.00545
85	0.01661	0.01594	0.02724	0.04119	0.72233	0.01594	0.02059	0.02059	0.01528	0.02192	0.01262	0.01661	0.01063	0.00598	0.00664	0.00199	0.00797	0.00598	0.00332	0.01063
86	0.01163	0.00968	0.01641	0.01535	0.01787	0.00942	0.14931	0.01510	0.01533	0.02015	0.03120	0.11415	0.03329	0.01612	0.00894	0.00290	0.00705	0.49376	0.00562	0.00671
87	0.00812	0.00606	0.00756	0.00876	0.00958	0.00550	0.00597	0.00941	0.01340	0.01736	0.04403	0.60170	0.19794	0.02011	0.00842	0.00262	0.00378	0.01796	0.00623	0.00550
88	0.01003	0.00846	0.00889	0.00849	0.01100	0.00814	0.00645	0.01566	0.16673	0.02137	0.13965	0.05420	0.48653	0.01487	0.00769	0.00225	0.00379	0.01248	0.00650	0.00682
89	0.00917	0.00685	0.00852	0.00810	0.00983	0.00619	0.00608	0.01203	0.01823	0.02509	0.58390	0.05312	0.19934	0.01440	0.00792	0.00214	0.00321	0.01255	0.00715	0.00619
