[name]
unknown

[dist]
# distance from previous block
# <min> <max>
0	23

[block]
# block no. 0 follows, 32 sequences, length 61
# corresponding to MSA columns:
# 23-83
name=unknown_A
#
# <colnr> <probs for GDERKNQSTAVLIFYWHMCP>
#	G	D	E	R	K	N	Q	S	T	A	V	L	I	F	Y	W	H	M	C	P
0	0.01086	0.00785	0.01083	0.01200	0.01373	0.00768	0.01039	0.01395	0.01561	0.02061	0.07930	0.07134	0.03900	0.01763	0.00899	0.00293	0.00593	0.60446	0.00616	0.04073
1	0.01046	0.00735	0.00893	0.00874	0.00920	0.00782	0.00574	0.03350	0.01092	0.01484	0.02065	0.04035	0.02274	0.55799	0.15446	0.00684	0.03258	0.03791	0.00413	0.00484
2	0.07037	0.01354	0.01574	0.01270	0.01732	0.01394	0.01030	0.18076	0.17850	0.32818	0.06873	0.02292	0.01884	0.00866	0.00668	0.00211	0.00580	0.00695	0.00731	0.01066
3	0.01999	0.01427	0.01583	0.03760	0.01826	0.01569	0.01071	0.21349	0.33348	0.12322	0.02500	0.02442	0.04736	0.03477	0.00770	0.00230	0.00594	0.00731	0.03239	0.01026
4	0.01271	0.01291	0.05079	0.71655	0.04547	0.01494	0.01890	0.01732	0.01345	0.01732	0.01193	0.01773	0.00893	0.00669	0.00669	0.00223	0.00899	0.00592	0.00298	0.00756
5	0.02534	0.02377	0.01971	0.01614	0.02078	0.29140	0.01283	0.44571	0.02681	0.03252	0.01394	0.01460	0.01037	0.00762	0.00646	0.00191	0.00916	0.00539	0.00548	0.01004
6	0.01346	0.03471	0.72942	0.01912	0.02904	0.01558	0.02479	0.02125	0.01417	0.02125	0.01204	0.01417	0.00850	0.00637	0.00637	0.00212	0.00992	0.00496	0.00283	0.00992
7	0.00959	0.00719	0.01078	0.01078	0.01198	0.00839	0.00839	0.01198	0.01078	0.01558	0.01797	0.02636	0.01677	0.05032	0.73760	0.01078	0.01797	0.00719	0.00359	0.00599
8	0.01768	0.72534	0.07575	0.01193	0.01791	0.02591	0.01226	0.02016	0.01366	0.01611	0.00949	0.01096	0.00860	0.00578	0.00443	0.00148	0.00734	0.00367	0.00287	0.00869
9	0.01267	0.01193	0.02013	0.74806	0.04621	0.01491	0.01863	0.01714	0.01342	0.01714	0.01193	0.01789	0.00894	0.00671	0.00671	0.00224	0.00894	0.00596	0.00298	0.00745
10	0.76560	0.01409	0.01040	0.00932	0.01343	0.05728	0.00760	0.02014	0.01186	0.02930	0.00940	0.01097	0.00735	0.00627	0.00426	0.00206	0.00559	0.00367	0.00411	0.00730
11	0.00950	0.00686	0.00897	0.00844	0.01002	0.00633	0.00633	0.01266	0.01899	0.02691	0.71879	0.05012	0.06331	0.01372	0.00791	0.00211	0.00317	0.01213	0.00739	0.00633
12	0.02506	0.03198	0.01901	0.01729	0.02074	0.73725	0.01296	0.02679	0.01901	0.01642	0.01037	0.01210	0.00864	0.00691	0.00605	0.00173	0.01210	0.00432	0.00346	0.00778
13	0.01720	0.01467	0.01546	0.01376	0.01764	0.01693	0.01075	0.07450	0.67053	0.02890	0.02666	0.02451	0.01995	0.00904	0.00682	0.00226	0.00543	0.00750	0.00682	0.01067
14	0.00976	0.00651	0.00732	0.00732	0.00732	0.00651	0.00407	0.00976	0.00976	0.01301	0.02114	0.04391	0.02439	0.76419	0.03415	0.00651	0.00651	0.00976	0.00407	0.00407
15	0.02551	0.01879	0.02014	0.01544	0.02081	0.02081	0.01275	0.69996	0.03155	0.04229	0.01611	0.01611	0.01141	0.00805	0.00671	0.00201	0.00738	0.00604	0.00671	0.01141
16	0.01391	0.01193	0.01391	0.00994	0.01590	0.00894	0.00795	0.01690	0.01391	0.02186	0.01193	0.01391	0.00994	0.00497	0.00497	0.00099	0.00497	0.00398	0.00398	0.80521
17	0.01346	0.03471	0.72942	0.01912	0.02904	0.01558	0.02479	0.02125	0.01417	0.02125	0.01204	0.01417	0.00850	0.00637	0.00637	0.00212	0.00992	0.00496	0.00283	0.00992
18	0.81159	0.01298	0.00986	0.00882	0.01298	0.01505	0.00727	0.01972	0.01142	0.03010	0.00934	0.01090	0.00727	0.00623	0.00415	0.00208	0.00519	0.00363	0.00415	0.00727
19	0.01267	0.01193	0.02013	0.74806	0.04621	0.01491	0.01863	0.01714	0.01342	0.01714	0.01193	0.01789	0.00894	0.00671	0.00671	0.00224	0.00894	0.00596	0.00298	0.00745
20	0.00814	0.00597	0.00765	0.00901	0.00964	0.00548	0.00608	0.00938	0.01317	0.01726	0.04109	0.66762	0.13392	0.02049	0.00848	0.00266	0.00383	0.01842	0.00623	0.00548
21	0.00976	0.00651	0.00732	0.00732	0.00732	0.00651	0.00407	0.00976	0.00976	0.01301	0.02114	0.04391	0.02439	0.76419	0.03415	0.00651	0.00651	0.00976	0.00407	0.00407
22	0.01584	0.01810	0.03959	0.02828	0.03507	0.01697	0.69796	0.02149	0.01584	0.02149	0.01357	0.01810	0.01018	0.00566	0.00792	0.00226	0.01131	0.00792	0.00339	0.00905
23	0.00950	0.00686	0.00897	0.00844	0.01002	0.00633	0.00633	0.01266	0.01899	0.02691	0.71879	0.05012	0.06331	0.01372	0.00791	0.00211	0.00317	0.01213	0.00739	0.00633
24	0.01346	0.03471	0.72942	0.01912	0.02904	0.01558	0.02479	0.02125	0.01417	0.02125	0.01204	0.01417	0.00850	0.00637	0.00637	0.00212	0.00992	0.00496	0.00283	0.00992
25	0.00959	0.00719	0.01078	0.01078	0.01198	0.00839	0.00839	0.01198	0.01078	0.01558	0.01797	0.02636	0.01677	0.05032	0.73760	0.01078	0.01797	0.00719	0.00359	0.00599
26	0.03010	0.01142	0.01557	0.01194	0.01713	0.00986	0.00986	0.03270	0.01920	0.72698	0.02647	0.02284	0.01661	0.00830	0.00675	0.00208	0.00571	0.00675	0.00830	0.01142
27	0.00822	0.00609	0.00770	0.00896	0.00975	0.00557	0.00617	0.00955	0.01340	0.01742	0.04286	0.60341	0.17335	0.02017	0.00847	0.00265	0.00388	0.04066	0.00623	0.00552
28	0.63392	0.01464	0.07282	0.01015	0.01494	0.01438	0.00914	0.02166	0.01274	0.12628	0.01196	0.01284	0.00867	0.00653	0.00471	0.00208	0.00567	0.00418	0.00462	0.00807
29	0.03010	0.01142	0.01557	0.01194	0.01713	0.00986	0.00986	0.03270	0.01920	0.72698	0.02647	0.02284	0.01661	0.00830	0.00675	0.00208	0.00571	0.00675	0.00830	0.01142
30	0.00863	0.00696	0.00777	0.00795	0.01000	0.00610	0.00622	0.01076	0.01584	0.01968	0.15382	0.06440	0.51442	0.01679	0.00815	0.00238	0.00383	0.12407	0.00638	0.00584
31	0.01706	0.01681	0.02679	0.03990	0.68459	0.05475	0.02018	0.02093	0.01548	0.02163	0.01250	0.01636	0.01052	0.00603	0.00661	0.00198	0.00819	0.00589	0.00333	0.01048
32	0.00824	0.00587	0.00777	0.00926	0.00963	0.00549	0.00614	0.00936	0.01272	0.01696	0.03632	0.73000	0.04355	0.05197	0.00963	0.00288	0.00400	0.01869	0.00614	0.00539
33	0.81159	0.01298	0.00986	0.00882	0.01298	0.01505	0.00727	0.01972	0.01142	0.03010	0.00934	0.01090	0.00727	0.00623	0.00415	0.00208	0.00519	0.00363	0.00415	0.00727
34	0.02575	0.01840	0.01989	0.01525	0.02061	0.02022	0.01260	0.66406	0.03088	0.07912	0.01667	0.01647	0.01169	0.00807	0.00671	0.00202	0.00729	0.00608	0.00680	0.01141
35	0.01669	0.01441	0.01517	0.01365	0.01745	0.01669	0.01062	0.03565	0.71021	0.02807	0.02731	0.02503	0.02048	0.00910	0.00683	0.00228	0.00531	0.00759	0.00683	0.01062
36	0.03010	0.01142	0.01557	0.01194	0.01713	0.00986	0.00986	0.03270	0.01920	0.72698	0.02647	0.02284	0.01661	0.00830	0.00675	0.00208	0.00571	0.00675	0.00830	0.01142
37	0.00872	0.00667	0.00800	0.00800	0.00963	0.00595	0.00587	0.01104	0.01668	0.02218	0.37545	0.16939	0.29598	0.01607	0.00802	0.00226	0.00337	0.01398	0.00679	0.00595
38	0.60482	0.01256	0.01137	0.00965	0.01407	0.01368	0.00795	0.02316	0.01348	0.21449	0.01387	0.01406	0.00974	0.00678	0.00484	0.00208	0.00533	0.00446	0.00525	0.00837
39	0.00852	0.00683	0.00765	0.00777	0.00972	0.00597	0.00591	0.01061	0.01593	0.02006	0.19843	0.10318	0.48509	0.01668	0.00808	0.00233	0.00362	0.07131	0.00647	0.00583
40	0.01882	0.01377	0.02323	0.06106	0.16317	0.01350	0.19668	0.05865	0.04574	0.17294	0.01816	0.02016	0.01326	0.00698	0.00669	0.00204	0.00747	0.00678	0.14139	0.00949
41	0.01485	0.01194	0.01282	0.01169	0.01478	0.01340	0.00903	0.02882	0.49099	0.02743	0.14495	0.02933	0.02734	0.00971	0.00670	0.00214	0.00463	0.00817	0.12203	0.00925
42	0.04559	0.06185	0.04825	0.05484	0.37073	0.14105	0.03571	0.08662	0.01707	0.02245	0.01331	0.04770	0.01146	0.00702	0.00644	0.00197	0.00850	0.00607	0.00377	0.00957
43	0.01529	0.33383	0.44631	0.01601	0.02422	0.02006	0.01936	0.02078	0.01395	0.01902	0.01094	0.01278	0.00855	0.00612	0.00553	0.00184	0.00880	0.00440	0.00285	0.00938
44	0.81159	0.01298	0.00986	0.00882	0.01298	0.01505	0.00727	0.01972	0.01142	0.03010	0.00934	0.01090	0.00727	0.00623	0.00415	0.00208	0.00519	0.00363	0.00415	0.00727
45	0.00921	0.00685	0.00857	0.00814	0.00985	0.00621	0.00610	0.01210	0.01831	0.02528	0.59789	0.05281	0.18523	0.01433	0.00792	0.00214	0.00321	0.01251	0.00717	0.00621
46	0.00842	0.00679	0.00750	0.00738	0.00938	0.00586	0.00551	0.01056	0.01636	0.02080	0.26755	0.08080	0.49734	0.01610	0.00794	0.00223	0.00334	0.01368	0.00659	0.00586
47	0.00866	0.00604	0.00764	0.00872	0.00899	0.00577	0.00557	0.00947	0.01190	0.01587	0.03213	0.54059	0.03826	0.24859	0.01640	0.00388	0.00469	0.01622	0.00557	0.00503
48	0.02832	0.01103	0.01500	0.01164	0.01651	0.00956	0.00956	0.03097	0.01919	0.66650	0.08629	0.02520	0.02064	0.00877	0.00685	0.00208	0.00549	0.00721	0.00823	0.01098
49	0.02427	0.01818	0.01944	0.01519	0.02034	0.02023	0.01245	0.60683	0.12669	0.04029	0.01768	0.01736	0.01268	0.00820	0.00673	0.00205	0.00709	0.00626	0.00673	0.01130
50	0.01346	0.03471	0.72942	0.01912	0.02904	0.01558	0.02479	0.02125	0.01417	0.02125	0.01204	0.01417	0.00850	0.00637	0.00637	0.00212	0.00992	0.00496	0.00283	0.00992
51	0.01365	0.01304	0.02133	0.50861	0.14852	0.01606	0.01826	0.01752	0.01316	0.01773	0.01149	0.01713	0.00919	0.00747	0.00937	0.00232	0.13825	0.00595	0.00303	0.00794
52	0.01267	0.01193	0.02013	0.74806	0.04621	0.01491	0.01863	0.01714	0.01342	0.01714	0.01193	0.01789	0.00894	0.00671	0.00671	0.00224	0.00894	0.00596	0.00298	0.00745
53	0.01184	0.00812	0.00937	0.00891	0.01131	0.00746	0.00686	0.06730	0.01707	0.08783	0.13184	0.15330	0.37534	0.01574	0.00790	0.00233	0.00417	0.05995	0.00660	0.00675
54	0.11070	0.01709	0.01615	0.01346	0.01797	0.11944	0.01070	0.17426	0.22754	0.12807	0.01898	0.01838	0.01387	0.00777	0.00622	0.00198	0.00675	0.00591	0.00598	0.07877
55	0.02551	0.01879	0.02014	0.01544	0.02081	0.02081	0.01275	0.69996	0.03155	0.04229	0.01611	0.01611	0.01141	0.00805	0.00671	0.00201	0.00738	0.00604	0.00671	0.01141
56	0.01703	0.01141	0.01413	0.01220	0.05304	0.01041	0.02805	0.04636	0.10103	0.13286	0.01872	0.01970	0.01412	0.00687	0.00564	0.00158	0.00510	0.00569	0.19900	0.29706
57	0.00818	0.00584	0.00779	0.00934	0.00973	0.00545	0.00623	0.00934	0.01285	0.01713	0.03698	0.75981	0.04438	0.02102	0.00856	0.00273	0.00389	0.01908	0.00623	0.00545
58	0.00845	0.00639	0.00788	0.00895	0.01008	0.00582	0.00648	0.01004	0.01395	0.01783	0.04644	0.45256	0.25392	0.01944	0.00846	0.00263	0.00404	0.10481	0.00622	0.00561
59	0.01387	0.12835	0.60970	0.01769	0.02672	0.01662	0.02230	0.02074	0.01430	0.02078	0.04112	0.01522	0.01080	0.00660	0.00617	0.00204	0.00928	0.00508	0.00303	0.00960
60	0.01634	0.01371	0.05484	0.01696	0.13664	0.01275	0.01171	0.10795	0.01574	0.08299	0.01634	0.05230	0.01482	0.15188	0.01320	0.00278	0.08439	0.00681	0.00454	0.18330

[dist]
# distance from previous block
# <min> <max>
0	2

[block]
# block no. 1 follows, 32 sequences, length 68
# corresponding to MSA columns:
# 86-153
name=unknown_B
#
# <colnr> <probs for GDERKNQSTAVLIFYWHMCP>
#	G	D	E	R	K	N	Q	S	T	A	V	L	I	F	Y	W	H	M	C	P
0	0.07754	0.11601	0.09445	0.15046	0.02409	0.01567	0.08664	0.06574	0.04874	0.02301	0.15119	0.02348	0.03778	0.00849	0.00738	0.00211	0.04753	0.00705	0.00446	0.00818
1	0.02410	0.15654	0.02285	0.01478	0.02015	0.04720	0.01253	0.55161	0.02782	0.03652	0.01466	0.01499	0.01080	0.00759	0.00625	0.00190	0.00751	0.00553	0.00589	0.01077
2	0.00857	0.00637	0.00781	0.00837	0.00946	0.00580	0.00582	0.01026	0.01468	0.01944	0.21100	0.36705	0.20391	0.07716	0.01028	0.00277	0.00381	0.01549	0.00634	0.00561
3	0.01410	0.02797	0.48005	0.08045	0.10302	0.01591	0.12111	0.02075	0.01435	0.02088	0.01222	0.01530	0.00901	0.00641	0.00710	0.00216	0.03102	0.00560	0.00298	0.00960
4	0.01661	0.01594	0.02724	0.04119	0.72233	0.01594	0.02059	0.02059	0.01528	0.02192	0.01262	0.01661	0.01063	0.00598	0.00664	0.00199	0.00797	0.00598	0.00332	0.01063
5	0.00828	0.00669	0.00739	0.00767	0.00952	0.00580	0.00570	0.01011	0.01528	0.01897	0.12889	0.17858	0.50567	0.01740	0.00810	0.00237	0.00360	0.04793	0.00635	0.00572
6	0.01034	0.00708	0.00963	0.01050	0.01184	0.00679	0.00835	0.01287	0.01568	0.04367	0.20318	0.26733	0.04564	0.01775	0.00865	0.00271	0.00476	0.30050	0.00656	0.00617
7	0.01384	0.05863	0.49593	0.01634	0.02443	0.01397	0.01964	0.01998	0.01443	0.04439	0.01634	0.02123	0.03665	0.00762	0.00641	0.00203	0.00846	0.06164	0.00357	0.11446
8	0.00803	0.00680	0.00693	0.00690	0.00912	0.00570	0.00517	0.00981	0.01552	0.01866	0.10753	0.06370	0.67973	0.01679	0.00793	0.00226	0.00338	0.01404	0.00630	0.00570
9	0.01794	0.76823	0.03516	0.01148	0.01722	0.02655	0.01148	0.02009	0.01363	0.01579	0.00933	0.01076	0.00861	0.00574	0.00431	0.00144	0.00718	0.00359	0.00287	0.00861
10	0.02009	0.24152	0.04774	0.06075	0.09365	0.07139	0.01339	0.15683	0.12833	0.08019	0.01552	0.01627	0.01190	0.00712	0.00595	0.00188	0.00744	0.00544	0.00477	0.00982
11	0.01468	0.01468	0.02055	0.01762	0.01762	0.02055	0.01468	0.01615	0.01028	0.01615	0.00881	0.01468	0.00881	0.01174	0.02202	0.00294	0.75191	0.00587	0.00294	0.00734
12	0.00826	0.00681	0.00726	0.00715	0.00927	0.00581	0.00536	0.01027	0.01608	0.01999	0.20576	0.06151	0.58066	0.01630	0.00793	0.00223	0.00335	0.01373	0.00648	0.00581
13	0.46737	0.01229	0.01238	0.01020	0.01481	0.01277	0.00841	0.02544	0.01485	0.33705	0.01689	0.01616	0.01138	0.00714	0.00530	0.00208	0.00542	0.00501	0.00598	0.00910
14	0.01251	0.00625	0.00625	0.00625	0.00782	0.00625	0.00469	0.01563	0.01407	0.02502	0.02189	0.02502	0.01720	0.00782	0.00469	0.00156	0.00313	0.00625	0.80144	0.00625
15	0.02488	0.01111	0.01399	0.01132	0.01568	0.01049	0.00916	0.03047	0.14076	0.48975	0.02588	0.02358	0.01739	0.00837	0.00643	0.00203	0.00522	0.00682	0.13622	0.01044
16	0.01350	0.00975	0.01252	0.01292	0.01517	0.01012	0.01117	0.13957	0.01840	0.02415	0.03197	0.06477	0.03363	0.01662	0.00880	0.00289	0.00640	0.55423	0.00628	0.00714
17	0.02598	0.01803	0.01966	0.01507	0.02043	0.01967	0.01245	0.63059	0.03026	0.11347	0.01719	0.01681	0.01195	0.00808	0.00672	0.00202	0.00721	0.00611	0.00688	0.01141
18	0.81159	0.01298	0.00986	0.00882	0.01298	0.01505	0.00727	0.01972	0.01142	0.03010	0.00934	0.01090	0.00727	0.00623	0.00415	0.00208	0.00519	0.00363	0.00415	0.00727
19	0.00813	0.00601	0.00760	0.00888	0.00961	0.00549	0.00602	0.00940	0.01329	0.01731	0.04266	0.63246	0.16807	0.02028	0.00845	0.00264	0.00380	0.01817	0.00623	0.00549
20	0.00867	0.00691	0.00786	0.00811	0.01005	0.00610	0.00630	0.01081	0.01579	0.01982	0.16623	0.09886	0.46717	0.01692	0.00818	0.00240	0.00385	0.12370	0.00641	0.00585
21	0.03010	0.01142	0.01557	0.01194	0.01713	0.00986	0.00986	0.03270	0.01920	0.72698	0.02647	0.02284	0.01661	0.00830	0.00675	0.00208	0.00571	0.00675	0.00830	0.01142
22	0.01794	0.76823	0.03516	0.01148	0.01722	0.02655	0.01148	0.02009	0.01363	0.01579	0.00933	0.01076	0.00861	0.00574	0.00431	0.00144	0.00718	0.00359	0.00287	0.00861
23	0.02963	0.01219	0.01605	0.01230	0.01751	0.01100	0.01016	0.10207	0.02049	0.65580	0.02539	0.02214	0.01607	0.00828	0.00674	0.00207	0.00588	0.00667	0.00814	0.01142
24	0.01376	0.01304	0.02210	0.55193	0.23381	0.01519	0.01918	0.01810	0.01393	0.01847	0.01212	0.01753	0.00941	0.00651	0.00669	0.00217	0.00867	0.00597	0.00308	0.00833
25	0.01669	0.01441	0.01517	0.01365	0.01745	0.01669	0.01062	0.03565	0.71021	0.02807	0.02731	0.02503	0.02048	0.00910	0.00683	0.00228	0.00531	0.00759	0.00683	0.01062
26	0.00881	0.00629	0.00851	0.01007	0.01074	0.00600	0.00733	0.01044	0.01347	0.01784	0.03663	0.59506	0.04299	0.02042	0.00873	0.00281	0.00444	0.17756	0.00622	0.00563
27	0.00833	0.00681	0.00736	0.00722	0.00931	0.00584	0.00542	0.01041	0.01625	0.02039	0.23580	0.06085	0.55037	0.01615	0.00793	0.00223	0.00334	0.01364	0.00653	0.00584
28	0.01828	0.73346	0.03440	0.01176	0.01739	0.06011	0.01155	0.02041	0.01389	0.01582	0.00938	0.01083	0.00861	0.00580	0.00439	0.00145	0.00741	0.00362	0.00290	0.00857
29	0.01389	0.01353	0.01939	0.09277	0.01994	0.01857	0.01437	0.01577	0.01066	0.01619	0.01018	0.01635	0.00974	0.01564	0.10248	0.00376	0.59051	0.00603	0.00302	0.00720
30	0.19402	0.01175	0.01437	0.01128	0.01626	0.01095	0.00932	0.02998	0.01757	0.58081	0.02288	0.02033	0.01465	0.00787	0.00620	0.00208	0.00560	0.00609	0.00743	0.01055
31	0.01267	0.01193	0.02013	0.74806	0.04621	0.01491	0.01863	0.01714	0.01342	0.01714	0.01193	0.01789	0.00894	0.00671	0.00671	0.00224	0.00894	0.00596	0.00298	0.00745
32	0.01443	0.01064	0.01245	0.01074	0.01349	0.01098	0.00839	0.21256	0.05506	0.03108	0.45977	0.06303	0.04563	0.01211	0.00754	0.00211	0.00451	0.01039	0.00713	0.00797
33	0.01392	0.11096	0.65725	0.01833	0.02781	0.01672	0.02341	0.02113	0.01411	0.02068	0.01176	0.01381	0.00851	0.00631	0.00616	0.00205	0.00963	0.00482	0.00284	0.00978
34	0.01663	0.00851	0.00927	0.00818	0.01073	0.00852	0.00641	0.09983	0.01691	0.12969	0.02187	0.02363	0.01642	0.00792	0.00523	0.00169	0.00401	0.00630	0.59062	0.00762
35	0.02345	0.01590	0.02116	0.01635	0.02122	0.13143	0.17568	0.02670	0.01834	0.35849	0.10091	0.02308	0.01915	0.00806	0.00705	0.00207	0.00782	0.00725	0.00621	0.00966
36	0.02335	0.02912	0.01927	0.01734	0.02023	0.61875	0.01325	0.02503	0.01757	0.01638	0.01011	0.01253	0.00867	0.00771	0.00869	0.00193	0.13442	0.00458	0.00337	0.00771
37	0.01248	0.01145	0.01634	0.01467	0.01519	0.01531	0.01197	0.01435	0.01049	0.01590	0.01276	0.01971	0.01224	0.02837	0.33037	0.00632	0.43565	0.00644	0.00322	0.00676
38	0.01310	0.01026	0.01384	0.07472	0.13145	0.01107	0.00995	0.01811	0.17576	0.01818	0.01862	0.02811	0.01743	0.24651	0.03671	0.15075	0.00682	0.00753	0.00428	0.00680
39	0.00976	0.00651	0.00732	0.00732	0.00732	0.00651	0.00407	0.00976	0.00976	0.01301	0.02114	0.04391	0.02439	0.76419	0.03415	0.00651	0.00651	0.00976	0.00407	0.00407
40	0.01375	0.01263	0.01211	0.01116	0.01379	0.10420	0.00849	0.02187	0.25018	0.02500	0.32587	0.03835	0.11218	0.01164	0.00731	0.00213	0.00506	0.00982	0.00657	0.00788
41	0.00960	0.00711	0.01040	0.01040	0.01146	0.00818	0.00791	0.01173	0.01067	0.01529	0.01833	0.02832	0.01762	0.12988	0.65920	0.01031	0.01669	0.00748	0.00365	0.00578
42	0.10653	0.06108	0.01874	0.01616	0.01979	0.63217	0.01231	0.02578	0.01800	0.01782	0.01022	0.01192	0.00850	0.00679	0.00578	0.00175	0.01117	0.00422	0.00350	0.00776
43	0.01371	0.03298	0.65771	0.02008	0.02967	0.01573	0.09477	0.02127	0.01434	0.02127	0.01220	0.01458	0.00867	0.00630	0.00654	0.00214	0.01006	0.00527	0.00289	0.00983
44	0.05765	0.01880	0.02107	0.05682	0.26747	0.19924	0.04326	0.02108	0.01564	0.02067	0.01171	0.01460	0.00968	0.00599	0.00600	0.00170	0.00831	0.00501	0.00355	0.21176
45	0.00993	0.00736	0.00960	0.01057	0.01225	0.00703	0.00888	0.01264	0.01569	0.02024	0.11404	0.09356	0.19737	0.01777	0.00880	0.00279	0.00515	0.43396	0.00632	0.00605
46	0.09097	0.01628	0.01623	0.01329	0.04102	0.10864	0.01024	0.17285	0.01890	0.09932	0.01395	0.01491	0.01057	0.00641	0.00567	0.00156	0.00665	0.00481	0.00496	0.34278
47	0.00982	0.00810	0.00877	0.00838	0.01073	0.00770	0.00635	0.01482	0.13398	0.02206	0.22800	0.05417	0.43284	0.01482	0.00774	0.00223	0.00366	0.01253	0.00663	0.00668
48	0.01523	0.01914	0.18442	0.20908	0.16555	0.01599	0.13269	0.02012	0.01428	0.05511	0.01274	0.01673	0.00974	0.00697	0.00855	0.00224	0.09291	0.00609	0.00334	0.00907
49	0.02551	0.01879	0.02014	0.01544	0.02081	0.02081	0.01275	0.69996	0.03155	0.04229	0.01611	0.01611	0.01141	0.00805	0.00671	0.00201	0.00738	0.00604	0.00671	0.01141
50	0.01178	0.00640	0.00691	0.00678	0.00835	0.00627	0.00509	0.01492	0.01526	0.02547	0.18972	0.03106	0.02830	0.00924	0.00547	0.00170	0.00314	0.00767	0.61021	0.00627
51	0.00932	0.00685	0.00872	0.00826	0.00992	0.00626	0.00619	0.01232	0.01858	0.02592	0.64547	0.05175	0.13725	0.01409	0.00792	0.00213	0.00319	0.01236	0.00726	0.00626
52	0.01687	0.23515	0.31590	0.01820	0.02546	0.12998	0.12806	0.02182	0.01504	0.01903	0.01128	0.01354	0.00882	0.00617	0.00600	0.00189	0.00972	0.00496	0.00303	0.00908
53	0.02345	0.01457	0.01671	0.01346	0.01789	0.01528	0.01084	0.38637	0.05393	0.21336	0.02269	0.14118	0.01858	0.01031	0.00703	0.00216	0.00629	0.00844	0.00705	0.01039
54	0.00834	0.00685	0.00736	0.00734	0.00946	0.00588	0.00558	0.01036	0.01594	0.01974	0.17932	0.06259	0.57363	0.01650	0.00799	0.00228	0.00349	0.04511	0.00643	0.00580
55	0.02779	0.01513	0.01787	0.01370	0.01898	0.01537	0.01132	0.36860	0.02542	0.38230	0.02126	0.01945	0.01399	0.00818	0.00673	0.00204	0.00655	0.00639	0.00750	0.01141
56	0.01863	0.49614	0.17994	0.01335	0.01990	0.02220	0.01421	0.05566	0.01522	0.09221	0.01203	0.01301	0.00956	0.00626	0.00512	0.00168	0.00762	0.00433	0.00362	0.00932
57	0.00842	0.00600	0.00781	0.00917	0.00960	0.00564	0.00613	0.00955	0.01268	0.01683	0.03611	0.64385	0.06004	0.09809	0.01123	0.00312	0.00423	0.04017	0.00600	0.00534
58	0.02810	0.01103	0.01508	0.01198	0.01679	0.00964	0.00996	0.03075	0.01881	0.65349	0.02741	0.02833	0.01890	0.00937	0.00701	0.00218	0.00576	0.07645	0.00808	0.01087
59	0.00818	0.00584	0.00779	0.00934	0.00973	0.00545	0.00623	0.00934	0.01285	0.01713	0.03698	0.75981	0.04438	0.02102	0.00856	0.00273	0.00389	0.01908	0.00623	0.00545
60	0.01667	0.56085	0.23144	0.01364	0.02056	0.02345	0.01524	0.02042	0.01378	0.01733	0.01010	0.01173	0.00858	0.00592	0.00489	0.00163	0.00795	0.00398	0.00286	0.00898
61	0.00976	0.00651	0.00732	0.00732	0.00732	0.00651	0.00407	0.00976	0.00976	0.01301	0.02114	0.04391	0.02439	0.76419	0.03415	0.00651	0.00651	0.00976	0.00407	0.00407
62	0.02574	0.01843	0.01991	0.01526	0.02062	0.02026	0.01261	0.66658	0.03093	0.07654	0.01663	0.01645	0.01167	0.00807	0.00671	0.00202	0.00730	0.00608	0.00679	0.01141
63	0.16403	0.47215	0.02656	0.01185	0.01667	0.14096	0.01071	0.02062	0.01408	0.01858	0.01081	0.04638	0.01006	0.00675	0.00477	0.00166	0.00747	0.00445	0.00336	0.00808
64	0.00921	0.00708	0.00848	0.00833	0.01007	0.00653	0.00616	0.01247	0.05166	0.02306	0.40007	0.14689	0.25441	0.01543	0.00795	0.00225	0.00344	0.01343	0.00686	0.00623
65	0.12978	0.01563	0.01629	0.01668	0.12956	0.08985	0.01101	0.24108	0.01925	0.02704	0.01755	0.02343	0.04670	0.17351	0.01235	0.00299	0.00728	0.00671	0.00486	0.00845
66	0.01682	0.41513	0.19120	0.07206	0.02249	0.02172	0.01511	0.06306	0.08724	0.02004	0.01244	0.01392	0.01002	0.00645	0.00538	0.00178	0.00777	0.00466	0.00352	0.00920
67	0.15858	0.04383	0.01821	0.03798	0.11276	0.18614	0.01238	0.10857	0.15325	0.08124	0.01578	0.01647	0.01196	0.00730	0.00605	0.00200	0.00769	0.00548	0.00497	0.00937

[dist]
# distance from previous block
# <min> <max>
0	1

[block]
# block no. 2 follows, 32 sequences, length 23
# corresponding to MSA columns:
# 155-177
name=unknown_C
#
# <colnr> <probs for GDERKNQSTAVLIFYWHMCP>
#	G	D	E	R	K	N	Q	S	T	A	V	L	I	F	Y	W	H	M	C	P
0	0.01447	0.01376	0.02337	0.42509	0.35514	0.01538	0.01953	0.01872	0.01427	0.01933	0.01224	0.01730	0.00971	0.00637	0.00668	0.00212	0.00850	0.00597	0.00314	0.00890
1	0.01661	0.01594	0.02724	0.04119	0.72233	0.01594	0.02059	0.02059	0.01528	0.02192	0.01262	0.01661	0.01063	0.00598	0.00664	0.00199	0.00797	0.00598	0.00332	0.01063
2	0.01661	0.01594	0.02724	0.04119	0.72233	0.01594	0.02059	0.02059	0.01528	0.02192	0.01262	0.01661	0.01063	0.00598	0.00664	0.00199	0.00797	0.00598	0.00332	0.01063
3	0.01582	0.01246	0.01425	0.07370	0.01816	0.01366	0.01040	0.13815	0.29025	0.05014	0.10011	0.03507	0.12665	0.01105	0.00725	0.00227	0.00555	0.05961	0.00645	0.00902
4	0.01068	0.00764	0.01063	0.01196	0.01351	0.00758	0.01036	0.01378	0.01580	0.02077	0.10408	0.07312	0.04109	0.01805	0.00913	0.00299	0.00588	0.61045	0.00630	0.00619
5	0.02551	0.01879	0.02014	0.01544	0.02081	0.02081	0.01275	0.69996	0.03155	0.04229	0.01611	0.01611	0.01141	0.00805	0.00671	0.00201	0.00738	0.00604	0.00671	0.01141
6	0.01267	0.01193	0.02013	0.74806	0.04621	0.01491	0.01863	0.01714	0.01342	0.01714	0.01193	0.01789	0.00894	0.00671	0.00671	0.00224	0.00894	0.00596	0.00298	0.00745
7	0.01391	0.01193	0.01391	0.00994	0.01590	0.00894	0.00795	0.01690	0.01391	0.02186	0.01193	0.01391	0.00994	0.00497	0.00497	0.00099	0.00497	0.00398	0.00398	0.80521
8	0.00976	0.00651	0.00732	0.00732	0.00732	0.00651	0.00407	0.00976	0.00976	0.01301	0.02114	0.04391	0.02439	0.76419	0.03415	0.00651	0.00651	0.00976	0.00407	0.00407
9	0.81159	0.01298	0.00986	0.00882	0.01298	0.01505	0.00727	0.01972	0.01142	0.03010	0.00934	0.01090	0.00727	0.00623	0.00415	0.00208	0.00519	0.00363	0.00415	0.00727
10	0.01122	0.00724	0.00952	0.00873	0.01062	0.00663	0.00663	0.01434	0.01901	0.08547	0.66088	0.04784	0.05940	0.01326	0.00782	0.00211	0.00338	0.01168	0.00746	0.00676
11	0.02964	0.01216	0.01603	0.01229	0.01750	0.01096	0.01015	0.09965	0.02044	0.65828	0.02543	0.02216	0.01609	0.00828	0.00674	0.00207	0.00588	0.00668	0.00815	0.01142
12	0.00860	0.00614	0.00827	0.00983	0.01040	0.00581	0.00696	0.01007	0.01326	0.01760	0.03675	0.65025	0.04346	0.02062	0.00868	0.00278	0.00426	0.12447	0.00622	0.00557
13	0.00816	0.00591	0.00771	0.00914	0.00968	0.00547	0.00614	0.00937	0.01304	0.01721	0.03942	0.70519	0.09742	0.02071	0.00851	0.00269	0.00385	0.01869	0.00623	0.00547
14	0.00894	0.00684	0.00820	0.00786	0.00968	0.00610	0.00590	0.01159	0.01769	0.02380	0.48872	0.05523	0.29532	0.01488	0.00792	0.00217	0.00325	0.01285	0.00698	0.00610
15	0.47085	0.01230	0.01235	0.01018	0.01479	0.01279	0.00840	0.02538	0.01481	0.33395	0.01681	0.01611	0.01134	0.00713	0.00528	0.00208	0.00542	0.00499	0.00596	0.00908
16	0.81159	0.01298	0.00986	0.00882	0.01298	0.01505	0.00727	0.01972	0.01142	0.03010	0.00934	0.01090	0.00727	0.00623	0.00415	0.00208	0.00519	0.00363	0.00415	0.00727
17	0.01202	0.00773	0.00964	0.00879	0.01103	0.00708	0.00672	0.01553	0.04812	0.11034	0.48683	0.04835	0.17494	0.01346	0.00773	0.00214	0.00361	0.01165	0.00726	0.00701
18	0.01794	0.76823	0.03516	0.01148	0.01722	0.02655	0.01148	0.02009	0.01363	0.01579	0.00933	0.01076	0.00861	0.00574	0.00431	0.00144	0.00718	0.00359	0.00287	0.00861
19	0.05147	0.14812	0.04608	0.02186	0.24554	0.04677	0.01425	0.12585	0.01824	0.13303	0.05259	0.01906	0.03370	0.00739	0.00623	0.00192	0.00714	0.00604	0.00485	0.00988
20	0.01771	0.23510	0.19363	0.01776	0.02403	0.14222	0.15215	0.05057	0.04489	0.01986	0.01238	0.01505	0.00998	0.02862	0.00690	0.00202	0.00940	0.00535	0.00343	0.00893
21	0.73318	0.01282	0.01043	0.00914	0.01339	0.01453	0.00753	0.02103	0.01220	0.10002	0.01106	0.01210	0.00820	0.00644	0.00441	0.00208	0.00524	0.00395	0.00457	0.00768
22	0.09556	0.01313	0.01491	0.01207	0.04866	0.01161	0.00914	0.09912	0.04477	0.02537	0.01283	0.01446	0.01031	0.00568	0.00525	0.00132	0.00543	0.00443	0.00441	0.56154

[dist]
# distance from previous block
# <min> <max>
0	1

[block]
# block no. 3 follows, 32 sequences, length 71
# corresponding to MSA columns:
# 179-249
name=unknown_D
#
# <colnr> <probs for GDERKNQSTAVLIFYWHMCP>
#	G	D	E	R	K	N	Q	S	T	A	V	L	I	F	Y	W	H	M	C	P
0	0.02084	0.01397	0.01540	0.01261	0.01623	0.04994	0.01018	0.25864	0.04800	0.16063	0.11975	0.02361	0.02071	0.00918	0.00785	0.00205	0.06861	0.00704	0.12540	0.00936
1	0.00817	0.00610	0.00761	0.00873	0.00959	0.00553	0.00598	0.00953	0.01364	0.01773	0.06997	0.57516	0.19819	0.01983	0.00840	0.00260	0.00375	0.01770	0.00627	0.00553
2	0.01152	0.00592	0.00888	0.00888	0.00895	0.00600	0.00600	0.00895	0.00888	0.01191	0.01207	0.02079	0.01199	0.02509	0.07312	0.75244	0.00663	0.00592	0.00296	0.00312
3	0.01332	0.00808	0.00920	0.00879	0.01076	0.00848	0.00695	0.09662	0.01601	0.02519	0.04841	0.03077	0.02058	0.01562	0.11510	0.00319	0.00620	0.08168	0.46822	0.00683
4	0.01687	0.01116	0.01283	0.01132	0.01459	0.01180	0.00883	0.02730	0.34125	0.15475	0.20980	0.03128	0.03083	0.01007	0.00692	0.00213	0.00463	0.00852	0.07585	0.00925
5	0.01727	0.65860	0.13892	0.01262	0.01899	0.02491	0.01347	0.02026	0.01371	0.01660	0.00973	0.01127	0.00859	0.00584	0.00461	0.00154	0.00759	0.00379	0.00286	0.00881
6	0.01391	0.01193	0.01391	0.00994	0.01590	0.00894	0.00795	0.01690	0.01391	0.02186	0.01193	0.01391	0.00994	0.00497	0.00497	0.00099	0.00497	0.00398	0.00398	0.80521
7	0.02551	0.01879	0.02014	0.01544	0.02081	0.02081	0.01275	0.69996	0.03155	0.04229	0.01611	0.01611	0.01141	0.00805	0.00671	0.00201	0.00738	0.00604	0.00671	0.01141
8	0.81159	0.01298	0.00986	0.00882	0.01298	0.01505	0.00727	0.01972	0.01142	0.03010	0.00934	0.01090	0.00727	0.00623	0.00415	0.00208	0.00519	0.00363	0.00415	0.00727
9	0.01745	0.01479	0.01560	0.01381	0.01774	0.01705	0.01080	0.09301	0.65162	0.02930	0.02634	0.02426	0.01970	0.00901	0.00682	0.00225	0.00549	0.00745	0.00682	0.01069
10	0.01677	0.01696	0.01400	0.01265	0.01552	0.24101	0.00971	0.10147	0.07843	0.02258	0.15096	0.03032	0.12370	0.01643	0.11626	0.00331	0.00894	0.00808	0.00528	0.00763
11	0.01375	0.01174	0.01242	0.01139	0.01459	0.01288	0.00879	0.02678	0.46652	0.02534	0.09778	0.03767	0.20931	0.01159	0.00721	0.00226	0.00462	0.00972	0.00672	0.00894
12	0.01637	0.01578	0.02769	0.18538	0.37899	0.01635	0.15928	0.07719	0.01637	0.02254	0.01296	0.01714	0.01025	0.00624	0.00693	0.00210	0.00882	0.00638	0.00355	0.00970
13	0.00964	0.00697	0.00967	0.00967	0.01049	0.00778	0.00700	0.01127	0.01045	0.01475	0.01899	0.03199	0.01922	0.27944	0.51183	0.00941	0.01429	0.00801	0.00375	0.00537
14	0.01524	0.01414	0.02396	0.08798	0.24312	0.01436	0.17307	0.09463	0.04273	0.02287	0.01908	0.18076	0.01826	0.00962	0.00738	0.00225	0.00777	0.00937	0.00446	0.00894
15	0.03010	0.01142	0.01557	0.01194	0.01713	0.00986	0.00986	0.03270	0.01920	0.72698	0.02647	0.02284	0.01661	0.00830	0.00675	0.00208	0.00571	0.00675	0.00830	0.01142
16	0.02403	0.01107	0.01434	0.01142	0.01566	0.01021	0.00926	0.10660	0.02061	0.45772	0.21107	0.02936	0.02853	0.00973	0.00706	0.00208	0.00523	0.00811	0.00787	0.01005
17	0.02886	0.01342	0.01681	0.01289	0.01813	0.01283	0.01065	0.21370	0.02255	0.54126	0.02366	0.02101	0.01520	0.00824	0.00674	0.00206	0.00616	0.00656	0.00787	0.01142
18	0.00826	0.00684	0.00727	0.00737	0.00948	0.00585	0.00561	0.01016	0.01555	0.01897	0.11979	0.08158	0.60253	0.01692	0.00803	0.00232	0.00357	0.05782	0.00632	0.00575
19	0.81159	0.01298	0.00986	0.00882	0.01298	0.01505	0.00727	0.01972	0.01142	0.03010	0.00934	0.01090	0.00727	0.00623	0.00415	0.00208	0.00519	0.00363	0.00415	0.00727
20	0.02442	0.01777	0.01917	0.01500	0.02012	0.01965	0.01229	0.56741	0.13247	0.07419	0.01830	0.01778	0.01303	0.00822	0.00673	0.00206	0.00699	0.00631	0.00681	0.01129
21	0.09758	0.01155	0.01508	0.01167	0.01677	0.01031	0.00964	0.03158	0.01853	0.66681	0.02499	0.02181	0.01580	0.00813	0.00652	0.00208	0.00566	0.00648	0.00795	0.01106
22	0.01564	0.01752	0.03635	0.02646	0.03209	0.01758	0.58150	0.02058	0.01489	0.02058	0.01276	0.01752	0.00995	0.00669	0.01032	0.00238	0.13754	0.00757	0.00332	0.00876
23	0.01346	0.03471	0.72942	0.01912	0.02904	0.01558	0.02479	0.02125	0.01417	0.02125	0.01204	0.01417	0.00850	0.00637	0.00637	0.00212	0.00992	0.00496	0.00283	0.00992
24	0.81159	0.01298	0.00986	0.00882	0.01298	0.01505	0.00727	0.01972	0.01142	0.03010	0.00934	0.01090	0.00727	0.00623	0.00415	0.00208	0.00519	0.00363	0.00415	0.00727
25	0.03010	0.01142	0.01557	0.01194	0.01713	0.00986	0.00986	0.03270	0.01920	0.72698	0.02647	0.02284	0.01661	0.00830	0.00675	0.00208	0.00571	0.00675	0.00830	0.01142
26	0.01398	0.11958	0.64909	0.01824	0.02767	0.01685	0.02325	0.02112	0.01410	0.02062	0.01173	0.01377	0.00851	0.00630	0.00614	0.00205	0.00960	0.00480	0.00284	0.00977
27	0.04802	0.01481	0.01595	0.01337	0.01747	0.03682	0.01061	0.28252	0.19863	0.13845	0.02327	0.13026	0.01922	0.01020	0.00692	0.00219	0.00614	0.00836	0.00673	0.01007
28	0.00982	0.00770	0.01030	0.01240	0.07256	0.00726	0.00878	0.01214	0.01490	0.01922	0.06699	0.22627	0.23536	0.01742	0.00844	0.00264	0.00489	0.25068	0.00600	0.00625
29	0.00818	0.00584	0.00779	0.00934	0.00973	0.00545	0.00623	0.00934	0.01285	0.01713	0.03698	0.75981	0.04438	0.02102	0.00856	0.00273	0.00389	0.01908	0.00623	0.00545
30	0.01292	0.01353	0.02751	0.02095	0.02545	0.01263	0.43646	0.01692	0.01487	0.01991	0.02451	0.25161	0.06856	0.01119	0.00812	0.00241	0.00847	0.01180	0.00447	0.00770
31	0.01380	0.03231	0.62994	0.02044	0.02991	0.01578	0.12187	0.02128	0.01441	0.02128	0.01226	0.01473	0.00874	0.00627	0.00660	0.00214	0.01012	0.00539	0.00291	0.00979
32	0.01874	0.02104	0.02642	0.14171	0.19676	0.24557	0.18946	0.04241	0.01680	0.01991	0.01214	0.01574	0.00964	0.00637	0.00679	0.00202	0.01027	0.00594	0.00343	0.00884
33	0.00959	0.00719	0.01078	0.01078	0.01198	0.00839	0.00839	0.01198	0.01078	0.01558	0.01797	0.02636	0.01677	0.05032	0.73760	0.01078	0.01797	0.00719	0.00359	0.00599
34	0.02054	0.10308	0.08151	0.06665	0.08291	0.27352	0.01491	0.13859	0.03754	0.02199	0.01198	0.01421	0.00963	0.00741	0.00780	0.00198	0.08781	0.00510	0.00389	0.00892
35	0.01717	0.17865	0.14960	0.02066	0.12822	0.01809	0.13876	0.12190	0.01709	0.02347	0.01242	0.01478	0.00978	0.00611	0.00611	0.00181	0.00825	0.00538	0.00375	0.11800
36	0.02186	0.29707	0.02487	0.01442	0.01919	0.24613	0.01217	0.18498	0.07816	0.02331	0.01278	0.01365	0.01028	0.00694	0.00563	0.00173	0.00860	0.00474	0.00430	0.00919
37	0.01059	0.00756	0.01056	0.01210	0.01355	0.00753	0.01043	0.01352	0.01523	0.01983	0.03565	0.13323	0.03910	0.01874	0.00921	0.00306	0.00599	0.62182	0.00618	0.00612
38	0.02008	0.01916	0.11736	0.01520	0.02053	0.01833	0.01353	0.32283	0.31729	0.03330	0.02030	0.01963	0.01486	0.00826	0.00671	0.00214	0.00686	0.00655	0.00622	0.01087
39	0.00926	0.00632	0.00760	0.00818	0.00836	0.00619	0.00503	0.00977	0.01100	0.01464	0.02697	0.28532	0.03161	0.48830	0.02468	0.00512	0.00562	0.03657	0.00487	0.00461
40	0.01548	0.09007	0.35740	0.11050	0.14954	0.04135	0.06338	0.05694	0.01542	0.02137	0.01215	0.01502	0.00920	0.00635	0.00639	0.00205	0.00925	0.00536	0.00320	0.00958
41	0.01652	0.30268	0.33607	0.01700	0.02466	0.01945	0.10591	0.02161	0.01452	0.06578	0.01219	0.01399	0.00929	0.00617	0.00583	0.00188	0.00880	0.00495	0.00328	0.00942
42	0.02822	0.01151	0.01524	0.01191	0.01688	0.01029	0.00976	0.03217	0.07719	0.64416	0.02795	0.02444	0.04077	0.00867	0.00679	0.00210	0.00560	0.00707	0.00811	0.01116
43	0.01312	0.03230	0.66722	0.01820	0.02740	0.01478	0.02320	0.02051	0.01458	0.02174	0.07306	0.01727	0.01323	0.00701	0.00651	0.00212	0.00933	0.00558	0.00323	0.00961
44	0.01703	0.14658	0.04118	0.01249	0.04997	0.04024	0.00991	0.09243	0.01766	0.14757	0.10304	0.11855	0.15389	0.01133	0.00683	0.00206	0.00573	0.00937	0.00581	0.00835
45	0.00818	0.00584	0.00779	0.00934	0.00973	0.00545	0.00623	0.00934	0.01285	0.01713	0.03698	0.75981	0.04438	0.02102	0.00856	0.00273	0.00389	0.01908	0.00623	0.00545
46	0.02115	0.00945	0.01262	0.01035	0.01402	0.00831	0.00828	0.02392	0.01893	0.42505	0.29228	0.03531	0.06934	0.01080	0.00725	0.00210	0.00463	0.00917	0.00785	0.00919
47	0.00824	0.00589	0.00784	0.00930	0.00975	0.00549	0.00623	0.00951	0.01315	0.01761	0.07087	0.72454	0.04532	0.02066	0.00853	0.00269	0.00386	0.01873	0.00629	0.00549
48	0.01254	0.05802	0.26041	0.01318	0.01825	0.01238	0.01367	0.03624	0.11980	0.02329	0.19822	0.09358	0.09139	0.01085	0.00706	0.00217	0.00622	0.00915	0.00527	0.00832
49	0.00919	0.00685	0.00855	0.00812	0.00984	0.00620	0.00609	0.01207	0.01828	0.02520	0.59259	0.05292	0.19057	0.01435	0.00792	0.00214	0.00321	0.01253	0.00716	0.00620
50	0.00818	0.00584	0.00779	0.00934	0.00973	0.00545	0.00623	0.00934	0.01285	0.01713	0.03698	0.75981	0.04438	0.02102	0.00856	0.00273	0.00389	0.01908	0.00623	0.00545
51	0.01267	0.01193	0.02013	0.74806	0.04621	0.01491	0.01863	0.01714	0.01342	0.01714	0.01193	0.01789	0.00894	0.00671	0.00671	0.00224	0.00894	0.00596	0.00298	0.00745
52	0.01578	0.01793	0.03865	0.02775	0.03420	0.01715	0.66400	0.02123	0.01556	0.02123	0.01334	0.01793	0.01011	0.00596	0.00862	0.00230	0.04812	0.00782	0.00337	0.00896
53	0.07696	0.00737	0.00904	0.00847	0.01027	0.00706	0.00641	0.01326	0.01836	0.02718	0.65912	0.04682	0.05860	0.01309	0.00760	0.00211	0.00334	0.01142	0.00711	0.00641
54	0.01081	0.00772	0.01081	0.01236	0.01390	0.00772	0.01081	0.01390	0.01545	0.02008	0.03553	0.07569	0.03862	0.01854	0.00927	0.00309	0.00618	0.67717	0.00618	0.00618
55	0.01384	0.03244	0.64474	0.02178	0.11265	0.01563	0.02428	0.02117	0.01430	0.02133	0.01211	0.01446	0.00876	0.00633	0.00641	0.00211	0.00968	0.00508	0.00289	0.01000
56	0.01539	0.35170	0.42939	0.01582	0.02393	0.02032	0.01904	0.02075	0.01394	0.01889	0.01087	0.01270	0.00855	0.00610	0.00548	0.00183	0.00873	0.00437	0.00285	0.00935
57	0.01624	0.01561	0.02659	0.10072	0.61326	0.01592	0.04355	0.02090	0.04160	0.02173	0.01315	0.01709	0.01084	0.00615	0.00670	0.00203	0.00807	0.00611	0.00343	0.01030
58	0.00927	0.00688	0.00887	0.01006	0.01139	0.00649	0.00796	0.01139	0.01455	0.01865	0.04358	0.29990	0.19935	0.01900	0.00872	0.00278	0.00477	0.30437	0.00621	0.00582
59	0.02155	0.02128	0.01762	0.01528	0.01934	0.25667	0.01190	0.18995	0.32031	0.02757	0.01904	0.01863	0.01441	0.00813	0.00654	0.00203	0.00805	0.00614	0.00568	0.00987
60	0.01971	0.01383	0.01630	0.01496	0.09003	0.01414	0.01077	0.27613	0.06723	0.09159	0.04455	0.01991	0.01518	0.00764	0.00614	0.00180	0.00587	0.00616	0.14957	0.12849
61	0.01968	0.03748	0.02116	0.02377	0.26558	0.14824	0.01461	0.19968	0.06709	0.02681	0.07374	0.02025	0.03646	0.00786	0.00665	0.00197	0.00784	0.00649	0.00488	0.00976
62	0.02506	0.03198	0.01901	0.01729	0.02074	0.73725	0.01296	0.02679	0.01901	0.01642	0.01037	0.01210	0.00864	0.00691	0.00605	0.00173	0.01210	0.00432	0.00346	0.00778
63	0.00929	0.00685	0.00868	0.00823	0.00990	0.00624	0.00617	0.01226	0.01851	0.02576	0.63339	0.05202	0.14943	0.01415	0.00792	0.00213	0.00320	0.01240	0.00723	0.00624
64	0.01346	0.03471	0.72942	0.01912	0.02904	0.01558	0.02479	0.02125	0.01417	0.02125	0.01204	0.01417	0.00850	0.00637	0.00637	0.00212	0.00992	0.00496	0.00283	0.00992
65	0.00977	0.00721	0.00935	0.00978	0.01147	0.00679	0.00798	0.01264	0.01685	0.02248	0.31656	0.06340	0.17051	0.01632	0.00848	0.00255	0.00447	0.29056	0.00667	0.00615
66	0.02971	0.01206	0.01597	0.01224	0.01745	0.01081	0.01011	0.09031	0.02027	0.66786	0.02558	0.02226	0.01616	0.00828	0.00674	0.00207	0.00585	0.00669	0.00817	0.01142
67	0.01832	0.01015	0.01390	0.20536	0.02192	0.01055	0.01068	0.06650	0.01666	0.23715	0.04066	0.08600	0.01806	0.00899	0.00641	0.00204	0.00581	0.00758	0.20484	0.00842
68	0.00874	0.00677	0.00797	0.00780	0.00960	0.00599	0.00580	0.01115	0.01701	0.02252	0.39643	0.10307	0.34182	0.01560	0.00796	0.00222	0.00331	0.01346	0.00682	0.00599
69	0.01577	0.01461	0.02294	0.19414	0.40962	0.01534	0.01772	0.04232	0.09147	0.02215	0.01412	0.01757	0.01129	0.00646	0.00654	0.00199	0.00762	0.00598	0.00379	0.07854
70	0.03858	0.03555	0.05195	0.01458	0.09930	0.05977	0.01051	0.04279	0.09820	0.08511	0.26482	0.03465	0.11553	0.01069	0.00707	0.00208	0.00552	0.00903	0.00602	0.00826

[dist]
# distance from previous block
# <min> <max>
0	2

[block]
# block no. 4 follows, 32 sequences, length 23
# corresponding to MSA columns:
# 252-274
name=unknown_E
#
# <colnr> <probs for GDERKNQSTAVLIFYWHMCP>
#	G	D	E	R	K	N	Q	S	T	A	V	L	I	F	Y	W	H	M	C	P
0	0.15325	0.01271	0.01927	0.15958	0.15433	0.01329	0.09276	0.02051	0.03794	0.11216	0.13736	0.02294	0.01993	0.00787	0.00662	0.00213	0.00686	0.00702	0.00486	0.00861
1	0.01667	0.01588	0.02633	0.08725	0.42669	0.01655	0.11216	0.06256	0.09706	0.02322	0.01448	0.01779	0.01157	0.00669	0.00741	0.00212	0.03514	0.00643	0.00390	0.01010
2	0.00966	0.00681	0.00886	0.00879	0.00945	0.00720	0.00601	0.01099	0.01137	0.01582	0.11188	0.03803	0.02662	0.39299	0.29901	0.00756	0.01044	0.00909	0.00432	0.00510
3	0.01318	0.01214	0.01675	0.18909	0.06678	0.04394	0.01317	0.01578	0.01244	0.01742	0.01655	0.02348	0.04994	0.04986	0.11758	0.00381	0.24315	0.02413	0.06377	0.00705
4	0.01459	0.01923	0.24211	0.02072	0.14816	0.01273	0.11883	0.01919	0.01504	0.08708	0.02484	0.06995	0.13055	0.03722	0.00811	0.00234	0.00781	0.00830	0.00433	0.00887
5	0.00970	0.00724	0.01079	0.01093	0.01216	0.00832	0.00862	0.01216	0.01122	0.01600	0.01963	0.03102	0.01884	0.04732	0.66872	0.01006	0.01686	0.07055	0.00384	0.00601
6	0.04357	0.20739	0.02282	0.04734	0.10960	0.07072	0.01282	0.12521	0.24540	0.02504	0.01683	0.01737	0.01315	0.00735	0.00600	0.00194	0.00706	0.00572	0.00488	0.00979
7	0.01812	0.05632	0.30915	0.01691	0.02386	0.10578	0.05768	0.10112	0.09180	0.07195	0.01489	0.01596	0.01091	0.00688	0.00634	0.00197	0.00870	0.00545	0.00428	0.07192
8	0.06288	0.24376	0.26694	0.01609	0.05833	0.01746	0.04487	0.02044	0.04278	0.05018	0.01543	0.10399	0.01381	0.00809	0.00601	0.00199	0.00768	0.00654	0.00378	0.00893
9	0.01601	0.18821	0.39336	0.01731	0.05554	0.01791	0.01879	0.06807	0.06806	0.04285	0.01434	0.01738	0.01125	0.00712	0.00613	0.00201	0.00843	0.03379	0.00373	0.00971
10	0.00810	0.00640	0.00731	0.00794	0.00939	0.00561	0.00563	0.00965	0.01444	0.01811	0.08457	0.35467	0.40741	0.01853	0.00819	0.00245	0.00359	0.01612	0.00628	0.00561
11	0.05191	0.06762	0.24374	0.04490	0.07231	0.01728	0.22717	0.09278	0.07339	0.02405	0.01393	0.01639	0.01040	0.00649	0.00672	0.00212	0.00917	0.00615	0.00383	0.00963
12	0.01816	0.01863	0.12518	0.13477	0.09579	0.10921	0.04414	0.07596	0.06991	0.11435	0.07142	0.02141	0.03449	0.00790	0.00670	0.00207	0.00794	0.00661	0.02621	0.00915
13	0.01023	0.00700	0.00807	0.00806	0.01008	0.00607	0.00594	0.01202	0.01540	0.08572	0.11594	0.22991	0.42743	0.01686	0.00797	0.00235	0.00372	0.01448	0.00653	0.00622
