[name]
unknown

[dist]
# distance from previous block
# <min> <max>
0	598

[block]
# block no. 0 follows, 26 sequences, length 38
# corresponding to MSA columns:
# 611-614,619-627,641-665
name=unknown_A
#
# <colnr> <probs for GDERKNQSTAVLIFYWHMCP>
#	G	D	E	R	K	N	Q	S	T	A	V	L	I	F	Y	W	H	M	C	P
0	0.01119	0.00823	0.01074	0.01204	0.01373	0.00792	0.00998	0.01396	0.01679	0.02149	0.04695	0.14607	0.17394	0.05866	0.01158	0.00347	0.00610	0.41365	0.00688	0.00666
1	0.01373	0.00844	0.01095	0.00993	0.01233	0.00764	0.00759	0.01710	0.02118	0.11867	0.54688	0.05378	0.11233	0.01497	0.00877	0.00239	0.00399	0.01308	0.00839	0.00787
2	0.02573	0.01920	0.02048	0.01628	0.02168	0.02137	0.01326	0.48736	0.16416	0.04310	0.02127	0.02100	0.01547	0.00933	0.00745	0.00230	0.00752	0.00720	0.06354	0.01229
3	0.01834	0.47098	0.28981	0.01628	0.02457	0.02528	0.01873	0.02321	0.01564	0.02021	0.01172	0.01364	0.00969	0.00676	0.00576	0.00192	0.00930	0.00465	0.00323	0.01030
4	0.01100	0.00747	0.00887	0.00887	0.00908	0.00768	0.00534	0.01142	0.01121	0.01515	0.02335	0.04660	0.02626	0.62981	0.14043	0.00809	0.00934	0.01059	0.00451	0.00493
5	0.01101	0.00738	0.00842	0.00837	0.00851	0.00734	0.00480	0.01129	0.01185	0.01594	0.07543	0.05019	0.03102	0.67722	0.03628	0.00696	0.00706	0.01124	0.00489	0.00480
6	0.01073	0.00770	0.01045	0.01059	0.01144	0.00831	0.00750	0.01247	0.01262	0.01763	0.06433	0.10850	0.02815	0.27078	0.37463	0.00910	0.01347	0.01077	0.00480	0.00603
7	0.01573	0.01348	0.01573	0.01123	0.01798	0.01011	0.00899	0.01910	0.01573	0.02472	0.01348	0.01573	0.01123	0.00562	0.00562	0.00112	0.00562	0.00449	0.00449	0.77980
8	0.18064	0.14597	0.02181	0.01504	0.01949	0.10836	0.01250	0.14165	0.11943	0.02891	0.01567	0.01735	0.01257	0.01119	0.04507	0.00281	0.08062	0.00585	0.00516	0.00992
9	0.01013	0.00785	0.01028	0.08111	0.01521	0.00764	0.00841	0.01226	0.01589	0.02059	0.10201	0.35694	0.19959	0.05773	0.01082	0.00310	0.00512	0.06216	0.00665	0.00651
10	0.78701	0.01467	0.01115	0.00997	0.01467	0.01702	0.00821	0.02230	0.01291	0.03403	0.01056	0.01232	0.00821	0.00704	0.00469	0.00235	0.00587	0.00411	0.00469	0.00821
11	0.78701	0.01467	0.01115	0.00997	0.01467	0.01702	0.00821	0.02230	0.01291	0.03403	0.01056	0.01232	0.00821	0.00704	0.00469	0.00235	0.00587	0.00411	0.00469	0.00821
12	0.00986	0.00772	0.00892	0.00862	0.01079	0.00678	0.00647	0.01261	0.01940	0.02549	0.38193	0.06476	0.37483	0.01734	0.00896	0.00247	0.00371	0.01485	0.00770	0.00678
13	0.01521	0.03923	0.69413	0.02162	0.03283	0.01762	0.02802	0.02402	0.01601	0.02402	0.01361	0.01601	0.00961	0.00721	0.00721	0.00240	0.01121	0.00560	0.00320	0.01121
14	0.01443	0.01193	0.01398	0.04615	0.01781	0.01317	0.01089	0.02554	0.31019	0.02546	0.03783	0.11239	0.11689	0.01922	0.07885	0.00375	0.00736	0.11818	0.00686	0.00912
15	0.01659	0.01659	0.02323	0.01991	0.01991	0.02323	0.01659	0.01825	0.01162	0.01825	0.00996	0.01659	0.00996	0.01328	0.02489	0.00332	0.71955	0.00664	0.00332	0.00830
16	0.00964	0.00775	0.00862	0.00851	0.01080	0.00673	0.00645	0.01213	0.01857	0.02361	0.26004	0.06852	0.47052	0.01815	0.00902	0.00255	0.00389	0.04042	0.00744	0.00666
17	0.01121	0.00774	0.01048	0.01057	0.01162	0.00852	0.00772	0.01333	0.01251	0.01837	0.02278	0.06970	0.02258	0.20372	0.42893	0.00932	0.01445	0.00934	0.10081	0.00628
18	0.02041	0.02591	0.22614	0.02715	0.19681	0.10762	0.07086	0.02554	0.01746	0.10632	0.01560	0.01842	0.01183	0.00925	0.02809	0.00265	0.06828	0.00648	0.00429	0.01087
19	0.00933	0.00667	0.00888	0.01050	0.01102	0.00622	0.00705	0.01079	0.01495	0.02004	0.08116	0.68719	0.05148	0.02326	0.00964	0.00304	0.00435	0.02108	0.00712	0.00622
20	0.03016	0.01913	0.02145	0.01645	0.02246	0.02038	0.01359	0.50222	0.03212	0.21141	0.02119	0.02014	0.01439	0.00918	0.00760	0.00229	0.00787	0.00703	0.00805	0.01290
21	0.01730	0.02162	0.13092	0.11413	0.11601	0.07080	0.20610	0.02483	0.09943	0.02423	0.04804	0.02431	0.05059	0.00838	0.00801	0.00244	0.01008	0.00809	0.00452	0.01015
22	0.04441	0.01483	0.09968	0.07126	0.05142	0.04655	0.04716	0.01943	0.01564	0.02472	0.01953	0.02408	0.01566	0.01554	0.11301	0.00360	0.00898	0.00688	0.34942	0.00820
23	0.00924	0.00660	0.00880	0.01056	0.01100	0.00616	0.00704	0.01056	0.01452	0.01936	0.04181	0.72848	0.05017	0.02376	0.00968	0.00308	0.00440	0.02156	0.00704	0.00616
24	0.01162	0.00938	0.01281	0.01159	0.01461	0.00835	0.07316	0.01444	0.01790	0.05062	0.10983	0.06652	0.43114	0.01750	0.00916	0.00270	0.00537	0.11917	0.00691	0.00722
25	0.01769	0.02087	0.11121	0.05942	0.25214	0.07048	0.13727	0.02439	0.08373	0.02437	0.03704	0.04376	0.03444	0.00894	0.00799	0.00244	0.00959	0.03921	0.00455	0.01050
26	0.01307	0.01114	0.01746	0.32589	0.09501	0.01255	0.01510	0.01642	0.01491	0.01961	0.02365	0.16086	0.02445	0.12329	0.01307	0.00346	0.00815	0.08958	0.00472	0.00760
27	0.78701	0.01467	0.01115	0.00997	0.01467	0.01702	0.00821	0.02230	0.01291	0.03403	0.01056	0.01232	0.00821	0.00704	0.00469	0.00235	0.00587	0.00411	0.00469	0.00821
28	0.01088	0.00796	0.01063	0.01081	0.01143	0.00872	0.00756	0.01227	0.01219	0.01691	0.02528	0.17113	0.02771	0.29688	0.29277	0.00823	0.04622	0.01171	0.00480	0.00593
29	0.01883	0.01862	0.02746	0.14563	0.48816	0.08654	0.02120	0.02311	0.01731	0.02348	0.01439	0.01894	0.01185	0.00709	0.00735	0.00224	0.00939	0.00658	0.04094	0.01089
30	0.01074	0.00775	0.01014	0.00954	0.01133	0.00716	0.00716	0.01431	0.02147	0.03042	0.68211	0.05666	0.07157	0.01551	0.00895	0.00239	0.00358	0.01372	0.00835	0.00716
31	0.01005	0.00773	0.00919	0.00883	0.01091	0.00687	0.00662	0.01299	0.01986	0.02660	0.44912	0.06295	0.30695	0.01693	0.00895	0.00245	0.00368	0.01460	0.00785	0.00687
32	0.01246	0.00827	0.01052	0.01002	0.01229	0.00752	0.00780	0.01566	0.02022	0.08130	0.43828	0.06065	0.18133	0.01635	0.00902	0.00255	0.00426	0.08601	0.00802	0.00746
33	0.01030	0.00759	0.00905	0.00885	0.01035	0.00697	0.00622	0.01254	0.01769	0.02383	0.35149	0.09316	0.20747	0.18299	0.01585	0.00361	0.00456	0.01405	0.00710	0.00633
34	0.01965	0.01668	0.01759	0.01559	0.02002	0.01923	0.01219	0.08889	0.62256	0.03299	0.02988	0.02751	0.02235	0.01020	0.00771	0.00255	0.00619	0.00844	0.00771	0.01208
35	0.01771	0.01708	0.02293	0.24847	0.03111	0.05720	0.01774	0.08420	0.01574	0.02163	0.01204	0.01780	0.01030	0.01069	0.01649	0.00288	0.37676	0.00660	0.00380	0.00883
36	0.05959	0.01774	0.01920	0.08659	0.02264	0.12179	0.03803	0.15386	0.01984	0.05545	0.01671	0.02051	0.01337	0.01578	0.10665	0.00373	0.10951	0.00669	0.10310	0.00924
37	0.01291	0.00977	0.01347	0.15668	0.02037	0.01099	0.01037	0.01671	0.06656	0.03903	0.02364	0.03594	0.04860	0.26248	0.23290	0.00710	0.01164	0.00915	0.00468	0.00700

[dist]
# distance from previous block
# <min> <max>
7	15

[block]
# block no. 1 follows, 26 sequences, length 17
# corresponding to MSA columns:
# 681-697
name=unknown_B
#
# <colnr> <probs for GDERKNQSTAVLIFYWHMCP>
#	G	D	E	R	K	N	Q	S	T	A	V	L	I	F	Y	W	H	M	C	P
0	0.01160	0.00909	0.01422	0.01446	0.01629	0.00877	0.07753	0.01451	0.01631	0.02151	0.03824	0.34071	0.04295	0.02058	0.00999	0.00323	0.00654	0.31980	0.00668	0.00699
1	0.23978	0.01983	0.08507	0.01514	0.02122	0.01923	0.01347	0.30483	0.05704	0.12696	0.01781	0.01786	0.01256	0.00844	0.00675	0.00233	0.00757	0.00614	0.00659	0.01138
2	0.02424	0.03287	0.12355	0.01848	0.02347	0.49135	0.01574	0.05573	0.02084	0.02093	0.01936	0.02067	0.08281	0.00901	0.00716	0.00210	0.01199	0.00629	0.00431	0.00909
3	0.78701	0.01467	0.01115	0.00997	0.01467	0.01702	0.00821	0.02230	0.01291	0.03403	0.01056	0.01232	0.00821	0.00704	0.00469	0.00235	0.00587	0.00411	0.00469	0.00821
4	0.00968	0.00739	0.00894	0.00961	0.01119	0.00666	0.00704	0.01184	0.01711	0.02219	0.17815	0.30744	0.28258	0.02028	0.00935	0.00279	0.00426	0.06969	0.00729	0.00651
5	0.01877	0.01802	0.03079	0.04656	0.68612	0.01802	0.02328	0.02328	0.01727	0.02478	0.01427	0.01877	0.01201	0.00676	0.00751	0.00225	0.00901	0.00676	0.00375	0.01201
6	0.01366	0.00910	0.01154	0.01051	0.01292	0.00873	0.00802	0.01904	0.08939	0.08941	0.55610	0.05095	0.06182	0.01442	0.00870	0.00240	0.00409	0.01264	0.00838	0.00817
7	0.01084	0.00813	0.01219	0.01219	0.01354	0.00948	0.00948	0.01354	0.01219	0.01761	0.02032	0.02980	0.01896	0.05689	0.70337	0.01219	0.02032	0.00813	0.00406	0.00677
8	0.01253	0.01061	0.01543	0.01446	0.01541	0.01352	0.01157	0.01493	0.01202	0.01780	0.01728	0.02592	0.01632	0.04409	0.50433	0.00959	0.22545	0.00769	0.00384	0.00722
9	0.01053	0.00858	0.01219	0.01218	0.01345	0.00873	0.04300	0.01248	0.01504	0.02014	0.07530	0.43032	0.13965	0.02373	0.07259	0.00377	0.06815	0.01712	0.00635	0.00671
10	0.01700	0.01246	0.01507	0.01125	0.01696	0.00971	0.00884	0.01939	0.01544	0.08246	0.01490	0.01766	0.01218	0.00887	0.00917	0.11063	0.00583	0.00507	0.00476	0.60234
11	0.01730	0.01576	0.01628	0.01577	0.05215	0.11087	0.01127	0.09832	0.09580	0.02325	0.02357	0.07261	0.05266	0.16012	0.12538	0.00499	0.08114	0.00912	0.00525	0.00838
12	0.01430	0.01467	0.05695	0.01901	0.11258	0.04874	0.08571	0.01869	0.04980	0.02387	0.14222	0.17242	0.09006	0.03727	0.00932	0.00258	0.00699	0.01185	0.00577	0.07721
13	0.08223	0.01198	0.01445	0.01497	0.08457	0.01203	0.01029	0.07132	0.07265	0.02734	0.10224	0.07227	0.04788	0.07025	0.03829	0.00307	0.00654	0.06318	0.07891	0.11552
14	0.01061	0.00770	0.00985	0.01065	0.01187	0.00745	0.00798	0.01269	0.01562	0.02059	0.10887	0.21444	0.13525	0.15528	0.06594	0.00450	0.00664	0.18130	0.00649	0.00628
15	0.05448	0.01086	0.01358	0.01263	0.01449	0.01233	0.01003	0.01697	0.05575	0.04571	0.14119	0.08965	0.17939	0.02020	0.08762	0.00382	0.17060	0.04694	0.00607	0.00768
16	0.09902	0.30208	0.10935	0.04164	0.07775	0.04477	0.01485	0.05622	0.01668	0.02357	0.01325	0.03842	0.01150	0.00734	0.00593	0.00190	0.00813	0.00540	0.00400	0.11818

[dist]
# distance from previous block
# <min> <max>
0	1

[block]
# block no. 2 follows, 26 sequences, length 49
# corresponding to MSA columns:
# 699-747
name=unknown_C
#
# <colnr> <probs for GDERKNQSTAVLIFYWHMCP>
#	G	D	E	R	K	N	Q	S	T	A	V	L	I	F	Y	W	H	M	C	P
0	0.01974	0.01895	0.01876	0.04145	0.02153	0.19116	0.05196	0.02299	0.01827	0.07033	0.05408	0.02619	0.01820	0.00879	0.00707	0.00190	0.00843	0.07396	0.00509	0.32117
1	0.01802	0.01088	0.01245	0.01078	0.01387	0.01102	0.00845	0.14078	0.04429	0.10114	0.23691	0.03531	0.03513	0.01115	0.00723	0.00215	0.00484	0.00928	0.27734	0.00897
2	0.21156	0.01389	0.01356	0.01235	0.01630	0.01555	0.00967	0.02909	0.35348	0.03021	0.06690	0.03378	0.14144	0.01135	0.00724	0.00250	0.00545	0.00905	0.00686	0.00978
3	0.01232	0.00848	0.01013	0.01024	0.01151	0.00865	0.00721	0.05042	0.04632	0.02101	0.03238	0.20767	0.08438	0.20765	0.08572	0.05341	0.00714	0.03978	0.08914	0.00645
4	0.01622	0.01243	0.01472	0.01094	0.01679	0.00967	0.00870	0.01960	0.01675	0.06727	0.08962	0.02165	0.01891	0.00714	0.00610	0.00138	0.00532	0.00587	0.05040	0.60051
5	0.05505	0.01961	0.01998	0.01691	0.02162	0.10556	0.05290	0.15863	0.36809	0.03282	0.05101	0.02445	0.02006	0.00957	0.00758	0.00242	0.00775	0.00781	0.00686	0.01130
6	0.01521	0.00872	0.01056	0.00967	0.01145	0.00804	0.00651	0.01639	0.01455	0.14024	0.06651	0.11141	0.06582	0.40618	0.02474	0.00509	0.00638	0.01146	0.00605	0.05501
7	0.01039	0.00753	0.00870	0.00883	0.00992	0.00707	0.00594	0.01177	0.01498	0.01958	0.14739	0.10905	0.20636	0.33782	0.02233	0.00476	0.00559	0.05009	0.00616	0.00574
8	0.24896	0.22535	0.02257	0.01300	0.01851	0.02129	0.01123	0.11044	0.13375	0.04972	0.01596	0.01654	0.01246	0.00769	0.00582	0.00208	0.00687	0.00538	0.00532	0.06707
9	0.01614	0.06419	0.01407	0.01157	0.01429	0.01226	0.00872	0.02343	0.19726	0.09390	0.05511	0.19236	0.05302	0.11240	0.01200	0.00316	0.00559	0.01173	0.09010	0.00868
10	0.01029	0.00722	0.00844	0.00887	0.00940	0.00691	0.00552	0.01108	0.01332	0.01754	0.07297	0.22908	0.11767	0.41902	0.02570	0.00536	0.00593	0.01454	0.00575	0.00537
11	0.01615	0.01347	0.01566	0.01164	0.01779	0.01077	0.00922	0.06577	0.01710	0.02597	0.01623	0.07637	0.01466	0.00741	0.00611	0.00137	0.00572	0.00611	0.00494	0.65753
12	0.00961	0.00709	0.00932	0.01035	0.01133	0.00680	0.00727	0.01146	0.01526	0.02043	0.11212	0.47061	0.12444	0.02733	0.11448	0.00432	0.00665	0.01801	0.00673	0.00639
13	0.01335	0.00811	0.01002	0.00982	0.01175	0.00778	0.00721	0.01543	0.01533	0.10132	0.04019	0.16165	0.19031	0.11358	0.15789	0.00514	0.00811	0.01254	0.10336	0.00709
14	0.01432	0.01348	0.02275	0.71520	0.05224	0.01685	0.02107	0.01938	0.01517	0.01938	0.01348	0.02022	0.01011	0.00758	0.00758	0.00253	0.01011	0.00674	0.00337	0.00843
15	0.02381	0.08148	0.06790	0.09566	0.02873	0.35479	0.09544	0.09391	0.04546	0.02321	0.01379	0.01628	0.01084	0.00771	0.00717	0.00215	0.01177	0.00591	0.00428	0.00970
16	0.00922	0.00769	0.00803	0.00795	0.01040	0.00651	0.00596	0.01137	0.01788	0.02190	0.16300	0.07067	0.59599	0.01868	0.00896	0.00254	0.00380	0.01568	0.00723	0.00651
17	0.00929	0.00674	0.00887	0.01043	0.01106	0.00632	0.00706	0.01071	0.01462	0.01937	0.04336	0.65153	0.09376	0.02488	0.03981	0.00344	0.00505	0.02058	0.00691	0.00620
18	0.00945	0.00748	0.00852	0.00886	0.01063	0.00674	0.00637	0.01128	0.01607	0.02021	0.09851	0.20499	0.40532	0.07316	0.07390	0.00386	0.00568	0.01598	0.00668	0.00631
19	0.01471	0.05642	0.05783	0.63962	0.04937	0.01765	0.02095	0.01981	0.01522	0.01953	0.01332	0.01955	0.01006	0.00750	0.00741	0.00247	0.01005	0.00653	0.00335	0.00864
20	0.01521	0.03923	0.69413	0.02162	0.03283	0.01762	0.02802	0.02402	0.01601	0.02402	0.01361	0.01601	0.00961	0.00721	0.00721	0.00240	0.01121	0.00560	0.00320	0.01121
21	0.01995	0.02002	0.04636	0.17072	0.29192	0.08995	0.12743	0.07101	0.01889	0.04895	0.01487	0.01896	0.01157	0.00725	0.00770	0.00234	0.01027	0.00693	0.00418	0.01074
22	0.01271	0.00829	0.01022	0.00942	0.01187	0.00736	0.00717	0.01573	0.02027	0.09829	0.43413	0.05816	0.24587	0.01594	0.00881	0.00243	0.00396	0.01374	0.00808	0.00755
23	0.02169	0.61717	0.03671	0.01397	0.02015	0.10246	0.01325	0.06346	0.01734	0.01980	0.01115	0.01271	0.00994	0.00680	0.00525	0.00170	0.00873	0.00432	0.00359	0.00983
24	0.00915	0.00769	0.00794	0.00788	0.01036	0.00648	0.00591	0.01124	0.01772	0.02152	0.13974	0.07130	0.61949	0.01883	0.00896	0.00254	0.00381	0.01577	0.00718	0.00648
25	0.01032	0.00774	0.00956	0.00910	0.01107	0.00698	0.00683	0.01350	0.02048	0.02806	0.53848	0.06054	0.21668	0.01639	0.00895	0.00243	0.00364	0.01426	0.00804	0.00698
26	0.01659	0.01659	0.02323	0.01991	0.01991	0.02323	0.01659	0.01825	0.01162	0.01825	0.00996	0.01659	0.00996	0.01328	0.02489	0.00332	0.71955	0.00664	0.00332	0.00830
27	0.39184	0.01260	0.01197	0.01079	0.01469	0.01363	0.00862	0.02299	0.08469	0.10192	0.10177	0.03138	0.08390	0.04045	0.00791	0.00266	0.00560	0.03771	0.00627	0.00862
28	0.01659	0.01659	0.02323	0.01991	0.01991	0.02323	0.01659	0.01825	0.01162	0.01825	0.00996	0.01659	0.00996	0.01328	0.02489	0.00332	0.71955	0.00664	0.00332	0.00830
29	0.01704	0.01869	0.03983	0.02925	0.03602	0.01760	0.56076	0.02300	0.01784	0.02405	0.01910	0.03031	0.01637	0.00860	0.00918	0.00270	0.01191	0.10369	0.00431	0.00974
30	0.07432	0.01512	0.01804	0.01435	0.01988	0.01514	0.01171	0.14553	0.14899	0.41355	0.02693	0.02418	0.01798	0.00938	0.00747	0.00238	0.00666	0.00746	0.00848	0.01246
31	0.07608	0.01555	0.01697	0.01424	0.01895	0.01677	0.01134	0.16115	0.29544	0.11395	0.10604	0.02752	0.02470	0.01006	0.00749	0.00236	0.00620	0.00817	0.00755	0.05947
32	0.02773	0.02070	0.02214	0.01723	0.02310	0.02301	0.01415	0.59237	0.10590	0.04603	0.01961	0.01932	0.01403	0.00924	0.00760	0.00231	0.00809	0.00702	0.00760	0.01280
33	0.06188	0.01432	0.01808	0.24580	0.02926	0.03796	0.01421	0.09411	0.06315	0.06350	0.08492	0.02954	0.02122	0.00983	0.00754	0.00234	0.00771	0.06863	0.00558	0.12041
34	0.00969	0.00707	0.00945	0.01058	0.01136	0.00700	0.00736	0.01129	0.01399	0.01878	0.03848	0.48229	0.08853	0.07250	0.16820	0.00535	0.00813	0.01750	0.00622	0.00623
35	0.22450	0.01489	0.01863	0.01978	0.15815	0.01515	0.01305	0.03073	0.10541	0.29249	0.02173	0.02116	0.01520	0.00835	0.00685	0.00236	0.00678	0.00666	0.00676	0.01138
36	0.09691	0.01441	0.01944	0.01680	0.01876	0.01755	0.05841	0.09497	0.01582	0.02414	0.01942	0.18290	0.02012	0.01662	0.05576	0.00350	0.30103	0.01012	0.00493	0.00840
37	0.01575	0.03548	0.56424	0.02369	0.03419	0.01793	0.15415	0.02408	0.01639	0.02408	0.01396	0.01690	0.00999	0.00704	0.00756	0.00243	0.01153	0.00627	0.00333	0.01101
38	0.01636	0.00952	0.01078	0.00978	0.01191	0.00942	0.00690	0.04327	0.07364	0.12674	0.03097	0.04132	0.09260	0.31895	0.02054	0.00441	0.00605	0.00991	0.14942	0.00752
39	0.01464	0.01516	0.11552	0.01331	0.01743	0.01204	0.01201	0.06745	0.13769	0.05326	0.06981	0.15683	0.19401	0.01537	0.00858	0.00268	0.00617	0.07234	0.00677	0.00894
40	0.01627	0.01017	0.01301	0.03581	0.01524	0.01058	0.00924	0.01997	0.08327	0.15008	0.03291	0.24891	0.06401	0.15793	0.01600	0.00372	0.06645	0.03172	0.00664	0.00806
41	0.01335	0.01095	0.01444	0.01333	0.01438	0.01328	0.01049	0.01609	0.04144	0.02143	0.10249	0.10764	0.09179	0.01988	0.08714	0.04927	0.25607	0.01030	0.09896	0.00730
42	0.13352	0.01353	0.01699	0.01321	0.01893	0.01250	0.01091	0.06401	0.02119	0.57441	0.02682	0.02368	0.01710	0.00906	0.00724	0.00234	0.00646	0.00712	0.00868	0.01229
43	0.01713	0.01636	0.02148	0.14390	0.15091	0.08759	0.04842	0.05895	0.06612	0.02371	0.05382	0.02979	0.04949	0.01591	0.09330	0.00369	0.05116	0.05415	0.00486	0.00929
44	0.01823	0.01374	0.01465	0.01336	0.01667	0.05607	0.01036	0.06097	0.21701	0.11737	0.06150	0.15122	0.13579	0.01435	0.00897	0.00263	0.03276	0.03746	0.00731	0.00958
45	0.01045	0.00743	0.01004	0.01169	0.01259	0.00718	0.00882	0.01250	0.01541	0.02033	0.04018	0.45175	0.04647	0.06315	0.01162	0.00348	0.00553	0.24813	0.00688	0.00638
46	0.70661	0.09052	0.01415	0.01029	0.01517	0.01838	0.00871	0.02234	0.01317	0.03233	0.01056	0.01231	0.00837	0.00698	0.00471	0.00227	0.00610	0.00410	0.00454	0.00837
47	0.01071	0.00760	0.01059	0.01129	0.01245	0.00800	0.00851	0.01318	0.01441	0.02039	0.07654	0.25994	0.03522	0.03614	0.31006	0.00693	0.01144	0.07736	0.06260	0.00665
48	0.06585	0.01631	0.02566	0.31859	0.21660	0.01852	0.06048	0.09030	0.01773	0.02508	0.01389	0.01886	0.01089	0.00783	0.00874	0.00247	0.06146	0.00672	0.00404	0.00998

[dist]
# distance from previous block
# <min> <max>
0	30

[block]
# block no. 3 follows, 26 sequences, length 75
# corresponding to MSA columns:
# 778-852
name=unknown_D
#
# <colnr> <probs for GDERKNQSTAVLIFYWHMCP>
#	G	D	E	R	K	N	Q	S	T	A	V	L	I	F	Y	W	H	M	C	P
0	0.01572	0.01183	0.01367	0.01250	0.01553	0.01256	0.00956	0.05055	0.28089	0.06414	0.29947	0.10946	0.04516	0.01369	0.00841	0.00252	0.00496	0.01187	0.00799	0.00951
1	0.01107	0.00791	0.00974	0.00918	0.01132	0.00709	0.00692	0.01418	0.02036	0.05079	0.49686	0.05997	0.23391	0.01629	0.00891	0.00243	0.00375	0.01412	0.00804	0.00716
2	0.01094	0.00771	0.01009	0.01009	0.01072	0.00834	0.00687	0.01220	0.01157	0.01606	0.02223	0.04042	0.02357	0.41900	0.34756	0.00960	0.01338	0.00968	0.00435	0.00561
3	0.01887	0.01629	0.01715	0.01544	0.01972	0.01887	0.01201	0.04031	0.67241	0.03173	0.03087	0.02830	0.02315	0.01029	0.00772	0.00257	0.00600	0.00858	0.00772	0.01201
4	0.02028	0.73799	0.03975	0.01298	0.01947	0.03001	0.01298	0.02271	0.01541	0.01785	0.01055	0.01217	0.00973	0.00649	0.00487	0.00162	0.00811	0.00406	0.00324	0.00973
5	0.01659	0.01659	0.02323	0.01991	0.01991	0.02323	0.01659	0.01825	0.01162	0.01825	0.00996	0.01659	0.00996	0.01328	0.02489	0.00332	0.71955	0.00664	0.00332	0.00830
6	0.02883	0.02125	0.02276	0.01745	0.02352	0.02352	0.01442	0.66082	0.03566	0.04780	0.01821	0.01821	0.01290	0.00911	0.00759	0.00228	0.00835	0.00683	0.00759	0.01290
7	0.00940	0.00672	0.00899	0.01075	0.01126	0.00630	0.00732	0.01084	0.01468	0.01955	0.04172	0.69332	0.04981	0.02361	0.00972	0.00310	0.00454	0.05512	0.00704	0.00621
8	0.01101	0.00745	0.00874	0.00874	0.00890	0.00761	0.00518	0.01133	0.01117	0.01505	0.02347	0.04728	0.02655	0.65303	0.11761	0.00793	0.00889	0.01069	0.00453	0.00485
9	0.35924	0.01838	0.01770	0.01419	0.01966	0.02069	0.01171	0.38256	0.02575	0.04180	0.01488	0.01564	0.01086	0.00821	0.00633	0.00231	0.00727	0.00564	0.00633	0.01086
10	0.01087	0.00737	0.00875	0.00921	0.00945	0.00730	0.00575	0.01142	0.01223	0.01625	0.02837	0.16111	0.03277	0.54942	0.03120	0.00629	0.00685	0.07509	0.00522	0.00508
11	0.02450	0.04133	0.01944	0.01630	0.05967	0.01753	0.01242	0.28694	0.11261	0.15570	0.05050	0.02565	0.04748	0.00975	0.00740	0.00227	0.00686	0.00780	0.08433	0.01153
12	0.02163	0.48364	0.11541	0.01544	0.02206	0.13492	0.01520	0.07524	0.01808	0.02112	0.01172	0.01336	0.00998	0.00700	0.00568	0.00182	0.00939	0.00460	0.00369	0.01002
13	0.01557	0.01047	0.01352	0.01389	0.05281	0.01042	0.01008	0.09497	0.01897	0.09522	0.08879	0.17815	0.12411	0.05050	0.09231	0.00404	0.00760	0.10348	0.00681	0.00827
14	0.40828	0.12902	0.01789	0.01165	0.01703	0.01708	0.00997	0.02737	0.01631	0.25571	0.01716	0.01690	0.01206	0.00775	0.00572	0.00223	0.00642	0.00530	0.00607	0.01006
15	0.01824	0.07077	0.01584	0.01110	0.01579	0.01337	0.00905	0.15348	0.01995	0.03036	0.01852	0.02073	0.01458	0.00764	0.00585	0.00165	0.00560	0.00593	0.29790	0.26366
16	0.01066	0.00822	0.00884	0.00864	0.01121	0.00721	0.00648	0.01361	0.04645	0.05053	0.13118	0.10781	0.52559	0.01831	0.00890	0.00257	0.00406	0.01544	0.00730	0.00699
17	0.01492	0.01384	0.01814	0.01596	0.01662	0.01798	0.01271	0.01810	0.07257	0.01903	0.02156	0.02999	0.08482	0.15393	0.02433	0.00396	0.44082	0.00865	0.00436	0.00772
18	0.01168	0.00793	0.01014	0.01074	0.01223	0.00749	0.00775	0.01479	0.05145	0.06268	0.17597	0.42265	0.10170	0.01996	0.00929	0.00285	0.00453	0.05153	0.00749	0.00714
19	0.02705	0.03346	0.02091	0.01899	0.02294	0.61037	0.01430	0.03164	0.10961	0.02035	0.01432	0.01566	0.01158	0.00815	0.00696	0.00204	0.01264	0.00538	0.00442	0.00923
20	0.01936	0.06291	0.15721	0.07344	0.32473	0.15342	0.02111	0.02399	0.01752	0.02247	0.01460	0.04809	0.01254	0.00784	0.00728	0.00224	0.01018	0.00667	0.00377	0.01063
21	0.01111	0.04575	0.01139	0.01011	0.01176	0.00876	0.00760	0.01351	0.01594	0.02190	0.20212	0.12875	0.12413	0.11105	0.17564	0.00535	0.00845	0.03473	0.04529	0.00667
22	0.01022	0.00747	0.00926	0.01029	0.01115	0.00721	0.00702	0.01259	0.04862	0.01984	0.06346	0.46268	0.10098	0.14504	0.01453	0.00374	0.00504	0.04786	0.00670	0.00629
23	0.01712	0.01721	0.06602	0.32813	0.29750	0.01751	0.02132	0.07232	0.01767	0.02407	0.01519	0.04461	0.01249	0.00794	0.00761	0.00241	0.00940	0.00722	0.00398	0.01029
24	0.01361	0.01271	0.05493	0.01333	0.01549	0.01280	0.01116	0.06802	0.01626	0.02204	0.06452	0.04623	0.16254	0.13758	0.08174	0.00449	0.15692	0.09270	0.00545	0.00748
25	0.01650	0.01364	0.01684	0.01412	0.01666	0.07307	0.09611	0.08484	0.01693	0.03978	0.05327	0.03418	0.02219	0.29324	0.05649	0.00476	0.03428	0.00903	0.09661	0.00748
26	0.01563	0.01097	0.01294	0.01237	0.01485	0.01116	0.00927	0.16283	0.05201	0.06246	0.05823	0.39340	0.09457	0.01824	0.00894	0.00278	0.00551	0.03807	0.00736	0.00843
27	0.01896	0.01635	0.01806	0.01517	0.01879	0.05609	0.01226	0.18014	0.09657	0.02961	0.08695	0.03060	0.08425	0.01172	0.01129	0.00245	0.15463	0.03837	0.00609	0.11166
28	0.01533	0.20351	0.02297	0.01379	0.01710	0.01660	0.09425	0.01791	0.01500	0.02067	0.05684	0.03100	0.07393	0.15079	0.01490	0.00320	0.08919	0.00833	0.12691	0.00780
29	0.01183	0.04855	0.07297	0.01072	0.01357	0.00957	0.00908	0.01597	0.05661	0.02405	0.16697	0.22233	0.17445	0.01598	0.00821	0.00249	0.00491	0.01378	0.11045	0.00753
30	0.05325	0.61216	0.03594	0.01351	0.01965	0.09372	0.01287	0.02398	0.01614	0.04478	0.01141	0.01285	0.01003	0.00675	0.00516	0.00171	0.00849	0.00428	0.00361	0.00970
31	0.02226	0.04848	0.02296	0.01992	0.06066	0.13401	0.01546	0.02442	0.01574	0.15108	0.01446	0.01788	0.01178	0.01093	0.01663	0.00277	0.38992	0.00644	0.00463	0.00957
32	0.01433	0.00990	0.01086	0.01015	0.01276	0.01002	0.00786	0.09375	0.07957	0.02893	0.14789	0.08054	0.16667	0.01366	0.00766	0.00233	0.00463	0.04342	0.24704	0.00804
33	0.00915	0.00769	0.00794	0.00788	0.01036	0.00648	0.00591	0.01124	0.01772	0.02152	0.13977	0.07130	0.61946	0.01882	0.00896	0.00254	0.00381	0.01577	0.00718	0.00648
34	0.01791	0.00868	0.00947	0.00858	0.01119	0.00853	0.00666	0.05333	0.01779	0.13017	0.02520	0.02739	0.01901	0.00893	0.00577	0.00188	0.00422	0.00714	0.61989	0.00825
35	0.01074	0.00775	0.01014	0.00954	0.01133	0.00716	0.00716	0.01431	0.02147	0.03042	0.68211	0.05666	0.07157	0.01551	0.00895	0.00239	0.00358	0.01372	0.00835	0.00716
36	0.02883	0.02125	0.02276	0.01745	0.02352	0.02352	0.01442	0.66082	0.03566	0.04780	0.01821	0.01821	0.01290	0.00911	0.00759	0.00228	0.00835	0.00683	0.00759	0.01290
37	0.01910	0.02072	0.02075	0.01840	0.01992	0.20954	0.01473	0.02204	0.04927	0.01895	0.01312	0.01841	0.01197	0.01823	0.12206	0.00425	0.37983	0.00648	0.00383	0.00840
38	0.02028	0.01579	0.01910	0.08468	0.08939	0.01765	0.01389	0.03621	0.46510	0.11043	0.02745	0.02628	0.02027	0.00957	0.00767	0.00251	0.00675	0.00810	0.00711	0.01178
39	0.02213	0.02487	0.02249	0.01961	0.02158	0.30115	0.01567	0.06203	0.01711	0.02017	0.01118	0.01550	0.01006	0.01079	0.01647	0.00270	0.38796	0.00593	0.00382	0.00878
40	0.01712	0.01634	0.02780	0.29495	0.45064	0.01759	0.02246	0.02183	0.01649	0.02277	0.01398	0.01931	0.01131	0.00706	0.00754	0.00235	0.00942	0.00675	0.00361	0.01068
41	0.01551	0.03398	0.54748	0.02501	0.13548	0.01719	0.02615	0.02327	0.01598	0.02375	0.01412	0.01729	0.01056	0.01014	0.04935	0.00297	0.01141	0.00594	0.00334	0.01107
42	0.02833	0.03615	0.02149	0.01954	0.02345	0.70298	0.01466	0.03029	0.02149	0.01856	0.01172	0.01368	0.00977	0.00782	0.00684	0.00195	0.01368	0.00489	0.00391	0.00879
43	0.00990	0.00703	0.00898	0.01028	0.01087	0.00668	0.00699	0.01119	0.01424	0.01879	0.03975	0.48916	0.07785	0.17048	0.01572	0.00398	0.00524	0.08042	0.00653	0.00593
44	0.01040	0.00761	0.00933	0.00909	0.01094	0.00691	0.00675	0.01343	0.01971	0.02723	0.46381	0.11269	0.20208	0.01665	0.00882	0.00245	0.00370	0.01451	0.04699	0.00691
45	0.00949	0.00684	0.00934	0.01082	0.01141	0.00669	0.00743	0.01104	0.01415	0.01908	0.03839	0.61745	0.04521	0.02903	0.11992	0.00453	0.00693	0.01943	0.00657	0.00626
46	0.01432	0.01348	0.02275	0.71520	0.05224	0.01685	0.02107	0.01938	0.01517	0.01938	0.01348	0.02022	0.01011	0.00758	0.00758	0.00253	0.01011	0.00674	0.00337	0.00843
47	0.06885	0.01662	0.01869	0.01513	0.02049	0.01769	0.01226	0.22831	0.23027	0.25070	0.02558	0.02353	0.01778	0.00946	0.00748	0.00240	0.00686	0.00749	0.00805	0.01236
48	0.19186	0.01861	0.12311	0.01881	0.06260	0.01619	0.11281	0.08514	0.01727	0.06428	0.01733	0.06129	0.01443	0.01363	0.07741	0.00342	0.04074	0.00740	0.04406	0.00961
49	0.01157	0.00841	0.00995	0.00982	0.01216	0.00769	0.00761	0.01505	0.04735	0.05649	0.24685	0.10133	0.32334	0.01771	0.00907	0.00265	0.00441	0.09373	0.00757	0.00725
50	0.02181	0.30252	0.02819	0.01661	0.04802	0.16903	0.01366	0.09883	0.01904	0.02291	0.01334	0.01710	0.01173	0.00803	0.00745	0.00193	0.05929	0.02946	0.00423	0.10683
51	0.01573	0.01348	0.01573	0.01123	0.01798	0.01011	0.00899	0.01910	0.01573	0.02472	0.01348	0.01573	0.01123	0.00562	0.00562	0.00112	0.00562	0.00449	0.00449	0.77980
52	0.01974	0.01803	0.02427	0.15840	0.12147	0.06886	0.08137	0.16734	0.08044	0.02785	0.01693	0.02079	0.01336	0.01413	0.09131	0.00359	0.04973	0.00718	0.00494	0.01027
53	0.02083	0.02125	0.02676	0.19028	0.30979	0.18381	0.05478	0.02487	0.01808	0.05714	0.01435	0.01833	0.01136	0.00732	0.00745	0.00226	0.01047	0.00647	0.00401	0.01036
54	0.01273	0.00891	0.01046	0.00970	0.01233	0.00824	0.00740	0.01721	0.07745	0.08180	0.34389	0.05770	0.29164	0.01592	0.00873	0.00246	0.00413	0.01361	0.00789	0.00778
55	0.02470	0.01801	0.01993	0.01611	0.02117	0.01999	0.01309	0.41796	0.15240	0.07571	0.02155	0.02217	0.01602	0.01606	0.10546	0.00373	0.00948	0.00739	0.00722	0.01187
56	0.01063	0.00775	0.00999	0.00943	0.01127	0.00711	0.00707	0.01411	0.02122	0.02982	0.64551	0.05765	0.10855	0.01573	0.00895	0.00240	0.00359	0.01386	0.00827	0.00711
57	0.00913	0.00769	0.00791	0.00786	0.01035	0.00647	0.00589	0.01120	0.01768	0.02141	0.13275	0.07149	0.62655	0.01887	0.00896	0.00255	0.00382	0.01580	0.00716	0.00647
58	0.20047	0.01982	0.05731	0.01354	0.01954	0.12825	0.01142	0.08394	0.01796	0.02807	0.01297	0.01484	0.01034	0.00675	0.00589	0.00174	0.00761	0.00476	0.00466	0.35009
59	0.02833	0.03615	0.02149	0.01954	0.02345	0.70298	0.01466	0.03029	0.02149	0.01856	0.01172	0.01368	0.00977	0.00782	0.00684	0.00195	0.01368	0.00489	0.00391	0.00879
60	0.07332	0.01300	0.01727	0.01331	0.01912	0.01145	0.01100	0.03620	0.02125	0.65707	0.02891	0.02511	0.01822	0.00927	0.00747	0.00235	0.00642	0.00744	0.00914	0.01266
61	0.00944	0.00722	0.00867	0.00933	0.01080	0.00645	0.00661	0.01143	0.01690	0.02198	0.18266	0.36046	0.27973	0.02049	0.00928	0.00276	0.00404	0.01801	0.00730	0.00645
62	0.01873	0.47965	0.19011	0.01507	0.02216	0.05951	0.01613	0.02273	0.01635	0.02034	0.06518	0.01672	0.01466	0.00745	0.00584	0.00188	0.00876	0.00524	0.00368	0.00983
63	0.02655	0.01773	0.01996	0.01563	0.02113	0.01883	0.01279	0.41689	0.06667	0.15288	0.05710	0.02265	0.01792	0.01182	0.04297	0.00275	0.00809	0.00738	0.00760	0.05264
64	0.05003	0.19238	0.08583	0.01890	0.08499	0.14346	0.01524	0.12278	0.09805	0.05411	0.01592	0.01700	0.01242	0.00775	0.00658	0.00205	0.00897	0.00573	0.00497	0.05285
65	0.02033	0.23988	0.05481	0.04657	0.10013	0.02066	0.01446	0.08860	0.11397	0.09060	0.02193	0.05758	0.05073	0.00953	0.00764	0.00224	0.03694	0.00747	0.00539	0.01056
66	0.01076	0.00729	0.00856	0.00882	0.00896	0.00730	0.00522	0.01110	0.01160	0.01554	0.02631	0.14753	0.03040	0.59296	0.07075	0.00700	0.00763	0.01241	0.00492	0.00494
67	0.05463	0.01227	0.01825	0.02047	0.16661	0.01223	0.06353	0.05074	0.04536	0.02733	0.24983	0.15446	0.03984	0.03895	0.00947	0.00267	0.00628	0.01195	0.00634	0.00878
68	0.01605	0.01284	0.01471	0.01087	0.01682	0.01022	0.00866	0.04627	0.01661	0.02624	0.01540	0.01774	0.01255	0.00626	0.00565	0.00127	0.00542	0.00499	0.12194	0.62950
69	0.02178	0.19558	0.05103	0.07304	0.02249	0.26706	0.01353	0.05871	0.04681	0.02253	0.01516	0.01743	0.01225	0.00781	0.00625	0.00195	0.00952	0.00552	0.14240	0.00913
70	0.01516	0.04918	0.08562	0.01203	0.01733	0.01119	0.01063	0.04610	0.01737	0.05905	0.06888	0.12351	0.12884	0.01140	0.00723	0.00197	0.00591	0.00956	0.00568	0.31336
71	0.02470	0.02698	0.15338	0.04818	0.02606	0.17110	0.01709	0.29101	0.08560	0.05644	0.01724	0.01805	0.01259	0.00850	0.00736	0.00227	0.00988	0.00634	0.00581	0.01139
72	0.01718	0.04393	0.02395	0.10680	0.25257	0.04342	0.04976	0.05418	0.01724	0.02374	0.01795	0.02203	0.04645	0.01334	0.08954	0.00325	0.00990	0.00690	0.00424	0.15362
73	0.01477	0.01330	0.02122	0.46327	0.11801	0.01531	0.01829	0.04586	0.01622	0.02150	0.01809	0.12750	0.01661	0.00991	0.00779	0.00250	0.00881	0.00889	0.00421	0.04795
74	0.01914	0.05403	0.01854	0.01387	0.01906	0.10740	0.01110	0.12672	0.01930	0.02626	0.01578	0.05381	0.01385	0.01205	0.06512	0.00256	0.03622	0.00618	0.00492	0.37410

[dist]
# distance from previous block
# <min> <max>
0	8

[block]
# block no. 4 follows, 26 sequences, length 31
# corresponding to MSA columns:
# 861-891
name=unknown_E
#
# <colnr> <probs for GDERKNQSTAVLIFYWHMCP>
#	G	D	E	R	K	N	Q	S	T	A	V	L	I	F	Y	W	H	M	C	P
0	0.09290	0.26109	0.02499	0.01356	0.01956	0.11152	0.01166	0.09915	0.01852	0.02523	0.01255	0.01424	0.01045	0.00676	0.00568	0.00166	0.00788	0.00464	0.00439	0.25357
1	0.01643	0.02036	0.18322	0.14534	0.23627	0.01574	0.04366	0.02229	0.03768	0.05361	0.06768	0.05351	0.01829	0.01095	0.03989	0.00287	0.00955	0.00790	0.00445	0.01032
2	0.00964	0.00771	0.00862	0.00839	0.01066	0.00669	0.00629	0.01219	0.01888	0.02428	0.30778	0.06676	0.44973	0.01780	0.00896	0.00249	0.00374	0.01513	0.00754	0.00669
3	0.01610	0.01702	0.01476	0.11139	0.02046	0.21594	0.01105	0.01904	0.01968	0.02315	0.25547	0.04229	0.17843	0.01291	0.00813	0.00232	0.00757	0.01060	0.00604	0.00766
4	0.00948	0.00770	0.00840	0.00823	0.01056	0.00662	0.00617	0.01189	0.01851	0.02339	0.25370	0.06822	0.50437	0.01813	0.00896	0.00251	0.00376	0.01534	0.00743	0.00662
5	0.01019	0.00763	0.00945	0.00921	0.01105	0.00689	0.00682	0.01318	0.01987	0.02711	0.48370	0.12159	0.21118	0.01712	0.00902	0.00249	0.00371	0.01496	0.00793	0.00689
6	0.01461	0.01103	0.01311	0.01189	0.01471	0.01141	0.00936	0.13090	0.08187	0.03050	0.31429	0.04847	0.12012	0.01918	0.08327	0.00354	0.00673	0.05909	0.00744	0.00848
7	0.00927	0.00749	0.00824	0.00848	0.01054	0.00647	0.00620	0.01131	0.01737	0.02170	0.15658	0.19225	0.47854	0.01953	0.00909	0.00263	0.00391	0.01671	0.00723	0.00647
8	0.08349	0.01768	0.01848	0.01464	0.01967	0.01947	0.01197	0.47308	0.02966	0.04253	0.01904	0.01994	0.01396	0.00889	0.00687	0.00217	0.00712	0.00667	0.17338	0.01128
9	0.01432	0.01348	0.02275	0.71520	0.05224	0.01685	0.02107	0.01938	0.01517	0.01938	0.01348	0.02022	0.01011	0.00758	0.00758	0.00253	0.01011	0.00674	0.00337	0.00843
10	0.00985	0.00701	0.00938	0.01106	0.01171	0.00667	0.00785	0.01150	0.01488	0.01974	0.04069	0.58316	0.04797	0.05607	0.01116	0.00335	0.00500	0.12980	0.00692	0.00623
11	0.01864	0.01458	0.01552	0.01390	0.01766	0.01647	0.01068	0.06287	0.48911	0.05451	0.02897	0.02971	0.02254	0.07634	0.01028	0.00290	0.00598	0.00853	0.08992	0.01087
12	0.01290	0.01395	0.13797	0.01327	0.01643	0.01056	0.01206	0.01622	0.01336	0.05619	0.02131	0.06585	0.02025	0.15697	0.38852	0.00855	0.01487	0.00880	0.00444	0.00754
13	0.01444	0.01358	0.02266	0.61276	0.10938	0.01638	0.02041	0.01927	0.01548	0.01995	0.01711	0.02305	0.04803	0.00816	0.00765	0.00250	0.00966	0.00726	0.00361	0.00865
14	0.01877	0.01802	0.03079	0.04656	0.68612	0.01802	0.02328	0.02328	0.01727	0.02478	0.01427	0.01877	0.01201	0.00676	0.00751	0.00225	0.00901	0.00676	0.00375	0.01201
15	0.78701	0.01467	0.01115	0.00997	0.01467	0.01702	0.00821	0.02230	0.01291	0.03403	0.01056	0.01232	0.00821	0.00704	0.00469	0.00235	0.00587	0.00411	0.00469	0.00821
16	0.01325	0.00932	0.01063	0.00982	0.01269	0.00869	0.00752	0.01827	0.10227	0.09149	0.25292	0.05760	0.34484	0.01596	0.00867	0.00249	0.00429	0.01353	0.00776	0.00799
17	0.04599	0.55370	0.06813	0.01384	0.01981	0.02665	0.01362	0.02344	0.06234	0.02001	0.01379	0.01783	0.01255	0.00792	0.00636	0.00193	0.03860	0.03996	0.00383	0.00970
18	0.00924	0.00660	0.00880	0.01056	0.01100	0.00616	0.00704	0.01056	0.01452	0.01936	0.04181	0.72848	0.05017	0.02376	0.00968	0.00308	0.00440	0.02156	0.00704	0.00616
19	0.00926	0.00679	0.00871	0.01014	0.01092	0.00623	0.00688	0.01075	0.01516	0.01994	0.07134	0.61643	0.13392	0.02285	0.00956	0.00299	0.00430	0.02053	0.00709	0.00623
20	0.01937	0.01297	0.01408	0.01257	0.01591	0.07865	0.00990	0.02469	0.09862	0.19430	0.29436	0.04449	0.06513	0.01321	0.00840	0.00246	0.00591	0.06774	0.00792	0.00930
21	0.01933	0.12268	0.18092	0.02610	0.16775	0.01978	0.13693	0.05462	0.11006	0.06293	0.01719	0.01926	0.01305	0.00750	0.00738	0.00231	0.00948	0.00683	0.00462	0.01128
22	0.01320	0.00837	0.01051	0.00961	0.01207	0.00748	0.00734	0.01633	0.02057	0.10918	0.46783	0.05651	0.20086	0.01558	0.00879	0.00242	0.00399	0.01348	0.00819	0.00769
23	0.00925	0.00770	0.00808	0.00798	0.01042	0.00652	0.00599	0.01143	0.01796	0.02208	0.17373	0.07038	0.58515	0.01862	0.00896	0.00253	0.00380	0.01564	0.00725	0.00652
24	0.01573	0.01348	0.01573	0.01123	0.01798	0.01011	0.00899	0.01910	0.01573	0.02472	0.01348	0.01573	0.01123	0.00562	0.00562	0.00112	0.00562	0.00449	0.00449	0.77980
25	0.01300	0.00947	0.01202	0.10387	0.01797	0.00869	0.00908	0.01549	0.01648	0.08226	0.04616	0.22204	0.27506	0.01601	0.00837	0.00247	0.00531	0.01381	0.00641	0.11601
26	0.00988	0.00772	0.00895	0.00864	0.01080	0.00679	0.00648	0.01265	0.01944	0.02560	0.38854	0.06458	0.36815	0.01730	0.00896	0.00247	0.00371	0.01483	0.00772	0.00679
27	0.01583	0.00820	0.00903	0.00848	0.01043	0.00854	0.00656	0.01919	0.01604	0.07814	0.02408	0.02725	0.01871	0.00920	0.00688	0.00192	0.05501	0.00708	0.66181	0.00760
28	0.02321	0.02156	0.02835	0.02938	0.23519	0.15700	0.13308	0.07494	0.01975	0.11558	0.01600	0.01877	0.01228	0.00802	0.00918	0.00236	0.07273	0.00689	0.00482	0.01090
29	0.01820	0.01621	0.02409	0.23732	0.29167	0.04199	0.01887	0.10566	0.01845	0.02470	0.01557	0.05040	0.01326	0.00990	0.00964	0.07360	0.00900	0.00733	0.00426	0.00988
30	0.01560	0.14227	0.02041	0.01476	0.01662	0.08012	0.01196	0.01748	0.01368	0.01795	0.01803	0.12110	0.01887	0.07753	0.16709	0.00511	0.22079	0.00878	0.00414	0.00768

[dist]
# distance from previous block
# <min> <max>
0	1

[block]
# block no. 5 follows, 26 sequences, length 66
# corresponding to MSA columns:
# 893-957,963
name=unknown_F
#
# <colnr> <probs for GDERKNQSTAVLIFYWHMCP>
#	G	D	E	R	K	N	Q	S	T	A	V	L	I	F	Y	W	H	M	C	P
0	0.01791	0.10910	0.11955	0.01578	0.06314	0.05326	0.01360	0.02194	0.01641	0.05222	0.01380	0.01584	0.01110	0.00632	0.00603	0.00154	0.00745	0.00490	0.00428	0.44581
1	0.02561	0.03015	0.02010	0.01800	0.02141	0.51654	0.01352	0.08598	0.02098	0.02080	0.01371	0.01864	0.01224	0.09659	0.01180	0.00272	0.05237	0.00591	0.00430	0.00864
2	0.01034	0.00774	0.00959	0.00913	0.01109	0.00699	0.00685	0.01355	0.02054	0.02821	0.54775	0.06029	0.20730	0.01633	0.00895	0.00242	0.00364	0.01423	0.00806	0.00699
3	0.02057	0.08420	0.15187	0.14985	0.07131	0.27639	0.01816	0.02547	0.04975	0.02054	0.01407	0.01820	0.01155	0.04667	0.00869	0.00246	0.01109	0.00593	0.00383	0.00940
4	0.01103	0.00735	0.00827	0.00827	0.00827	0.00735	0.00460	0.01103	0.01103	0.01471	0.02390	0.04964	0.02758	0.73343	0.03861	0.00735	0.00735	0.01103	0.00460	0.00460
5	0.00986	0.00809	0.00876	0.00881	0.01109	0.00726	0.00651	0.01316	0.05900	0.02235	0.14858	0.15594	0.47615	0.01877	0.00898	0.00261	0.00402	0.01598	0.00726	0.00682
6	0.00915	0.00766	0.00796	0.00796	0.01038	0.00647	0.00594	0.01121	0.01760	0.02142	0.13452	0.09284	0.60292	0.01900	0.00899	0.00256	0.00383	0.01597	0.00717	0.00647
7	0.73927	0.01456	0.01156	0.01020	0.01497	0.01664	0.00840	0.02323	0.01347	0.07571	0.01179	0.01318	0.00888	0.00719	0.00488	0.00235	0.00590	0.00433	0.00499	0.00851
8	0.78701	0.01467	0.01115	0.00997	0.01467	0.01702	0.00821	0.02230	0.01291	0.03403	0.01056	0.01232	0.00821	0.00704	0.00469	0.00235	0.00587	0.00411	0.00469	0.00821
9	0.12231	0.55275	0.06544	0.01293	0.01903	0.02614	0.01280	0.02204	0.01486	0.02030	0.01142	0.01369	0.01021	0.01035	0.05699	0.00254	0.00887	0.00444	0.00350	0.00938
10	0.78701	0.01467	0.01115	0.00997	0.01467	0.01702	0.00821	0.02230	0.01291	0.03403	0.01056	0.01232	0.00821	0.00704	0.00469	0.00235	0.00587	0.00411	0.00469	0.00821
11	0.01602	0.05949	0.01725	0.01135	0.01807	0.01138	0.00924	0.01933	0.01571	0.02428	0.01330	0.01550	0.01114	0.00567	0.00557	0.00116	0.00578	0.00447	0.00441	0.73090
12	0.01700	0.01586	0.02664	0.08278	0.52452	0.01609	0.02060	0.02114	0.01670	0.02356	0.01816	0.08200	0.01707	0.01116	0.03792	0.00284	0.00908	0.04187	0.00419	0.01080
13	0.01503	0.01257	0.02065	0.32364	0.11892	0.01391	0.05231	0.01893	0.01550	0.06256	0.02218	0.07669	0.05861	0.05472	0.09753	0.00401	0.01023	0.00897	0.00447	0.00857
14	0.01740	0.01208	0.01429	0.01233	0.01568	0.01231	0.00989	0.11975	0.01990	0.12543	0.04476	0.08428	0.28894	0.01496	0.01054	0.00258	0.09817	0.03953	0.00686	0.05030
15	0.01362	0.01422	0.07521	0.01280	0.01574	0.07448	0.01074	0.07067	0.01820	0.02290	0.04247	0.29060	0.18982	0.01799	0.00894	0.00277	0.00646	0.09831	0.00643	0.00763
16	0.00936	0.00694	0.00875	0.00990	0.01090	0.00632	0.00681	0.01106	0.01586	0.02087	0.12359	0.52522	0.17282	0.02193	0.00946	0.00290	0.00420	0.01959	0.00720	0.00632
17	0.01704	0.05680	0.36842	0.11434	0.06633	0.01778	0.02243	0.02321	0.01608	0.07821	0.04331	0.01922	0.01330	0.00853	0.00958	0.00249	0.10209	0.00641	0.00401	0.01041
18	0.07382	0.03195	0.50340	0.01908	0.02871	0.01621	0.02307	0.02662	0.01699	0.16517	0.01683	0.01782	0.01144	0.00765	0.00712	0.00239	0.00983	0.00592	0.00461	0.01136
19	0.01261	0.00921	0.01249	0.04149	0.01686	0.00943	0.01199	0.01706	0.05255	0.02320	0.03951	0.07685	0.06779	0.01925	0.00992	0.00329	0.00677	0.52231	0.04014	0.00729
20	0.01209	0.00993	0.01405	0.29026	0.02701	0.01079	0.01206	0.01577	0.01701	0.02282	0.15228	0.04323	0.21975	0.01257	0.00793	0.00241	0.00626	0.01074	0.10562	0.00743
21	0.01693	0.28429	0.37389	0.01938	0.06770	0.02137	0.02110	0.02279	0.01597	0.02171	0.01558	0.01907	0.03364	0.00779	0.00656	0.00216	0.00958	0.02655	0.00351	0.01043
22	0.01812	0.02012	0.09141	0.14570	0.47862	0.04594	0.04443	0.02307	0.01702	0.02361	0.01402	0.01859	0.01139	0.00696	0.00751	0.00231	0.00970	0.00665	0.00365	0.01119
23	0.01383	0.01203	0.01468	0.01373	0.01460	0.05613	0.01058	0.01574	0.01297	0.01857	0.01946	0.08586	0.01966	0.13457	0.23823	0.00649	0.22092	0.00894	0.07600	0.00700
24	0.06025	0.05355	0.06192	0.18286	0.02690	0.16365	0.01509	0.02045	0.01531	0.01962	0.01473	0.02050	0.01266	0.02339	0.22707	0.00543	0.05824	0.00642	0.00376	0.00820
25	0.00923	0.00665	0.00875	0.01042	0.01096	0.00617	0.00698	0.01058	0.01466	0.01942	0.04352	0.69646	0.08108	0.02354	0.00965	0.00306	0.00437	0.02129	0.00704	0.00617
