[name]
unknown

[dist]
# distance from previous block
# <min> <max>
17	82

[block]
# block no. 0 follows, 32 sequences, length 101
# corresponding to MSA columns:
# 96-196
name=unknown_A
#
# <colnr> <probs for GDERKNQSTAVLIFYWHMCP>
#	G	D	E	R	K	N	Q	S	T	A	V	L	I	F	Y	W	H	M	C	P
0	0.01655	0.01343	0.01962	0.01548	0.01987	0.01336	0.16302	0.14829	0.11512	0.06895	0.12858	0.05081	0.05481	0.00976	0.00731	0.00213	0.00664	0.05583	0.00585	0.08458
1	0.01769	0.01924	0.02193	0.19607	0.31464	0.22951	0.01695	0.02099	0.01596	0.01895	0.01507	0.01841	0.05164	0.00708	0.00656	0.00199	0.00915	0.00597	0.00346	0.00875
2	0.01822	0.12329	0.06206	0.01392	0.01852	0.08595	0.01208	0.18526	0.01807	0.02435	0.01307	0.04711	0.01126	0.00788	0.00832	0.00182	0.12396	0.00549	0.00431	0.21505
3	0.01240	0.01037	0.01330	0.01267	0.05571	0.00982	0.00899	0.04438	0.01394	0.02025	0.02174	0.31033	0.02359	0.01231	0.00851	0.00201	0.08977	0.01040	0.00483	0.31469
4	0.00955	0.00830	0.00844	0.00857	0.01034	0.05040	0.00617	0.01113	0.01427	0.01765	0.06241	0.24339	0.36299	0.06486	0.05269	0.00306	0.00518	0.01371	0.00570	0.04120
5	0.00959	0.00655	0.00737	0.00734	0.00763	0.00642	0.00429	0.00992	0.01078	0.01427	0.06644	0.04603	0.08579	0.65623	0.03037	0.00588	0.00604	0.01027	0.00445	0.00434
6	0.01544	0.02828	0.49591	0.01915	0.02755	0.01545	0.11501	0.05557	0.05254	0.06609	0.03579	0.01701	0.01168	0.00684	0.00670	0.00214	0.00928	0.00589	0.00379	0.00989
7	0.01606	0.01454	0.02399	0.19637	0.45812	0.01533	0.01864	0.01989	0.01466	0.05183	0.01282	0.01691	0.01037	0.00653	0.00748	0.00205	0.05212	0.00589	0.00348	0.05291
8	0.01742	0.01420	0.01804	0.02038	0.19949	0.01532	0.01291	0.03007	0.42860	0.08408	0.02329	0.04657	0.01808	0.00849	0.00677	0.00216	0.00597	0.00737	0.00594	0.03485
9	0.01501	0.01308	0.01722	0.06853	0.15095	0.01138	0.01136	0.05753	0.01517	0.02273	0.01230	0.01483	0.01008	0.00546	0.00551	0.00133	0.00596	0.00461	0.00394	0.55301
10	0.01372	0.01300	0.02202	0.55925	0.22681	0.01518	0.01916	0.01806	0.01391	0.01842	0.01211	0.01755	0.00939	0.00651	0.00669	0.00217	0.00868	0.00597	0.00307	0.00830
11	0.02438	0.11655	0.02146	0.01581	0.02034	0.35279	0.01270	0.30554	0.02356	0.02709	0.01263	0.01360	0.00979	0.00724	0.00611	0.00181	0.00954	0.00495	0.00474	0.00939
12	0.01301	0.01167	0.01023	0.00980	0.01079	0.13564	0.00643	0.01504	0.06981	0.01502	0.01958	0.03572	0.02085	0.52604	0.06873	0.00557	0.00807	0.00847	0.00416	0.00538
13	0.13386	0.01092	0.01531	0.40215	0.02999	0.01291	0.01327	0.01579	0.01373	0.02006	0.08009	0.02751	0.13786	0.00931	0.00750	0.00225	0.04884	0.00755	0.00409	0.00701
14	0.00822	0.00668	0.00729	0.00740	0.00931	0.00575	0.00545	0.01009	0.01559	0.01945	0.17181	0.15277	0.52284	0.01698	0.00801	0.00230	0.00342	0.01447	0.00642	0.00575
15	0.81159	0.01298	0.00986	0.00882	0.01298	0.01505	0.00727	0.01972	0.01142	0.03010	0.00934	0.01090	0.00727	0.00623	0.00415	0.00208	0.00519	0.00363	0.00415	0.00727
16	0.39592	0.01034	0.01039	0.09878	0.01556	0.01156	0.00806	0.01702	0.01399	0.02699	0.19495	0.02385	0.02334	0.00844	0.00551	0.00203	0.00484	0.00648	0.11504	0.00691
17	0.22746	0.19216	0.01949	0.01233	0.01690	0.17610	0.01034	0.08011	0.01673	0.14754	0.01352	0.01409	0.01017	0.00683	0.00529	0.00183	0.00739	0.00460	0.02838	0.00874
18	0.00827	0.00681	0.00726	0.00715	0.00927	0.00581	0.00536	0.01028	0.01609	0.02001	0.20751	0.06148	0.57890	0.01629	0.00793	0.00223	0.00335	0.01373	0.00648	0.00581
19	0.01363	0.01380	0.02604	0.52928	0.04283	0.01553	0.22512	0.01847	0.01415	0.01847	0.01243	0.01795	0.00932	0.00639	0.00708	0.00224	0.00966	0.00656	0.00311	0.00794
20	0.01555	0.01204	0.01500	0.07211	0.01866	0.01022	0.00944	0.01852	0.01421	0.09474	0.01326	0.01522	0.01049	0.00586	0.00631	0.00133	0.04962	0.00454	0.00428	0.60861
21	0.01518	0.01412	0.02328	0.39068	0.34503	0.01572	0.01916	0.05912	0.01532	0.02076	0.01248	0.01721	0.00984	0.00646	0.00668	0.00211	0.00842	0.00597	0.00335	0.00910
22	0.01297	0.01130	0.01686	0.37535	0.07967	0.01297	0.01414	0.04449	0.09798	0.02205	0.18191	0.05915	0.02493	0.00928	0.00708	0.00221	0.00680	0.00820	0.00479	0.00785
23	0.01932	0.46036	0.12659	0.01417	0.01984	0.22436	0.01374	0.02213	0.01522	0.01672	0.01000	0.01161	0.00860	0.00616	0.00508	0.00161	0.00894	0.00398	0.00303	0.00856
24	0.00825	0.00590	0.00786	0.00929	0.00975	0.00550	0.00623	0.00954	0.01321	0.01771	0.07737	0.71778	0.04550	0.02059	0.00853	0.00269	0.00385	0.01866	0.00630	0.00550
25	0.02238	0.01724	0.01838	0.01481	0.01962	0.01935	0.01200	0.46460	0.27200	0.03725	0.02008	0.01927	0.01462	0.00843	0.00675	0.00211	0.00665	0.00659	0.00675	0.01113
26	0.01369	0.01297	0.02196	0.56518	0.22114	0.01518	0.01914	0.01804	0.01390	0.01838	0.01211	0.01756	0.00938	0.00652	0.00669	0.00217	0.00869	0.00597	0.00307	0.00828
27	0.00964	0.00698	0.00973	0.00973	0.01056	0.00782	0.00707	0.01131	0.01047	0.01480	0.01894	0.03169	0.01909	0.26731	0.52378	0.00948	0.01449	0.00797	0.00374	0.00541
28	0.00931	0.00685	0.00871	0.00824	0.00991	0.00625	0.00618	0.01229	0.01855	0.02584	0.63997	0.05187	0.14280	0.01411	0.00792	0.00213	0.00319	0.01238	0.00725	0.00625
29	0.01510	0.01440	0.02451	0.31180	0.46350	0.01555	0.01984	0.01927	0.01457	0.02009	0.01236	0.01710	0.00998	0.00626	0.00667	0.00209	0.00834	0.00597	0.00319	0.00941
30	0.01117	0.00610	0.00894	0.00894	0.00913	0.00629	0.00608	0.00933	0.00915	0.01238	0.01344	0.02329	0.01352	0.08928	0.13847	0.61372	0.00779	0.00637	0.00312	0.00349
31	0.01391	0.01193	0.01391	0.00994	0.01590	0.00894	0.00795	0.01690	0.01391	0.02186	0.01193	0.01391	0.00994	0.00497	0.00497	0.00099	0.00497	0.00398	0.00398	0.80521
32	0.01529	0.01460	0.02485	0.27786	0.49595	0.01560	0.01994	0.01944	0.01466	0.02032	0.01239	0.01704	0.01006	0.00622	0.00666	0.00207	0.00830	0.00597	0.00321	0.00957
33	0.01053	0.00845	0.01285	0.01380	0.07157	0.00988	0.00985	0.01300	0.01112	0.01615	0.01688	0.02472	0.01570	0.04389	0.62588	0.00949	0.06925	0.00699	0.00353	0.00647
34	0.00842	0.00675	0.00752	0.00747	0.00940	0.00585	0.00555	0.01052	0.01623	0.02070	0.26189	0.10958	0.47390	0.01629	0.00797	0.00225	0.00336	0.01390	0.00658	0.00585
35	0.01111	0.00973	0.01561	0.40787	0.07320	0.01117	0.01377	0.01422	0.01330	0.01743	0.02203	0.31576	0.02328	0.01241	0.00745	0.00242	0.00686	0.01123	0.00431	0.00684
36	0.00816	0.00629	0.00745	0.00825	0.00948	0.00559	0.00577	0.00966	0.01422	0.01813	0.09101	0.43344	0.32066	0.01894	0.00827	0.00250	0.00365	0.01665	0.00630	0.00559
37	0.01564	0.01948	0.09707	0.02752	0.03457	0.01685	0.64187	0.02147	0.01570	0.02147	0.01345	0.01777	0.01004	0.00572	0.00779	0.00225	0.01120	0.00767	0.00335	0.00912
38	0.01267	0.01193	0.02013	0.74806	0.04621	0.01491	0.01863	0.01714	0.01342	0.01714	0.01193	0.01789	0.00894	0.00671	0.00671	0.00224	0.00894	0.00596	0.00298	0.00745
39	0.01604	0.01754	0.03640	0.03162	0.21288	0.01670	0.52271	0.02126	0.01569	0.02160	0.01333	0.01771	0.01030	0.00574	0.00759	0.00219	0.01045	0.00742	0.00337	0.00946
40	0.01437	0.01369	0.02309	0.43020	0.32625	0.01552	0.01932	0.01854	0.01409	0.01910	0.01211	0.01725	0.00964	0.00657	0.00719	0.00216	0.03305	0.00597	0.00312	0.00877
41	0.01573	0.01407	0.02201	0.44577	0.22145	0.01611	0.01823	0.12516	0.01675	0.02235	0.01277	0.01727	0.00978	0.00673	0.00669	0.00214	0.00844	0.00598	0.00366	0.00892
42	0.01006	0.00802	0.00916	0.00866	0.01084	0.00771	0.00656	0.01517	0.12608	0.02391	0.37448	0.05142	0.29443	0.01418	0.00775	0.00219	0.00359	0.01216	0.00688	0.00676
43	0.00817	0.00588	0.00775	0.00924	0.00971	0.00546	0.00619	0.00935	0.01294	0.01717	0.03818	0.73302	0.07040	0.02087	0.00854	0.00271	0.00387	0.01889	0.00623	0.00546
44	0.00913	0.00652	0.00888	0.01044	0.01125	0.00628	0.00789	0.01100	0.01379	0.01820	0.03645	0.51144	0.04229	0.02012	0.00882	0.00286	0.00472	0.25800	0.00621	0.00571
45	0.01509	0.01886	0.10855	0.14023	0.03619	0.01650	0.52113	0.02079	0.01528	0.02079	0.01316	0.01766	0.00981	0.00590	0.00757	0.00224	0.01080	0.00730	0.00327	0.00889
46	0.01267	0.01193	0.02013	0.74806	0.04621	0.01491	0.01863	0.01714	0.01342	0.01714	0.01193	0.01789	0.00894	0.00671	0.00671	0.00224	0.00894	0.00596	0.00298	0.00745
47	0.00818	0.00584	0.00779	0.00934	0.00973	0.00545	0.00623	0.00934	0.01285	0.01713	0.03698	0.75981	0.04438	0.02102	0.00856	0.00273	0.00389	0.01908	0.00623	0.00545
48	0.01661	0.01594	0.02724	0.04119	0.72233	0.01594	0.02059	0.02059	0.01528	0.02192	0.01262	0.01661	0.01063	0.00598	0.00664	0.00199	0.00797	0.00598	0.00332	0.01063
49	0.00906	0.00684	0.00836	0.00798	0.00975	0.00614	0.00599	0.01181	0.01796	0.02444	0.53627	0.05417	0.24738	0.01464	0.00792	0.00215	0.00323	0.01270	0.00706	0.00614
50	0.01391	0.01193	0.01391	0.00994	0.01590	0.00894	0.00795	0.01690	0.01391	0.02186	0.01193	0.01391	0.00994	0.00497	0.00497	0.00099	0.00497	0.00398	0.00398	0.80521
51	0.01391	0.01193	0.01391	0.00994	0.01590	0.00894	0.00795	0.01690	0.01391	0.02186	0.01193	0.01391	0.00994	0.00497	0.00497	0.00099	0.00497	0.00398	0.00398	0.80521
52	0.02779	0.01230	0.01580	0.01234	0.01731	0.01148	0.01011	0.10274	0.07932	0.57186	0.04852	0.02322	0.01795	0.00853	0.00679	0.00209	0.00577	0.00692	0.00798	0.01118
53	0.00801	0.00650	0.00711	0.00759	0.00927	0.00560	0.00545	0.00954	0.01453	0.01782	0.05832	0.28122	0.50920	0.01825	0.00813	0.00241	0.00355	0.01569	0.00623	0.00560
54	0.02506	0.03198	0.01901	0.01729	0.02074	0.73725	0.01296	0.02679	0.01901	0.01642	0.01037	0.01210	0.00864	0.00691	0.00605	0.00173	0.01210	0.00432	0.00346	0.00778
55	0.01584	0.01810	0.03959	0.02828	0.03507	0.01697	0.69796	0.02149	0.01584	0.02149	0.01357	0.01810	0.01018	0.00566	0.00792	0.00226	0.01131	0.00792	0.00339	0.00905
56	0.00976	0.00651	0.00732	0.00732	0.00732	0.00651	0.00407	0.00976	0.00976	0.01301	0.02114	0.04391	0.02439	0.76419	0.03415	0.00651	0.00651	0.00976	0.00407	0.00407
57	0.02157	0.02274	0.01808	0.01671	0.05068	0.33085	0.01238	0.12436	0.28325	0.02472	0.01771	0.01778	0.01362	0.00786	0.00646	0.00199	0.00867	0.00588	0.00519	0.00949
58	0.01273	0.01256	0.07485	0.01398	0.01606	0.01316	0.05203	0.03561	0.01235	0.01885	0.01504	0.02085	0.01322	0.02458	0.28326	0.00551	0.23320	0.00647	0.12856	0.00710
59	0.01609	0.01378	0.01466	0.01322	0.01683	0.01583	0.01026	0.03374	0.65261	0.02797	0.08493	0.02712	0.02405	0.00949	0.00692	0.00226	0.00513	0.00797	0.00687	0.01026
60	0.00816	0.00611	0.00758	0.00868	0.00958	0.00553	0.00595	0.00953	0.01366	0.01771	0.06776	0.56434	0.21148	0.01978	0.00839	0.00259	0.00375	0.01763	0.00627	0.00553
61	0.01883	0.57376	0.03127	0.07355	0.02027	0.02457	0.01230	0.13909	0.01676	0.02055	0.01073	0.01229	0.00913	0.00623	0.00493	0.00160	0.00736	0.00422	0.00355	0.00901
62	0.01722	0.01718	0.02638	0.05626	0.64754	0.07602	0.01991	0.02103	0.01554	0.02135	0.01242	0.01626	0.01042	0.00607	0.00659	0.00198	0.00834	0.00584	0.00332	0.01031
63	0.05539	0.02404	0.01885	0.01575	0.02018	0.34983	0.01240	0.30845	0.02398	0.08696	0.01407	0.01463	0.01041	0.00748	0.00631	0.00189	0.00933	0.00522	0.00525	0.00958
64	0.01564	0.01948	0.09707	0.02752	0.03457	0.01685	0.64187	0.02147	0.01570	0.02147	0.01345	0.01777	0.01004	0.00572	0.00779	0.00225	0.01120	0.00767	0.00335	0.00912
65	0.02349	0.01425	0.01638	0.01340	0.01805	0.01506	0.01080	0.17591	0.31214	0.28767	0.02462	0.02233	0.01713	0.00859	0.00677	0.00215	0.00590	0.00695	0.00735	0.01108
66	0.08725	0.01522	0.02167	0.03878	0.02176	0.01674	0.16452	0.25178	0.01989	0.02843	0.06577	0.08940	0.01716	0.00951	0.00931	0.00229	0.11868	0.00790	0.00507	0.00887
67	0.01628	0.21291	0.06910	0.02353	0.03018	0.01939	0.49044	0.02112	0.01519	0.02001	0.01241	0.01603	0.00970	0.00571	0.00692	0.00204	0.01018	0.00667	0.00323	0.00897
68	0.00818	0.00584	0.00779	0.00934	0.00973	0.00545	0.00623	0.00934	0.01285	0.01713	0.03698	0.75981	0.04438	0.02102	0.00856	0.00273	0.00389	0.01908	0.00623	0.00545
69	0.00922	0.00656	0.00874	0.00982	0.01068	0.00628	0.00728	0.01113	0.01428	0.01917	0.14684	0.40316	0.04429	0.08110	0.01078	0.00304	0.00460	0.19115	0.00622	0.00567
70	0.01633	0.01757	0.02065	0.47861	0.11651	0.20191	0.01739	0.02003	0.01508	0.01750	0.01160	0.01625	0.00906	0.00668	0.00653	0.00208	0.00965	0.00554	0.00314	0.00790
71	0.00881	0.00610	0.00760	0.00854	0.00877	0.00587	0.00537	0.00951	0.01162	0.01549	0.03067	0.47439	0.03641	0.31731	0.01877	0.00423	0.00493	0.01536	0.00537	0.00490
72	0.00859	0.00613	0.00826	0.00982	0.01039	0.00581	0.00695	0.01006	0.01325	0.01759	0.03675	0.65250	0.04347	0.02063	0.00867	0.00278	0.00425	0.12230	0.00622	0.00556
73	0.16830	0.06236	0.05063	0.01807	0.14166	0.11645	0.01290	0.12815	0.01839	0.19792	0.01541	0.01592	0.01110	0.00705	0.00599	0.00197	0.00743	0.00533	0.00518	0.00978
74	0.01819	0.01872	0.07439	0.07544	0.46982	0.10761	0.01871	0.02259	0.03938	0.07082	0.01373	0.01666	0.01088	0.00644	0.00657	0.00200	0.00844	0.00580	0.00375	0.01008
75	0.00959	0.00719	0.01078	0.01078	0.01198	0.00839	0.00839	0.01198	0.01078	0.01558	0.01797	0.02636	0.01677	0.05032	0.73760	0.01078	0.01797	0.00719	0.00359	0.00599
76	0.01648	0.01581	0.02700	0.06474	0.69980	0.01591	0.02053	0.02048	0.01522	0.02176	0.01260	0.01665	0.01057	0.00600	0.00664	0.00200	0.00800	0.00598	0.00331	0.01052
77	0.01380	0.01145	0.01328	0.00963	0.01523	0.00872	0.00768	0.01679	0.01393	0.02213	0.01276	0.01484	0.01054	0.00521	0.00495	0.00104	0.00482	0.00417	0.07043	0.73863
78	0.01346	0.03471	0.72942	0.01912	0.02904	0.01558	0.02479	0.02125	0.01417	0.02125	0.01204	0.01417	0.00850	0.00637	0.00637	0.00212	0.00992	0.00496	0.00283	0.00992
79	0.01897	0.01555	0.01646	0.01412	0.01832	0.01776	0.01117	0.20753	0.53462	0.03175	0.02441	0.02273	0.01814	0.00883	0.00680	0.00221	0.00585	0.00719	0.00680	0.01083
80	0.01436	0.01382	0.02399	0.43609	0.30317	0.01542	0.05962	0.01872	0.01427	0.01922	0.01229	0.01741	0.00966	0.00637	0.00676	0.00214	0.00871	0.00608	0.00314	0.00876
81	0.10610	0.01334	0.01941	0.02086	0.21506	0.01316	0.06955	0.08869	0.01764	0.21475	0.06130	0.05022	0.04015	0.00827	0.00665	0.00208	0.00654	0.00725	0.02930	0.00967
82	0.01346	0.03471	0.72942	0.01912	0.02904	0.01558	0.02479	0.02125	0.01417	0.02125	0.01204	0.01417	0.00850	0.00637	0.00637	0.00212	0.00992	0.00496	0.00283	0.00992
83	0.01661	0.01594	0.02724	0.04119	0.72233	0.01594	0.02059	0.02059	0.01528	0.02192	0.01262	0.01661	0.01063	0.00598	0.00664	0.00199	0.00797	0.00598	0.00332	0.01063
84	0.01953	0.01530	0.02474	0.03448	0.55610	0.01513	0.01823	0.06168	0.01691	0.14910	0.01530	0.01769	0.01174	0.00651	0.00667	0.00201	0.00753	0.00612	0.00441	0.01081
85	0.02365	0.01436	0.07061	0.01947	0.15185	0.01196	0.08602	0.02723	0.01774	0.42790	0.06248	0.02216	0.01699	0.00777	0.00690	0.00209	0.00688	0.00692	0.00640	0.01061
86	0.01267	0.01193	0.02013	0.74806	0.04621	0.01491	0.01863	0.01714	0.01342	0.01714	0.01193	0.01789	0.00894	0.00671	0.00671	0.00224	0.00894	0.00596	0.00298	0.00745
87	0.00818	0.00584	0.00779	0.00934	0.00973	0.00545	0.00623	0.00934	0.01285	0.01713	0.03698	0.75981	0.04438	0.02102	0.00856	0.00273	0.00389	0.01908	0.00623	0.00545
88	0.00989	0.01035	0.07196	0.01213	0.01467	0.00826	0.09318	0.01307	0.04485	0.01872	0.03836	0.42147	0.18366	0.01649	0.00809	0.00250	0.00527	0.01494	0.00562	0.00654
89	0.02066	0.02118	0.18259	0.02168	0.11080	0.08992	0.17785	0.05111	0.01726	0.21560	0.01642	0.01764	0.01151	0.00681	0.00685	0.00208	0.00898	0.00625	0.00474	0.01005
90	0.01548	0.24709	0.36954	0.02049	0.14664	0.01893	0.01950	0.02143	0.04513	0.02006	0.01202	0.01407	0.00944	0.00624	0.00583	0.00190	0.00856	0.00485	0.00311	0.00969
91	0.13811	0.01163	0.01478	0.01151	0.01655	0.01058	0.00950	0.03091	0.01813	0.63067	0.02410	0.02119	0.01532	0.00802	0.00639	0.00208	0.00564	0.00632	0.00773	0.01085
92	0.01672	0.02648	0.31524	0.02754	0.29105	0.13872	0.04713	0.02195	0.01548	0.02069	0.01204	0.01489	0.00940	0.00629	0.00648	0.00201	0.00960	0.00535	0.00315	0.00979
93	0.01840	0.14595	0.02410	0.10297	0.32841	0.01595	0.01558	0.02219	0.03895	0.15064	0.01653	0.06293	0.01361	0.00748	0.00638	0.00199	0.00718	0.00656	0.00443	0.00976
94	0.01744	0.06545	0.02151	0.01560	0.01998	0.01176	0.21774	0.02059	0.01617	0.22064	0.05241	0.14989	0.11906	0.01084	0.00744	0.00222	0.00680	0.01015	0.00576	0.00853
95	0.07001	0.01218	0.01544	0.01424	0.07478	0.01191	0.01037	0.15527	0.01953	0.34923	0.02401	0.14964	0.01944	0.01016	0.00684	0.00216	0.00580	0.00851	0.03058	0.00990
96	0.04781	0.01964	0.07758	0.04869	0.02266	0.16514	0.09076	0.13824	0.01992	0.27612	0.01761	0.01767	0.01208	0.00738	0.00662	0.00203	0.00843	0.00599	0.00567	0.00997
97	0.55888	0.07673	0.01678	0.01587	0.13906	0.01628	0.05087	0.02001	0.01254	0.02697	0.01017	0.01232	0.00814	0.00611	0.00483	0.00202	0.00621	0.00429	0.00385	0.00807
98	0.16907	0.01747	0.16101	0.01629	0.06195	0.01380	0.09105	0.04401	0.08527	0.16755	0.09008	0.02078	0.01722	0.00772	0.00644	0.00212	0.00697	0.00651	0.00527	0.00940
99	0.01824	0.01857	0.18929	0.01942	0.08179	0.01369	0.15798	0.02487	0.10604	0.19458	0.04663	0.06427	0.01680	0.00817	0.00706	0.00219	0.00781	0.00755	0.00522	0.00985
100	0.01935	0.01118	0.01337	0.01112	0.01476	0.01094	0.00885	0.17997	0.04172	0.23941	0.18212	0.08668	0.12840	0.01162	0.00730	0.00215	0.00507	0.00974	0.00724	0.00902

[dist]
# distance from previous block
# <min> <max>
0	1

[block]
# block no. 1 follows, 32 sequences, length 138
# corresponding to MSA columns:
# 198-335
name=unknown_B
#
# <colnr> <probs for GDERKNQSTAVLIFYWHMCP>
#	G	D	E	R	K	N	Q	S	T	A	V	L	I	F	Y	W	H	M	C	P
0	0.11409	0.01660	0.11991	0.07390	0.17278	0.01463	0.01467	0.08650	0.11614	0.09650	0.09138	0.02102	0.01750	0.00782	0.00649	0.00210	0.00681	0.00652	0.00508	0.00957
1	0.15361	0.16644	0.02068	0.01319	0.01828	0.04069	0.01119	0.34610	0.07682	0.03212	0.01414	0.01466	0.01073	0.00719	0.00571	0.00187	0.00683	0.00512	0.00530	0.04932
2	0.01661	0.01594	0.02724	0.04119	0.72233	0.01594	0.02059	0.02059	0.01528	0.02192	0.01262	0.01661	0.01063	0.00598	0.00664	0.00199	0.00797	0.00598	0.00332	0.01063
3	0.01624	0.01556	0.02656	0.10784	0.65858	0.01585	0.02041	0.02027	0.01510	0.02147	0.01256	0.01673	0.01047	0.00605	0.00665	0.00202	0.00806	0.00598	0.00329	0.01033
4	0.01391	0.01193	0.01391	0.00994	0.01590	0.00894	0.00795	0.01690	0.01391	0.02186	0.01193	0.01391	0.00994	0.00497	0.00497	0.00099	0.00497	0.00398	0.00398	0.80521
5	0.00924	0.00684	0.00887	0.00921	0.01052	0.00666	0.00695	0.01143	0.01465	0.01972	0.21784	0.16972	0.15636	0.07930	0.14214	0.00428	0.00669	0.10788	0.00589	0.00582
6	0.01114	0.00812	0.01064	0.01168	0.01318	0.00832	0.00971	0.01520	0.07860	0.01973	0.03274	0.08325	0.03504	0.12480	0.01260	0.00350	0.00609	0.50347	0.00594	0.00627
7	0.00820	0.00631	0.00751	0.00826	0.00950	0.00562	0.00579	0.00976	0.01438	0.01842	0.11203	0.42048	0.31216	0.01876	0.00825	0.00249	0.00363	0.01650	0.00634	0.00562
8	0.01661	0.01594	0.02724	0.04119	0.72233	0.01594	0.02059	0.02059	0.01528	0.02192	0.01262	0.01661	0.01063	0.00598	0.00664	0.00199	0.00797	0.00598	0.00332	0.01063
9	0.01373	0.00987	0.01214	0.01102	0.01311	0.01100	0.00849	0.17138	0.03344	0.02256	0.01859	0.02634	0.01676	0.13762	0.38234	0.00708	0.01220	0.00722	0.07800	0.00711
10	0.81159	0.01298	0.00986	0.00882	0.01298	0.01505	0.00727	0.01972	0.01142	0.03010	0.00934	0.01090	0.00727	0.00623	0.00415	0.00208	0.00519	0.00363	0.00415	0.00727
11	0.00833	0.00643	0.00761	0.00812	0.00951	0.00571	0.00578	0.01010	0.01504	0.01943	0.18145	0.33587	0.32666	0.01795	0.00818	0.00242	0.00355	0.01571	0.00645	0.00571
12	0.02362	0.02779	0.02058	0.02131	0.14445	0.53632	0.01429	0.09499	0.01965	0.02005	0.01136	0.01331	0.00928	0.00687	0.00622	0.00180	0.01089	0.00479	0.00377	0.00866
13	0.01421	0.01399	0.01965	0.01699	0.01710	0.01943	0.01410	0.01576	0.01032	0.01610	0.00965	0.01576	0.00954	0.01530	0.08797	0.00366	0.68426	0.00599	0.00300	0.00722
14	0.00919	0.00685	0.00854	0.00811	0.00983	0.00620	0.00609	0.01206	0.01826	0.02516	0.58947	0.05299	0.19373	0.01437	0.00792	0.00214	0.00321	0.01254	0.00716	0.00620
15	0.01669	0.01441	0.01517	0.01365	0.01745	0.01669	0.01062	0.03565	0.71021	0.02807	0.02731	0.02503	0.02048	0.00910	0.00683	0.00228	0.00531	0.00759	0.00683	0.01062
16	0.01866	0.39694	0.02886	0.08647	0.16074	0.17018	0.01426	0.02130	0.01505	0.01726	0.01044	0.01286	0.00905	0.00612	0.00535	0.00168	0.00851	0.00443	0.00309	0.00873
17	0.00896	0.00663	0.00847	0.00974	0.01044	0.00649	0.00663	0.01177	0.07712	0.01814	0.03609	0.69209	0.04218	0.01992	0.00840	0.00268	0.00402	0.01802	0.00628	0.00593
18	0.00863	0.00682	0.00777	0.00754	0.00950	0.00596	0.00565	0.01099	0.01696	0.02208	0.36074	0.05807	0.42438	0.01552	0.00792	0.00220	0.00329	0.01325	0.00675	0.00596
19	0.01346	0.03471	0.72942	0.01912	0.02904	0.01558	0.02479	0.02125	0.01417	0.02125	0.01204	0.01417	0.00850	0.00637	0.00637	0.00212	0.00992	0.00496	0.00283	0.00992
20	0.01032	0.00864	0.01260	0.19597	0.04849	0.00938	0.01083	0.01316	0.01358	0.01762	0.03285	0.07386	0.20495	0.02291	0.19467	0.00457	0.00913	0.10541	0.00462	0.00646
21	0.01661	0.01594	0.02724	0.04119	0.72233	0.01594	0.02059	0.02059	0.01528	0.02192	0.01262	0.01661	0.01063	0.00598	0.00664	0.00199	0.00797	0.00598	0.00332	0.01063
22	0.01725	0.01749	0.02768	0.03798	0.59995	0.07674	0.08238	0.02120	0.01564	0.02142	0.01252	0.01637	0.01042	0.00603	0.00671	0.00200	0.00863	0.00602	0.00334	0.01024
23	0.02862	0.01098	0.01479	0.01146	0.01635	0.00956	0.00943	0.03126	0.01877	0.66791	0.02609	0.02302	0.01666	0.00826	0.00657	0.00203	0.00549	0.00671	0.07505	0.01098
24	0.01832	0.01802	0.02570	0.03628	0.58292	0.09899	0.01906	0.07847	0.01708	0.02300	0.01266	0.01605	0.01047	0.00626	0.00658	0.00196	0.00839	0.00579	0.00362	0.01037
25	0.00818	0.00584	0.00779	0.00934	0.00973	0.00545	0.00623	0.00934	0.01285	0.01713	0.03698	0.75981	0.04438	0.02102	0.00856	0.00273	0.00389	0.01908	0.00623	0.00545
26	0.00950	0.00686	0.00897	0.00844	0.01002	0.00633	0.00633	0.01266	0.01899	0.02691	0.71879	0.05012	0.06331	0.01372	0.00791	0.00211	0.00317	0.01213	0.00739	0.00633
27	0.00931	0.00685	0.00872	0.00825	0.00991	0.00625	0.00619	0.01231	0.01856	0.02589	0.64322	0.05180	0.13952	0.01410	0.00792	0.00213	0.00319	0.01237	0.00725	0.00625
28	0.00793	0.00680	0.00680	0.00680	0.00906	0.00566	0.00510	0.00963	0.01529	0.01813	0.06797	0.06457	0.71961	0.01699	0.00793	0.00227	0.00340	0.01416	0.00623	0.00566
29	0.03010	0.01142	0.01557	0.01194	0.01713	0.00986	0.00986	0.03270	0.01920	0.72698	0.02647	0.02284	0.01661	0.00830	0.00675	0.00208	0.00571	0.00675	0.00830	0.01142
30	0.01929	0.01919	0.02014	0.01705	0.01899	0.16877	0.01389	0.17408	0.01693	0.02216	0.01079	0.01447	0.00937	0.00991	0.01523	0.00248	0.42941	0.00559	0.00390	0.00836
31	0.01794	0.76823	0.03516	0.01148	0.01722	0.02655	0.01148	0.02009	0.01363	0.01579	0.00933	0.01076	0.00861	0.00574	0.00431	0.00144	0.00718	0.00359	0.00287	0.00861
32	0.00950	0.00686	0.00897	0.00844	0.01002	0.00633	0.00633	0.01266	0.01899	0.02691	0.71879	0.05012	0.06331	0.01372	0.00791	0.00211	0.00317	0.01213	0.00739	0.00633
33	0.01646	0.31094	0.02249	0.01219	0.01617	0.01899	0.01050	0.09952	0.17714	0.02311	0.10021	0.08854	0.02142	0.00943	0.00686	0.00197	0.04289	0.00734	0.00507	0.00877
34	0.01391	0.01193	0.01391	0.00994	0.01590	0.00894	0.00795	0.01690	0.01391	0.02186	0.01193	0.01391	0.00994	0.00497	0.00497	0.00099	0.00497	0.00398	0.00398	0.80521
35	0.00830	0.00668	0.00739	0.00748	0.00936	0.00578	0.00551	0.01024	0.01576	0.01986	0.20247	0.15286	0.49114	0.01683	0.00801	0.00229	0.00341	0.01438	0.00648	0.00578
36	0.01432	0.17601	0.59568	0.01765	0.02676	0.01770	0.02223	0.02103	0.01406	0.02020	0.01152	0.01351	0.00852	0.00625	0.00598	0.00199	0.00939	0.00469	0.00284	0.00966
37	0.00814	0.00598	0.00764	0.00898	0.00964	0.00548	0.00607	0.00938	0.01320	0.01727	0.04143	0.65998	0.14134	0.02044	0.00847	0.00266	0.00382	0.01837	0.00623	0.00548
38	0.00950	0.00686	0.00897	0.00844	0.01002	0.00633	0.00633	0.01266	0.01899	0.02691	0.71879	0.05012	0.06331	0.01372	0.00791	0.00211	0.00317	0.01213	0.00739	0.00633
39	0.01014	0.00621	0.00734	0.00809	0.00917	0.00596	0.00582	0.01234	0.01389	0.02101	0.06278	0.35378	0.06724	0.01496	0.00696	0.00222	0.00366	0.05162	0.33093	0.00587
40	0.01074	0.00619	0.00790	0.00790	0.00798	0.00619	0.00488	0.00959	0.00952	0.01300	0.01694	0.03247	0.01835	0.39572	0.02915	0.36291	0.00604	0.00783	0.04305	0.00366
41	0.00813	0.00600	0.00762	0.00891	0.00962	0.00549	0.00603	0.00939	0.01327	0.01730	0.04229	0.64072	0.16004	0.02033	0.00846	0.00265	0.00381	0.01823	0.00623	0.00549
42	0.01391	0.01193	0.01391	0.00994	0.01590	0.00894	0.00795	0.01690	0.01391	0.02186	0.01193	0.01391	0.00994	0.00497	0.00497	0.00099	0.00497	0.00398	0.00398	0.80521
43	0.02480	0.01303	0.01839	0.01438	0.01940	0.01254	0.09384	0.03212	0.20273	0.45504	0.02512	0.02285	0.01686	0.00819	0.00691	0.00215	0.00629	0.00711	0.00731	0.01092
44	0.00818	0.00584	0.00779	0.00934	0.00973	0.00545	0.00623	0.00934	0.01285	0.01713	0.03698	0.75981	0.04438	0.02102	0.00856	0.00273	0.00389	0.01908	0.00623	0.00545
45	0.01251	0.00625	0.00625	0.00625	0.00782	0.00625	0.00469	0.01563	0.01407	0.02502	0.02189	0.02502	0.01720	0.00782	0.00469	0.00156	0.00313	0.00625	0.80144	0.00625
46	0.01267	0.01193	0.02013	0.74806	0.04621	0.01491	0.01863	0.01714	0.01342	0.01714	0.01193	0.01789	0.00894	0.00671	0.00671	0.00224	0.00894	0.00596	0.00298	0.00745
47	0.01385	0.01263	0.02089	0.12607	0.42560	0.01294	0.01654	0.01725	0.01454	0.02014	0.01949	0.17539	0.01974	0.01024	0.00727	0.00227	0.00711	0.06517	0.00412	0.00876
48	0.01661	0.01594	0.02724	0.04119	0.72233	0.01594	0.02059	0.02059	0.01528	0.02192	0.01262	0.01661	0.01063	0.00598	0.00664	0.00199	0.00797	0.00598	0.00332	0.01063
49	0.08939	0.42144	0.29517	0.01412	0.02130	0.02135	0.01612	0.02050	0.01363	0.01917	0.01035	0.01206	0.00844	0.00603	0.00507	0.00175	0.00803	0.00411	0.00297	0.00898
50	0.00893	0.00684	0.00818	0.00784	0.00967	0.00609	0.00588	0.01156	0.01765	0.02371	0.48165	0.05539	0.30245	0.01491	0.00792	0.00217	0.00325	0.01287	0.00697	0.00609
51	0.01624	0.01185	0.01415	0.01023	0.01608	0.00908	0.00823	0.01916	0.01467	0.12311	0.01401	0.01520	0.01090	0.00545	0.00522	0.00115	0.00508	0.00437	0.00460	0.69123
52	0.00961	0.00709	0.01029	0.01029	0.01131	0.00812	0.00777	0.01166	0.01064	0.01521	0.01843	0.02888	0.01787	0.15283	0.63659	0.01017	0.01633	0.00756	0.00366	0.00571
53	0.01251	0.00625	0.00625	0.00625	0.00782	0.00625	0.00469	0.01563	0.01407	0.02502	0.02189	0.02502	0.01720	0.00782	0.00469	0.00156	0.00313	0.00625	0.80144	0.00625
54	0.00808	0.00677	0.00684	0.00684	0.00892	0.00574	0.00501	0.00964	0.01483	0.01770	0.06403	0.06284	0.66111	0.07987	0.01014	0.00262	0.00366	0.01379	0.00605	0.00553
55	0.00885	0.00680	0.00809	0.00783	0.00964	0.00604	0.00585	0.01138	0.01736	0.02319	0.44441	0.07868	0.31715	0.01522	0.00794	0.00219	0.00328	0.01314	0.00690	0.00604
56	0.13076	0.01552	0.02474	0.03654	0.62047	0.01581	0.01868	0.02047	0.01472	0.02310	0.01215	0.01579	0.01015	0.00601	0.00629	0.00200	0.00757	0.00564	0.00344	0.01015
57	0.54213	0.10204	0.01499	0.01080	0.01524	0.08371	0.00901	0.11218	0.01509	0.02885	0.01035	0.01170	0.00811	0.00648	0.00469	0.00196	0.00635	0.00402	0.00429	0.00803
58	0.01661	0.01594	0.02724	0.04119	0.72233	0.01594	0.02059	0.02059	0.01528	0.02192	0.01262	0.01661	0.01063	0.00598	0.00664	0.00199	0.00797	0.00598	0.00332	0.01063
59	0.02766	0.01534	0.01800	0.01380	0.01909	0.01569	0.01140	0.38774	0.02577	0.36267	0.02096	0.01926	0.01384	0.00817	0.00673	0.00204	0.00660	0.00637	0.00746	0.01141
60	0.01477	0.01285	0.02002	0.53698	0.10294	0.01524	0.01728	0.04892	0.09442	0.04981	0.01454	0.01872	0.01085	0.00704	0.00672	0.00220	0.00824	0.00619	0.00383	0.00844
61	0.00818	0.00584	0.00779	0.00934	0.00973	0.00545	0.00623	0.00934	0.01285	0.01713	0.03698	0.75981	0.04438	0.02102	0.00856	0.00273	0.00389	0.01908	0.00623	0.00545
62	0.81159	0.01298	0.00986	0.00882	0.01298	0.01505	0.00727	0.01972	0.01142	0.03010	0.00934	0.01090	0.00727	0.00623	0.00415	0.00208	0.00519	0.00363	0.00415	0.00727
63	0.01533	0.01528	0.02818	0.08744	0.42445	0.01517	0.19840	0.01954	0.01506	0.02101	0.01507	0.08560	0.01350	0.00733	0.00716	0.00215	0.00855	0.00770	0.00358	0.00950
64	0.00830	0.00593	0.00789	0.00926	0.00976	0.00553	0.00624	0.00965	0.01341	0.01803	0.09982	0.69440	0.04612	0.02035	0.00850	0.00267	0.00383	0.01844	0.00634	0.00553
65	0.01114	0.00727	0.00923	0.00850	0.01052	0.00655	0.00646	0.01402	0.01842	0.09002	0.55034	0.04993	0.16453	0.01375	0.00781	0.00213	0.00344	0.01196	0.00729	0.00669
66	0.12944	0.01504	0.01890	0.08366	0.01974	0.05475	0.01389	0.01728	0.01116	0.01826	0.00925	0.01431	0.00859	0.01025	0.01725	0.00269	0.53956	0.00548	0.00314	0.00736
67	0.01638	0.01659	0.03095	0.03731	0.51598	0.01625	0.22398	0.02086	0.01545	0.02179	0.01291	0.01706	0.01049	0.00588	0.00703	0.00207	0.00897	0.00656	0.00334	0.01015
68	0.01630	0.01563	0.02668	0.09625	0.66966	0.01586	0.02044	0.02032	0.01513	0.02155	0.01257	0.01671	0.01050	0.00604	0.00665	0.00201	0.00805	0.00598	0.00329	0.01038
69	0.01861	0.01712	0.01670	0.01652	0.08269	0.13599	0.01173	0.03211	0.47926	0.05897	0.02295	0.02200	0.01733	0.00838	0.00662	0.00213	0.00665	0.00682	0.02737	0.01007
70	0.02485	0.01019	0.01309	0.01051	0.01468	0.00921	0.00853	0.02832	0.04877	0.50992	0.02530	0.02351	0.01694	0.00821	0.00621	0.00195	0.00501	0.00665	0.21815	0.01002
71	0.02217	0.01324	0.01542	0.01249	0.01716	0.01336	0.01004	0.11907	0.25519	0.28144	0.02341	0.02171	0.01646	0.00812	0.00646	0.00198	0.00559	0.00658	0.04256	0.10756
72	0.01359	0.00776	0.01028	0.00914	0.01144	0.00703	0.00703	0.01664	0.01904	0.16602	0.58122	0.04470	0.05403	0.01264	0.00768	0.00210	0.00367	0.01106	0.00757	0.00734
73	0.00867	0.00658	0.00800	0.00817	0.00965	0.00590	0.00593	0.01087	0.01627	0.02169	0.34294	0.23813	0.25958	0.01661	0.00809	0.00232	0.00343	0.01455	0.00673	0.00590
74	0.02499	0.00992	0.01286	0.01028	0.01442	0.00881	0.00836	0.02774	0.01771	0.52279	0.02514	0.02347	0.01678	0.00816	0.00615	0.00193	0.00496	0.00660	0.23901	0.00992
75	0.00862	0.00669	0.00785	0.00785	0.00956	0.00591	0.00578	0.01086	0.01650	0.02168	0.33740	0.15701	0.34780	0.01619	0.00801	0.00227	0.00337	0.01400	0.00672	0.00591
76	0.01676	0.44436	0.13389	0.01612	0.02249	0.02216	0.14973	0.02197	0.07835	0.01884	0.01222	0.01403	0.01000	0.00612	0.00555	0.00178	0.00822	0.00501	0.00333	0.00907
77	0.11145	0.02519	0.08381	0.01771	0.07923	0.38516	0.01365	0.07450	0.01834	0.11121	0.01307	0.01419	0.00986	0.00697	0.00606	0.00189	0.00963	0.00488	0.00432	0.00889
78	0.00926	0.00685	0.00864	0.00819	0.00988	0.00623	0.00614	0.01220	0.01843	0.02558	0.62011	0.05231	0.16282	0.01421	0.00792	0.00213	0.00320	0.01244	0.00721	0.00623
79	0.01462	0.01406	0.01955	0.59654	0.04053	0.08157	0.01719	0.06968	0.01529	0.01899	0.01307	0.04577	0.01047	0.00738	0.00672	0.00219	0.00892	0.00632	0.00343	0.00771
80	0.01661	0.01594	0.02724	0.04119	0.72233	0.01594	0.02059	0.02059	0.01528	0.02192	0.01262	0.01661	0.01063	0.00598	0.00664	0.00199	0.00797	0.00598	0.00332	0.01063
81	0.01529	0.06119	0.60158	0.01861	0.02777	0.01556	0.05623	0.02227	0.01469	0.08609	0.01334	0.01502	0.00933	0.00649	0.00640	0.00210	0.00949	0.00521	0.00337	0.00996
82	0.01764	0.69877	0.03381	0.01205	0.01726	0.02600	0.01178	0.01973	0.01332	0.01582	0.00928	0.01112	0.00863	0.00629	0.00594	0.00157	0.07582	0.00380	0.00288	0.00849
83	0.01626	0.01933	0.10210	0.02671	0.03371	0.01652	0.60513	0.02197	0.01583	0.05304	0.01401	0.01795	0.01031	0.00584	0.00772	0.00224	0.01093	0.00759	0.00356	0.00924
84	0.02545	0.14773	0.10133	0.01399	0.05007	0.01373	0.01234	0.02862	0.01747	0.48918	0.02118	0.01944	0.01400	0.00753	0.00627	0.00197	0.00655	0.00595	0.00650	0.01072
85	0.01417	0.02795	0.48973	0.09179	0.20274	0.01561	0.02318	0.02071	0.01437	0.02104	0.01217	0.01512	0.00907	0.00631	0.00647	0.00210	0.00934	0.00530	0.00297	0.00987
86	0.00888	0.00614	0.00758	0.00844	0.00866	0.00592	0.00527	0.00953	0.01147	0.01530	0.02994	0.44162	0.03550	0.35133	0.01994	0.00441	0.00505	0.01493	0.00527	0.00483
87	0.01686	0.41627	0.30257	0.01498	0.02212	0.08781	0.01677	0.02116	0.01434	0.01796	0.01048	0.01220	0.00857	0.00609	0.00527	0.00173	0.00869	0.00419	0.00291	0.00904
88	0.04156	0.01160	0.01364	0.01212	0.01487	0.06503	0.00961	0.04038	0.03236	0.24051	0.02407	0.10723	0.05027	0.02105	0.19015	0.00441	0.07739	0.02990	0.00568	0.00819
89	0.01121	0.00964	0.01658	0.01420	0.01635	0.00926	0.18938	0.01350	0.01304	0.01740	0.02514	0.19928	0.02751	0.26951	0.01723	0.00395	0.00715	0.12889	0.00473	0.00606
90	0.01469	0.00842	0.00933	0.00834	0.01072	0.00838	0.00648	0.10370	0.01776	0.08240	0.16209	0.03098	0.06645	0.00959	0.00594	0.00181	0.00390	0.00789	0.43384	0.00730
91	0.01696	0.01967	0.10722	0.07681	0.52494	0.09608	0.02012	0.02116	0.01546	0.02096	0.01226	0.01590	0.01006	0.00617	0.00655	0.00199	0.00871	0.00568	0.00326	0.01005
92	0.01672	0.01634	0.01299	0.01223	0.01496	0.24978	0.00922	0.02065	0.10267	0.07753	0.05182	0.15489	0.18251	0.01260	0.00723	0.00218	0.00689	0.03575	0.00559	0.00746
93	0.01135	0.00769	0.00919	0.00880	0.00974	0.00818	0.00601	0.06910	0.01236	0.01753	0.01997	0.03476	0.02046	0.42497	0.21464	0.00669	0.00923	0.00836	0.09551	0.00544
94	0.01333	0.01188	0.01759	0.46833	0.03474	0.01425	0.01561	0.02095	0.17517	0.02011	0.01901	0.02815	0.01604	0.00902	0.00712	0.00237	0.00769	0.10630	0.00435	0.00800
95	0.06307	0.01680	0.15822	0.01598	0.08426	0.01226	0.01370	0.06275	0.01781	0.41608	0.02085	0.03804	0.01425	0.00783	0.00654	0.00206	0.00675	0.00637	0.00631	0.03006
96	0.01395	0.01357	0.01982	0.08556	0.05407	0.09437	0.16859	0.01758	0.01568	0.01971	0.02449	0.06604	0.02488	0.01269	0.00822	0.00261	0.00830	0.33775	0.00481	0.00731
97	0.00973	0.00660	0.00782	0.00782	0.00799	0.00678	0.00469	0.01008	0.00990	0.01338	0.02069	0.04139	0.02330	0.66168	0.13516	0.00712	0.00815	0.00939	0.00400	0.00434
98	0.02508	0.03145	0.01906	0.01721	0.02075	0.70849	0.01296	0.05382	0.01952	0.01746	0.01060	0.01226	0.00875	0.00696	0.00608	0.00174	0.01191	0.00439	0.00359	0.00792
99	0.01821	0.63791	0.09279	0.01267	0.01855	0.09112	0.01275	0.02081	0.01418	0.01631	0.00966	0.01118	0.00860	0.00590	0.00464	0.00152	0.00786	0.00377	0.00292	0.00865
100	0.02506	0.03198	0.01901	0.01729	0.02074	0.73725	0.01296	0.02679	0.01901	0.01642	0.01037	0.01210	0.00864	0.00691	0.00605	0.00173	0.01210	0.00432	0.00346	0.00778
101	0.01588	0.01032	0.01235	0.01065	0.01363	0.01035	0.00834	0.13287	0.09643	0.13195	0.37245	0.06128	0.07182	0.01185	0.00744	0.00213	0.00451	0.01014	0.00726	0.00834
102	0.01542	0.35627	0.42507	0.01577	0.02386	0.02039	0.01896	0.02074	0.01393	0.01885	0.01085	0.01267	0.00855	0.00610	0.00547	0.00182	0.00871	0.00436	0.00285	0.00934
103	0.00897	0.00648	0.00798	0.00849	0.00980	0.00583	0.00603	0.01079	0.01512	0.03755	0.20453	0.38260	0.23549	0.01788	0.00819	0.00244	0.00363	0.01578	0.00655	0.00587
104	0.01267	0.01193	0.02013	0.74806	0.04621	0.01491	0.01863	0.01714	0.01342	0.01714	0.01193	0.01789	0.00894	0.00671	0.00671	0.00224	0.00894	0.00596	0.00298	0.00745
105	0.01307	0.01234	0.02085	0.67594	0.11519	0.01501	0.01883	0.01750	0.01361	0.01763	0.01200	0.01776	0.00912	0.00663	0.00670	0.00221	0.00885	0.00596	0.00302	0.00778
106	0.01471	0.01416	0.02450	0.37365	0.36968	0.01551	0.05323	0.01901	0.01443	0.01965	0.01234	0.01729	0.00981	0.00631	0.00674	0.00212	0.00860	0.00607	0.00316	0.00905
107	0.01166	0.00583	0.00874	0.00874	0.00874	0.00583	0.00583	0.00874	0.00874	0.01166	0.01166	0.02040	0.01166	0.02331	0.02622	0.80478	0.00583	0.00583	0.00291	0.00291
108	0.81159	0.01298	0.00986	0.00882	0.01298	0.01505	0.00727	0.01972	0.01142	0.03010	0.00934	0.01090	0.00727	0.00623	0.00415	0.00208	0.00519	0.00363	0.00415	0.00727
109	0.81159	0.01298	0.00986	0.00882	0.01298	0.01505	0.00727	0.01972	0.01142	0.03010	0.00934	0.01090	0.00727	0.00623	0.00415	0.00208	0.00519	0.00363	0.00415	0.00727
110	0.37602	0.01490	0.02125	0.01674	0.02059	0.01702	0.21008	0.01932	0.01241	0.02403	0.01044	0.01396	0.00851	0.00747	0.00982	0.00235	0.19821	0.00545	0.00362	0.00780
111	0.01128	0.01039	0.01566	0.01713	0.16020	0.00976	0.09241	0.01490	0.05002	0.02063	0.11100	0.08121	0.35303	0.01284	0.00764	0.00222	0.00540	0.01144	0.00543	0.00740
112	0.01217	0.01041	0.01138	0.01253	0.01414	0.09622	0.01042	0.01482	0.01551	0.01921	0.03267	0.16571	0.03579	0.01748	0.00878	0.00287	0.00657	0.50120	0.00585	0.00627
113	0.58293	0.01467	0.01285	0.01075	0.01525	0.01673	0.00886	0.21759	0.01727	0.03365	0.01131	0.01242	0.00847	0.00676	0.00490	0.00206	0.00583	0.00433	0.00490	0.00847
114	0.01355	0.00851	0.01078	0.01114	0.07096	0.00752	0.00765	0.01590	0.01675	0.16665	0.17901	0.06781	0.37032	0.01375	0.00759	0.00219	0.00423	0.01168	0.00664	0.00739
115	0.01661	0.01594	0.02724	0.04119	0.72233	0.01594	0.02059	0.02059	0.01528	0.02192	0.01262	0.01661	0.01063	0.00598	0.00664	0.00199	0.00797	0.00598	0.00332	0.01063
116	0.02637	0.01741	0.01928	0.01478	0.02012	0.01875	0.01221	0.57429	0.02922	0.17125	0.01806	0.01738	0.01239	0.00810	0.00672	0.00203	0.00707	0.00617	0.00701	0.01141
117	0.01367	0.01414	0.02887	0.04065	0.02755	0.01345	0.44620	0.01815	0.01527	0.02048	0.02121	0.13464	0.02065	0.01042	0.00825	0.00249	0.00918	0.14244	0.00434	0.00793
118	0.01295	0.01224	0.01708	0.05789	0.01741	0.01611	0.01288	0.01477	0.01171	0.01691	0.01963	0.09473	0.07532	0.01353	0.01724	0.00284	0.49127	0.08470	0.00389	0.00690
119	0.01736	0.00951	0.01370	0.04840	0.05056	0.00901	0.02943	0.01991	0.01655	0.27268	0.15675	0.21201	0.05129	0.01279	0.00798	0.00231	0.02679	0.02799	0.00670	0.00828
120	0.01399	0.01564	0.06815	0.02629	0.22826	0.01381	0.29157	0.01830	0.01538	0.02075	0.02574	0.04753	0.16632	0.00868	0.00748	0.00219	0.00833	0.00885	0.00404	0.00872
121	0.01688	0.01675	0.12422	0.10975	0.24800	0.01416	0.10002	0.02118	0.01555	0.13237	0.05167	0.02149	0.04862	0.00763	0.00760	0.00215	0.04124	0.00689	0.00433	0.00949
122	0.01361	0.01249	0.02040	0.16508	0.38800	0.01291	0.01633	0.01708	0.01466	0.01997	0.02231	0.11139	0.08188	0.00991	0.00721	0.00224	0.00712	0.06471	0.00410	0.00861
123	0.01605	0.01577	0.02517	0.16943	0.48952	0.05127	0.04946	0.02050	0.03539	0.02106	0.03352	0.01791	0.01202	0.00646	0.00673	0.00205	0.00829	0.00621	0.00349	0.00970
124	0.01551	0.28095	0.35360	0.01912	0.06626	0.01954	0.11622	0.02085	0.01429	0.01946	0.01137	0.01371	0.00890	0.00603	0.00591	0.00190	0.00907	0.00497	0.00295	0.00939
125	0.01886	0.01523	0.05089	0.03272	0.51467	0.01415	0.01783	0.02256	0.01593	0.16730	0.01667	0.05462	0.01345	0.00722	0.00675	0.00205	0.00738	0.00675	0.00448	0.01051
126	0.01475	0.00892	0.04218	0.01011	0.01263	0.00722	0.00793	0.01672	0.01517	0.22396	0.03804	0.39464	0.14875	0.01599	0.00783	0.00243	0.00461	0.01403	0.00668	0.00742
127	0.00975	0.00867	0.01033	0.15534	0.01718	0.04020	0.00850	0.01189	0.01449	0.01781	0.06326	0.25027	0.33658	0.01555	0.00778	0.00236	0.00502	0.01343	0.00549	0.00607
128	0.02325	0.12394	0.02236	0.04676	0.19877	0.10357	0.01379	0.08945	0.01834	0.26901	0.01703	0.01740	0.01221	0.00710	0.00628	0.00192	0.00755	0.00571	0.00533	0.01023
129	0.01243	0.00818	0.01106	0.01059	0.01304	0.00743	0.04196	0.01487	0.01581	0.12045	0.07545	0.13757	0.27856	0.01595	0.00822	0.00252	0.00498	0.20767	0.00642	0.00681
130	0.01346	0.03471	0.72942	0.01912	0.02904	0.01558	0.02479	0.02125	0.01417	0.02125	0.01204	0.01417	0.00850	0.00637	0.00637	0.00212	0.00992	0.00496	0.00283	0.00992
131	0.01480	0.02201	0.22539	0.01706	0.02192	0.16214	0.11304	0.01883	0.01510	0.01901	0.02076	0.16533	0.04970	0.01082	0.00800	0.00229	0.04560	0.05620	0.00409	0.00790
132	0.02574	0.01241	0.01787	0.12087	0.10733	0.01187	0.01257	0.06206	0.01851	0.50578	0.02219	0.02104	0.01453	0.00778	0.00673	0.00209	0.00653	0.00651	0.00686	0.01076
133	0.01661	0.01594	0.02724	0.04119	0.72233	0.01594	0.02059	0.02059	0.01528	0.02192	0.01262	0.01661	0.01063	0.00598	0.00664	0.00199	0.00797	0.00598	0.00332	0.01063
134	0.01628	0.01560	0.02664	0.10067	0.66544	0.01586	0.02043	0.02030	0.01512	0.02152	0.01256	0.01671	0.01049	0.00604	0.00665	0.00201	0.00805	0.00598	0.00329	0.01036
135	0.01439	0.01004	0.01523	0.01935	0.21881	0.00964	0.01170	0.01719	0.01578	0.12186	0.12605	0.22249	0.03235	0.01337	0.00777	0.00239	0.00561	0.12208	0.00584	0.00806
136	0.57906	0.01673	0.15277	0.01084	0.01590	0.01435	0.01066	0.01938	0.01266	0.02805	0.07527	0.01516	0.01268	0.00695	0.00494	0.00209	0.00594	0.00468	0.00419	0.00771
137	0.00810	0.00612	0.00750	0.00860	0.00954	0.00551	0.00590	0.00943	0.01356	0.01742	0.04600	0.55758	0.24079	0.01985	0.00838	0.00259	0.00375	0.01765	0.00623	0.00551

[dist]
# distance from previous block
# <min> <max>
0	4

# created by:
# /home/berkeley/.conda/envs/busco_data_prod/bin/msa2prfl.pl pipeline/OGs_align_augustus/5794/69001.fs
