[name]
unknown

[dist]
# distance from previous block
# <min> <max>
0	5

[block]
# block no. 0 follows, 32 sequences, length 168
# corresponding to MSA columns:
# 5-172
name=unknown_A
#
# <colnr> <probs for GDERKNQSTAVLIFYWHMCP>
#	G	D	E	R	K	N	Q	S	T	A	V	L	I	F	Y	W	H	M	C	P
0	0.01741	0.01461	0.02025	0.02567	0.32836	0.03850	0.01529	0.13002	0.08069	0.04814	0.02003	0.03016	0.01792	0.00943	0.00716	0.00224	0.00718	0.14897	0.02838	0.00961
1	0.12103	0.01516	0.01786	0.02104	0.23458	0.09669	0.01281	0.04492	0.07920	0.13315	0.03926	0.10040	0.01711	0.00870	0.00650	0.00207	0.00680	0.00734	0.00511	0.03028
2	0.03933	0.05294	0.50481	0.01770	0.02609	0.01602	0.04451	0.07572	0.06225	0.07700	0.01436	0.01563	0.01017	0.00678	0.00638	0.00210	0.00892	0.00537	0.00388	0.01004
3	0.01645	0.14268	0.33550	0.01525	0.02213	0.07194	0.01669	0.04414	0.06038	0.06872	0.07717	0.01803	0.01496	0.00724	0.00613	0.00191	0.00806	0.00560	0.00412	0.06291
4	0.02508	0.03159	0.01905	0.01723	0.02075	0.71608	0.01296	0.04669	0.01939	0.01719	0.01054	0.01222	0.00872	0.00695	0.00607	0.00174	0.01196	0.00437	0.00355	0.00789
5	0.01327	0.01093	0.01292	0.00979	0.01462	0.00877	0.00774	0.04402	0.01593	0.02398	0.19112	0.02317	0.02352	0.00731	0.00579	0.00132	0.00461	0.00613	0.00495	0.57012
6	0.01081	0.00772	0.01081	0.01236	0.01390	0.00772	0.01081	0.01390	0.01545	0.02008	0.03553	0.07569	0.03862	0.01854	0.00927	0.00309	0.00618	0.67717	0.00618	0.00618
7	0.01303	0.01229	0.02077	0.68443	0.10707	0.01500	0.01881	0.01745	0.01358	0.01757	0.01199	0.01777	0.00910	0.00664	0.00670	0.00221	0.00886	0.00596	0.00301	0.00774
8	0.01802	0.18746	0.21291	0.02339	0.22412	0.18477	0.01797	0.02209	0.01549	0.01914	0.01124	0.01365	0.00917	0.00625	0.00593	0.00185	0.00927	0.00481	0.00313	0.00934
9	0.00793	0.00680	0.00680	0.00680	0.00906	0.00566	0.00510	0.00963	0.01529	0.01813	0.06797	0.06457	0.71961	0.01699	0.00793	0.00227	0.00340	0.01416	0.00623	0.00566
10	0.01504	0.01396	0.02308	0.43994	0.25993	0.01577	0.04269	0.07143	0.01551	0.02078	0.01253	0.01735	0.00972	0.00654	0.00673	0.00214	0.00860	0.00604	0.00339	0.00883
11	0.00835	0.00681	0.00738	0.00724	0.00932	0.00584	0.00543	0.01045	0.01629	0.02050	0.24388	0.06067	0.54222	0.01611	0.00793	0.00222	0.00334	0.01361	0.00654	0.00584
12	0.01858	0.03096	0.41231	0.01873	0.04850	0.21954	0.01963	0.08849	0.01742	0.04675	0.01249	0.01416	0.00918	0.00674	0.00634	0.00200	0.01008	0.00498	0.00359	0.00953
13	0.01661	0.01594	0.02724	0.04119	0.72233	0.01594	0.02059	0.02059	0.01528	0.02192	0.01262	0.01661	0.01063	0.00598	0.00664	0.00199	0.00797	0.00598	0.00332	0.01063
14	0.00828	0.00592	0.00788	0.00927	0.00975	0.00552	0.00624	0.00959	0.01331	0.01787	0.08874	0.70594	0.04582	0.02047	0.00851	0.00268	0.00384	0.01855	0.00632	0.00552
15	0.01114	0.00866	0.01034	0.00961	0.01175	0.00878	0.00729	0.01801	0.18436	0.02673	0.51947	0.04486	0.08705	0.01278	0.00765	0.00216	0.00369	0.01115	0.00719	0.00732
16	0.00814	0.00599	0.00763	0.00894	0.00963	0.00548	0.00605	0.00939	0.01324	0.01729	0.04195	0.64846	0.15253	0.02038	0.00846	0.00265	0.00381	0.01829	0.00623	0.00548
17	0.02452	0.08787	0.02024	0.01685	0.02048	0.68330	0.01285	0.02628	0.01861	0.01637	0.01029	0.01200	0.00864	0.00683	0.00592	0.00171	0.01173	0.00427	0.00341	0.00784
18	0.00799	0.00680	0.00687	0.00686	0.00910	0.00569	0.00514	0.00974	0.01542	0.01843	0.09086	0.06407	0.69653	0.01688	0.00793	0.00226	0.00339	0.01409	0.00627	0.00569
19	0.21173	0.01043	0.00994	0.00874	0.01170	0.01135	0.00695	0.15450	0.01694	0.02975	0.01764	0.01975	0.01359	0.00747	0.00497	0.00178	0.00449	0.00557	0.44518	0.00754
20	0.00950	0.00686	0.00897	0.00844	0.01002	0.00633	0.00633	0.01266	0.01899	0.02691	0.71879	0.05012	0.06331	0.01372	0.00791	0.00211	0.00317	0.01213	0.00739	0.00633
21	0.81159	0.01298	0.00986	0.00882	0.01298	0.01505	0.00727	0.01972	0.01142	0.03010	0.00934	0.01090	0.00727	0.00623	0.00415	0.00208	0.00519	0.00363	0.00415	0.00727
22	0.01384	0.03205	0.61894	0.02059	0.03001	0.01580	0.13261	0.02129	0.01443	0.02129	0.01229	0.01480	0.00877	0.00626	0.00662	0.00215	0.01014	0.00543	0.00292	0.00978
23	0.02463	0.01827	0.01966	0.01502	0.02044	0.01991	0.01239	0.64811	0.03021	0.04074	0.01579	0.01594	0.01130	0.00782	0.00658	0.00194	0.00720	0.00588	0.00650	0.07167
24	0.81159	0.01298	0.00986	0.00882	0.01298	0.01505	0.00727	0.01972	0.01142	0.03010	0.00934	0.01090	0.00727	0.00623	0.00415	0.00208	0.00519	0.00363	0.00415	0.00727
25	0.01794	0.76823	0.03516	0.01148	0.01722	0.02655	0.01148	0.02009	0.01363	0.01579	0.00933	0.01076	0.00861	0.00574	0.00431	0.00144	0.00718	0.00359	0.00287	0.00861
26	0.01267	0.01193	0.02013	0.74806	0.04621	0.01491	0.01863	0.01714	0.01342	0.01714	0.01193	0.01789	0.00894	0.00671	0.00671	0.00224	0.00894	0.00596	0.00298	0.00745
27	0.00828	0.00592	0.00788	0.00927	0.00975	0.00552	0.00624	0.00960	0.01332	0.01789	0.08994	0.70469	0.04585	0.02045	0.00851	0.00268	0.00384	0.01854	0.00632	0.00552
28	0.01669	0.01441	0.01517	0.01365	0.01745	0.01669	0.01062	0.03565	0.71021	0.02807	0.02731	0.02503	0.02048	0.00910	0.00683	0.00228	0.00531	0.00759	0.00683	0.01062
29	0.01298	0.01224	0.02068	0.69316	0.09873	0.01499	0.01879	0.01741	0.01356	0.01751	0.01198	0.01779	0.00908	0.00665	0.00670	0.00222	0.00887	0.00596	0.00301	0.00770
30	0.03010	0.01142	0.01557	0.01194	0.01713	0.00986	0.00986	0.03270	0.01920	0.72698	0.02647	0.02284	0.01661	0.00830	0.00675	0.00208	0.00571	0.00675	0.00830	0.01142
31	0.22086	0.01164	0.01359	0.01084	0.01550	0.01121	0.00892	0.04984	0.01729	0.47878	0.02157	0.01985	0.01419	0.00775	0.00595	0.00203	0.00544	0.00592	0.06883	0.01000
32	0.01443	0.01372	0.02331	0.43175	0.34877	0.01537	0.01951	0.01869	0.01425	0.01928	0.01224	0.01732	0.00970	0.00638	0.00668	0.00213	0.00851	0.00597	0.00313	0.00887
33	0.00950	0.00686	0.00897	0.00844	0.01002	0.00633	0.00633	0.01266	0.01899	0.02691	0.71879	0.05012	0.06331	0.01372	0.00791	0.00211	0.00317	0.01213	0.00739	0.00633
34	0.00818	0.00584	0.00779	0.00934	0.00973	0.00545	0.00623	0.00934	0.01285	0.01713	0.03698	0.75981	0.04438	0.02102	0.00856	0.00273	0.00389	0.01908	0.00623	0.00545
35	0.01346	0.03471	0.72942	0.01912	0.02904	0.01558	0.02479	0.02125	0.01417	0.02125	0.01204	0.01417	0.00850	0.00637	0.00637	0.00212	0.00992	0.00496	0.00283	0.00992
36	0.01584	0.01810	0.03959	0.02828	0.03507	0.01697	0.69796	0.02149	0.01584	0.02149	0.01357	0.01810	0.01018	0.00566	0.00792	0.00226	0.01131	0.00792	0.00339	0.00905
37	0.00818	0.00584	0.00779	0.00934	0.00973	0.00545	0.00623	0.00934	0.01285	0.01713	0.03698	0.75981	0.04438	0.02102	0.00856	0.00273	0.00389	0.01908	0.00623	0.00545
38	0.01736	0.01475	0.01555	0.01379	0.01770	0.01700	0.01078	0.08608	0.65869	0.02915	0.02646	0.02436	0.01979	0.00902	0.00682	0.00226	0.00547	0.00747	0.00682	0.01068
39	0.32934	0.30530	0.15550	0.01210	0.01791	0.04676	0.01239	0.02042	0.01307	0.02247	0.00988	0.01151	0.00806	0.00610	0.00470	0.00183	0.00710	0.00389	0.00339	0.00830
40	0.01590	0.01793	0.03863	0.02928	0.08845	0.01689	0.64535	0.02142	0.01579	0.02153	0.01350	0.01798	0.01022	0.00568	0.00782	0.00224	0.01105	0.00777	0.00339	0.00917
41	0.01553	0.01485	0.02530	0.23395	0.53795	0.01566	0.02006	0.01965	0.01477	0.02062	0.01243	0.01696	0.01017	0.00618	0.00666	0.00206	0.00824	0.00597	0.00323	0.00976
42	0.01391	0.01193	0.01391	0.00994	0.01590	0.00894	0.00795	0.01690	0.01391	0.02186	0.01193	0.01391	0.00994	0.00497	0.00497	0.00099	0.00497	0.00398	0.00398	0.80521
43	0.01006	0.00829	0.01256	0.01073	0.01309	0.00759	0.09511	0.01331	0.01800	0.02481	0.52432	0.04831	0.16111	0.01320	0.00792	0.00215	0.00425	0.01192	0.00669	0.00657
44	0.00934	0.00633	0.00744	0.00785	0.00796	0.00623	0.00464	0.00965	0.01057	0.01410	0.02533	0.23323	0.02968	0.56766	0.02739	0.00551	0.00581	0.01222	0.00464	0.00443
45	0.27709	0.01636	0.01650	0.01305	0.01802	0.01812	0.01078	0.43074	0.02416	0.09157	0.01475	0.01497	0.01049	0.00749	0.00590	0.00204	0.00655	0.00533	0.00602	0.01009
46	0.01594	0.01564	0.02779	0.14085	0.53766	0.01593	0.10682	0.02021	0.01508	0.02118	0.01264	0.01698	0.01033	0.00604	0.00682	0.00206	0.00854	0.00622	0.00328	0.00997
47	0.02224	0.00911	0.01141	0.00940	0.01297	0.00825	0.00755	0.02508	0.01691	0.41338	0.02442	0.02381	0.01687	0.00809	0.00583	0.00185	0.00456	0.00653	0.36263	0.00911
48	0.01267	0.01193	0.02013	0.74806	0.04621	0.01491	0.01863	0.01714	0.01342	0.01714	0.01193	0.01789	0.00894	0.00671	0.00671	0.00224	0.00894	0.00596	0.00298	0.00745
49	0.00943	0.00643	0.00771	0.00824	0.00846	0.00632	0.00515	0.00997	0.01101	0.01464	0.02640	0.23341	0.03072	0.51212	0.02553	0.00525	0.00580	0.06403	0.00479	0.00459
50	0.01669	0.01441	0.01517	0.01365	0.01745	0.01669	0.01062	0.03565	0.71021	0.02807	0.02731	0.02503	0.02048	0.00910	0.00683	0.00228	0.00531	0.00759	0.00683	0.01062
51	0.00799	0.00680	0.00688	0.00686	0.00910	0.00569	0.00514	0.00974	0.01543	0.01846	0.09251	0.06403	0.69487	0.01687	0.00793	0.00226	0.00339	0.01408	0.00627	0.00569
52	0.01267	0.01193	0.02013	0.74806	0.04621	0.01491	0.01863	0.01714	0.01342	0.01714	0.01193	0.01789	0.00894	0.00671	0.00671	0.00224	0.00894	0.00596	0.00298	0.00745
53	0.02551	0.01879	0.02014	0.01544	0.02081	0.02081	0.01275	0.69996	0.03155	0.04229	0.01611	0.01611	0.01141	0.00805	0.00671	0.00201	0.00738	0.00604	0.00671	0.01141
54	0.00942	0.00636	0.00742	0.00775	0.00783	0.00628	0.00453	0.00967	0.01042	0.01389	0.02451	0.19628	0.02865	0.60601	0.02871	0.00570	0.00595	0.01174	0.00453	0.00436
55	0.53747	0.01501	0.01344	0.01113	0.01571	0.01706	0.00918	0.25693	0.01844	0.03435	0.01170	0.01272	0.00871	0.00687	0.00505	0.00205	0.00596	0.00447	0.00505	0.00871
56	0.00863	0.00682	0.00777	0.00753	0.00949	0.00596	0.00565	0.01098	0.01695	0.02205	0.35872	0.05812	0.42641	0.01553	0.00792	0.00220	0.00329	0.01326	0.00675	0.00596
57	0.01267	0.01193	0.02013	0.74806	0.04621	0.01491	0.01863	0.01714	0.01342	0.01714	0.01193	0.01789	0.00894	0.00671	0.00671	0.00224	0.00894	0.00596	0.00298	0.00745
58	0.01267	0.01193	0.02013	0.74806	0.04621	0.01491	0.01863	0.01714	0.01342	0.01714	0.01193	0.01789	0.00894	0.00671	0.00671	0.00224	0.00894	0.00596	0.00298	0.00745
59	0.02587	0.02869	0.01846	0.01643	0.02016	0.62075	0.01247	0.02774	0.01905	0.13023	0.01295	0.01382	0.00992	0.00714	0.00616	0.00178	0.01108	0.00471	0.00423	0.00836
60	0.01380	0.09039	0.67672	0.01854	0.02814	0.01642	0.02378	0.02116	0.01413	0.02083	0.01184	0.01391	0.00851	0.00633	0.00622	0.00207	0.00971	0.00485	0.00284	0.00982
61	0.01661	0.01594	0.02724	0.04119	0.72233	0.01594	0.02059	0.02059	0.01528	0.02192	0.01262	0.01661	0.01063	0.00598	0.00664	0.00199	0.00797	0.00598	0.00332	0.01063
62	0.00793	0.00680	0.00680	0.00680	0.00906	0.00566	0.00510	0.00963	0.01529	0.01813	0.06797	0.06457	0.71961	0.01699	0.00793	0.00227	0.00340	0.01416	0.00623	0.00566
63	0.02864	0.01378	0.01703	0.01306	0.01830	0.01336	0.01079	0.24595	0.02315	0.50816	0.02316	0.02069	0.01495	0.00822	0.00674	0.00206	0.00624	0.00652	0.00780	0.01142
64	0.01384	0.00665	0.00696	0.00669	0.00852	0.00653	0.00508	0.01693	0.01446	0.07830	0.02224	0.02485	0.01715	0.00785	0.00485	0.00160	0.00332	0.00629	0.74123	0.00665
65	0.01188	0.01041	0.01458	0.01327	0.01374	0.01350	0.01050	0.01348	0.01039	0.01542	0.01440	0.02396	0.01445	0.14697	0.30720	0.00661	0.34256	0.00701	0.00338	0.00628
66	0.00950	0.00686	0.00897	0.00844	0.01002	0.00633	0.00633	0.01266	0.01899	0.02691	0.71879	0.05012	0.06331	0.01372	0.00791	0.00211	0.00317	0.01213	0.00739	0.00633
67	0.01669	0.01441	0.01517	0.01365	0.01745	0.01669	0.01062	0.03565	0.71021	0.02807	0.02731	0.02503	0.02048	0.00910	0.00683	0.00228	0.00531	0.00759	0.00683	0.01062
68	0.00933	0.00685	0.00873	0.00826	0.00992	0.00626	0.00620	0.01233	0.01859	0.02595	0.64810	0.05169	0.13460	0.01407	0.00792	0.00213	0.00319	0.01235	0.00726	0.00626
69	0.01267	0.01193	0.02013	0.74806	0.04621	0.01491	0.01863	0.01714	0.01342	0.01714	0.01193	0.01789	0.00894	0.00671	0.00671	0.00224	0.00894	0.00596	0.00298	0.00745
70	0.77882	0.04416	0.01091	0.00893	0.01315	0.01553	0.00744	0.01974	0.01151	0.02951	0.00934	0.01089	0.00732	0.00621	0.00416	0.00205	0.00527	0.00363	0.00410	0.00732
71	0.01630	0.14366	0.07994	0.06132	0.39358	0.01785	0.15131	0.02059	0.01496	0.02056	0.01219	0.01580	0.00998	0.00593	0.00648	0.00197	0.00867	0.00588	0.00321	0.00980
72	0.01661	0.01594	0.02724	0.04119	0.72233	0.01594	0.02059	0.02059	0.01528	0.02192	0.01262	0.01661	0.01063	0.00598	0.00664	0.00199	0.00797	0.00598	0.00332	0.01063
73	0.03010	0.01142	0.01557	0.01194	0.01713	0.00986	0.00986	0.03270	0.01920	0.72698	0.02647	0.02284	0.01661	0.00830	0.00675	0.00208	0.00571	0.00675	0.00830	0.01142
74	0.01267	0.02130	0.38274	0.01471	0.02045	0.01112	0.01628	0.01744	0.01410	0.07325	0.02320	0.29445	0.02347	0.01238	0.00731	0.00238	0.00723	0.03266	0.00462	0.00824
75	0.01495	0.26137	0.48576	0.01713	0.02563	0.01904	0.04846	0.02090	0.01407	0.01957	0.01126	0.01327	0.00860	0.00615	0.00580	0.00192	0.00912	0.00466	0.00287	0.00948
76	0.00798	0.00659	0.00701	0.00735	0.00921	0.00562	0.00534	0.00957	0.01476	0.01791	0.06121	0.21635	0.57220	0.01787	0.00807	0.00237	0.00351	0.01523	0.00623	0.00562
77	0.00818	0.00584	0.00779	0.00934	0.00973	0.00545	0.00623	0.00934	0.01285	0.01713	0.03698	0.75981	0.04438	0.02102	0.00856	0.00273	0.00389	0.01908	0.00623	0.00545
78	0.01346	0.03471	0.72942	0.01912	0.02904	0.01558	0.02479	0.02125	0.01417	0.02125	0.01204	0.01417	0.00850	0.00637	0.00637	0.00212	0.00992	0.00496	0.00283	0.00992
79	0.01500	0.01419	0.02401	0.21268	0.50189	0.01489	0.01902	0.01889	0.01464	0.02038	0.01430	0.07334	0.01278	0.00730	0.00680	0.00211	0.00790	0.00697	0.00346	0.00945
80	0.81159	0.01298	0.00986	0.00882	0.01298	0.01505	0.00727	0.01972	0.01142	0.03010	0.00934	0.01090	0.00727	0.00623	0.00415	0.00208	0.00519	0.00363	0.00415	0.00727
81	0.00818	0.00584	0.00779	0.00934	0.00973	0.00545	0.00623	0.00934	0.01285	0.01713	0.03698	0.75981	0.04438	0.02102	0.00856	0.00273	0.00389	0.01908	0.00623	0.00545
82	0.01661	0.01594	0.02724	0.04119	0.72233	0.01594	0.02059	0.02059	0.01528	0.02192	0.01262	0.01661	0.01063	0.00598	0.00664	0.00199	0.00797	0.00598	0.00332	0.01063
83	0.00950	0.00686	0.00897	0.00844	0.01002	0.00633	0.00633	0.01266	0.01899	0.02691	0.71879	0.05012	0.06331	0.01372	0.00791	0.00211	0.00317	0.01213	0.00739	0.00633
84	0.01661	0.01594	0.02724	0.04119	0.72233	0.01594	0.02059	0.02059	0.01528	0.02192	0.01262	0.01661	0.01063	0.00598	0.00664	0.00199	0.00797	0.00598	0.00332	0.01063
85	0.01346	0.03471	0.72942	0.01912	0.02904	0.01558	0.02479	0.02125	0.01417	0.02125	0.01204	0.01417	0.00850	0.00637	0.00637	0.00212	0.00992	0.00496	0.00283	0.00992
86	0.00960	0.00714	0.01052	0.01052	0.01163	0.00824	0.00806	0.01181	0.01071	0.01538	0.01821	0.02769	0.01735	0.10451	0.68420	0.01046	0.01710	0.00738	0.00363	0.00584
87	0.01346	0.03471	0.72942	0.01912	0.02904	0.01558	0.02479	0.02125	0.01417	0.02125	0.01204	0.01417	0.00850	0.00637	0.00637	0.00212	0.00992	0.00496	0.00283	0.00992
88	0.00818	0.00584	0.00779	0.00934	0.00973	0.00545	0.00623	0.00934	0.01285	0.01713	0.03698	0.75981	0.04438	0.02102	0.00856	0.00273	0.00389	0.01908	0.00623	0.00545
89	0.01440	0.01364	0.02289	0.43703	0.32225	0.01538	0.01920	0.01910	0.03463	0.01942	0.01266	0.01757	0.00997	0.00648	0.00669	0.00214	0.00844	0.00602	0.00323	0.00885
90	0.01588	0.01498	0.02511	0.22709	0.51899	0.01584	0.01980	0.04357	0.01536	0.02137	0.01256	0.01693	0.01021	0.00624	0.00666	0.00206	0.00821	0.00598	0.00335	0.00982
91	0.01635	0.01663	0.07082	0.16945	0.49829	0.01610	0.01990	0.07156	0.01609	0.02253	0.01272	0.01665	0.01024	0.00630	0.00664	0.00205	0.00823	0.00591	0.00348	0.01005
92	0.02411	0.03003	0.01805	0.01645	0.01976	0.68176	0.01234	0.02595	0.01864	0.01707	0.01125	0.01308	0.00929	0.00698	0.00595	0.00172	0.01142	0.00447	0.06403	0.00766
93	0.00976	0.00651	0.00732	0.00732	0.00732	0.00651	0.00407	0.00976	0.00976	0.01301	0.02114	0.04391	0.02439	0.76419	0.03415	0.00651	0.00651	0.00976	0.00407	0.00407
94	0.02587	0.01821	0.01978	0.01516	0.02052	0.01994	0.01252	0.64713	0.03057	0.09650	0.01693	0.01664	0.01182	0.00807	0.00672	0.00202	0.00725	0.00610	0.00684	0.01141
95	0.01948	0.42840	0.15895	0.01353	0.01980	0.04660	0.01386	0.07426	0.03690	0.11177	0.01315	0.01385	0.01020	0.00651	0.00533	0.00173	0.00763	0.00459	0.00400	0.00946
96	0.01910	0.01561	0.01653	0.01414	0.01837	0.01781	0.01120	0.21698	0.52497	0.03195	0.02425	0.02260	0.01801	0.00882	0.00680	0.00220	0.00588	0.00716	0.00680	0.01084
97	0.81159	0.01298	0.00986	0.00882	0.01298	0.01505	0.00727	0.01972	0.01142	0.03010	0.00934	0.01090	0.00727	0.00623	0.00415	0.00208	0.00519	0.00363	0.00415	0.00727
98	0.02391	0.02958	0.01820	0.01655	0.01996	0.65238	0.01245	0.02701	0.07128	0.01766	0.01213	0.01362	0.00989	0.00712	0.00605	0.00176	0.01121	0.00465	0.03666	0.00793
99	0.00976	0.00651	0.00732	0.00732	0.00732	0.00651	0.00407	0.00976	0.00976	0.01301	0.02114	0.04391	0.02439	0.76419	0.03415	0.00651	0.00651	0.00976	0.00407	0.00407
100	0.81159	0.01298	0.00986	0.00882	0.01298	0.01505	0.00727	0.01972	0.01142	0.03010	0.00934	0.01090	0.00727	0.00623	0.00415	0.00208	0.00519	0.00363	0.00415	0.00727
101	0.00976	0.00651	0.00732	0.00732	0.00732	0.00651	0.00407	0.00976	0.00976	0.01301	0.02114	0.04391	0.02439	0.76419	0.03415	0.00651	0.00651	0.00976	0.00407	0.00407
102	0.81159	0.01298	0.00986	0.00882	0.01298	0.01505	0.00727	0.01972	0.01142	0.03010	0.00934	0.01090	0.00727	0.00623	0.00415	0.00208	0.00519	0.00363	0.00415	0.00727
103	0.00793	0.00680	0.00680	0.00680	0.00906	0.00566	0.00510	0.00963	0.01529	0.01813	0.06797	0.06457	0.71961	0.01699	0.00793	0.00227	0.00340	0.01416	0.00623	0.00566
104	0.01691	0.13830	0.03741	0.02461	0.03113	0.01879	0.53600	0.07277	0.01668	0.02216	0.01309	0.01677	0.01002	0.00585	0.00725	0.00211	0.01035	0.00708	0.00356	0.00916
105	0.01346	0.03471	0.72942	0.01912	0.02904	0.01558	0.02479	0.02125	0.01417	0.02125	0.01204	0.01417	0.00850	0.00637	0.00637	0.00212	0.00992	0.00496	0.00283	0.00992
106	0.01468	0.01468	0.02055	0.01762	0.01762	0.02055	0.01468	0.01615	0.01028	0.01615	0.00881	0.01468	0.00881	0.01174	0.02202	0.00294	0.75191	0.00587	0.00294	0.00734
107	0.00793	0.00680	0.00680	0.00680	0.00906	0.00566	0.00510	0.00963	0.01529	0.01813	0.06797	0.06457	0.71961	0.01699	0.00793	0.00227	0.00340	0.01416	0.00623	0.00566
108	0.01794	0.76823	0.03516	0.01148	0.01722	0.02655	0.01148	0.02009	0.01363	0.01579	0.00933	0.01076	0.00861	0.00574	0.00431	0.00144	0.00718	0.00359	0.00287	0.00861
109	0.00818	0.00584	0.00779	0.00934	0.00973	0.00545	0.00623	0.00934	0.01285	0.01713	0.03698	0.75981	0.04438	0.02102	0.00856	0.00273	0.00389	0.01908	0.00623	0.00545
110	0.81159	0.01298	0.00986	0.00882	0.01298	0.01505	0.00727	0.01972	0.01142	0.03010	0.00934	0.01090	0.00727	0.00623	0.00415	0.00208	0.00519	0.00363	0.00415	0.00727
111	0.00800	0.00652	0.00708	0.00753	0.00926	0.00560	0.00542	0.00955	0.01459	0.01784	0.05907	0.26433	0.52560	0.01815	0.00811	0.00240	0.00354	0.01557	0.00623	0.00560
112	0.01661	0.01594	0.02724	0.04119	0.72233	0.01594	0.02059	0.02059	0.01528	0.02192	0.01262	0.01661	0.01063	0.00598	0.00664	0.00199	0.00797	0.00598	0.00332	0.01063
113	0.00959	0.00719	0.01078	0.01078	0.01198	0.00839	0.00839	0.01198	0.01078	0.01558	0.01797	0.02636	0.01677	0.05032	0.73760	0.01078	0.01797	0.00719	0.00359	0.00599
114	0.01794	0.76823	0.03516	0.01148	0.01722	0.02655	0.01148	0.02009	0.01363	0.01579	0.00933	0.01076	0.00861	0.00574	0.00431	0.00144	0.00718	0.00359	0.00287	0.00861
115	0.01391	0.01193	0.01391	0.00994	0.01590	0.00894	0.00795	0.01690	0.01391	0.02186	0.01193	0.01391	0.00994	0.00497	0.00497	0.00099	0.00497	0.00398	0.00398	0.80521
116	0.02549	0.01929	0.02009	0.01551	0.02081	0.04782	0.01276	0.67458	0.03108	0.04131	0.01589	0.01596	0.01131	0.00801	0.00669	0.00200	0.00756	0.00598	0.00659	0.01127
117	0.01614	0.01384	0.01470	0.01326	0.01688	0.01590	0.01029	0.03391	0.65774	0.02798	0.07980	0.02694	0.02373	0.00945	0.00691	0.00226	0.00515	0.00793	0.00687	0.01029
118	0.81159	0.01298	0.00986	0.00882	0.01298	0.01505	0.00727	0.01972	0.01142	0.03010	0.00934	0.01090	0.00727	0.00623	0.00415	0.00208	0.00519	0.00363	0.00415	0.00727
119	0.00793	0.00680	0.00680	0.00680	0.00906	0.00566	0.00510	0.00963	0.01529	0.01813	0.06797	0.06457	0.71961	0.01699	0.00793	0.00227	0.00340	0.01416	0.00623	0.00566
120	0.00959	0.00719	0.01078	0.01078	0.01198	0.00839	0.00839	0.01198	0.01078	0.01558	0.01797	0.02636	0.01677	0.05032	0.73760	0.01078	0.01797	0.00719	0.00359	0.00599
121	0.81159	0.01298	0.00986	0.00882	0.01298	0.01505	0.00727	0.01972	0.01142	0.03010	0.00934	0.01090	0.00727	0.00623	0.00415	0.00208	0.00519	0.00363	0.00415	0.00727
122	0.01032	0.00737	0.01025	0.01179	0.01312	0.00730	0.00996	0.01305	0.01496	0.01953	0.03580	0.20347	0.03969	0.01900	0.00914	0.00302	0.00575	0.55425	0.00619	0.00604
123	0.01848	0.71234	0.03394	0.01192	0.01749	0.08050	0.01159	0.02060	0.01404	0.01583	0.00941	0.01086	0.00861	0.00583	0.00444	0.00146	0.00755	0.00364	0.00291	0.00855
124	0.00976	0.00651	0.00732	0.00732	0.00732	0.00651	0.00407	0.00976	0.00976	0.01301	0.02114	0.04391	0.02439	0.76419	0.03415	0.00651	0.00651	0.00976	0.00407	0.00407
125	0.00961	0.00705	0.01009	0.01005	0.01109	0.00793	0.00754	0.01168	0.01124	0.01603	0.07168	0.03097	0.02153	0.16188	0.56954	0.00944	0.01501	0.00798	0.00396	0.00571
126	0.00950	0.00686	0.00897	0.00844	0.01002	0.00633	0.00633	0.01266	0.01899	0.02691	0.71879	0.05012	0.06331	0.01372	0.00791	0.00211	0.00317	0.01213	0.00739	0.00633
127	0.01490	0.01590	0.02984	0.02261	0.02636	0.01753	0.37948	0.01874	0.01393	0.01984	0.06650	0.01926	0.01378	0.00864	0.01338	0.00251	0.29765	0.00745	0.00353	0.00818
128	0.00818	0.00584	0.00779	0.00934	0.00973	0.00545	0.00623	0.00934	0.01285	0.01713	0.03698	0.75981	0.04438	0.02102	0.00856	0.00273	0.00389	0.01908	0.00623	0.00545
129	0.01812	0.10183	0.01595	0.01139	0.01520	0.01411	0.00930	0.13197	0.19317	0.13032	0.12771	0.02786	0.06829	0.00947	0.00649	0.00200	0.00524	0.00769	0.09470	0.00918
130	0.01267	0.01193	0.02013	0.74806	0.04621	0.01491	0.01863	0.01714	0.01342	0.01714	0.01193	0.01789	0.00894	0.00671	0.00671	0.00224	0.00894	0.00596	0.00298	0.00745
131	0.01391	0.01193	0.01391	0.00994	0.01590	0.00894	0.00795	0.01690	0.01391	0.02186	0.01193	0.01391	0.00994	0.00497	0.00497	0.00099	0.00497	0.00398	0.00398	0.80521
132	0.81159	0.01298	0.00986	0.00882	0.01298	0.01505	0.00727	0.01972	0.01142	0.03010	0.00934	0.01090	0.00727	0.00623	0.00415	0.00208	0.00519	0.00363	0.00415	0.00727
133	0.01457	0.01524	0.01502	0.01387	0.01611	0.21935	0.06296	0.01748	0.04281	0.01709	0.01937	0.15854	0.01922	0.02714	0.30331	0.00565	0.01261	0.00865	0.00416	0.00683
134	0.03592	0.01196	0.01983	0.72655	0.04525	0.01491	0.01830	0.01722	0.01336	0.01752	0.01185	0.01769	0.00890	0.00669	0.00663	0.00223	0.00884	0.00590	0.00302	0.00745
135	0.00938	0.00685	0.00880	0.00831	0.00995	0.00628	0.00624	0.01243	0.01871	0.02623	0.66824	0.05124	0.11429	0.01397	0.00792	0.00212	0.00318	0.01229	0.00730	0.00628
136	0.04698	0.01532	0.01676	0.01346	0.01809	0.01661	0.01093	0.35978	0.17822	0.15363	0.02065	0.01984	0.01468	0.00825	0.00649	0.00205	0.00621	0.00645	0.07493	0.01067
137	0.01398	0.01320	0.02182	0.21371	0.32309	0.01462	0.03799	0.01736	0.01379	0.01917	0.01588	0.13577	0.01535	0.00931	0.00898	0.00230	0.10337	0.00812	0.00365	0.00851
138	0.01267	0.01193	0.02013	0.74806	0.04621	0.01491	0.01863	0.01714	0.01342	0.01714	0.01193	0.01789	0.00894	0.00671	0.00671	0.00224	0.00894	0.00596	0.00298	0.00745
139	0.01436	0.01370	0.02293	0.41735	0.30733	0.01574	0.01910	0.01841	0.01390	0.01893	0.01196	0.01715	0.00959	0.00681	0.00785	0.00219	0.06496	0.00596	0.00311	0.00868
140	0.01421	0.01293	0.02184	0.37035	0.32494	0.01433	0.01803	0.01766	0.01368	0.01853	0.01219	0.01763	0.00995	0.00824	0.00884	0.09111	0.00819	0.00595	0.00312	0.00828
141	0.01727	0.00934	0.01266	0.09137	0.10595	0.00929	0.00946	0.02052	0.01539	0.19190	0.02073	0.02265	0.01533	0.00758	0.00565	0.00181	0.00499	0.00631	0.42361	0.00818
142	0.01436	0.01426	0.02361	0.49108	0.19038	0.04516	0.08847	0.01873	0.01430	0.01859	0.01218	0.01739	0.00942	0.00645	0.00679	0.00217	0.00911	0.00610	0.00312	0.00832
143	0.19245	0.01680	0.01720	0.01370	0.01861	0.01875	0.01123	0.45356	0.11003	0.05818	0.01634	0.01629	0.01179	0.00780	0.00618	0.00206	0.00661	0.00574	0.00623	0.01043
144	0.01491	0.01386	0.02116	0.32867	0.24657	0.01586	0.01719	0.02256	0.17908	0.02117	0.01567	0.01907	0.01219	0.00724	0.00729	0.00220	0.03579	0.00635	0.00400	0.00918
145	0.00865	0.00683	0.00780	0.00756	0.00951	0.00597	0.00567	0.01103	0.01700	0.02218	0.36816	0.05791	0.41690	0.01548	0.00792	0.00219	0.00329	0.01323	0.00676	0.00597
146	0.68641	0.01368	0.01136	0.00977	0.01411	0.01563	0.00805	0.10752	0.01425	0.05324	0.01074	0.01194	0.00809	0.00653	0.00456	0.00207	0.00549	0.00404	0.00461	0.00793
147	0.01812	0.01787	0.02343	0.02965	0.39328	0.12750	0.01716	0.04882	0.01547	0.04392	0.01221	0.01595	0.01033	0.00869	0.02920	0.00239	0.16724	0.00576	0.00357	0.00943
148	0.01932	0.01695	0.02235	0.04070	0.07553	0.03958	0.11050	0.26060	0.13104	0.02875	0.01559	0.01744	0.01197	0.00808	0.00924	0.00218	0.12696	0.00636	0.00505	0.05183
149	0.14232	0.01441	0.01884	0.01621	0.01687	0.01967	0.01349	0.01672	0.01046	0.01838	0.00889	0.01407	0.00856	0.01086	0.01916	0.00280	0.63231	0.00551	0.00313	0.00733
150	0.01469	0.01398	0.02377	0.38580	0.39271	0.01544	0.01964	0.01891	0.01437	0.01959	0.01228	0.01723	0.00981	0.00633	0.00667	0.00211	0.00845	0.00597	0.00316	0.00908
151	0.00940	0.00685	0.00883	0.00834	0.00996	0.00629	0.00625	0.01247	0.01876	0.02636	0.67795	0.05103	0.10450	0.01392	0.00791	0.00212	0.00318	0.01226	0.00731	0.00629
152	0.01705	0.01459	0.01538	0.01373	0.01759	0.01686	0.01071	0.06308	0.68219	0.02866	0.02685	0.02467	0.02011	0.00906	0.00682	0.00227	0.00540	0.00752	0.00682	0.01065
153	0.01649	0.01570	0.02610	0.06097	0.64790	0.01597	0.01977	0.02163	0.06797	0.02224	0.01371	0.01729	0.01132	0.00624	0.00666	0.00202	0.00780	0.00610	0.00358	0.01053
154	0.01601	0.23851	0.47937	0.01642	0.02480	0.01821	0.01990	0.02181	0.01441	0.07453	0.01240	0.01389	0.00916	0.00635	0.00582	0.00193	0.00882	0.00471	0.00327	0.00967
155	0.01587	0.43017	0.35513	0.01500	0.02267	0.02150	0.01762	0.02063	0.01388	0.01830	0.01058	0.01233	0.00856	0.00603	0.00526	0.00175	0.00844	0.00422	0.00285	0.00921
156	0.02865	0.01376	0.01702	0.01305	0.01830	0.01333	0.01078	0.24434	0.02312	0.50981	0.02318	0.02070	0.01496	0.00823	0.00674	0.00206	0.00624	0.00652	0.00780	0.01142
157	0.01047	0.00828	0.01199	0.01217	0.01429	0.00791	0.06154	0.01340	0.01544	0.01970	0.04202	0.06852	0.20769	0.01717	0.00883	0.00282	0.00587	0.45966	0.00598	0.00627
158	0.01566	0.01643	0.05215	0.14149	0.40847	0.01620	0.18055	0.02014	0.01490	0.02086	0.01257	0.01699	0.01013	0.00625	0.00755	0.00213	0.03823	0.00640	0.00326	0.00963
159	0.01166	0.00583	0.00874	0.00874	0.00874	0.00583	0.00583	0.00874	0.00874	0.01166	0.01166	0.02040	0.01166	0.02331	0.02622	0.80478	0.00583	0.00583	0.00291	0.00291
160	0.01040	0.00700	0.00784	0.00765	0.00787	0.00709	0.00442	0.03782	0.01064	0.01420	0.02094	0.04278	0.02387	0.73345	0.03304	0.00632	0.00654	0.00961	0.00417	0.00436
161	0.01559	0.01720	0.03612	0.10553	0.11537	0.01663	0.54847	0.02093	0.01552	0.02108	0.01329	0.01791	0.01010	0.00580	0.00764	0.00223	0.01068	0.00749	0.00334	0.00906
162	0.01833	0.08299	0.17392	0.01956	0.04827	0.07249	0.17912	0.13509	0.13706	0.04341	0.01573	0.01716	0.01173	0.00697	0.00670	0.00207	0.00882	0.00621	0.00449	0.00987
163	0.01649	0.01641	0.05348	0.03503	0.55956	0.01607	0.01886	0.02350	0.14792	0.02307	0.01540	0.01812	0.01242	0.00659	0.00667	0.00205	0.00754	0.00624	0.00397	0.01060
164	0.00971	0.00690	0.00922	0.00929	0.00996	0.00751	0.00654	0.01106	0.01051	0.01460	0.02011	0.03627	0.02110	0.37068	0.39104	0.00854	0.01233	0.03558	0.00391	0.00513
165	0.01785	0.73773	0.03534	0.01216	0.01795	0.02616	0.03939	0.02015	0.01372	0.01602	0.00950	0.01106	0.00867	0.00574	0.00445	0.00147	0.00734	0.00376	0.00289	0.00863
166	0.77914	0.01386	0.03911	0.00924	0.01363	0.01507	0.00798	0.01979	0.01153	0.02974	0.00945	0.01103	0.00732	0.00623	0.00424	0.00208	0.00538	0.00369	0.00410	0.00737
167	0.00888	0.00681	0.00734	0.00748	0.00951	0.00580	0.00550	0.01051	0.01500	0.04676	0.06055	0.19159	0.56602	0.01739	0.00800	0.00234	0.00358	0.01477	0.00631	0.00586

[dist]
# distance from previous block
# <min> <max>
0	4

# created by:
# /home/berkeley/.conda/envs/busco_data_prod/bin/msa2prfl.pl pipeline/OGs_align_augustus/5794/69029.fs
