[name]
unknown

[dist]
# distance from previous block
# <min> <max>
0	77

[block]
# block no. 0 follows, 29 sequences, length 53
# corresponding to MSA columns:
# 77-129
name=unknown_A
#
# <colnr> <probs for GDERKNQSTAVLIFYWHMCP>
#	G	D	E	R	K	N	Q	S	T	A	V	L	I	F	Y	W	H	M	C	P
0	0.00961	0.00687	0.00934	0.01099	0.01181	0.00659	0.00824	0.01154	0.01456	0.01923	0.03873	0.52218	0.04505	0.02142	0.00934	0.00302	0.00494	0.23391	0.00659	0.00604
1	0.01037	0.00741	0.01021	0.01186	0.01301	0.00725	0.00956	0.01285	0.01531	0.02008	0.03831	0.34168	0.04338	0.02071	0.00954	0.00313	0.00560	0.40691	0.00658	0.00625
2	0.02308	0.02556	0.02079	0.13965	0.02622	0.39068	0.01497	0.14122	0.02038	0.02239	0.01216	0.01498	0.00977	0.00815	0.00876	0.00214	0.10074	0.00541	0.00413	0.00882
3	0.01874	0.01026	0.01578	0.01347	0.01684	0.00919	0.09119	0.02121	0.01663	0.28274	0.03110	0.35798	0.03025	0.01462	0.00815	0.00251	0.00587	0.01330	0.00700	0.03316
4	0.01477	0.01266	0.01477	0.01055	0.01687	0.00949	0.00844	0.01793	0.01477	0.02320	0.01266	0.01477	0.01055	0.00527	0.00527	0.00105	0.00527	0.00422	0.00422	0.79328
5	0.00860	0.00722	0.00747	0.00740	0.00973	0.00609	0.00555	0.01057	0.01666	0.02026	0.14120	0.06685	0.63274	0.01765	0.00841	0.00239	0.00358	0.01479	0.00675	0.00609
6	0.00893	0.00694	0.00812	0.00845	0.01009	0.00613	0.00610	0.01098	0.01652	0.02140	0.22933	0.25849	0.34635	0.01834	0.00860	0.00250	0.00369	0.01595	0.00694	0.00613
7	0.00874	0.00630	0.00828	0.00973	0.01031	0.00584	0.00656	0.01012	0.01411	0.01878	0.07626	0.67561	0.07963	0.02169	0.00902	0.00283	0.00406	0.01960	0.00668	0.00584
8	0.00868	0.00620	0.00826	0.00991	0.01033	0.00578	0.00661	0.00991	0.01363	0.01818	0.03925	0.74510	0.04710	0.02231	0.00909	0.00289	0.00413	0.02024	0.00661	0.00578
9	0.01741	0.01670	0.02851	0.07937	0.67136	0.01686	0.02175	0.02166	0.01611	0.02300	0.01336	0.01769	0.01119	0.00638	0.00705	0.00213	0.00851	0.00634	0.00351	0.01110
10	0.01693	0.19600	0.47561	0.01799	0.02692	0.01984	0.02156	0.10362	0.01718	0.02400	0.01266	0.01448	0.00943	0.00683	0.00632	0.00208	0.00954	0.00508	0.00352	0.01041
11	0.76256	0.04931	0.01175	0.00950	0.01399	0.01656	0.00793	0.02095	0.01223	0.03122	0.00991	0.01156	0.00778	0.00659	0.00441	0.00217	0.00561	0.00385	0.00434	0.00778
12	0.01880	0.01425	0.01568	0.01364	0.01761	0.01578	0.01072	0.10981	0.44486	0.09074	0.13843	0.02963	0.02773	0.01026	0.00741	0.00233	0.00556	0.00857	0.00747	0.01069
13	0.01845	0.66551	0.12070	0.01319	0.01982	0.02674	0.01393	0.02147	0.01454	0.01747	0.01025	0.01187	0.00912	0.00618	0.00484	0.00161	0.00797	0.00399	0.00304	0.00931
14	0.01984	0.01539	0.01864	0.01953	0.14052	0.01686	0.01314	0.06143	0.46204	0.11325	0.02561	0.02430	0.01897	0.00892	0.00720	0.00232	0.00628	0.00757	0.00677	0.01141
15	0.02854	0.01759	0.01991	0.01527	0.02091	0.01859	0.01261	0.48693	0.02954	0.24510	0.02040	0.01924	0.01377	0.00863	0.00713	0.00216	0.00730	0.00664	0.00763	0.01211
16	0.01803	0.01918	0.03879	0.02795	0.03472	0.01864	0.57485	0.10394	0.01867	0.02534	0.01457	0.01882	0.01092	0.00653	0.00875	0.00239	0.03597	0.00808	0.00402	0.00985
17	0.80005	0.01377	0.01047	0.00936	0.01377	0.01597	0.00771	0.02093	0.01212	0.03195	0.00991	0.01157	0.00771	0.00661	0.00441	0.00220	0.00551	0.00386	0.00441	0.00771
18	0.01593	0.01530	0.02575	0.30583	0.29713	0.01670	0.08759	0.02251	0.09898	0.02206	0.01514	0.01942	0.01183	0.00702	0.00724	0.00228	0.00888	0.00676	0.00385	0.00980
19	0.31369	0.01537	0.01852	0.01442	0.01977	0.01606	0.09272	0.17399	0.01983	0.22394	0.01719	0.01731	0.01187	0.00759	0.00628	0.00221	0.00699	0.00592	0.00616	0.01017
20	0.01580	0.01760	0.03785	0.02753	0.03390	0.01650	0.59642	0.02122	0.01641	0.02224	0.01747	0.10881	0.01528	0.00802	0.00849	0.00246	0.01103	0.00986	0.00397	0.00913
21	0.00842	0.00721	0.00721	0.00721	0.00962	0.00601	0.00541	0.01022	0.01623	0.01924	0.07213	0.06853	0.70244	0.01803	0.00842	0.00240	0.00361	0.01503	0.00661	0.00601
22	0.00877	0.00693	0.00790	0.00829	0.00999	0.00606	0.00598	0.01066	0.01612	0.02046	0.16639	0.26470	0.40510	0.01872	0.00861	0.00252	0.00372	0.01620	0.00681	0.00606
23	0.02508	0.01797	0.02094	0.14318	0.02653	0.01996	0.01437	0.50741	0.02892	0.09819	0.01727	0.01805	0.01213	0.00832	0.00713	0.00218	0.00797	0.00646	0.00657	0.01137
24	0.02660	0.03394	0.02018	0.01834	0.02201	0.72116	0.01376	0.02843	0.02018	0.01743	0.01101	0.01284	0.00917	0.00734	0.00642	0.00183	0.01284	0.00459	0.00367	0.00825
25	0.00842	0.00721	0.00721	0.00721	0.00962	0.00601	0.00541	0.01022	0.01623	0.01924	0.07213	0.06853	0.70244	0.01803	0.00842	0.00240	0.00361	0.01503	0.00661	0.00601
26	0.02392	0.02910	0.01984	0.10606	0.02494	0.55075	0.01421	0.02828	0.09910	0.01899	0.01334	0.01523	0.01070	0.00759	0.00660	0.00197	0.01157	0.00521	0.00403	0.00857
27	0.03195	0.01212	0.01652	0.01267	0.01818	0.01047	0.01047	0.03470	0.02038	0.71026	0.02809	0.02424	0.01763	0.00881	0.00716	0.00220	0.00606	0.00716	0.00881	0.01212
28	0.01327	0.00664	0.00664	0.00664	0.00830	0.00664	0.00498	0.01659	0.01493	0.02655	0.02323	0.02655	0.01825	0.00830	0.00498	0.00166	0.00332	0.00664	0.78928	0.00664
29	0.01802	0.02103	0.03932	0.02857	0.03534	0.10480	0.59730	0.02350	0.01722	0.02214	0.01399	0.01842	0.01060	0.00617	0.00816	0.00233	0.01211	0.00793	0.00361	0.00944
30	0.01975	0.01060	0.01316	0.01107	0.01473	0.00989	0.00887	0.10299	0.02104	0.27195	0.23887	0.04222	0.15282	0.01259	0.00786	0.00229	0.00505	0.03726	0.00783	0.00918
31	0.00919	0.00724	0.00829	0.00803	0.01009	0.00634	0.00602	0.01172	0.01806	0.02358	0.36528	0.06138	0.40659	0.01641	0.00841	0.00233	0.00349	0.01403	0.00718	0.00634
32	0.01483	0.00863	0.01124	0.00997	0.01253	0.00800	0.00769	0.01887	0.05248	0.16524	0.53431	0.04611	0.05507	0.01317	0.00810	0.00224	0.00401	0.01150	0.00801	0.00802
33	0.01887	0.59128	0.13925	0.01388	0.02047	0.07758	0.01446	0.02203	0.01498	0.01769	0.01042	0.01208	0.00912	0.00629	0.00504	0.00166	0.00845	0.00409	0.00309	0.00928
34	0.01122	0.00813	0.00852	0.00846	0.01079	0.00783	0.00654	0.01585	0.09935	0.02282	0.04978	0.05234	0.36451	0.01435	0.00741	0.00227	0.00403	0.06780	0.23113	0.00689
35	0.00949	0.00717	0.00876	0.00855	0.01032	0.00644	0.00634	0.01222	0.01848	0.02502	0.46591	0.11789	0.24496	0.01622	0.00846	0.00234	0.00350	0.01413	0.00738	0.00644
36	0.01682	0.01583	0.02643	0.23957	0.48920	0.01682	0.02091	0.04829	0.01637	0.02271	0.01334	0.01799	0.01080	0.00666	0.00707	0.00219	0.00873	0.00634	0.00357	0.01035
37	0.01902	0.01595	0.01684	0.01476	0.01902	0.01832	0.01159	0.12821	0.59996	0.03191	0.02731	0.02524	0.02039	0.00950	0.00723	0.00238	0.00594	0.00782	0.00723	0.01139
38	0.01771	0.01530	0.01610	0.01449	0.01852	0.01771	0.01127	0.03784	0.69247	0.02979	0.02898	0.02657	0.02174	0.00966	0.00725	0.00242	0.00564	0.00805	0.00725	0.01127
39	0.00868	0.00620	0.00826	0.00991	0.01033	0.00578	0.00661	0.00991	0.01363	0.01818	0.03925	0.74510	0.04710	0.02231	0.00909	0.00289	0.00413	0.02024	0.00661	0.00578
40	0.80005	0.01377	0.01047	0.00936	0.01377	0.01597	0.00771	0.02093	0.01212	0.03195	0.00991	0.01157	0.00771	0.00661	0.00441	0.00220	0.00551	0.00386	0.00441	0.00771
41	0.01477	0.01266	0.01477	0.01055	0.01687	0.00949	0.00844	0.01793	0.01477	0.02320	0.01266	0.01477	0.01055	0.00527	0.00527	0.00105	0.00527	0.00422	0.00422	0.79328
42	0.01281	0.01120	0.01820	0.52079	0.03840	0.01358	0.01670	0.01704	0.01421	0.01881	0.01706	0.02801	0.01482	0.01421	0.09199	0.00352	0.00995	0.08687	0.04435	0.00749
43	0.80005	0.01377	0.01047	0.00936	0.01377	0.01597	0.00771	0.02093	0.01212	0.03195	0.00991	0.01157	0.00771	0.00661	0.00441	0.00220	0.00551	0.00386	0.00441	0.00771
44	0.01213	0.00956	0.01524	0.01520	0.01753	0.00941	0.09393	0.01575	0.01644	0.02149	0.03483	0.07278	0.03726	0.01798	0.00966	0.00317	0.00723	0.57729	0.00619	0.00693
45	0.01904	0.75404	0.03731	0.01218	0.01828	0.02818	0.01218	0.02132	0.01447	0.01675	0.00990	0.01142	0.00914	0.00609	0.00457	0.00152	0.00761	0.00381	0.00305	0.00914
46	0.01762	0.01692	0.02890	0.04371	0.70533	0.01692	0.02185	0.02185	0.01621	0.02326	0.01339	0.01762	0.01128	0.00634	0.00705	0.00211	0.00846	0.00634	0.00352	0.01128
47	0.00892	0.00637	0.00854	0.01019	0.01071	0.00599	0.00703	0.01034	0.01387	0.01845	0.03911	0.68711	0.04656	0.02208	0.00915	0.00293	0.00434	0.07583	0.00661	0.00585
48	0.00842	0.00721	0.00721	0.00721	0.00962	0.00601	0.00541	0.01022	0.01623	0.01924	0.07213	0.06853	0.70244	0.01803	0.00842	0.00240	0.00361	0.01503	0.00661	0.00601
49	0.01480	0.01665	0.08375	0.02059	0.05709	0.01822	0.11812	0.01794	0.01255	0.01869	0.01236	0.01840	0.01114	0.01792	0.14267	0.00436	0.39645	0.00674	0.00333	0.00823
50	0.05377	0.05766	0.01872	0.01521	0.01962	0.14265	0.01205	0.16109	0.38144	0.02999	0.02171	0.02089	0.01640	0.00872	0.00682	0.00220	0.00743	0.00673	0.00626	0.01065
51	0.21752	0.06925	0.32811	0.01522	0.02273	0.01567	0.01697	0.02495	0.01553	0.18805	0.01552	0.01612	0.01074	0.00717	0.00613	0.00218	0.00801	0.00527	0.00474	0.01011
52	0.02077	0.06239	0.02463	0.22083	0.07330	0.35787	0.09803	0.02410	0.01756	0.01863	0.01198	0.01557	0.00959	0.00699	0.00680	0.00206	0.01126	0.00561	0.00348	0.00856

[dist]
# distance from previous block
# <min> <max>
1	4

[block]
# block no. 1 follows, 29 sequences, length 133
# corresponding to MSA columns:
# 134-266
name=unknown_B
#
# <colnr> <probs for GDERKNQSTAVLIFYWHMCP>
#	G	D	E	R	K	N	Q	S	T	A	V	L	I	F	Y	W	H	M	C	P
0	0.01280	0.00839	0.01072	0.00976	0.01200	0.00796	0.00745	0.01745	0.07406	0.09455	0.58257	0.04826	0.05875	0.01361	0.00819	0.00225	0.00380	0.01194	0.00789	0.00761
1	0.01754	0.01532	0.01656	0.01483	0.01853	0.01804	0.01162	0.03618	0.63784	0.02877	0.02741	0.02569	0.02074	0.00989	0.00854	0.00247	0.06423	0.00790	0.00691	0.01099
2	0.00842	0.00721	0.00721	0.00721	0.00962	0.00601	0.00541	0.01022	0.01623	0.01924	0.07213	0.06853	0.70244	0.01803	0.00842	0.00240	0.00361	0.01503	0.00661	0.00601
3	0.01890	0.01588	0.01677	0.01473	0.01897	0.01826	0.01156	0.11938	0.60900	0.03170	0.02748	0.02537	0.02052	0.00952	0.00723	0.00238	0.00591	0.00784	0.00723	0.01138
4	0.02660	0.03394	0.02018	0.01834	0.02201	0.72116	0.01376	0.02843	0.02018	0.01743	0.01101	0.01284	0.00917	0.00734	0.00642	0.00183	0.01284	0.00459	0.00367	0.00825
5	0.01904	0.75404	0.03731	0.01218	0.01828	0.02818	0.01218	0.02132	0.01447	0.01675	0.00990	0.01142	0.00914	0.00609	0.00457	0.00152	0.00761	0.00381	0.00305	0.00914
6	0.80005	0.01377	0.01047	0.00936	0.01377	0.01597	0.00771	0.02093	0.01212	0.03195	0.00991	0.01157	0.00771	0.00661	0.00441	0.00220	0.00551	0.00386	0.00441	0.00771
7	0.03195	0.01212	0.01652	0.01267	0.01818	0.01047	0.01047	0.03470	0.02038	0.71026	0.02809	0.02424	0.01763	0.00881	0.00716	0.00220	0.00606	0.00716	0.00881	0.01212
8	0.01771	0.01530	0.01610	0.01449	0.01852	0.01771	0.01127	0.03784	0.69247	0.02979	0.02898	0.02657	0.02174	0.00966	0.00725	0.00242	0.00564	0.00805	0.00725	0.01127
9	0.00994	0.00727	0.00933	0.00882	0.01056	0.00666	0.00661	0.01318	0.01984	0.02781	0.65113	0.05442	0.11810	0.01484	0.00840	0.00225	0.00338	0.01305	0.00774	0.00666
10	0.00995	0.00712	0.00969	0.01105	0.01211	0.00685	0.00854	0.01226	0.01554	0.02072	0.12253	0.39590	0.04723	0.02029	0.00929	0.00296	0.00499	0.27000	0.00674	0.00621
11	0.02253	0.02445	0.07827	0.02405	0.18558	0.23495	0.01681	0.20653	0.02161	0.02682	0.01325	0.01560	0.01050	0.00789	0.00843	0.00214	0.08019	0.00573	0.00449	0.01018
12	0.00922	0.00916	0.07637	0.01092	0.01231	0.00682	0.00851	0.01114	0.01377	0.01860	0.03669	0.67453	0.04342	0.02081	0.00886	0.00283	0.00475	0.01879	0.00626	0.00624
13	0.00868	0.00620	0.00826	0.00991	0.01033	0.00578	0.00661	0.00991	0.01363	0.01818	0.03925	0.74510	0.04710	0.02231	0.00909	0.00289	0.00413	0.02024	0.00661	0.00578
14	0.12614	0.23483	0.06461	0.01456	0.01928	0.32901	0.01256	0.02409	0.01674	0.02022	0.01163	0.01350	0.00969	0.00693	0.00553	0.00181	0.00946	0.00447	0.06651	0.00844
15	0.00942	0.00725	0.00860	0.00826	0.01023	0.00644	0.00620	0.01216	0.01859	0.02484	0.45091	0.05930	0.32017	0.01594	0.00841	0.00231	0.00346	0.01373	0.00735	0.00644
16	0.01735	0.01120	0.01329	0.01134	0.01468	0.01122	0.00893	0.13684	0.09876	0.14170	0.33886	0.04047	0.10095	0.01232	0.00784	0.00225	0.00487	0.01045	0.00769	0.00900
17	0.01558	0.01558	0.02181	0.01869	0.01869	0.02181	0.01558	0.01714	0.01091	0.01714	0.00935	0.01558	0.00935	0.01246	0.02337	0.00312	0.73672	0.00623	0.00312	0.00779
18	0.01477	0.01266	0.01477	0.01055	0.01687	0.00949	0.00844	0.01793	0.01477	0.02320	0.01266	0.01477	0.01055	0.00527	0.00527	0.00105	0.00527	0.00422	0.00422	0.79328
19	0.03195	0.01212	0.01652	0.01267	0.01818	0.01047	0.01047	0.03470	0.02038	0.71026	0.02809	0.02424	0.01763	0.00881	0.00716	0.00220	0.00606	0.00716	0.00881	0.01212
20	0.03195	0.01212	0.01652	0.01267	0.01818	0.01047	0.01047	0.03470	0.02038	0.71026	0.02809	0.02424	0.01763	0.00881	0.00716	0.00220	0.00606	0.00716	0.00881	0.01212
21	0.02282	0.01506	0.02026	0.09021	0.18862	0.01565	0.01440	0.22676	0.02212	0.18523	0.01902	0.02021	0.01367	0.00790	0.00684	0.00211	0.00718	0.00658	0.10453	0.01082
22	0.00931	0.00703	0.00866	0.00912	0.01064	0.00638	0.00676	0.01159	0.01673	0.02208	0.25833	0.26121	0.24736	0.01833	0.00874	0.00258	0.00397	0.07796	0.00699	0.00622
23	0.00868	0.00620	0.00826	0.00991	0.01033	0.00578	0.00661	0.00991	0.01363	0.01818	0.03925	0.74510	0.04710	0.02231	0.00909	0.00289	0.00413	0.02024	0.00661	0.00578
24	0.01012	0.00731	0.00958	0.00909	0.01077	0.00677	0.00687	0.01348	0.02003	0.02832	0.67997	0.05407	0.06633	0.01472	0.00845	0.00227	0.00346	0.03386	0.00780	0.00671
25	0.01815	0.62078	0.16283	0.01369	0.02061	0.02601	0.01481	0.02155	0.01457	0.01783	0.01043	0.01209	0.00912	0.00622	0.00498	0.00166	0.00816	0.00408	0.00304	0.00940
26	0.00842	0.00721	0.00721	0.00721	0.00962	0.00601	0.00541	0.01022	0.01623	0.01924	0.07213	0.06853	0.70244	0.01803	0.00842	0.00240	0.00361	0.01503	0.00661	0.00601
27	0.03136	0.01307	0.01711	0.01312	0.01865	0.01187	0.01084	0.11298	0.02197	0.62975	0.02676	0.02337	0.01696	0.00878	0.00716	0.00220	0.00627	0.00707	0.00861	0.01212
28	0.01733	0.01718	0.03096	0.06516	0.56446	0.01707	0.13806	0.02190	0.01625	0.02301	0.01355	0.01795	0.01113	0.00631	0.00729	0.00217	0.00912	0.00671	0.00353	0.01087
29	0.02899	0.01687	0.01947	0.01492	0.02055	0.01752	0.01233	0.42727	0.02833	0.30647	0.02142	0.01990	0.01428	0.00865	0.00714	0.00216	0.00714	0.00671	0.00779	0.01211
30	0.01681	0.01921	0.04202	0.03001	0.03721	0.01801	0.67947	0.02281	0.01681	0.02281	0.01441	0.01921	0.01080	0.00600	0.00840	0.00240	0.01200	0.00840	0.00360	0.00960
31	0.01904	0.75404	0.03731	0.01218	0.01828	0.02818	0.01218	0.02132	0.01447	0.01675	0.00990	0.01142	0.00914	0.00609	0.00457	0.00152	0.00761	0.00381	0.00305	0.00914
32	0.01890	0.51716	0.20276	0.01423	0.02137	0.02388	0.01554	0.02270	0.01508	0.07377	0.01207	0.01334	0.00979	0.00648	0.00532	0.00176	0.00821	0.00444	0.00350	0.00972
33	0.01428	0.03683	0.71286	0.02030	0.03082	0.01654	0.02631	0.02255	0.01503	0.02255	0.01278	0.01503	0.00902	0.00677	0.00677	0.00226	0.01052	0.00526	0.00301	0.01052
34	0.00978	0.00727	0.00911	0.00865	0.01046	0.00659	0.00649	0.01287	0.01946	0.02691	0.59028	0.05590	0.17951	0.01517	0.00840	0.00227	0.00340	0.01326	0.00762	0.00659
35	0.80005	0.01377	0.01047	0.00936	0.01377	0.01597	0.00771	0.02093	0.01212	0.03195	0.00991	0.01157	0.00771	0.00661	0.00441	0.00220	0.00551	0.00386	0.00441	0.00771
36	0.01904	0.75404	0.03731	0.01218	0.01828	0.02818	0.01218	0.02132	0.01447	0.01675	0.00990	0.01142	0.00914	0.00609	0.00457	0.00152	0.00761	0.00381	0.00305	0.00914
37	0.80005	0.01377	0.01047	0.00936	0.01377	0.01597	0.00771	0.02093	0.01212	0.03195	0.00991	0.01157	0.00771	0.00661	0.00441	0.00220	0.00551	0.00386	0.00441	0.00771
38	0.01771	0.01530	0.01610	0.01449	0.01852	0.01771	0.01127	0.03784	0.69247	0.02979	0.02898	0.02657	0.02174	0.00966	0.00725	0.00242	0.00564	0.00805	0.00725	0.01127
39	0.01771	0.01530	0.01610	0.01449	0.01852	0.01771	0.01127	0.03784	0.69247	0.02979	0.02898	0.02657	0.02174	0.00966	0.00725	0.00242	0.00564	0.00805	0.00725	0.01127
40	0.05629	0.01971	0.02096	0.01612	0.02177	0.02185	0.01331	0.65662	0.03267	0.04439	0.01682	0.01689	0.01194	0.00847	0.00702	0.00214	0.00775	0.00631	0.00702	0.01194
41	0.01008	0.00728	0.00952	0.00896	0.01064	0.00672	0.00672	0.01344	0.02016	0.02855	0.70158	0.05319	0.06719	0.01456	0.00840	0.00224	0.00336	0.01288	0.00784	0.00672
42	0.01342	0.00961	0.01163	0.01059	0.01311	0.00972	0.00811	0.02095	0.18884	0.07344	0.48880	0.04462	0.05254	0.01295	0.00803	0.00228	0.00411	0.01129	0.00775	0.00821
43	0.00918	0.00701	0.00843	0.00856	0.01021	0.00626	0.00623	0.01152	0.01732	0.02296	0.33238	0.21311	0.28602	0.01751	0.00856	0.00244	0.00362	0.01528	0.00713	0.00626
44	0.00892	0.00639	0.00848	0.00975	0.01038	0.00595	0.00663	0.01053	0.01478	0.02000	0.15567	0.62348	0.05063	0.02095	0.00897	0.00278	0.00400	0.01895	0.00683	0.00595
45	0.03195	0.01212	0.01652	0.01267	0.01818	0.01047	0.01047	0.03470	0.02038	0.71026	0.02809	0.02424	0.01763	0.00881	0.00716	0.00220	0.00606	0.00716	0.00881	0.01212
46	0.69833	0.01355	0.01127	0.00980	0.01435	0.01524	0.00808	0.02276	0.01321	0.12178	0.01232	0.01325	0.00902	0.00690	0.00477	0.00220	0.00558	0.00429	0.00499	0.00830
47	0.01428	0.03683	0.71286	0.02030	0.03082	0.01654	0.02631	0.02255	0.01503	0.02255	0.01278	0.01503	0.00902	0.00677	0.00677	0.00226	0.01052	0.00526	0.00301	0.01052
48	0.00917	0.00641	0.00812	0.00928	0.00957	0.00611	0.00593	0.01004	0.01267	0.01689	0.03428	0.53890	0.04083	0.23706	0.01710	0.00408	0.00495	0.01732	0.00593	0.00535
49	0.00868	0.00620	0.00826	0.00991	0.01033	0.00578	0.00661	0.00991	0.01363	0.01818	0.03925	0.74510	0.04710	0.02231	0.00909	0.00289	0.00413	0.02024	0.00661	0.00578
50	0.02118	0.02599	0.11140	0.02427	0.16389	0.27792	0.08103	0.07759	0.10338	0.02346	0.01476	0.01676	0.01154	0.00732	0.00694	0.00210	0.01028	0.00597	0.00426	0.00997
51	0.01635	0.03340	0.59787	0.02049	0.05617	0.01650	0.02432	0.06398	0.01657	0.06862	0.01406	0.01586	0.00986	0.00699	0.00682	0.00224	0.00999	0.00550	0.00366	0.01075
52	0.03195	0.01212	0.01652	0.01267	0.01818	0.01047	0.01047	0.03470	0.02038	0.71026	0.02809	0.02424	0.01763	0.00881	0.00716	0.00220	0.00606	0.00716	0.00881	0.01212
53	0.01714	0.01643	0.02804	0.12280	0.62999	0.01679	0.02161	0.02143	0.01599	0.02268	0.01331	0.01778	0.01107	0.00643	0.00706	0.00214	0.00858	0.00634	0.00348	0.01089
54	0.09356	0.04662	0.02523	0.02014	0.06269	0.06111	0.20546	0.13599	0.10668	0.06726	0.05965	0.02315	0.01707	0.00831	0.00730	0.00227	0.00845	0.03378	0.00540	0.00990
55	0.00990	0.00671	0.00790	0.00835	0.00846	0.00660	0.00494	0.01024	0.01125	0.01500	0.02702	0.23690	0.03167	0.55156	0.02884	0.00581	0.00615	0.01305	0.00494	0.00471
56	0.00862	0.00703	0.00763	0.00789	0.00985	0.00604	0.00576	0.01047	0.01611	0.01992	0.12560	0.19403	0.51928	0.01851	0.00854	0.00248	0.00368	0.01580	0.00673	0.00604
57	0.01563	0.02706	0.36857	0.01656	0.02317	0.13730	0.01806	0.02076	0.01618	0.04675	0.02446	0.10741	0.10157	0.01063	0.00731	0.00231	0.00901	0.03396	0.00434	0.00892
58	0.11712	0.53324	0.15357	0.01326	0.01993	0.02457	0.01412	0.02149	0.01427	0.01970	0.01041	0.01208	0.00894	0.00628	0.00494	0.00174	0.00786	0.00407	0.00321	0.00920
59	0.76866	0.01370	0.01071	0.00950	0.01395	0.01575	0.00782	0.02149	0.01246	0.05966	0.01066	0.01209	0.00812	0.00670	0.00452	0.00220	0.00553	0.00399	0.00459	0.00789
60	0.00985	0.00754	0.00923	0.00980	0.01172	0.00693	0.00792	0.01244	0.01688	0.02160	0.16942	0.09780	0.32008	0.01820	0.00896	0.00272	0.00467	0.25111	0.00681	0.00633
61	0.02356	0.02203	0.14209	0.01703	0.02236	0.07841	0.01565	0.28532	0.02294	0.14435	0.01628	0.01729	0.01175	0.00887	0.00988	0.00232	0.13731	0.00615	0.00568	0.01074
62	0.01477	0.01266	0.01477	0.01055	0.01687	0.00949	0.00844	0.01793	0.01477	0.02320	0.01266	0.01477	0.01055	0.00527	0.00527	0.00105	0.00527	0.00422	0.00422	0.79328
63	0.01747	0.02001	0.03326	0.08233	0.03289	0.14025	0.44454	0.02218	0.01689	0.02105	0.01607	0.08824	0.01392	0.00790	0.00802	0.00235	0.01119	0.00871	0.00387	0.00886
64	0.00967	0.00734	0.00901	0.00922	0.01103	0.00668	0.00715	0.01232	0.01763	0.02328	0.31645	0.11875	0.27266	0.01728	0.00872	0.00254	0.00409	0.13271	0.00710	0.00638
65	0.00845	0.00708	0.00735	0.00756	0.00971	0.00598	0.00556	0.01018	0.01590	0.01910	0.06797	0.15423	0.61943	0.01858	0.00850	0.00247	0.00367	0.01569	0.00661	0.00598
66	0.00858	0.00722	0.00744	0.00738	0.00972	0.00608	0.00554	0.01053	0.01661	0.02014	0.13298	0.06705	0.64104	0.01770	0.00841	0.00239	0.00358	0.01482	0.00673	0.00608
67	0.02121	0.14797	0.02706	0.05705	0.32877	0.08319	0.01706	0.13118	0.01935	0.07998	0.01432	0.01660	0.01128	0.00698	0.00658	0.00201	0.00846	0.00581	0.00445	0.01069
68	0.55023	0.01183	0.01078	0.01002	0.01344	0.01374	0.00809	0.01833	0.01190	0.02707	0.01281	0.01676	0.01090	0.02141	0.23121	0.00513	0.00980	0.00505	0.00422	0.00728
69	0.01026	0.00726	0.00960	0.00960	0.01023	0.00790	0.00660	0.01153	0.01090	0.01516	0.02076	0.03733	0.02186	0.40309	0.37740	0.00916	0.01296	0.00900	0.00407	0.00533
70	0.01470	0.01380	0.02484	0.58265	0.04585	0.01602	0.13608	0.01960	0.01491	0.04377	0.01352	0.01921	0.01002	0.00698	0.00735	0.00237	0.00981	0.00672	0.00344	0.00836
71	0.01627	0.01933	0.12615	0.09320	0.16907	0.09734	0.04106	0.04547	0.09804	0.02237	0.04360	0.04736	0.05775	0.08040	0.01003	0.00269	0.00842	0.00782	0.00451	0.00912
72	0.03179	0.01236	0.01668	0.01279	0.01830	0.01083	0.01056	0.05500	0.02079	0.68938	0.02775	0.02401	0.01745	0.00880	0.00716	0.00220	0.00611	0.00714	0.00876	0.01212
73	0.01470	0.00818	0.00834	0.00782	0.00994	0.00846	0.00600	0.07801	0.04223	0.02834	0.02289	0.02569	0.01782	0.00837	0.00526	0.00173	0.00382	0.00667	0.68843	0.00731
74	0.01985	0.05074	0.11501	0.02556	0.14391	0.15007	0.22432	0.02585	0.07461	0.07730	0.01555	0.01795	0.01177	0.00695	0.00725	0.00218	0.01019	0.00664	0.00423	0.01008
75	0.01101	0.00907	0.01328	0.13612	0.01919	0.00948	0.03659	0.01413	0.01660	0.02228	0.24970	0.14145	0.12875	0.01509	0.00922	0.00258	0.04087	0.11163	0.00611	0.00685
76	0.02966	0.01217	0.01608	0.01248	0.01771	0.01081	0.01025	0.07227	0.02094	0.60996	0.04998	0.02718	0.05770	0.00949	0.00727	0.00221	0.00595	0.00773	0.00856	0.01161
77	0.00867	0.00668	0.00794	0.00878	0.01007	0.00594	0.00614	0.01028	0.01512	0.01933	0.09891	0.42870	0.30778	0.02007	0.00877	0.00265	0.00387	0.01766	0.00670	0.00594
78	0.01881	0.24747	0.24699	0.02050	0.11874	0.16319	0.01831	0.02389	0.04290	0.02016	0.01228	0.01432	0.00990	0.00674	0.00610	0.00194	0.00964	0.00495	0.00339	0.00978
79	0.01478	0.01334	0.02140	0.17763	0.30073	0.01438	0.03681	0.01908	0.04068	0.02160	0.01982	0.10390	0.04328	0.00949	0.00827	0.00231	0.05512	0.00842	0.07999	0.00900
80	0.00900	0.00696	0.00821	0.00849	0.01012	0.00617	0.00614	0.01112	0.01672	0.02180	0.25560	0.24887	0.32897	0.01814	0.00859	0.00249	0.00367	0.01580	0.00699	0.00617
81	0.04793	0.16675	0.14062	0.08548	0.09219	0.25798	0.07001	0.02381	0.01675	0.01973	0.01170	0.01442	0.00945	0.00676	0.00633	0.00198	0.01040	0.00516	0.00340	0.00915
82	0.04170	0.12907	0.16263	0.11608	0.15393	0.04594	0.07134	0.12697	0.04172	0.02517	0.01368	0.01638	0.01056	0.00697	0.00666	0.00212	0.00904	0.00585	0.00404	0.01015
83	0.00904	0.00679	0.00844	0.00939	0.01060	0.00619	0.00677	0.01087	0.01534	0.01995	0.12339	0.41935	0.22529	0.02002	0.00890	0.00272	0.00414	0.08005	0.00675	0.00603
84	0.08578	0.01704	0.02504	0.02444	0.19792	0.01733	0.12927	0.22186	0.02196	0.16279	0.01723	0.01853	0.01238	0.00744	0.00711	0.00219	0.00818	0.00668	0.00571	0.01112
85	0.00903	0.00709	0.00817	0.00822	0.01008	0.00622	0.00604	0.01130	0.01722	0.02233	0.28647	0.16197	0.38561	0.01745	0.00851	0.00242	0.00360	0.01504	0.00704	0.00622
86	0.09788	0.22744	0.02423	0.07618	0.02239	0.31835	0.01328	0.08335	0.01825	0.02117	0.01123	0.01331	0.00932	0.00716	0.00633	0.00189	0.03101	0.00466	0.00382	0.00875
87	0.00895	0.00642	0.00808	0.00928	0.00981	0.00600	0.00609	0.01002	0.01330	0.01751	0.03937	0.55906	0.10464	0.14978	0.01380	0.00355	0.00457	0.01802	0.00621	0.00555
88	0.02211	0.03781	0.01876	0.01451	0.01903	0.01863	0.01186	0.44390	0.08175	0.03797	0.11937	0.02480	0.04216	0.00988	0.00786	0.00219	0.03558	0.00768	0.03355	0.01063
89	0.10511	0.06205	0.17370	0.01902	0.07768	0.21157	0.01639	0.20245	0.02120	0.02797	0.01307	0.01466	0.00995	0.00732	0.00643	0.00206	0.00959	0.00526	0.00450	0.01003
90	0.01675	0.08973	0.11275	0.03143	0.41155	0.01742	0.01910	0.02318	0.10117	0.02283	0.01541	0.01866	0.01264	0.01056	0.06406	0.00286	0.00913	0.00628	0.00391	0.01058
91	0.02191	0.11023	0.02102	0.01459	0.01994	0.06256	0.01203	0.30560	0.17379	0.03272	0.01773	0.01785	0.01344	0.00787	0.00648	0.00192	0.00720	0.00597	0.00595	0.14120
92	0.01837	0.10189	0.20714	0.01497	0.02178	0.01522	0.03985	0.08320	0.04502	0.12097	0.01883	0.01979	0.04529	0.00930	0.03475	0.00227	0.00803	0.00604	0.00488	0.18244
93	0.01705	0.15717	0.39248	0.01870	0.04895	0.01838	0.04515	0.06191	0.03598	0.06367	0.01497	0.04550	0.01182	0.00772	0.00710	0.00217	0.03109	0.00606	0.00392	0.01020
94	0.01572	0.07168	0.47462	0.02182	0.11501	0.01727	0.02247	0.05513	0.06841	0.02416	0.03802	0.01747	0.01246	0.00725	0.00679	0.00220	0.00934	0.00585	0.00377	0.01054
95	0.01609	0.01513	0.02512	0.20721	0.41735	0.01604	0.04046	0.02161	0.06598	0.02234	0.01635	0.02370	0.01398	0.00784	0.00735	0.00230	0.00846	0.05871	0.00396	0.01002
96	0.01517	0.01447	0.02456	0.44208	0.27178	0.01635	0.04629	0.02037	0.04072	0.02055	0.01360	0.01882	0.01062	0.00691	0.00715	0.00229	0.00909	0.00648	0.00346	0.00926
97	0.02067	0.09621	0.21348	0.01771	0.05005	0.12786	0.01660	0.19138	0.07530	0.05243	0.05770	0.01858	0.01484	0.00801	0.00675	0.00209	0.00885	0.00611	0.00502	0.01035
98	0.00920	0.00679	0.00870	0.00989	0.01095	0.00629	0.00720	0.01104	0.01506	0.01971	0.09786	0.46195	0.16290	0.02050	0.00904	0.00282	0.00437	0.12298	0.00670	0.00603
99	0.00879	0.00628	0.00836	0.00984	0.01035	0.00586	0.00662	0.01020	0.01416	0.01901	0.09233	0.68965	0.04871	0.02169	0.00903	0.00284	0.00407	0.01965	0.00671	0.00586
100	0.01068	0.01329	0.15403	0.01094	0.01458	0.00839	0.01035	0.01399	0.01621	0.04247	0.15466	0.19522	0.29680	0.01575	0.00817	0.00244	0.00518	0.01351	0.00613	0.00720
101	0.01650	0.01577	0.02687	0.22934	0.52850	0.01662	0.02129	0.02087	0.01568	0.02190	0.01320	0.01799	0.01080	0.00655	0.00707	0.00218	0.00874	0.00634	0.00343	0.01037
102	0.01327	0.00664	0.00664	0.00664	0.00830	0.00664	0.00498	0.01659	0.01493	0.02655	0.02323	0.02655	0.01825	0.00830	0.00498	0.00166	0.00332	0.00664	0.78928	0.00664
103	0.03195	0.01212	0.01652	0.01267	0.01818	0.01047	0.01047	0.03470	0.02038	0.71026	0.02809	0.02424	0.01763	0.00881	0.00716	0.00220	0.00606	0.00716	0.00881	0.01212
104	0.01529	0.02980	0.44512	0.02417	0.03337	0.01712	0.28699	0.02265	0.01574	0.02265	0.01343	0.01670	0.00973	0.00646	0.00742	0.00231	0.01111	0.00652	0.00324	0.01016
105	0.01771	0.01530	0.01610	0.01449	0.01852	0.01771	0.01127	0.03784	0.69247	0.02979	0.02898	0.02657	0.02174	0.00966	0.00725	0.00242	0.00564	0.00805	0.00725	0.01127
106	0.02388	0.01557	0.01751	0.01446	0.01930	0.01681	0.01161	0.19446	0.34815	0.21887	0.02583	0.02362	0.01826	0.00916	0.00719	0.00229	0.00629	0.00741	0.00764	0.01171
107	0.00904	0.00643	0.00854	0.01010	0.01061	0.00608	0.00695	0.01041	0.01371	0.01823	0.03814	0.64100	0.04529	0.06355	0.01071	0.00316	0.00452	0.08127	0.00647	0.00577
108	0.02626	0.03323	0.02002	0.01820	0.02188	0.69451	0.01366	0.02879	0.04566	0.01790	0.01169	0.01336	0.00965	0.00743	0.00645	0.00186	0.01257	0.00472	0.00380	0.00837
109	0.02707	0.01995	0.02137	0.01638	0.02208	0.02208	0.01353	0.68159	0.03348	0.04488	0.01710	0.01710	0.01211	0.00855	0.00712	0.00214	0.00784	0.00641	0.00712	0.01211
110	0.01762	0.01692	0.02890	0.04371	0.70533	0.01692	0.02185	0.02185	0.01621	0.02326	0.01339	0.01762	0.01128	0.00634	0.00705	0.00211	0.00846	0.00634	0.00352	0.01128
111	0.00865	0.00630	0.00816	0.00965	0.01026	0.00581	0.00649	0.00994	0.01388	0.01828	0.04243	0.67970	0.11044	0.02190	0.00902	0.00284	0.00408	0.01974	0.00661	0.00581
112	0.00925	0.00675	0.00870	0.00926	0.01040	0.00620	0.00655	0.01144	0.01665	0.02270	0.32471	0.38846	0.11529	0.01861	0.00873	0.00257	0.00375	0.01663	0.00713	0.00620
113	0.02873	0.01728	0.01972	0.01512	0.02075	0.01813	0.01249	0.46137	0.02902	0.27139	0.02084	0.01953	0.01399	0.00864	0.00714	0.00216	0.00723	0.00667	0.00770	0.01211
114	0.33544	0.07901	0.01757	0.01398	0.01756	0.21017	0.01129	0.02375	0.06904	0.02418	0.01165	0.01377	0.00962	0.00797	0.00830	0.00221	0.12732	0.00478	0.00411	0.00827
115	0.01657	0.01749	0.01893	0.01685	0.01793	0.16550	0.01356	0.01843	0.01298	0.01705	0.01208	0.01804	0.01138	0.02140	0.19061	0.00488	0.40915	0.00623	0.00340	0.00754
116	0.01762	0.01692	0.02890	0.04371	0.70533	0.01692	0.02185	0.02185	0.01621	0.02326	0.01339	0.01762	0.01128	0.00634	0.00705	0.00211	0.00846	0.00634	0.00352	0.01128
117	0.01983	0.20539	0.07935	0.05665	0.02308	0.06665	0.06696	0.06864	0.23274	0.08250	0.01878	0.01911	0.01420	0.00780	0.00655	0.00210	0.00790	0.00628	0.00521	0.01027
118	0.01101	0.00802	0.00967	0.00928	0.00933	0.00885	0.00591	0.01130	0.01047	0.01433	0.02066	0.04199	0.02350	0.63067	0.06053	0.00660	0.09918	0.00973	0.00414	0.00483
119	0.01036	0.00690	0.00777	0.00777	0.00777	0.00690	0.00431	0.01036	0.01036	0.01381	0.02244	0.04660	0.02589	0.74975	0.03624	0.00690	0.00690	0.01036	0.00431	0.00431
120	0.19638	0.01314	0.01564	0.01227	0.01756	0.01263	0.01013	0.08660	0.01972	0.50827	0.02326	0.02091	0.01503	0.00832	0.00657	0.00220	0.00609	0.00639	0.00772	0.01117
121	0.01611	0.04700	0.33835	0.02681	0.25380	0.04292	0.04048	0.02256	0.03913	0.02301	0.01428	0.01716	0.01102	0.00683	0.00670	0.00213	0.00913	0.00585	0.06639	0.01034
122	0.01016	0.00734	0.00988	0.01122	0.01248	0.00707	0.00893	0.01263	0.01575	0.02073	0.10101	0.31147	0.08878	0.02003	0.00935	0.00299	0.00522	0.33199	0.00670	0.00626
123	0.01084	0.00747	0.00962	0.00897	0.01086	0.00682	0.00677	0.01405	0.01985	0.05566	0.62361	0.05324	0.11608	0.01460	0.00835	0.00225	0.00349	0.01282	0.00778	0.00688
124	0.01009	0.00731	0.00967	0.00916	0.01080	0.00689	0.00689	0.01338	0.01946	0.02759	0.64687	0.05117	0.06323	0.01767	0.06555	0.00298	0.00462	0.01246	0.00752	0.00669
125	0.01938	0.48635	0.10996	0.07193	0.02283	0.14767	0.01468	0.02246	0.01552	0.01765	0.01064	0.01269	0.00916	0.00647	0.00535	0.00173	0.00902	0.00431	0.00316	0.00904
126	0.03178	0.01238	0.01669	0.01280	0.01831	0.01086	0.01057	0.05670	0.02083	0.68764	0.02772	0.02399	0.01744	0.00880	0.00716	0.00220	0.00612	0.00714	0.00876	0.01212
127	0.01289	0.00790	0.01042	0.00944	0.01161	0.00720	0.00720	0.01618	0.02019	0.11635	0.61484	0.04946	0.06080	0.01382	0.00824	0.00223	0.00371	0.01214	0.00796	0.00741
128	0.06429	0.01459	0.01594	0.01387	0.01762	0.04305	0.01134	0.26961	0.07599	0.06999	0.02219	0.03103	0.01908	0.01830	0.13291	0.00397	0.00919	0.11938	0.03822	0.00944
129	0.01208	0.01033	0.01596	0.07349	0.07661	0.01087	0.07161	0.01671	0.08053	0.02011	0.02860	0.19081	0.07366	0.02455	0.19397	0.00492	0.00987	0.07265	0.00513	0.00754
130	0.00868	0.00620	0.00826	0.00991	0.01033	0.00578	0.00661	0.00991	0.01363	0.01818	0.03925	0.74510	0.04710	0.02231	0.00909	0.00289	0.00413	0.02024	0.00661	0.00578
131	0.20072	0.42527	0.12184	0.01297	0.01924	0.02326	0.01318	0.07432	0.01552	0.02333	0.01087	0.01240	0.00903	0.00650	0.00504	0.00183	0.00754	0.00423	0.00368	0.00923
132	0.01982	0.28325	0.24516	0.01626	0.02337	0.08602	0.01703	0.15836	0.04476	0.02491	0.01311	0.01443	0.01019	0.00706	0.00606	0.00194	0.00898	0.00503	0.00409	0.01019

[dist]
# distance from previous block
# <min> <max>
0	9

[block]
# block no. 2 follows, 29 sequences, length 94
# corresponding to MSA columns:
# 276-356,363-375
name=unknown_C
#
# <colnr> <probs for GDERKNQSTAVLIFYWHMCP>
#	G	D	E	R	K	N	Q	S	T	A	V	L	I	F	Y	W	H	M	C	P
0	0.01870	0.33447	0.13175	0.01437	0.01995	0.11802	0.01386	0.10092	0.01754	0.02136	0.01665	0.07991	0.03968	0.01025	0.03192	0.00226	0.00877	0.00646	0.00410	0.00907
1	0.00921	0.00658	0.00888	0.01053	0.01117	0.00624	0.00754	0.01084	0.01416	0.01877	0.03895	0.61831	0.04593	0.02181	0.00923	0.00297	0.00459	0.14177	0.00660	0.00593
2	0.02063	0.60233	0.03370	0.01348	0.01906	0.17417	0.01252	0.02282	0.01567	0.01690	0.01013	0.01172	0.00915	0.00635	0.00496	0.00159	0.00872	0.00397	0.00318	0.00895
3	0.01731	0.06955	0.07521	0.03659	0.44553	0.01795	0.18943	0.02210	0.01617	0.02265	0.01337	0.01744	0.01087	0.00627	0.00721	0.00216	0.00943	0.00663	0.00348	0.01066
4	0.02174	0.35901	0.11112	0.04203	0.02207	0.02298	0.01442	0.21720	0.02065	0.08586	0.01405	0.01493	0.01075	0.00717	0.00591	0.00188	0.00797	0.00514	0.00475	0.01039
5	0.01332	0.01219	0.01220	0.01308	0.01474	0.13359	0.01042	0.01577	0.01593	0.01942	0.03176	0.23220	0.03490	0.02108	0.07069	0.00363	0.00814	0.32447	0.00582	0.00664
6	0.00863	0.00722	0.00750	0.00743	0.00975	0.00610	0.00557	0.01062	0.01672	0.02041	0.15138	0.06660	0.62247	0.01760	0.00841	0.00238	0.00358	0.01476	0.00677	0.00610
7	0.80005	0.01377	0.01047	0.00936	0.01377	0.01597	0.00771	0.02093	0.01212	0.03195	0.00991	0.01157	0.00771	0.00661	0.00441	0.00220	0.00551	0.00386	0.00441	0.00771
8	0.00889	0.00714	0.00793	0.00792	0.00996	0.00618	0.00587	0.01106	0.01707	0.02167	0.23983	0.12297	0.47356	0.01746	0.00847	0.00240	0.00359	0.01490	0.00694	0.00618
9	0.01762	0.01692	0.02890	0.04371	0.70533	0.01692	0.02185	0.02185	0.01621	0.02326	0.01339	0.01762	0.01128	0.00634	0.00705	0.00211	0.00846	0.00634	0.00352	0.01128
10	0.01762	0.01692	0.02890	0.04371	0.70533	0.01692	0.02185	0.02185	0.01621	0.02326	0.01339	0.01762	0.01128	0.00634	0.00705	0.00211	0.00846	0.00634	0.00352	0.01128
11	0.00998	0.00727	0.00938	0.00885	0.01058	0.00668	0.00664	0.01324	0.01992	0.02799	0.66374	0.05411	0.10537	0.01477	0.00840	0.00225	0.00337	0.01301	0.00776	0.00668
12	0.02070	0.01676	0.01705	0.03548	0.01990	0.07820	0.01171	0.09092	0.44716	0.10891	0.02505	0.02351	0.01845	0.00899	0.00706	0.00225	0.00660	0.00728	0.00685	0.04718
13	0.80005	0.01377	0.01047	0.00936	0.01377	0.01597	0.00771	0.02093	0.01212	0.03195	0.00991	0.01157	0.00771	0.00661	0.00441	0.00220	0.00551	0.00386	0.00441	0.00771
14	0.76460	0.01369	0.01075	0.00952	0.01397	0.01572	0.00784	0.02157	0.01250	0.06326	0.01075	0.01215	0.00817	0.00671	0.00453	0.00220	0.00553	0.00401	0.00461	0.00791
15	0.02664	0.01973	0.02113	0.01630	0.02192	0.02188	0.01343	0.65188	0.06390	0.04418	0.01764	0.01753	0.01255	0.00860	0.00713	0.00215	0.00773	0.00649	0.00713	0.01207
16	0.01173	0.00687	0.00805	0.00806	0.00957	0.00686	0.00601	0.01478	0.01565	0.02509	0.18733	0.09537	0.03247	0.01649	0.09315	0.00309	0.00531	0.00944	0.43811	0.00655
17	0.01357	0.04045	0.07978	0.06578	0.01857	0.01287	0.01150	0.04337	0.23654	0.02334	0.03063	0.29575	0.05032	0.01433	0.00789	0.00256	0.00593	0.03218	0.00611	0.00854
18	0.01904	0.75404	0.03731	0.01218	0.01828	0.02818	0.01218	0.02132	0.01447	0.01675	0.00990	0.01142	0.00914	0.00609	0.00457	0.00152	0.00761	0.00381	0.00305	0.00914
19	0.02473	0.01878	0.02005	0.01591	0.02119	0.02099	0.01297	0.52059	0.19829	0.04110	0.02007	0.01946	0.01452	0.00883	0.00715	0.00221	0.00729	0.00682	0.00715	0.01190
20	0.01200	0.00992	0.01602	0.01542	0.06265	0.00966	0.12638	0.01410	0.01341	0.01796	0.02525	0.13124	0.02758	0.34420	0.02115	0.00462	0.00751	0.12981	0.00483	0.00632
21	0.00924	0.00640	0.00824	0.00943	0.01017	0.00598	0.00645	0.01094	0.01461	0.02020	0.11920	0.57864	0.06593	0.02002	0.00863	0.00269	0.00395	0.01801	0.07531	0.00598
22	0.00949	0.00722	0.00872	0.00843	0.01030	0.00646	0.00629	0.01226	0.01864	0.02515	0.47322	0.08340	0.27255	0.01597	0.00843	0.00232	0.00347	0.01384	0.00740	0.00646
23	0.01560	0.08070	0.08725	0.10418	0.31412	0.01646	0.09873	0.01998	0.01498	0.02086	0.01409	0.01902	0.01180	0.01471	0.13319	0.00379	0.01098	0.00651	0.00346	0.00960
24	0.80005	0.01377	0.01047	0.00936	0.01377	0.01597	0.00771	0.02093	0.01212	0.03195	0.00991	0.01157	0.00771	0.00661	0.00441	0.00220	0.00551	0.00386	0.00441	0.00771
25	0.01008	0.00728	0.00952	0.00896	0.01064	0.00672	0.00672	0.01344	0.02016	0.02855	0.70158	0.05319	0.06719	0.01456	0.00840	0.00224	0.00336	0.01288	0.00784	0.00672
26	0.03195	0.01212	0.01652	0.01267	0.01818	0.01047	0.01047	0.03470	0.02038	0.71026	0.02809	0.02424	0.01763	0.00881	0.00716	0.00220	0.00606	0.00716	0.00881	0.01212
27	0.01036	0.00690	0.00777	0.00777	0.00777	0.00690	0.00431	0.01036	0.01036	0.01381	0.02244	0.04660	0.02589	0.74975	0.03624	0.00690	0.00690	0.01036	0.00431	0.00431
28	0.02073	0.01566	0.02480	0.03330	0.47592	0.01512	0.01799	0.04947	0.01762	0.16766	0.01654	0.01874	0.01257	0.00685	0.00692	0.00204	0.00766	0.00633	0.00483	0.07922
29	0.01762	0.01692	0.02890	0.04371	0.70533	0.01692	0.02185	0.02185	0.01621	0.02326	0.01339	0.01762	0.01128	0.00634	0.00705	0.00211	0.00846	0.00634	0.00352	0.01128
30	0.01732	0.01454	0.01527	0.01380	0.01762	0.01674	0.01072	0.03598	0.63312	0.02950	0.02848	0.02657	0.02143	0.00954	0.00705	0.00235	0.00543	0.00793	0.07574	0.01086
31	0.01036	0.00690	0.00777	0.00777	0.00777	0.00690	0.00431	0.01036	0.01036	0.01381	0.02244	0.04660	0.02589	0.74975	0.03624	0.00690	0.00690	0.01036	0.00431	0.00431
32	0.02514	0.01899	0.02028	0.01599	0.02135	0.02118	0.01307	0.54866	0.16955	0.04176	0.01955	0.01905	0.01410	0.00878	0.00715	0.00219	0.00738	0.00675	0.00715	0.01194
33	0.01017	0.00763	0.01144	0.01144	0.01272	0.00890	0.00890	0.01272	0.01144	0.01653	0.01907	0.02797	0.01780	0.05340	0.72153	0.01144	0.01907	0.00763	0.00381	0.00636
34	0.03195	0.01212	0.01652	0.01267	0.01818	0.01047	0.01047	0.03470	0.02038	0.71026	0.02809	0.02424	0.01763	0.00881	0.00716	0.00220	0.00606	0.00716	0.00881	0.01212
35	0.80005	0.01377	0.01047	0.00936	0.01377	0.01597	0.00771	0.02093	0.01212	0.03195	0.00991	0.01157	0.00771	0.00661	0.00441	0.00220	0.00551	0.00386	0.00441	0.00771
36	0.01683	0.00847	0.01039	0.00924	0.01089	0.00797	0.00616	0.01765	0.01336	0.22254	0.02413	0.03990	0.02341	0.52769	0.02753	0.00549	0.00665	0.00940	0.00566	0.00665
37	0.01450	0.03531	0.65475	0.02114	0.03137	0.01666	0.08288	0.02257	0.01519	0.02257	0.01292	0.01540	0.00917	0.00670	0.00691	0.00227	0.01065	0.00553	0.00306	0.01044
38	0.01766	0.02050	0.04010	0.02899	0.03588	0.07960	0.62116	0.02330	0.01710	0.02234	0.01411	0.01865	0.01066	0.00612	0.00823	0.00235	0.01208	0.00807	0.00361	0.00949
39	0.01813	0.01859	0.03978	0.02849	0.03555	0.01735	0.62087	0.02385	0.01712	0.08302	0.01560	0.01965	0.01140	0.00625	0.00829	0.00238	0.01148	0.00829	0.00406	0.00982
40	0.01477	0.01266	0.01477	0.01055	0.01687	0.00949	0.00844	0.01793	0.01477	0.02320	0.01266	0.01477	0.01055	0.00527	0.00527	0.00105	0.00527	0.00422	0.00422	0.79328
41	0.01762	0.01692	0.02890	0.04371	0.70533	0.01692	0.02185	0.02185	0.01621	0.02326	0.01339	0.01762	0.01128	0.00634	0.00705	0.00211	0.00846	0.00634	0.00352	0.01128
42	0.01866	0.01798	0.02493	0.09971	0.39840	0.07877	0.01867	0.08097	0.08193	0.02426	0.01458	0.01797	0.01183	0.00755	0.00845	0.00223	0.07217	0.00635	0.00414	0.01046
43	0.01028	0.00687	0.00779	0.00787	0.00788	0.00685	0.00442	0.01033	0.01051	0.01401	0.02321	0.07884	0.02687	0.71618	0.03499	0.00672	0.00678	0.01081	0.00442	0.00438
44	0.01396	0.04303	0.12143	0.01598	0.08858	0.05069	0.01264	0.02114	0.16033	0.02384	0.15609	0.11658	0.12249	0.01215	0.00760	0.00232	0.00626	0.01038	0.00581	0.00871
45	0.02571	0.05634	0.02107	0.01895	0.04314	0.65341	0.01402	0.02762	0.01956	0.01758	0.01099	0.01303	0.00924	0.00744	0.00694	0.00188	0.03644	0.00467	0.00363	0.00836
46	0.01685	0.01259	0.01498	0.01080	0.01703	0.00961	0.00868	0.01997	0.01545	0.10661	0.01453	0.01592	0.01141	0.00570	0.00550	0.00119	0.00537	0.00458	0.00478	0.69845
47	0.01690	0.01612	0.02712	0.16243	0.56607	0.01676	0.02110	0.02180	0.04063	0.02262	0.01384	0.01819	0.01135	0.00660	0.00707	0.00217	0.00854	0.00640	0.00360	0.01069
48	0.00856	0.00722	0.00741	0.00736	0.00971	0.00607	0.00552	0.01050	0.01657	0.02004	0.12665	0.06720	0.64742	0.01773	0.00841	0.00239	0.00359	0.01484	0.00672	0.00607
49	0.00868	0.00620	0.00826	0.00991	0.01033	0.00578	0.00661	0.00991	0.01363	0.01818	0.03925	0.74510	0.04710	0.02231	0.00909	0.00289	0.00413	0.02024	0.00661	0.00578
50	0.00868	0.00620	0.00826	0.00991	0.01033	0.00578	0.00661	0.00991	0.01363	0.01818	0.03925	0.74510	0.04710	0.02231	0.00909	0.00289	0.00413	0.02024	0.00661	0.00578
51	0.00864	0.00634	0.00812	0.00954	0.01023	0.00581	0.00644	0.00996	0.01399	0.01832	0.04377	0.65204	0.13724	0.02172	0.00900	0.00282	0.00406	0.01953	0.00661	0.00581
52	0.02595	0.09649	0.02172	0.01773	0.02169	0.63438	0.01361	0.05218	0.02017	0.01839	0.01114	0.01288	0.00928	0.00727	0.00628	0.00182	0.01220	0.00459	0.00374	0.00848
53	0.00895	0.00658	0.00840	0.00933	0.01030	0.00602	0.00647	0.01074	0.01544	0.02063	0.19134	0.49788	0.14171	0.01999	0.00884	0.00268	0.00389	0.01788	0.00688	0.00602
