[name]
unknown

[dist]
# distance from previous block
# <min> <max>
0	165

[block]
# block no. 0 follows, 26 sequences, length 25
# corresponding to MSA columns:
# 311-335
name=unknown_A
#
# <colnr> <probs for GDERKNQSTAVLIFYWHMCP>
#	G	D	E	R	K	N	Q	S	T	A	V	L	I	F	Y	W	H	M	C	P
0	0.01586	0.01932	0.19471	0.01663	0.02285	0.01283	0.10904	0.04804	0.01819	0.08748	0.03724	0.04116	0.21955	0.01215	0.00825	0.00248	0.00791	0.06453	0.00566	0.05613
1	0.01540	0.13881	0.50940	0.01913	0.02837	0.01841	0.02341	0.02248	0.01543	0.02228	0.01402	0.01722	0.01083	0.01349	0.09642	0.00355	0.01192	0.00570	0.00332	0.01042
2	0.01271	0.01165	0.01108	0.01054	0.01287	0.09684	0.00788	0.01616	0.04397	0.02555	0.36669	0.08229	0.24186	0.01576	0.00867	0.00242	0.00508	0.01339	0.00732	0.00728
3	0.02364	0.01720	0.02228	0.02366	0.20057	0.01819	0.01537	0.28315	0.02493	0.11930	0.02357	0.02449	0.07217	0.00963	0.00864	0.00234	0.05085	0.00772	0.04073	0.01155
4	0.01775	0.46472	0.20387	0.01475	0.02185	0.02389	0.01609	0.02197	0.01635	0.02105	0.09773	0.01888	0.01766	0.00783	0.00599	0.00192	0.00832	0.00570	0.00389	0.00978
5	0.01198	0.00829	0.00991	0.00927	0.01151	0.00734	0.00676	0.01436	0.01795	0.06675	0.28397	0.10481	0.23350	0.11582	0.01282	0.00309	0.00455	0.01359	0.00717	0.05654
6	0.01824	0.01864	0.02818	0.02145	0.02714	0.08621	0.28238	0.05360	0.12042	0.02688	0.11780	0.02573	0.02221	0.00854	0.00805	0.00228	0.00932	0.00853	0.00538	0.10902
7	0.01715	0.01594	0.02627	0.38030	0.32783	0.01777	0.02163	0.06003	0.01733	0.02347	0.01411	0.01947	0.01111	0.00731	0.00755	0.00239	0.00952	0.00675	0.00379	0.01027
8	0.00953	0.00739	0.00868	0.00902	0.01076	0.00654	0.00651	0.01174	0.01765	0.02290	0.23349	0.25666	0.33295	0.01950	0.00917	0.00266	0.00393	0.01697	0.00740	0.00654
9	0.01521	0.03923	0.69413	0.02162	0.03283	0.01762	0.02802	0.02402	0.01601	0.02402	0.01361	0.01601	0.00961	0.00721	0.00721	0.00240	0.01121	0.00560	0.00320	0.01121
10	0.01432	0.01348	0.02275	0.71520	0.05224	0.01685	0.02107	0.01938	0.01517	0.01938	0.01348	0.02022	0.01011	0.00758	0.00758	0.00253	0.01011	0.00674	0.00337	0.00843
11	0.00952	0.00771	0.00846	0.00827	0.01059	0.00664	0.00620	0.01197	0.01861	0.02363	0.26831	0.06783	0.48961	0.01804	0.00896	0.00251	0.00376	0.01528	0.00746	0.00664
12	0.61014	0.01499	0.01311	0.01115	0.01613	0.01672	0.00919	0.08033	0.01619	0.13172	0.01407	0.01482	0.01017	0.00757	0.00538	0.00234	0.00617	0.00486	0.00564	0.00931
13	0.02206	0.01095	0.01358	0.01138	0.01558	0.00986	0.00907	0.02638	0.07727	0.34382	0.12823	0.04440	0.22872	0.01325	0.00821	0.00244	0.00525	0.01105	0.00839	0.01010
14	0.01659	0.01659	0.02323	0.01991	0.01991	0.02323	0.01659	0.01825	0.01162	0.01825	0.00996	0.01659	0.00996	0.01328	0.02489	0.00332	0.71955	0.00664	0.00332	0.00830
15	0.02883	0.02125	0.02276	0.01745	0.02352	0.02352	0.01442	0.66082	0.03566	0.04780	0.01821	0.01821	0.01290	0.00911	0.00759	0.00228	0.00835	0.00683	0.00759	0.01290
16	0.01659	0.01659	0.02323	0.01991	0.01991	0.02323	0.01659	0.01825	0.01162	0.01825	0.00996	0.01659	0.00996	0.01328	0.02489	0.00332	0.71955	0.00664	0.00332	0.00830
17	0.00896	0.00768	0.00768	0.00768	0.01025	0.00640	0.00576	0.01089	0.01729	0.02049	0.07684	0.07300	0.68304	0.01921	0.00896	0.00256	0.00384	0.01601	0.00704	0.00640
18	0.01583	0.01457	0.02207	0.48438	0.09971	0.01745	0.01903	0.02487	0.17718	0.02289	0.01783	0.02208	0.01349	0.00818	0.00761	0.00251	0.00900	0.00719	0.00447	0.00962
19	0.78701	0.01467	0.01115	0.00997	0.01467	0.01702	0.00821	0.02230	0.01291	0.03403	0.01056	0.01232	0.00821	0.00704	0.00469	0.00235	0.00587	0.00411	0.00469	0.00821
20	0.00924	0.00660	0.00880	0.01056	0.01100	0.00616	0.00704	0.01056	0.01452	0.01936	0.04181	0.72848	0.05017	0.02376	0.00968	0.00308	0.00440	0.02156	0.00704	0.00616
21	0.78701	0.01467	0.01115	0.00997	0.01467	0.01702	0.00821	0.02230	0.01291	0.03403	0.01056	0.01232	0.00821	0.00704	0.00469	0.00235	0.00587	0.00411	0.00469	0.00821
22	0.00954	0.00683	0.00907	0.01036	0.01107	0.00636	0.00706	0.01132	0.01592	0.02159	0.17065	0.59330	0.05447	0.02210	0.00953	0.00294	0.00424	0.01998	0.00730	0.00636
23	0.02269	0.35280	0.02894	0.01569	0.02086	0.25346	0.01334	0.02890	0.15378	0.02097	0.01516	0.01602	0.01253	0.00772	0.00612	0.00193	0.00954	0.00527	0.00440	0.00989
24	0.18553	0.36552	0.18096	0.01475	0.02179	0.05350	0.01550	0.04691	0.01602	0.02389	0.01158	0.01337	0.00950	0.00693	0.00555	0.00200	0.00858	0.00456	0.00374	0.00982

[dist]
# distance from previous block
# <min> <max>
0	1

[block]
# block no. 1 follows, 26 sequences, length 50
# corresponding to MSA columns:
# 337-386
name=unknown_B
#
# <colnr> <probs for GDERKNQSTAVLIFYWHMCP>
#	G	D	E	R	K	N	Q	S	T	A	V	L	I	F	Y	W	H	M	C	P
0	0.00924	0.00660	0.00880	0.01056	0.01100	0.00616	0.00704	0.01056	0.01452	0.01936	0.04181	0.72848	0.05017	0.02376	0.00968	0.00308	0.00440	0.02156	0.00704	0.00616
1	0.02124	0.23063	0.18208	0.01981	0.02665	0.23464	0.11009	0.02626	0.04254	0.02092	0.01306	0.01531	0.01048	0.00719	0.00671	0.00207	0.01114	0.00554	0.00370	0.00993
2	0.01948	0.01189	0.01467	0.01130	0.01663	0.00961	0.00903	0.02265	0.01850	0.21227	0.13630	0.03000	0.07646	0.00942	0.00701	0.00179	0.00537	0.00784	0.00672	0.37304
3	0.01584	0.05106	0.22674	0.32122	0.16936	0.01792	0.04855	0.02186	0.01595	0.02197	0.01363	0.01837	0.01038	0.00722	0.00740	0.00240	0.01025	0.00639	0.00341	0.01009
4	0.01336	0.01176	0.01561	0.01773	0.11144	0.06532	0.01188	0.01627	0.01366	0.01872	0.01877	0.02694	0.01724	0.04579	0.54805	0.00995	0.01816	0.00767	0.00401	0.00769
5	0.01904	0.01492	0.04618	0.01581	0.01979	0.01480	0.11657	0.13544	0.06460	0.08065	0.02119	0.02672	0.01725	0.11353	0.01303	0.00304	0.06168	0.00796	0.19847	0.00932
6	0.11172	0.01964	0.02083	0.01799	0.06848	0.07320	0.01367	0.35924	0.02770	0.18411	0.01917	0.01893	0.01337	0.00868	0.00722	0.00227	0.00813	0.00655	0.00711	0.01201
7	0.01801	0.37658	0.16120	0.01891	0.02619	0.02328	0.17101	0.02268	0.01660	0.02155	0.06516	0.01839	0.01501	0.00731	0.00661	0.00205	0.00946	0.00629	0.00378	0.00993
8	0.78701	0.01467	0.01115	0.00997	0.01467	0.01702	0.00821	0.02230	0.01291	0.03403	0.01056	0.01232	0.00821	0.00704	0.00469	0.00235	0.00587	0.00411	0.00469	0.00821
9	0.01095	0.00782	0.01076	0.01251	0.01370	0.00763	0.01001	0.01351	0.01620	0.02127	0.04086	0.36045	0.04644	0.02215	0.01014	0.00332	0.00588	0.37275	0.00701	0.00663
10	0.01024	0.00773	0.00946	0.00903	0.01103	0.00695	0.00677	0.01336	0.02031	0.02766	0.51395	0.06120	0.24146	0.01654	0.00895	0.00243	0.00365	0.01435	0.00799	0.00695
11	0.78701	0.01467	0.01115	0.00997	0.01467	0.01702	0.00821	0.02230	0.01291	0.03403	0.01056	0.01232	0.00821	0.00704	0.00469	0.00235	0.00587	0.00411	0.00469	0.00821
12	0.01790	0.02046	0.04476	0.03197	0.03964	0.01918	0.65857	0.02430	0.01790	0.02430	0.01535	0.02046	0.01151	0.00639	0.00895	0.00256	0.01279	0.00895	0.00384	0.01023
13	0.01369	0.01357	0.06992	0.01812	0.11350	0.01118	0.04514	0.01838	0.04389	0.02559	0.20513	0.09752	0.06149	0.01313	0.00837	0.00243	0.00641	0.10647	0.00611	0.11995
14	0.01847	0.12126	0.03134	0.02377	0.09031	0.01939	0.23880	0.11902	0.01921	0.02578	0.01921	0.12258	0.01804	0.01039	0.00942	0.00252	0.06531	0.03043	0.00485	0.00989
15	0.07236	0.01300	0.01727	0.01332	0.01912	0.01145	0.01100	0.03622	0.02126	0.65791	0.02894	0.02513	0.01824	0.00927	0.00748	0.00235	0.00642	0.00745	0.00915	0.01267
16	0.01432	0.01348	0.02275	0.71520	0.05224	0.01685	0.02107	0.01938	0.01517	0.01938	0.01348	0.02022	0.01011	0.00758	0.00758	0.00253	0.01011	0.00674	0.00337	0.00843
17	0.01650	0.01570	0.02668	0.38863	0.36183	0.01742	0.02215	0.02128	0.01619	0.02202	0.01387	0.01951	0.01104	0.00718	0.00755	0.00239	0.00957	0.00675	0.00356	0.01018
18	0.03403	0.01291	0.01760	0.01350	0.01936	0.01115	0.01115	0.03697	0.02171	0.69137	0.02992	0.02582	0.01878	0.00939	0.00763	0.00235	0.00645	0.00763	0.00939	0.01291
19	0.03403	0.01291	0.01760	0.01350	0.01936	0.01115	0.01115	0.03697	0.02171	0.69137	0.02992	0.02582	0.01878	0.00939	0.00763	0.00235	0.00645	0.00763	0.00939	0.01291
20	0.62815	0.01470	0.01354	0.01332	0.06815	0.01633	0.00978	0.02429	0.01440	0.11917	0.01338	0.01459	0.00989	0.00733	0.00530	0.00234	0.00619	0.00478	0.00523	0.00913
21	0.00954	0.00736	0.00871	0.00910	0.01078	0.00654	0.00655	0.01173	0.01758	0.02288	0.23305	0.27412	0.31558	0.01962	0.00918	0.00268	0.00394	0.01712	0.00740	0.00654
22	0.01011	0.00773	0.00927	0.00889	0.01095	0.00689	0.00666	0.01310	0.01999	0.02691	0.46837	0.06243	0.28750	0.01681	0.00895	0.00245	0.00367	0.01453	0.00789	0.00689
23	0.01079	0.00732	0.00931	0.00948	0.01088	0.00686	0.00686	0.01371	0.01865	0.02690	0.40151	0.24739	0.05784	0.01694	0.00863	0.00250	0.00381	0.01503	0.11875	0.00686
24	0.01918	0.02017	0.02725	0.20383	0.32542	0.14115	0.05299	0.02323	0.01710	0.02179	0.01333	0.01813	0.01095	0.00765	0.00885	0.00237	0.06626	0.00652	0.00366	0.01017
25	0.01150	0.00822	0.01140	0.01315	0.01458	0.00811	0.01097	0.01447	0.01675	0.02189	0.04056	0.24059	0.04522	0.02163	0.01028	0.00339	0.00636	0.48713	0.00700	0.00679
26	0.00993	0.00768	0.00916	0.00965	0.01153	0.00691	0.00737	0.01235	0.01769	0.02271	0.18945	0.18941	0.33478	0.01956	0.00935	0.00278	0.00442	0.12136	0.00730	0.00661
27	0.01857	0.02054	0.09419	0.07713	0.56501	0.04443	0.02329	0.02342	0.01721	0.02419	0.01407	0.01838	0.01160	0.00688	0.00746	0.00227	0.00946	0.00657	0.00369	0.01163
28	0.02178	0.05125	0.22576	0.02323	0.09228	0.01867	0.13308	0.14998	0.05685	0.12530	0.01806	0.01944	0.01288	0.00784	0.00762	0.00236	0.00964	0.00694	0.00536	0.01167
29	0.78701	0.01467	0.01115	0.00997	0.01467	0.01702	0.00821	0.02230	0.01291	0.03403	0.01056	0.01232	0.00821	0.00704	0.00469	0.00235	0.00587	0.00411	0.00469	0.00821
30	0.01628	0.01473	0.02341	0.23642	0.31833	0.01591	0.01870	0.02243	0.08043	0.02468	0.09290	0.02500	0.01977	0.00846	0.00760	0.00235	0.00813	0.00775	0.04661	0.01012
31	0.00896	0.00768	0.00768	0.00768	0.01025	0.00640	0.00576	0.01089	0.01729	0.02049	0.07684	0.07300	0.68304	0.01921	0.00896	0.00256	0.00384	0.01601	0.00704	0.00640
32	0.25404	0.01489	0.01647	0.01317	0.01864	0.01520	0.01083	0.12868	0.05672	0.36307	0.02248	0.02081	0.01500	0.00870	0.00676	0.00235	0.00655	0.00652	0.00764	0.01148
33	0.78701	0.01467	0.01115	0.00997	0.01467	0.01702	0.00821	0.02230	0.01291	0.03403	0.01056	0.01232	0.00821	0.00704	0.00469	0.00235	0.00587	0.00411	0.00469	0.00821
34	0.01432	0.01348	0.02275	0.71520	0.05224	0.01685	0.02107	0.01938	0.01517	0.01938	0.01348	0.02022	0.01011	0.00758	0.00758	0.00253	0.01011	0.00674	0.00337	0.00843
35	0.18898	0.01408	0.01677	0.01315	0.01880	0.01356	0.01086	0.09429	0.02124	0.49340	0.02479	0.02230	0.01603	0.00888	0.00702	0.00234	0.00652	0.00682	0.00824	0.01194
36	0.00929	0.00770	0.00813	0.00802	0.01044	0.00654	0.00602	0.01151	0.01805	0.02229	0.18670	0.07003	0.57205	0.01854	0.00896	0.00253	0.00379	0.01559	0.00728	0.00654
37	0.00924	0.00660	0.00880	0.01056	0.01100	0.00616	0.00704	0.01056	0.01452	0.01936	0.04181	0.72848	0.05017	0.02376	0.00968	0.00308	0.00440	0.02156	0.00704	0.00616
38	0.00921	0.00671	0.00869	0.01028	0.01093	0.00618	0.00692	0.01059	0.01479	0.01947	0.04520	0.66507	0.11139	0.02332	0.00961	0.00303	0.00435	0.02103	0.00704	0.00618
39	0.03115	0.01483	0.01846	0.01445	0.02015	0.01434	0.01184	0.14823	0.10823	0.49184	0.02797	0.02479	0.01830	0.00945	0.00763	0.00236	0.00673	0.00761	0.00885	0.01279
40	0.78701	0.01467	0.01115	0.00997	0.01467	0.01702	0.00821	0.02230	0.01291	0.03403	0.01056	0.01232	0.00821	0.00704	0.00469	0.00235	0.00587	0.00411	0.00469	0.00821
41	0.01735	0.01949	0.04219	0.03041	0.03759	0.01842	0.60746	0.02345	0.01745	0.02377	0.01574	0.02120	0.01210	0.01037	0.06363	0.00332	0.01338	0.00889	0.00385	0.00996
42	0.01573	0.01348	0.01573	0.01123	0.01798	0.01011	0.00899	0.01910	0.01573	0.02472	0.01348	0.01573	0.01123	0.00562	0.00562	0.00112	0.00562	0.00449	0.00449	0.77980
43	0.78701	0.01467	0.01115	0.00997	0.01467	0.01702	0.00821	0.02230	0.01291	0.03403	0.01056	0.01232	0.00821	0.00704	0.00469	0.00235	0.00587	0.00411	0.00469	0.00821
44	0.02378	0.01874	0.01992	0.01643	0.02160	0.02116	0.01320	0.34636	0.35835	0.03966	0.02463	0.02332	0.01810	0.00971	0.00765	0.00243	0.00716	0.00771	0.00765	0.01245
45	0.78701	0.01467	0.01115	0.00997	0.01467	0.01702	0.00821	0.02230	0.01291	0.03403	0.01056	0.01232	0.00821	0.00704	0.00469	0.00235	0.00587	0.00411	0.00469	0.00821
46	0.01877	0.01802	0.03079	0.04656	0.68612	0.01802	0.02328	0.02328	0.01727	0.02478	0.01427	0.01877	0.01201	0.00676	0.00751	0.00225	0.00901	0.00676	0.00375	0.01201
47	0.01887	0.01629	0.01715	0.01544	0.01972	0.01887	0.01201	0.04031	0.67241	0.03173	0.03087	0.02830	0.02315	0.01029	0.00772	0.00257	0.00600	0.00858	0.00772	0.01201
48	0.03403	0.01291	0.01760	0.01350	0.01936	0.01115	0.01115	0.03697	0.02171	0.69137	0.02992	0.02582	0.01878	0.00939	0.00763	0.00235	0.00645	0.00763	0.00939	0.01291
49	0.00898	0.00762	0.00774	0.00784	0.01029	0.00639	0.00583	0.01087	0.01714	0.02043	0.07493	0.10872	0.64855	0.01946	0.00900	0.00259	0.00387	0.01631	0.00704	0.00639

[dist]
# distance from previous block
# <min> <max>
8	8

[block]
# block no. 2 follows, 26 sequences, length 58
# corresponding to MSA columns:
# 419-476
name=unknown_C
#
# <colnr> <probs for GDERKNQSTAVLIFYWHMCP>
#	G	D	E	R	K	N	Q	S	T	A	V	L	I	F	Y	W	H	M	C	P
0	0.68082	0.01768	0.01260	0.01131	0.01590	0.11303	0.00912	0.02342	0.01411	0.03187	0.01072	0.01251	0.00843	0.00715	0.00499	0.00229	0.00696	0.00422	0.00458	0.00830
1	0.01812	0.03163	0.42529	0.02089	0.03009	0.04291	0.08625	0.11656	0.04736	0.02767	0.01511	0.01719	0.01099	0.00743	0.00732	0.00229	0.01038	0.00613	0.00422	0.07218
2	0.02135	0.48931	0.12766	0.01528	0.02219	0.07264	0.01541	0.11566	0.01883	0.02309	0.01216	0.01368	0.01018	0.00706	0.00572	0.00185	0.00895	0.00473	0.00391	0.01033
3	0.02179	0.01478	0.01667	0.01448	0.01894	0.01605	0.01140	0.03734	0.46347	0.18827	0.08509	0.03008	0.02616	0.01051	0.00780	0.00250	0.00591	0.00878	0.00817	0.01181
4	0.01820	0.01340	0.01646	0.05894	0.02048	0.01071	0.01010	0.02162	0.01653	0.11767	0.01578	0.01744	0.01221	0.00628	0.00603	0.00139	0.00604	0.00508	0.00510	0.62053
5	0.01103	0.00735	0.00827	0.00827	0.00827	0.00735	0.00460	0.01103	0.01103	0.01471	0.02390	0.04964	0.02758	0.73343	0.03861	0.00735	0.00735	0.01103	0.00460	0.00460
6	0.01773	0.01510	0.01617	0.01461	0.01855	0.01723	0.01133	0.03667	0.58130	0.03155	0.12203	0.03227	0.02993	0.01102	0.00789	0.00255	0.00566	0.00930	0.00781	0.01133
7	0.01659	0.01659	0.02323	0.01991	0.01991	0.02323	0.01659	0.01825	0.01162	0.01825	0.00996	0.01659	0.00996	0.01328	0.02489	0.00332	0.71955	0.00664	0.00332	0.00830
8	0.00902	0.00748	0.00789	0.00822	0.01039	0.00636	0.00600	0.01083	0.01678	0.02028	0.07036	0.19432	0.56590	0.02005	0.00910	0.00266	0.00395	0.01704	0.00704	0.00636
9	0.02807	0.02369	0.02215	0.01771	0.02325	0.14989	0.01430	0.50149	0.07589	0.04127	0.01785	0.01804	0.01301	0.00894	0.00746	0.00224	0.00918	0.00658	0.00691	0.01207
10	0.40591	0.01378	0.01441	0.01176	0.01704	0.01405	0.00970	0.02972	0.01736	0.36673	0.02036	0.01915	0.01356	0.00823	0.00618	0.00235	0.00616	0.00589	0.00707	0.01059
11	0.02700	0.02016	0.02178	0.01658	0.02275	0.02165	0.01366	0.57100	0.03287	0.04457	0.01755	0.01786	0.01267	0.00862	0.00731	0.00211	0.00796	0.00650	0.00715	0.12024
12	0.01521	0.03923	0.69413	0.02162	0.03283	0.01762	0.02802	0.02402	0.01601	0.02402	0.01361	0.01601	0.00961	0.00721	0.00721	0.00240	0.01121	0.00560	0.00320	0.01121
13	0.01048	0.00774	0.00978	0.00927	0.01117	0.00705	0.00696	0.01382	0.02087	0.02898	0.59461	0.05902	0.15997	0.01604	0.00895	0.00241	0.00362	0.01405	0.00816	0.00705
14	0.01093	0.00777	0.01039	0.01039	0.01112	0.00850	0.00724	0.01239	0.01166	0.01628	0.02196	0.03891	0.02292	0.36759	0.39808	0.00997	0.01436	0.00946	0.00431	0.00577
15	0.02883	0.02125	0.02276	0.01745	0.02352	0.02352	0.01442	0.66082	0.03566	0.04780	0.01821	0.01821	0.01290	0.00911	0.00759	0.00228	0.00835	0.00683	0.00759	0.01290
16	0.01053	0.00752	0.01028	0.01203	0.01304	0.00727	0.00928	0.01279	0.01579	0.02081	0.04109	0.45055	0.04735	0.02255	0.01003	0.00326	0.00552	0.28678	0.00702	0.00652
17	0.01521	0.03923	0.69413	0.02162	0.03283	0.01762	0.02802	0.02402	0.01601	0.02402	0.01361	0.01601	0.00961	0.00721	0.00721	0.00240	0.01121	0.00560	0.00320	0.01121
18	0.01127	0.00815	0.01101	0.01230	0.01389	0.00790	0.01015	0.01428	0.01751	0.02305	0.13301	0.18999	0.09597	0.02054	0.01002	0.00320	0.00584	0.39789	0.00719	0.00683
19	0.02875	0.02385	0.02254	0.01782	0.02351	0.14223	0.01446	0.55067	0.03319	0.04269	0.01708	0.01742	0.01235	0.00888	0.00746	0.00222	0.00928	0.00649	0.00694	0.01218
20	0.01877	0.01802	0.03079	0.04656	0.68612	0.01802	0.02328	0.02328	0.01727	0.02478	0.01427	0.01877	0.01201	0.00676	0.00751	0.00225	0.00901	0.00676	0.00375	0.01201
21	0.01887	0.01629	0.01715	0.01544	0.01972	0.01887	0.01201	0.04031	0.67241	0.03173	0.03087	0.02830	0.02315	0.01029	0.00772	0.00257	0.00600	0.00858	0.00772	0.01201
22	0.01521	0.03923	0.69413	0.02162	0.03283	0.01762	0.02802	0.02402	0.01601	0.02402	0.01361	0.01601	0.00961	0.00721	0.00721	0.00240	0.01121	0.00560	0.00320	0.01121
23	0.02655	0.01344	0.01632	0.01300	0.01775	0.01312	0.01056	0.18865	0.02436	0.33939	0.11750	0.02857	0.02478	0.01009	0.00746	0.00225	0.00610	0.00820	0.12064	0.01125
24	0.00924	0.00660	0.00880	0.01056	0.01100	0.00616	0.00704	0.01056	0.01452	0.01936	0.04181	0.72848	0.05017	0.02376	0.00968	0.00308	0.00440	0.02156	0.00704	0.00616
25	0.01688	0.01451	0.01710	0.06490	0.06805	0.01642	0.01272	0.03235	0.45894	0.02823	0.03045	0.13153	0.02621	0.01224	0.00809	0.00266	0.00630	0.03471	0.00701	0.01071
26	0.01790	0.02046	0.04476	0.03197	0.03964	0.01918	0.65857	0.02430	0.01790	0.02430	0.01535	0.02046	0.01151	0.00639	0.00895	0.00256	0.01279	0.00895	0.00384	0.01023
27	0.03364	0.01353	0.01799	0.01379	0.01967	0.01207	0.01139	0.08345	0.02275	0.64341	0.02905	0.02525	0.01834	0.00937	0.00762	0.00234	0.00660	0.00757	0.00925	0.01291
28	0.01032	0.00718	0.00836	0.00885	0.00924	0.00692	0.00540	0.01088	0.01265	0.01660	0.03432	0.24203	0.10082	0.46187	0.02748	0.00567	0.00617	0.01449	0.00553	0.00522
29	0.01432	0.01348	0.02275	0.71520	0.05224	0.01685	0.02107	0.01938	0.01517	0.01938	0.01348	0.02022	0.01011	0.00758	0.00758	0.00253	0.01011	0.00674	0.00337	0.00843
30	0.01470	0.01386	0.02342	0.65930	0.10523	0.01695	0.02125	0.01971	0.01534	0.01983	0.01355	0.02010	0.01027	0.00751	0.00758	0.00250	0.01002	0.00674	0.00340	0.00873
31	0.02956	0.02008	0.02204	0.01690	0.02294	0.02179	0.01396	0.57350	0.03371	0.13788	0.01985	0.01928	0.01372	0.00914	0.00759	0.00229	0.00808	0.00694	0.00784	0.01290
32	0.00922	0.00769	0.00804	0.00796	0.01040	0.00651	0.00597	0.01139	0.01790	0.02194	0.16521	0.07061	0.59377	0.01867	0.00896	0.00254	0.00380	0.01567	0.00723	0.00651
33	0.56980	0.01800	0.01348	0.01212	0.01665	0.11645	0.00968	0.02597	0.10646	0.03147	0.01357	0.01475	0.01053	0.00761	0.00543	0.00232	0.00702	0.00485	0.00500	0.00883
34	0.01006	0.00752	0.00934	0.00932	0.01103	0.00680	0.00682	0.01285	0.01925	0.02615	0.42797	0.18488	0.20440	0.01787	0.00909	0.00255	0.00379	0.01568	0.00781	0.00680
35	0.01504	0.01385	0.02243	0.39363	0.20770	0.01574	0.01900	0.02052	0.05986	0.02160	0.01895	0.12279	0.01727	0.00989	0.00788	0.00254	0.00873	0.00901	0.00429	0.00927
36	0.00980	0.00772	0.00885	0.00856	0.01076	0.00676	0.00642	0.01251	0.01927	0.02519	0.36339	0.06526	0.39355	0.01746	0.00896	0.00248	0.00372	0.01492	0.00766	0.00676
37	0.01985	0.02040	0.05721	0.09451	0.40166	0.06476	0.11069	0.09110	0.01936	0.02625	0.01457	0.01862	0.01163	0.00711	0.00767	0.00231	0.00996	0.00690	0.00413	0.01131
38	0.01560	0.03652	0.60025	0.02312	0.03381	0.01784	0.11919	0.02406	0.01629	0.02406	0.01386	0.01666	0.00988	0.00709	0.00746	0.00242	0.01144	0.00609	0.00329	0.01107
39	0.01459	0.03483	0.59839	0.01993	0.02982	0.01615	0.02510	0.02266	0.01678	0.02492	0.10718	0.02170	0.01828	0.00837	0.00745	0.00240	0.01014	0.00674	0.00392	0.01064
40	0.02051	0.01275	0.01449	0.01218	0.01612	0.01297	0.00969	0.17445	0.09706	0.15505	0.14721	0.03666	0.11996	0.01178	0.00769	0.00231	0.00554	0.00970	0.12389	0.01001
41	0.01610	0.16131	0.57981	0.02011	0.03049	0.01978	0.02540	0.02379	0.01591	0.02294	0.01308	0.01534	0.00963	0.00708	0.00680	0.00227	0.01067	0.00533	0.00321	0.01095
42	0.01035	0.00774	0.00961	0.00914	0.01110	0.00699	0.00686	0.01357	0.02057	0.02827	0.55125	0.06019	0.20377	0.01631	0.00895	0.00242	0.00364	0.01421	0.00807	0.00699
43	0.00896	0.00768	0.00768	0.00768	0.01025	0.00640	0.00576	0.01089	0.01729	0.02049	0.07684	0.07300	0.68304	0.01921	0.00896	0.00256	0.00384	0.01601	0.00704	0.00640
44	0.01521	0.03923	0.69413	0.02162	0.03283	0.01762	0.02802	0.02402	0.01601	0.02402	0.01361	0.01601	0.00961	0.00721	0.00721	0.00240	0.01121	0.00560	0.00320	0.01121
45	0.78701	0.01467	0.01115	0.00997	0.01467	0.01702	0.00821	0.02230	0.01291	0.03403	0.01056	0.01232	0.00821	0.00704	0.00469	0.00235	0.00587	0.00411	0.00469	0.00821
46	0.01521	0.03923	0.69413	0.02162	0.03283	0.01762	0.02802	0.02402	0.01601	0.02402	0.01361	0.01601	0.00961	0.00721	0.00721	0.00240	0.01121	0.00560	0.00320	0.01121
47	0.01062	0.00775	0.00997	0.00942	0.01126	0.00711	0.00706	0.01408	0.02119	0.02975	0.64137	0.05776	0.11273	0.01576	0.00895	0.00240	0.00360	0.01387	0.00826	0.00711
48	0.01824	0.01185	0.01418	0.01234	0.01580	0.01208	0.00964	0.07279	0.19014	0.14751	0.35140	0.04113	0.04554	0.01262	0.00830	0.00242	0.00506	0.01082	0.00831	0.00983
49	0.01521	0.03923	0.69413	0.02162	0.03283	0.01762	0.02802	0.02402	0.01601	0.02402	0.01361	0.01601	0.00961	0.00721	0.00721	0.00240	0.01121	0.00560	0.00320	0.01121
50	0.00906	0.00730	0.00808	0.00870	0.01051	0.00632	0.00622	0.01077	0.01631	0.02009	0.06445	0.30489	0.45915	0.02082	0.00922	0.00274	0.00404	0.01797	0.00704	0.00632
51	0.01521	0.03923	0.69413	0.02162	0.03283	0.01762	0.02802	0.02402	0.01601	0.02402	0.01361	0.01601	0.00961	0.00721	0.00721	0.00240	0.01121	0.00560	0.00320	0.01121
52	0.00936	0.00770	0.00823	0.00810	0.01049	0.00657	0.00607	0.01165	0.01822	0.02271	0.21216	0.06934	0.54633	0.01838	0.00896	0.00252	0.00378	0.01550	0.00734	0.00657
53	0.02127	0.49005	0.12881	0.01560	0.02221	0.17085	0.01547	0.02450	0.01679	0.01887	0.01123	0.01303	0.00972	0.00687	0.00562	0.00180	0.00973	0.00445	0.00338	0.00974
54	0.01544	0.01462	0.02477	0.54729	0.21142	0.01715	0.02162	0.02036	0.01570	0.02074	0.01368	0.01986	0.01059	0.00738	0.00756	0.00246	0.00983	0.00675	0.00347	0.00933
55	0.01582	0.01227	0.01533	0.01235	0.01566	0.01173	0.05510	0.12754	0.01701	0.02370	0.01967	0.03352	0.01974	0.37139	0.02275	0.00455	0.00749	0.00851	0.00504	0.20081
56	0.02591	0.02083	0.02083	0.01796	0.04178	0.17518	0.04947	0.10177	0.23284	0.19738	0.02350	0.02250	0.01688	0.00904	0.00754	0.00233	0.00861	0.00727	0.00691	0.01149
57	0.02472	0.02559	0.11577	0.01750	0.02319	0.21801	0.01534	0.14345	0.11375	0.12100	0.01843	0.01882	0.01355	0.00859	0.00788	0.00221	0.03734	0.00628	0.00578	0.06278

[dist]
# distance from previous block
# <min> <max>
0	29

[block]
# block no. 3 follows, 26 sequences, length 72
# corresponding to MSA columns:
# 506-577
name=unknown_D
#
# <colnr> <probs for GDERKNQSTAVLIFYWHMCP>
#	G	D	E	R	K	N	Q	S	T	A	V	L	I	F	Y	W	H	M	C	P
0	0.05369	0.01878	0.02250	0.01760	0.02320	0.11882	0.13134	0.07864	0.10403	0.15562	0.04029	0.02277	0.03541	0.00844	0.00739	0.00216	0.00849	0.00728	0.00608	0.13747
1	0.24884	0.01876	0.01753	0.12146	0.02409	0.12301	0.01257	0.12103	0.07624	0.02983	0.01458	0.01657	0.01124	0.00762	0.00632	0.00213	0.00807	0.00550	0.00504	0.12956
2	0.10333	0.09663	0.02140	0.02194	0.20710	0.04340	0.01372	0.02432	0.07595	0.11256	0.12826	0.05407	0.04654	0.00994	0.00727	0.00228	0.00692	0.00837	0.00587	0.01013
3	0.01809	0.01746	0.02622	0.15552	0.42823	0.05457	0.02027	0.02440	0.09093	0.02460	0.05256	0.02190	0.01609	0.00784	0.00759	0.00233	0.00882	0.00724	0.00439	0.01095
4	0.01275	0.00984	0.01146	0.01085	0.01325	0.01005	0.00818	0.02064	0.18973	0.02883	0.36868	0.10225	0.11264	0.01479	0.00849	0.00247	0.00430	0.01285	0.04969	0.00826
5	0.78701	0.01467	0.01115	0.00997	0.01467	0.01702	0.00821	0.02230	0.01291	0.03403	0.01056	0.01232	0.00821	0.00704	0.00469	0.00235	0.00587	0.00411	0.00469	0.00821
6	0.01745	0.01668	0.02840	0.24485	0.49814	0.01768	0.02262	0.02212	0.01665	0.02318	0.01403	0.01920	0.01145	0.00700	0.00753	0.00233	0.00934	0.00675	0.00364	0.01095
7	0.01205	0.00867	0.01198	0.01363	0.01542	0.00860	0.01187	0.01545	0.01745	0.02258	0.04216	0.08488	0.07843	0.02086	0.01039	0.00344	0.00681	0.60139	0.00699	0.00695
8	0.01945	0.01395	0.01569	0.01403	0.01806	0.01501	0.01121	0.08575	0.34330	0.11985	0.06085	0.04082	0.10314	0.01269	0.00824	0.00263	0.00605	0.09077	0.00778	0.01072
9	0.00975	0.00724	0.00920	0.01050	0.01166	0.00669	0.00766	0.01165	0.01587	0.02058	0.07283	0.45568	0.18285	0.02202	0.00964	0.00302	0.00469	0.12500	0.00708	0.00639
10	0.01745	0.01667	0.02840	0.24519	0.49781	0.01767	0.02262	0.02212	0.01665	0.02318	0.01403	0.01920	0.01145	0.00700	0.00753	0.00233	0.00934	0.00675	0.00364	0.01095
11	0.02053	0.01712	0.01809	0.01577	0.02036	0.01964	0.01241	0.14369	0.56632	0.03441	0.02876	0.02662	0.02145	0.01009	0.00770	0.00252	0.00639	0.00828	0.00770	0.01215
12	0.01887	0.01629	0.01715	0.01544	0.01972	0.01887	0.01201	0.04031	0.67241	0.03173	0.03087	0.02830	0.02315	0.01029	0.00772	0.00257	0.00600	0.00858	0.00772	0.01201
13	0.01884	0.53927	0.22586	0.01544	0.02327	0.02649	0.01726	0.02308	0.01558	0.01960	0.01142	0.01326	0.00970	0.00669	0.00553	0.00184	0.00899	0.00450	0.00323	0.01015
14	0.01222	0.00873	0.01222	0.01397	0.01572	0.00873	0.01222	0.01572	0.01746	0.02270	0.04016	0.08556	0.04365	0.02095	0.01048	0.00349	0.00698	0.63506	0.00698	0.00698
15	0.01521	0.03923	0.69413	0.02162	0.03283	0.01762	0.02802	0.02402	0.01601	0.02402	0.01361	0.01601	0.00961	0.00721	0.00721	0.00240	0.01121	0.00560	0.00320	0.01121
16	0.01887	0.01629	0.01715	0.01544	0.01972	0.01887	0.01201	0.04031	0.67241	0.03173	0.03087	0.02830	0.02315	0.01029	0.00772	0.00257	0.00600	0.00858	0.00772	0.01201
17	0.01004	0.00719	0.00966	0.01102	0.01193	0.00680	0.00802	0.01214	0.01622	0.02182	0.14818	0.49771	0.05253	0.02187	0.00971	0.00304	0.00474	0.13366	0.00725	0.00648
18	0.01084	0.00813	0.01219	0.01219	0.01354	0.00948	0.00948	0.01354	0.01219	0.01761	0.02032	0.02980	0.01896	0.05689	0.70337	0.01219	0.02032	0.00813	0.00406	0.00677
19	0.02028	0.73799	0.03975	0.01298	0.01947	0.03001	0.01298	0.02271	0.01541	0.01785	0.01055	0.01217	0.00973	0.00649	0.00487	0.00162	0.00811	0.00406	0.00324	0.00973
20	0.00925	0.00718	0.00843	0.00920	0.01070	0.00636	0.00649	0.01104	0.01636	0.02084	0.11402	0.37914	0.33189	0.02102	0.00930	0.00279	0.00408	0.01841	0.00716	0.00636
21	0.78701	0.01467	0.01115	0.00997	0.01467	0.01702	0.00821	0.02230	0.01291	0.03403	0.01056	0.01232	0.00821	0.00704	0.00469	0.00235	0.00587	0.00411	0.00469	0.00821
22	0.21235	0.01969	0.01834	0.01566	0.01975	0.12510	0.01258	0.14397	0.14746	0.07415	0.01727	0.01827	0.01319	0.00930	0.00948	0.00247	0.11875	0.00622	0.00578	0.01022
23	0.01955	0.01949	0.03003	0.04436	0.63228	0.07367	0.02258	0.02385	0.01761	0.02428	0.01406	0.01836	0.01183	0.00684	0.00745	0.00223	0.00939	0.00661	0.00377	0.01175
24	0.01071	0.00782	0.01038	0.01191	0.01329	0.00749	0.00949	0.01321	0.01637	0.02120	0.04554	0.31803	0.12944	0.02175	0.00999	0.00322	0.00563	0.33090	0.00701	0.00661
25	0.00903	0.00769	0.00778	0.00775	0.01029	0.00643	0.00582	0.01102	0.01745	0.02087	0.09973	0.07238	0.65991	0.01907	0.00896	0.00255	0.00383	0.01592	0.00709	0.00643
26	0.01982	0.33208	0.32841	0.01690	0.02541	0.02203	0.01944	0.02515	0.01650	0.10846	0.01444	0.01566	0.01086	0.00719	0.00627	0.00206	0.00928	0.00521	0.00403	0.01081
27	0.02846	0.01703	0.10573	0.01464	0.02081	0.01344	0.01335	0.12742	0.02284	0.43707	0.06963	0.02555	0.02026	0.00945	0.00757	0.00232	0.00706	0.00763	0.03766	0.01208
28	0.00967	0.00688	0.00916	0.01082	0.01138	0.00651	0.00749	0.01117	0.01466	0.01948	0.04065	0.61937	0.04821	0.06205	0.01134	0.00336	0.00485	0.08987	0.00690	0.00617
29	0.01717	0.01763	0.03281	0.13796	0.17213	0.01784	0.30736	0.02467	0.10236	0.02439	0.02019	0.02395	0.04944	0.00786	0.00828	0.00249	0.01022	0.00849	0.00443	0.01034
30	0.01977	0.01611	0.02635	0.24415	0.38279	0.01700	0.02071	0.04833	0.01791	0.10949	0.01619	0.02009	0.01234	0.00744	0.00755	0.00235	0.00899	0.00687	0.00451	0.01107
31	0.01556	0.03679	0.60942	0.02297	0.03372	0.01782	0.11028	0.02406	0.01626	0.02406	0.01384	0.01659	0.00986	0.00710	0.00743	0.00242	0.01142	0.00604	0.00329	0.01108
32	0.12407	0.03105	0.10856	0.01997	0.05939	0.42028	0.01613	0.05480	0.01951	0.02288	0.01214	0.01444	0.00982	0.00793	0.00767	0.00217	0.05065	0.00516	0.00404	0.00936
33	0.00987	0.00772	0.00894	0.00864	0.01080	0.00679	0.00648	0.01264	0.01943	0.02558	0.38690	0.06463	0.36981	0.01731	0.00896	0.00247	0.00371	0.01483	0.00771	0.00679
34	0.01824	0.01389	0.01509	0.01343	0.01716	0.01540	0.01046	0.07768	0.40566	0.05928	0.13762	0.03219	0.02982	0.01085	0.00759	0.00241	0.00546	0.00907	0.10805	0.01066
35	0.02918	0.01183	0.01605	0.01267	0.01769	0.01032	0.01032	0.03225	0.02166	0.55364	0.16583	0.03224	0.02978	0.01066	0.00790	0.00236	0.00585	0.00890	0.00917	0.01171
36	0.78701	0.01467	0.01115	0.00997	0.01467	0.01702	0.00821	0.02230	0.01291	0.03403	0.01056	0.01232	0.00821	0.00704	0.00469	0.00235	0.00587	0.00411	0.00469	0.00821
37	0.02028	0.73799	0.03975	0.01298	0.01947	0.03001	0.01298	0.02271	0.01541	0.01785	0.01055	0.01217	0.00973	0.00649	0.00487	0.00162	0.00811	0.00406	0.00324	0.00973
38	0.01025	0.00773	0.00946	0.00903	0.01103	0.00695	0.00677	0.01337	0.02032	0.02769	0.51581	0.06115	0.23957	0.01652	0.00895	0.00243	0.00365	0.01435	0.00799	0.00695
39	0.00920	0.00769	0.00800	0.00793	0.01039	0.00650	0.00594	0.01133	0.01783	0.02179	0.15580	0.07087	0.60327	0.01873	0.00896	0.00254	0.00381	0.01571	0.00721	0.00650
40	0.02097	0.01751	0.02567	0.08140	0.02775	0.01859	0.19078	0.24863	0.10865	0.03370	0.01966	0.02187	0.01461	0.00834	0.00763	0.00234	0.00868	0.00767	0.12481	0.01075
41	0.00920	0.00769	0.00800	0.00793	0.01039	0.00650	0.00594	0.01133	0.01783	0.02179	0.15580	0.07087	0.60327	0.01873	0.00896	0.00254	0.00381	0.01571	0.00721	0.00650
42	0.02177	0.53824	0.03380	0.01415	0.01979	0.18177	0.01294	0.02416	0.01682	0.01858	0.01159	0.01340	0.01028	0.00692	0.00534	0.00171	0.00913	0.00441	0.04584	0.00937
43	0.01819	0.01743	0.02974	0.13378	0.60342	0.01787	0.02299	0.02277	0.01700	0.02408	0.01416	0.01896	0.01177	0.00687	0.00752	0.00229	0.00915	0.00676	0.00370	0.01155
44	0.02788	0.02028	0.02186	0.01703	0.02288	0.02241	0.01398	0.55844	0.11121	0.07492	0.02025	0.01976	0.01439	0.00926	0.00761	0.00231	0.00798	0.00707	0.00768	0.01279
45	0.02372	0.01871	0.01989	0.01642	0.02157	0.02114	0.01318	0.34267	0.36214	0.03956	0.02470	0.02338	0.01816	0.00971	0.00765	0.00243	0.00714	0.00772	0.00765	0.01244
46	0.68804	0.01747	0.01250	0.01122	0.01581	0.10650	0.00905	0.02334	0.01403	0.03201	0.01071	0.01250	0.00842	0.00714	0.00497	0.00230	0.00689	0.00421	0.00459	0.00829
47	0.01854	0.01771	0.02971	0.12453	0.41791	0.01836	0.10422	0.05255	0.09145	0.02581	0.01634	0.02022	0.01300	0.00731	0.00773	0.00236	0.00928	0.00725	0.00433	0.01137
48	0.00997	0.00772	0.00908	0.00874	0.01086	0.00683	0.00656	0.01284	0.01967	0.02614	0.42160	0.06369	0.33475	0.01710	0.00895	0.00246	0.00369	0.01470	0.00779	0.00683
49	0.01979	0.01597	0.01842	0.12444	0.02502	0.01837	0.01352	0.07801	0.48608	0.07315	0.02726	0.02621	0.02016	0.00973	0.00768	0.00253	0.00683	0.00811	0.00714	0.01157
50	0.01819	0.01743	0.02974	0.13345	0.60374	0.01787	0.02299	0.02277	0.01700	0.02408	0.01417	0.01896	0.01177	0.00687	0.00752	0.00229	0.00915	0.00676	0.00370	0.01155
51	0.00939	0.00692	0.00880	0.00998	0.01093	0.00633	0.00686	0.01110	0.01585	0.02097	0.13042	0.53994	0.15070	0.02199	0.00948	0.00291	0.00421	0.01969	0.00721	0.00633
52	0.78701	0.01467	0.01115	0.00997	0.01467	0.01702	0.00821	0.02230	0.01291	0.03403	0.01056	0.01232	0.00821	0.00704	0.00469	0.00235	0.00587	0.00411	0.00469	0.00821
53	0.01501	0.01418	0.02399	0.61193	0.15015	0.01703	0.02141	0.01998	0.01549	0.02021	0.01360	0.02000	0.01041	0.00746	0.00757	0.00249	0.00994	0.00674	0.00343	0.00898
54	0.12653	0.01751	0.01900	0.01509	0.02055	0.01886	0.01234	0.35007	0.10068	0.17756	0.04994	0.02183	0.01722	0.00931	0.00729	0.00234	0.00716	0.00714	0.00763	0.01194
55	0.01096	0.00763	0.00965	0.00965	0.01013	0.00810	0.00631	0.01191	0.01144	0.01573	0.02264	0.04267	0.02455	0.49571	0.27219	0.00905	0.01191	0.01001	0.00441	0.00536
56	0.02702	0.01908	0.02403	0.01841	0.02443	0.02025	0.09758	0.39165	0.11260	0.15262	0.02146	0.02110	0.01504	0.00895	0.00779	0.00236	0.00830	0.00747	0.00742	0.01244
57	0.01391	0.01283	0.02116	0.56913	0.04453	0.01607	0.01904	0.01842	0.01452	0.01905	0.01434	0.02149	0.01146	0.01546	0.11529	0.00405	0.05067	0.00695	0.00347	0.00817
58	0.02997	0.01942	0.02164	0.01659	0.02261	0.02082	0.01370	0.52448	0.03261	0.18845	0.02077	0.01987	0.01418	0.00917	0.00760	0.00229	0.00793	0.00700	0.00798	0.01290
59	0.01642	0.01564	0.02575	0.27854	0.32135	0.01794	0.02071	0.02059	0.01538	0.02146	0.01366	0.01956	0.01140	0.01081	0.04845	0.00306	0.11904	0.00681	0.00357	0.00988
60	0.02028	0.73799	0.03975	0.01298	0.01947	0.03001	0.01298	0.02271	0.01541	0.01785	0.01055	0.01217	0.00973	0.00649	0.00487	0.00162	0.00811	0.00406	0.00324	0.00973
61	0.01086	0.00803	0.01168	0.01168	0.01286	0.00920	0.00884	0.01322	0.01204	0.01723	0.02078	0.03239	0.02009	0.14515	0.61665	0.01156	0.01863	0.00851	0.00413	0.00649
62	0.02028	0.73799	0.03975	0.01298	0.01947	0.03001	0.01298	0.02271	0.01541	0.01785	0.01055	0.01217	0.00973	0.00649	0.00487	0.00162	0.00811	0.00406	0.00324	0.00973
63	0.03403	0.01291	0.01760	0.01350	0.01936	0.01115	0.01115	0.03697	0.02171	0.69137	0.02992	0.02582	0.01878	0.00939	0.00763	0.00235	0.00645	0.00763	0.00939	0.01291
64	0.01146	0.00835	0.01105	0.01154	0.01326	0.00814	0.00920	0.01554	0.04855	0.02634	0.34248	0.14699	0.05667	0.01824	0.00953	0.00288	0.00502	0.23988	0.00767	0.00719
65	0.41128	0.22099	0.02101	0.01185	0.01731	0.02039	0.01042	0.07051	0.01646	0.11994	0.01375	0.01454	0.01042	0.00735	0.00535	0.00214	0.00677	0.00477	0.00513	0.00962
66	0.01822	0.01396	0.01645	0.01231	0.01838	0.01191	0.00991	0.10559	0.01845	0.07136	0.01587	0.01809	0.01271	0.01130	0.07365	0.00243	0.00746	0.00537	0.00519	0.55139
67	0.02363	0.02459	0.02586	0.02113	0.02535	0.30523	0.16402	0.02666	0.01873	0.10733	0.01659	0.06309	0.01396	0.00955	0.01037	0.00243	0.11981	0.00753	0.00471	0.00942
68	0.01574	0.01318	0.01436	0.01311	0.01657	0.01454	0.01011	0.03052	0.43534	0.03028	0.20841	0.04021	0.10060	0.01255	0.00817	0.00252	0.00515	0.01067	0.00782	0.01017
69	0.02037	0.02224	0.02539	0.21417	0.27769	0.22596	0.01968	0.02408	0.01766	0.02108	0.01303	0.01748	0.01071	0.00768	0.00835	0.00230	0.05242	0.00618	0.00367	0.00987
70	0.01100	0.00747	0.00888	0.00888	0.00909	0.00769	0.00536	0.01142	0.01121	0.01516	0.02334	0.04655	0.02623	0.62806	0.14215	0.00811	0.00937	0.01058	0.00451	0.00493
71	0.01027	0.00779	0.00949	0.00921	0.01123	0.00701	0.00700	0.01332	0.01995	0.02690	0.45832	0.06334	0.26048	0.01696	0.00904	0.00250	0.00385	0.04858	0.00787	0.00691

[dist]
# distance from previous block
# <min> <max>
0	4

[block]
# block no. 4 follows, 26 sequences, length 27
# corresponding to MSA columns:
# 582-593,623-637
name=unknown_E
#
# <colnr> <probs for GDERKNQSTAVLIFYWHMCP>
#	G	D	E	R	K	N	Q	S	T	A	V	L	I	F	Y	W	H	M	C	P
0	0.04658	0.01639	0.02877	0.02132	0.02776	0.01491	0.30299	0.04645	0.01819	0.10105	0.01905	0.02629	0.01556	0.00818	0.00790	0.00224	0.00920	0.07299	0.00513	0.20905
1	0.01414	0.00707	0.00707	0.00707	0.00884	0.00707	0.00530	0.01767	0.01591	0.02828	0.02474	0.02828	0.01944	0.00884	0.00530	0.00177	0.00353	0.00707	0.77554	0.00707
2	0.01573	0.01348	0.01573	0.01123	0.01798	0.01011	0.00899	0.01910	0.01573	0.02472	0.01348	0.01573	0.01123	0.00562	0.00562	0.00112	0.00562	0.00449	0.00449	0.77980
3	0.02119	0.06078	0.38149	0.01964	0.02832	0.06692	0.02163	0.25244	0.02340	0.03192	0.01501	0.01649	0.01080	0.00790	0.00722	0.00230	0.01023	0.00593	0.00482	0.01159
4	0.78701	0.01467	0.01115	0.00997	0.01467	0.01702	0.00821	0.02230	0.01291	0.03403	0.01056	0.01232	0.00821	0.00704	0.00469	0.00235	0.00587	0.00411	0.00469	0.00821
5	0.01521	0.03923	0.69413	0.02162	0.03283	0.01762	0.02802	0.02402	0.01601	0.02402	0.01361	0.01601	0.00961	0.00721	0.00721	0.00240	0.01121	0.00560	0.00320	0.01121
6	0.00940	0.00672	0.00894	0.01045	0.01104	0.00627	0.00705	0.01095	0.01525	0.02052	0.10888	0.65810	0.05241	0.02290	0.00960	0.00301	0.00431	0.02074	0.00718	0.00627
7	0.01790	0.02046	0.04476	0.03197	0.03964	0.01918	0.65857	0.02430	0.01790	0.02430	0.01535	0.02046	0.01151	0.00639	0.00895	0.00256	0.01279	0.00895	0.00384	0.01023
8	0.01856	0.01780	0.03040	0.07874	0.65560	0.01797	0.02317	0.02309	0.01717	0.02452	0.01423	0.01884	0.01192	0.00680	0.00751	0.00227	0.00906	0.00676	0.00374	0.01184
9	0.01548	0.01447	0.02340	0.53912	0.14626	0.01724	0.02046	0.02217	0.08434	0.02150	0.01542	0.02085	0.01177	0.00774	0.00759	0.00249	0.00951	0.00694	0.00388	0.00935
10	0.01729	0.01705	0.03038	0.14142	0.43586	0.01725	0.12930	0.02202	0.01706	0.02360	0.01859	0.02297	0.05735	0.00767	0.00786	0.00237	0.00946	0.00776	0.00394	0.01079
11	0.01607	0.03389	0.53426	0.02206	0.07057	0.01786	0.02491	0.02684	0.13168	0.02543	0.01669	0.01835	0.01214	0.00772	0.00732	0.00242	0.01016	0.00620	0.00403	0.01140
12	0.01084	0.00814	0.01080	0.05746	0.01403	0.00776	0.00799	0.01439	0.02071	0.02888	0.58898	0.05546	0.11546	0.01526	0.00885	0.00241	0.00404	0.01342	0.00791	0.00718
13	0.01151	0.00859	0.01080	0.01025	0.01221	0.00835	0.00767	0.01685	0.09126	0.02976	0.56576	0.10189	0.06480	0.01554	0.00887	0.00246	0.00390	0.01373	0.00819	0.00761
14	0.01659	0.01659	0.02323	0.01991	0.01991	0.02323	0.01659	0.01825	0.01162	0.01825	0.00996	0.01659	0.00996	0.01328	0.02489	0.00332	0.71955	0.00664	0.00332	0.00830
15	0.02222	0.02010	0.01890	0.01642	0.02102	0.11647	0.01287	0.16463	0.45141	0.03313	0.02560	0.02419	0.01919	0.00970	0.00757	0.00243	0.00756	0.00770	0.00715	0.01173
16	0.01074	0.00775	0.01014	0.00954	0.01133	0.00716	0.00716	0.01431	0.02147	0.03042	0.68211	0.05666	0.07157	0.01551	0.00895	0.00239	0.00358	0.01372	0.00835	0.00716
17	0.02133	0.01752	0.01854	0.01593	0.02066	0.02002	0.01260	0.19371	0.51499	0.03570	0.02774	0.02581	0.02062	0.01000	0.00769	0.00250	0.00658	0.00814	0.00769	0.01223
18	0.00924	0.00660	0.00880	0.01056	0.01100	0.00616	0.00704	0.01056	0.01452	0.01936	0.04181	0.72848	0.05017	0.02376	0.00968	0.00308	0.00440	0.02156	0.00704	0.00616
19	0.01659	0.01659	0.02323	0.01991	0.01991	0.02323	0.01659	0.01825	0.01162	0.01825	0.00996	0.01659	0.00996	0.01328	0.02489	0.00332	0.71955	0.00664	0.00332	0.00830
20	0.01929	0.60215	0.16696	0.01466	0.02207	0.02760	0.01590	0.02297	0.01553	0.01905	0.01114	0.01292	0.00971	0.00663	0.00532	0.00177	0.00871	0.00436	0.00324	0.01002
21	0.00941	0.00770	0.00830	0.00815	0.01052	0.00659	0.00611	0.01174	0.01833	0.02297	0.22823	0.06891	0.53009	0.01828	0.00896	0.00252	0.00378	0.01544	0.00737	0.00659
22	0.02028	0.73799	0.03975	0.01298	0.01947	0.03001	0.01298	0.02271	0.01541	0.01785	0.01055	0.01217	0.00973	0.00649	0.00487	0.00162	0.00811	0.00406	0.00324	0.00973
23	0.01421	0.00856	0.01106	0.00997	0.01248	0.00771	0.00764	0.01752	0.02107	0.13335	0.51612	0.05352	0.12732	0.01493	0.00874	0.00240	0.00406	0.01300	0.00838	0.00798
24	0.00907	0.00769	0.00783	0.00780	0.01031	0.00645	0.00585	0.01110	0.01755	0.02110	0.11394	0.07200	0.64556	0.01898	0.00896	0.00255	0.00383	0.01587	0.00712	0.00645
25	0.02833	0.03615	0.02149	0.01954	0.02345	0.70298	0.01466	0.03029	0.02149	0.01856	0.01172	0.01368	0.00977	0.00782	0.00684	0.00195	0.01368	0.00489	0.00391	0.00879
26	0.02883	0.02125	0.02276	0.01745	0.02352	0.02352	0.01442	0.66082	0.03566	0.04780	0.01821	0.01821	0.01290	0.00911	0.00759	0.00228	0.00835	0.00683	0.00759	0.01290

[dist]
# distance from previous block
# <min> <max>
0	5

[block]
# block no. 5 follows, 26 sequences, length 61
# corresponding to MSA columns:
# 643-683,690-709
name=unknown_F
#
# <colnr> <probs for GDERKNQSTAVLIFYWHMCP>
#	G	D	E	R	K	N	Q	S	T	A	V	L	I	F	Y	W	H	M	C	P
0	0.01432	0.01348	0.02275	0.71520	0.05224	0.01685	0.02107	0.01938	0.01517	0.01938	0.01348	0.02022	0.01011	0.00758	0.00758	0.00253	0.01011	0.00674	0.00337	0.00843
1	0.02614	0.01763	0.01956	0.01586	0.02122	0.01918	0.01282	0.29588	0.27384	0.17582	0.02545	0.02362	0.01801	0.00961	0.00765	0.00240	0.00706	0.00766	0.00801	0.01256
2	0.01776	0.02144	0.07867	0.03143	0.03929	0.01910	0.62564	0.02428	0.01780	0.02428	0.01525	0.02023	0.01141	0.00644	0.00886	0.00255	0.01271	0.00878	0.00380	0.01028
3	0.78701	0.01467	0.01115	0.00997	0.01467	0.01702	0.00821	0.02230	0.01291	0.03403	0.01056	0.01232	0.00821	0.00704	0.00469	0.00235	0.00587	0.00411	0.00469	0.00821
