[name]
unknown

[dist]
# distance from previous block
# <min> <max>
0	305

[block]
# block no. 0 follows, 33 sequences, length 15
# corresponding to MSA columns:
# 364-378
name=unknown_A
#
# <colnr> <probs for GDERKNQSTAVLIFYWHMCP>
#	G	D	E	R	K	N	Q	S	T	A	V	L	I	F	Y	W	H	M	C	P
0	0.01304	0.00972	0.01098	0.01125	0.03407	0.08349	0.00794	0.04986	0.01331	0.01701	0.09496	0.09969	0.02283	0.01805	0.01644	0.39485	0.00608	0.08710	0.00430	0.00503
1	0.01928	0.01695	0.01733	0.01552	0.06868	0.09702	0.01147	0.22473	0.25197	0.02871	0.01778	0.01788	0.01351	0.00738	0.00621	0.00183	0.00667	0.00584	0.00551	0.16573
2	0.27116	0.01613	0.01629	0.01288	0.01776	0.01787	0.01063	0.44270	0.02392	0.08845	0.01449	0.01470	0.01030	0.00736	0.00581	0.00200	0.00645	0.00524	0.00592	0.00993
3	0.08215	0.11343	0.21840	0.01849	0.13626	0.04386	0.01575	0.06802	0.01636	0.20350	0.01518	0.01584	0.01082	0.00671	0.00598	0.00194	0.00759	0.00525	0.00460	0.00987
4	0.01684	0.09408	0.16839	0.03771	0.06196	0.07408	0.05141	0.01938	0.01417	0.13063	0.05631	0.01878	0.01382	0.01090	0.01095	0.19546	0.00756	0.00583	0.00404	0.00772
5	0.01057	0.00701	0.00920	0.00849	0.01027	0.00643	0.00643	0.01364	0.01865	0.07015	0.68082	0.04752	0.05928	0.01313	0.00769	0.00207	0.00326	0.01158	0.00730	0.00652
6	0.01266	0.01194	0.02016	0.71018	0.08618	0.01469	0.01840	0.01702	0.01327	0.01710	0.01174	0.01748	0.00887	0.00654	0.00658	0.00218	0.00872	0.00585	0.00295	0.00750
7	0.06935	0.02082	0.11788	0.04158	0.14082	0.10819	0.07685	0.24894	0.06379	0.02807	0.01392	0.01559	0.01046	0.00691	0.00640	0.00200	0.00838	0.00567	0.00457	0.00981
8	0.04773	0.01745	0.13379	0.04058	0.02355	0.05373	0.20539	0.02333	0.09780	0.15460	0.04259	0.09508	0.01701	0.00846	0.00698	0.00217	0.00790	0.00789	0.00497	0.00900
9	0.00953	0.00656	0.00806	0.00806	0.00837	0.00686	0.00509	0.01014	0.00984	0.01342	0.01993	0.03860	0.02199	0.58162	0.21787	0.00747	0.00931	0.00892	0.00387	0.00448
10	0.00809	0.00656	0.00718	0.00728	0.00915	0.00565	0.00536	0.00995	0.01536	0.01922	0.18191	0.15044	0.51768	0.01660	0.00786	0.00225	0.00336	0.01415	0.00632	0.00565
11	0.01933	0.21474	0.11341	0.09466	0.11708	0.15281	0.01518	0.12034	0.01743	0.05868	0.01221	0.01409	0.00955	0.00651	0.00581	0.00182	0.00851	0.00489	0.00381	0.00914
12	0.00997	0.00761	0.01055	0.01025	0.01095	0.00891	0.00759	0.01152	0.01022	0.01458	0.01764	0.02987	0.01790	0.26258	0.45370	0.00851	0.09091	0.00768	0.00360	0.00544
13	0.00957	0.00638	0.00718	0.00718	0.00718	0.00638	0.00399	0.00957	0.00957	0.01276	0.02074	0.04308	0.02393	0.76864	0.03351	0.00638	0.00638	0.00957	0.00399	0.00399
14	0.01389	0.02491	0.43034	0.02007	0.12827	0.01443	0.01965	0.06413	0.01567	0.02275	0.10420	0.02127	0.01689	0.00792	0.00729	0.00213	0.04069	0.03246	0.00381	0.00923

[dist]
# distance from previous block
# <min> <max>
1	2

[block]
# block no. 1 follows, 33 sequences, length 25
# corresponding to MSA columns:
# 381-404,433
name=unknown_B
#
# <colnr> <probs for GDERKNQSTAVLIFYWHMCP>
#	G	D	E	R	K	N	Q	S	T	A	V	L	I	F	Y	W	H	M	C	P
0	0.01444	0.01378	0.05722	0.02373	0.26088	0.01340	0.08663	0.01822	0.03451	0.05873	0.09238	0.12291	0.02154	0.01011	0.00928	0.00228	0.11388	0.03311	0.00446	0.00852
1	0.23336	0.07603	0.01905	0.01723	0.09324	0.35702	0.03716	0.02260	0.01535	0.02039	0.01010	0.01228	0.00839	0.00662	0.00625	0.00187	0.04731	0.00439	0.00349	0.00788
2	0.01440	0.01440	0.02016	0.01728	0.01728	0.02016	0.01440	0.01584	0.01008	0.01584	0.00864	0.01440	0.00864	0.01152	0.02160	0.00288	0.75659	0.00576	0.00288	0.00720
3	0.01435	0.01216	0.01534	0.01719	0.15281	0.01309	0.01106	0.05223	0.33058	0.02555	0.17009	0.10712	0.02914	0.01049	0.00706	0.00218	0.00521	0.00922	0.00608	0.00903
4	0.01050	0.00976	0.04828	0.11546	0.01603	0.00979	0.00924	0.01266	0.01292	0.01762	0.15999	0.03715	0.12062	0.23402	0.05667	0.00393	0.10570	0.00920	0.00452	0.00593
5	0.01019	0.00653	0.00953	0.00951	0.01034	0.00692	0.00706	0.01079	0.01148	0.01604	0.14103	0.03002	0.02365	0.03190	0.31680	0.30124	0.01018	0.03791	0.00405	0.00484
6	0.01509	0.05778	0.09021	0.10141	0.12296	0.01247	0.04838	0.01886	0.01428	0.06628	0.01345	0.01714	0.01090	0.00609	0.00581	0.00159	0.00675	0.02772	0.00384	0.35901
7	0.06682	0.01814	0.01922	0.01480	0.02001	0.02012	0.01223	0.66932	0.02991	0.04086	0.01545	0.01554	0.01098	0.00781	0.00645	0.00198	0.00713	0.00580	0.00645	0.01098
8	0.02641	0.01621	0.01838	0.01409	0.01930	0.01711	0.01164	0.49842	0.02723	0.25396	0.01893	0.01784	0.01276	0.00798	0.00660	0.00199	0.00674	0.00614	0.00707	0.01120
9	0.01786	0.01419	0.01591	0.01175	0.01738	0.01308	0.00954	0.27140	0.02005	0.02886	0.01322	0.01445	0.01029	0.00600	0.00551	0.00135	0.00575	0.00465	0.00489	0.51388
10	0.00932	0.00673	0.00880	0.00828	0.00984	0.00621	0.00621	0.01242	0.01863	0.02640	0.72410	0.04918	0.06212	0.01346	0.00776	0.00207	0.00311	0.01191	0.00725	0.00621
11	0.00846	0.00647	0.00776	0.00791	0.00943	0.00577	0.00575	0.01058	0.01589	0.02102	0.32389	0.22456	0.29606	0.01632	0.00792	0.00227	0.00336	0.01424	0.00657	0.00577
12	0.01365	0.01170	0.01365	0.00975	0.01560	0.00878	0.00780	0.01658	0.01365	0.02145	0.01170	0.01365	0.00975	0.00488	0.00488	0.00098	0.00488	0.00390	0.00390	0.80888
13	0.01358	0.01348	0.01571	0.07427	0.01741	0.11006	0.01170	0.01548	0.01217	0.01632	0.01675	0.11141	0.04199	0.01853	0.14571	0.00397	0.31894	0.00773	0.02811	0.00670
14	0.22184	0.02672	0.01642	0.01489	0.01845	0.56071	0.01133	0.02456	0.01680	0.01946	0.00992	0.01158	0.00814	0.00662	0.00547	0.00178	0.01018	0.00407	0.00356	0.00751
15	0.01760	0.77260	0.03450	0.01126	0.01690	0.02605	0.01126	0.01971	0.01338	0.01549	0.00915	0.01056	0.00845	0.00563	0.00422	0.00141	0.00704	0.00352	0.00282	0.00845
16	0.01892	0.01907	0.01581	0.01269	0.01759	0.27364	0.00988	0.05194	0.01650	0.05674	0.01207	0.01355	0.00969	0.00587	0.00542	0.00133	0.00754	0.00425	0.00406	0.44343
17	0.01719	0.01455	0.01534	0.01356	0.01743	0.01675	0.01062	0.09805	0.65128	0.02885	0.02576	0.02374	0.01926	0.00883	0.00669	0.00221	0.00540	0.00730	0.00669	0.01049
18	0.00800	0.00582	0.00755	0.00893	0.00949	0.00537	0.00600	0.00919	0.01284	0.01690	0.03922	0.69677	0.10922	0.02024	0.00834	0.00263	0.00377	0.01825	0.00611	0.00537
19	0.00802	0.00573	0.00764	0.00917	0.00955	0.00535	0.00611	0.00917	0.01260	0.01681	0.03628	0.76434	0.04354	0.02062	0.00840	0.00267	0.00382	0.01872	0.00611	0.00535
20	0.00957	0.00638	0.00718	0.00718	0.00718	0.00638	0.00399	0.00957	0.00957	0.01276	0.02074	0.04308	0.02393	0.76864	0.03351	0.00638	0.00638	0.00957	0.00399	0.00399
21	0.01256	0.00878	0.01005	0.00910	0.01175	0.00846	0.00702	0.04338	0.12646	0.09770	0.26991	0.04656	0.29625	0.01319	0.00744	0.00215	0.00394	0.01117	0.00681	0.00734
22	0.02459	0.03138	0.01866	0.01696	0.02035	0.74221	0.01272	0.02629	0.01866	0.01611	0.01018	0.01187	0.00848	0.00678	0.00594	0.00170	0.01187	0.00424	0.00339	0.00763
23	0.02954	0.01120	0.01528	0.01171	0.01681	0.00968	0.00968	0.03208	0.01884	0.73213	0.02597	0.02241	0.01630	0.00815	0.00662	0.00204	0.00560	0.00662	0.00815	0.01120
24	0.81514	0.01273	0.00968	0.00866	0.01273	0.01477	0.00713	0.01935	0.01120	0.02954	0.00917	0.01069	0.00713	0.00611	0.00407	0.00204	0.00509	0.00356	0.00407	0.00713

[dist]
# distance from previous block
# <min> <max>
0	19

[block]
# block no. 2 follows, 33 sequences, length 78
# corresponding to MSA columns:
# 453-530
name=unknown_C
#
# <colnr> <probs for GDERKNQSTAVLIFYWHMCP>
#	G	D	E	R	K	N	Q	S	T	A	V	L	I	F	Y	W	H	M	C	P
0	0.01530	0.01479	0.02570	0.21459	0.52072	0.01545	0.05854	0.01942	0.01457	0.02033	0.01227	0.01669	0.01000	0.00602	0.00660	0.00203	0.00824	0.00597	0.00318	0.00958
1	0.00817	0.00583	0.00781	0.00933	0.00978	0.00547	0.00637	0.00942	0.01275	0.01697	0.03620	0.72516	0.04322	0.02049	0.00844	0.00269	0.00395	0.05645	0.00611	0.00539
2	0.01405	0.01316	0.02189	0.30671	0.33772	0.01429	0.03582	0.01879	0.04777	0.02053	0.09001	0.02077	0.01585	0.00710	0.00672	0.00208	0.00764	0.00664	0.00373	0.00874
3	0.01258	0.01158	0.01878	0.65117	0.04123	0.01426	0.01722	0.01784	0.06138	0.01775	0.01433	0.02194	0.01156	0.00754	0.00676	0.00225	0.00834	0.05264	0.00340	0.00744
4	0.01668	0.00829	0.01097	0.00939	0.01220	0.00744	0.00736	0.01958	0.01845	0.27783	0.43806	0.03833	0.04339	0.01126	0.00719	0.00203	0.00399	0.00972	0.04984	0.00799
5	0.01446	0.00797	0.00951	0.00857	0.01092	0.00772	0.00661	0.01890	0.08205	0.14523	0.28838	0.03350	0.03418	0.01006	0.00633	0.00189	0.00371	0.00852	0.29407	0.00742
6	0.02163	0.34556	0.02537	0.01455	0.01889	0.43864	0.01210	0.02350	0.01642	0.01585	0.00974	0.01132	0.00847	0.00630	0.00521	0.00157	0.00982	0.00393	0.00315	0.00798
7	0.02087	0.01637	0.01742	0.01431	0.01883	0.01847	0.01151	0.38327	0.36007	0.03478	0.02109	0.02001	0.01547	0.00840	0.00664	0.00210	0.00627	0.00666	0.00664	0.01082
8	0.01554	0.01776	0.03885	0.02775	0.03441	0.01665	0.70366	0.02109	0.01554	0.02109	0.01332	0.01776	0.00999	0.00555	0.00777	0.00222	0.01110	0.00777	0.00333	0.00888
9	0.01611	0.01546	0.02639	0.07402	0.69538	0.01559	0.02011	0.02004	0.01490	0.02129	0.01235	0.01635	0.01035	0.00590	0.00652	0.00197	0.00787	0.00586	0.00324	0.01028
10	0.01227	0.00614	0.00614	0.00614	0.00767	0.00614	0.00460	0.01534	0.01381	0.02454	0.02148	0.02454	0.01687	0.00767	0.00460	0.00153	0.00307	0.00614	0.80518	0.00614
11	0.00778	0.00667	0.00667	0.00667	0.00889	0.00556	0.00500	0.00945	0.01501	0.01778	0.06669	0.06336	0.72490	0.01667	0.00778	0.00222	0.00333	0.01389	0.00611	0.00556
12	0.01243	0.01170	0.01975	0.75282	0.04534	0.01463	0.01828	0.01682	0.01316	0.01682	0.01170	0.01755	0.00878	0.00658	0.00658	0.00219	0.00878	0.00585	0.00293	0.00731
13	0.02954	0.01120	0.01528	0.01171	0.01681	0.00968	0.00968	0.03208	0.01884	0.73213	0.02597	0.02241	0.01630	0.00815	0.00662	0.00204	0.00560	0.00662	0.00815	0.01120
14	0.81514	0.01273	0.00968	0.00866	0.01273	0.01477	0.00713	0.01935	0.01120	0.02954	0.00917	0.01069	0.00713	0.00611	0.00407	0.00204	0.00509	0.00356	0.00407	0.00713
15	0.81514	0.01273	0.00968	0.00866	0.01273	0.01477	0.00713	0.01935	0.01120	0.02954	0.00917	0.01069	0.00713	0.00611	0.00407	0.00204	0.00509	0.00356	0.00407	0.00713
16	0.01629	0.01564	0.02672	0.04041	0.72757	0.01564	0.02020	0.02020	0.01499	0.02151	0.01238	0.01629	0.01043	0.00587	0.00652	0.00196	0.00782	0.00587	0.00326	0.01043
17	0.01440	0.01440	0.02016	0.01728	0.01728	0.02016	0.01440	0.01584	0.01008	0.01584	0.00864	0.01440	0.00864	0.01152	0.02160	0.00288	0.75659	0.00576	0.00288	0.00720
18	0.02459	0.03138	0.01866	0.01696	0.02035	0.74221	0.01272	0.02629	0.01866	0.01611	0.01018	0.01187	0.00848	0.00678	0.00594	0.00170	0.01187	0.00424	0.00339	0.00763
19	0.01760	0.77260	0.03450	0.01126	0.01690	0.02605	0.01126	0.01971	0.01338	0.01549	0.00915	0.01056	0.00845	0.00563	0.00422	0.00141	0.00704	0.00352	0.00282	0.00845
20	0.00802	0.00573	0.00764	0.00917	0.00955	0.00535	0.00611	0.00917	0.01260	0.01681	0.03628	0.76434	0.04354	0.02062	0.00840	0.00267	0.00382	0.01872	0.00611	0.00535
21	0.01559	0.43529	0.35422	0.01469	0.02219	0.02113	0.01723	0.02023	0.01362	0.01794	0.01037	0.01209	0.00840	0.00592	0.00515	0.00172	0.00827	0.00413	0.00280	0.00903
22	0.01760	0.77260	0.03450	0.01126	0.01690	0.02605	0.01126	0.01971	0.01338	0.01549	0.00915	0.01056	0.00845	0.00563	0.00422	0.00141	0.00704	0.00352	0.00282	0.00845
23	0.00932	0.00673	0.00880	0.00828	0.00984	0.00621	0.00621	0.01242	0.01863	0.02640	0.72410	0.04918	0.06212	0.01346	0.00776	0.00207	0.00311	0.01191	0.00725	0.00621
24	0.81514	0.01273	0.00968	0.00866	0.01273	0.01477	0.00713	0.01935	0.01120	0.02954	0.00917	0.01069	0.00713	0.00611	0.00407	0.00204	0.00509	0.00356	0.00407	0.00713
25	0.01561	0.01514	0.02562	0.12028	0.50182	0.01606	0.06612	0.02005	0.04293	0.02063	0.01259	0.01670	0.01042	0.00660	0.00807	0.00210	0.08025	0.00605	0.00333	0.00964
26	0.01760	0.77260	0.03450	0.01126	0.01690	0.02605	0.01126	0.01971	0.01338	0.01549	0.00915	0.01056	0.00845	0.00563	0.00422	0.00141	0.00704	0.00352	0.00282	0.00845
27	0.06760	0.01217	0.10176	0.01031	0.01358	0.01004	0.00921	0.08835	0.06022	0.02725	0.35247	0.03302	0.03619	0.01023	0.00661	0.00198	0.00463	0.00859	0.13829	0.00748
28	0.00940	0.00705	0.01058	0.01058	0.01176	0.00823	0.00823	0.01176	0.01058	0.01528	0.01763	0.02586	0.01646	0.04937	0.74255	0.01058	0.01763	0.00705	0.00353	0.00588
29	0.01440	0.01440	0.02016	0.01728	0.01728	0.02016	0.01440	0.01584	0.01008	0.01584	0.00864	0.01440	0.00864	0.01152	0.02160	0.00288	0.75659	0.00576	0.00288	0.00720
30	0.01546	0.01627	0.02131	0.01797	0.01876	0.08954	0.06174	0.01721	0.01128	0.01623	0.00911	0.01439	0.00872	0.01065	0.01914	0.00272	0.63341	0.00575	0.00296	0.00736
31	0.01637	0.01414	0.01489	0.01340	0.01712	0.01637	0.01042	0.03498	0.71568	0.02754	0.02679	0.02456	0.02010	0.00893	0.00670	0.00223	0.00521	0.00744	0.00670	0.01042
32	0.00955	0.00647	0.00765	0.00765	0.00781	0.00664	0.00457	0.00987	0.00971	0.01311	0.02032	0.04072	0.02291	0.66984	0.13090	0.00696	0.00793	0.00923	0.00393	0.00425
33	0.00957	0.00638	0.00718	0.00718	0.00718	0.00638	0.00399	0.00957	0.00957	0.01276	0.02074	0.04308	0.02393	0.76864	0.03351	0.00638	0.00638	0.00957	0.00399	0.00399
34	0.01320	0.03405	0.73453	0.01876	0.02849	0.01529	0.02432	0.02085	0.01390	0.02085	0.01181	0.01390	0.00834	0.00625	0.00625	0.00208	0.00973	0.00486	0.00278	0.00973
35	0.01061	0.00758	0.01061	0.01212	0.01364	0.00758	0.01061	0.01364	0.01515	0.01970	0.03486	0.07426	0.03789	0.01819	0.00909	0.00303	0.00606	0.68326	0.00606	0.00606
36	0.00813	0.00580	0.00776	0.00929	0.00972	0.00544	0.00629	0.00935	0.01271	0.01692	0.03623	0.73618	0.04331	0.02053	0.00843	0.00269	0.00391	0.04583	0.00611	0.00538
37	0.81514	0.01273	0.00968	0.00866	0.01273	0.01477	0.00713	0.01935	0.01120	0.02954	0.00917	0.01069	0.00713	0.00611	0.00407	0.00204	0.00509	0.00356	0.00407	0.00713
38	0.02467	0.02893	0.01886	0.01662	0.02036	0.60593	0.01268	0.15455	0.02098	0.02090	0.01124	0.01261	0.00899	0.00700	0.00606	0.00175	0.01100	0.00456	0.00399	0.00830
39	0.01144	0.00572	0.00858	0.00858	0.00858	0.00572	0.00572	0.00858	0.00858	0.01144	0.01144	0.02001	0.01144	0.02287	0.02573	0.80846	0.00572	0.00572	0.00286	0.00286
40	0.02503	0.01844	0.01976	0.01515	0.02042	0.02042	0.01251	0.70562	0.03095	0.04149	0.01581	0.01581	0.01120	0.00790	0.00659	0.00198	0.00724	0.00593	0.00659	0.01120
41	0.00957	0.00638	0.00718	0.00718	0.00718	0.00638	0.00399	0.00957	0.00957	0.01276	0.02074	0.04308	0.02393	0.76864	0.03351	0.00638	0.00638	0.00957	0.00399	0.00399
42	0.81514	0.01273	0.00968	0.00866	0.01273	0.01477	0.00713	0.01935	0.01120	0.02954	0.00917	0.01069	0.00713	0.00611	0.00407	0.00204	0.00509	0.00356	0.00407	0.00713
43	0.01842	0.72013	0.03317	0.01130	0.01689	0.02492	0.01115	0.02057	0.01375	0.06488	0.01031	0.01138	0.00899	0.00581	0.00439	0.00145	0.00694	0.00373	0.00318	0.00864
44	0.00942	0.00701	0.01035	0.01035	0.01144	0.00810	0.00794	0.01161	0.01051	0.01511	0.01785	0.02704	0.01697	0.09867	0.69395	0.01029	0.01686	0.00723	0.00356	0.00575
45	0.00950	0.00635	0.00720	0.00727	0.00729	0.00633	0.00409	0.00955	0.00972	0.01296	0.02148	0.07711	0.02486	0.73334	0.03232	0.00621	0.00626	0.01000	0.00409	0.00405
46	0.01629	0.01564	0.02672	0.04041	0.72757	0.01564	0.02020	0.02020	0.01499	0.02151	0.01238	0.01629	0.01043	0.00587	0.00652	0.00196	0.00782	0.00587	0.00326	0.01043
47	0.01398	0.04455	0.40241	0.09749	0.17820	0.01522	0.06803	0.01993	0.01426	0.02062	0.02941	0.01581	0.01031	0.00627	0.00638	0.00202	0.00892	0.00548	0.00308	0.03764
48	0.01373	0.13348	0.54785	0.01866	0.07365	0.01624	0.02120	0.01998	0.01383	0.01992	0.01287	0.05621	0.01050	0.00696	0.00611	0.00202	0.00889	0.00553	0.00301	0.00935
49	0.02896	0.01213	0.01585	0.01215	0.01727	0.01105	0.01004	0.11805	0.02039	0.64398	0.02467	0.02156	0.01565	0.00812	0.00662	0.00203	0.00581	0.00653	0.00795	0.01120
50	0.00787	0.00667	0.00679	0.00676	0.00895	0.00559	0.00507	0.00962	0.01521	0.01827	0.10402	0.06255	0.68727	0.01649	0.00778	0.00221	0.00332	0.01378	0.00618	0.00559
51	0.06019	0.29321	0.17853	0.01443	0.04178	0.04432	0.01406	0.11566	0.01661	0.11234	0.01326	0.01435	0.01011	0.00820	0.03462	0.00213	0.00798	0.00478	0.00413	0.00932
52	0.01034	0.00652	0.00934	0.00953	0.01014	0.00694	0.00697	0.01048	0.01026	0.01403	0.01792	0.03225	0.01835	0.13962	0.27817	0.30879	0.01007	0.09211	0.00366	0.00449
53	0.02954	0.01120	0.01528	0.01171	0.01681	0.00968	0.00968	0.03208	0.01884	0.73213	0.02597	0.02241	0.01630	0.00815	0.00662	0.00204	0.00560	0.00662	0.00815	0.01120
54	0.01110	0.00586	0.00847	0.00847	0.00851	0.00591	0.00558	0.00884	0.00879	0.01177	0.01295	0.02339	0.01334	0.12566	0.05515	0.66747	0.00628	0.00630	0.00304	0.00313
55	0.01656	0.25819	0.20330	0.03871	0.14360	0.08892	0.10330	0.02121	0.03286	0.01894	0.01150	0.01392	0.00927	0.00603	0.00584	0.00184	0.00880	0.00501	0.00311	0.00910
56	0.00826	0.00575	0.00755	0.00899	0.00944	0.00539	0.00603	0.00952	0.01267	0.01724	0.03544	0.72233	0.04203	0.01989	0.00819	0.00261	0.00378	0.01800	0.05149	0.00539
57	0.00810	0.00579	0.00773	0.00926	0.00967	0.00542	0.00625	0.00930	0.01268	0.01689	0.03624	0.74320	0.04337	0.02055	0.00842	0.00268	0.00389	0.03908	0.00611	0.00537
58	0.01509	0.01279	0.01377	0.01246	0.01579	0.01452	0.00965	0.03086	0.58840	0.02733	0.15412	0.02906	0.02777	0.00976	0.00689	0.00220	0.00483	0.00826	0.00680	0.00965
59	0.01762	0.08425	0.28764	0.04925	0.09009	0.24325	0.07471	0.02266	0.03519	0.01907	0.01169	0.01400	0.00907	0.00637	0.00618	0.00192	0.00997	0.00501	0.00318	0.00890
60	0.00953	0.00703	0.00895	0.00841	0.01009	0.00660	0.00633	0.01320	0.04691	0.02604	0.66463	0.04884	0.09167	0.01343	0.00772	0.00208	0.00320	0.01182	0.00717	0.00635
61	0.00940	0.00705	0.01058	0.01058	0.01176	0.00823	0.00823	0.01176	0.01058	0.01528	0.01763	0.02586	0.01646	0.04937	0.74255	0.01058	0.01763	0.00705	0.00353	0.00588
62	0.13391	0.01794	0.04500	0.05097	0.48144	0.11976	0.01730	0.02088	0.01488	0.02176	0.01156	0.01480	0.00956	0.00606	0.00607	0.00194	0.00809	0.00526	0.00337	0.00944
63	0.00801	0.00619	0.00731	0.00806	0.00929	0.00549	0.00565	0.00951	0.01402	0.01787	0.09612	0.42257	0.32937	0.01848	0.00810	0.00244	0.00357	0.01623	0.00619	0.00549
64	0.01642	0.38619	0.06516	0.01157	0.01734	0.07556	0.01082	0.01912	0.01393	0.01808	0.01034	0.01201	0.00893	0.00547	0.00472	0.00131	0.00676	0.00380	0.00327	0.30919
65	0.01620	0.01496	0.03979	0.02375	0.30696	0.01370	0.03118	0.09629	0.05869	0.02405	0.01339	0.01574	0.01078	0.00592	0.00595	0.00162	0.00664	0.00526	0.00406	0.30506
66	0.01916	0.35046	0.17414	0.01403	0.02020	0.06317	0.01417	0.15488	0.05065	0.06295	0.01284	0.01368	0.00996	0.00657	0.00546	0.00175	0.00775	0.00467	0.00406	0.00945
67	0.01243	0.01170	0.01975	0.75282	0.04534	0.01463	0.01828	0.01682	0.01316	0.01682	0.01170	0.01755	0.00878	0.00658	0.00658	0.00219	0.00878	0.00585	0.00293	0.00731
68	0.00799	0.00585	0.00751	0.00884	0.00946	0.00537	0.00597	0.00920	0.01291	0.01693	0.04021	0.67385	0.13150	0.02011	0.00832	0.00262	0.00376	0.01809	0.00611	0.00537
69	0.00940	0.00705	0.01058	0.01058	0.01176	0.00823	0.00823	0.01176	0.01058	0.01528	0.01763	0.02586	0.01646	0.04937	0.74255	0.01058	0.01763	0.00705	0.00353	0.00588
70	0.01912	0.00891	0.01184	0.00986	0.01319	0.00787	0.00783	0.02186	0.01852	0.37115	0.34274	0.03694	0.07983	0.01106	0.00721	0.00206	0.00434	0.00944	0.00762	0.00861
71	0.01725	0.01458	0.01538	0.01357	0.01745	0.01678	0.01063	0.10284	0.64640	0.02895	0.02568	0.02368	0.01920	0.00883	0.00669	0.00221	0.00542	0.00729	0.00669	0.01050
72	0.00940	0.00705	0.01058	0.01058	0.01176	0.00823	0.00823	0.01176	0.01058	0.01528	0.01763	0.02586	0.01646	0.04937	0.74255	0.01058	0.01763	0.00705	0.00353	0.00588
73	0.00955	0.00647	0.00762	0.00762	0.00777	0.00662	0.00454	0.00986	0.00970	0.01309	0.02034	0.04086	0.02297	0.67579	0.12504	0.00692	0.00783	0.00925	0.00393	0.00423
74	0.78387	0.01347	0.01003	0.00899	0.01303	0.04354	0.00735	0.01963	0.01150	0.02901	0.00921	0.01074	0.00718	0.00614	0.00415	0.00202	0.00536	0.00359	0.00405	0.00715
75	0.81514	0.01273	0.00968	0.00866	0.01273	0.01477	0.00713	0.01935	0.01120	0.02954	0.00917	0.01069	0.00713	0.00611	0.00407	0.00204	0.00509	0.00356	0.00407	0.00713
76	0.01808	0.72187	0.03341	0.01165	0.01713	0.07506	0.01136	0.02016	0.01374	0.01553	0.00922	0.01065	0.00845	0.00571	0.00434	0.00143	0.00737	0.00357	0.00286	0.00839
77	0.01481	0.06884	0.11762	0.01494	0.09801	0.03489	0.01203	0.03671	0.01444	0.02133	0.01168	0.01377	0.00954	0.00537	0.00529	0.00132	0.00632	0.00430	0.00365	0.50514

[dist]
# distance from previous block
# <min> <max>
0	3

[block]
# block no. 3 follows, 33 sequences, length 130
# corresponding to MSA columns:
# 534-663
name=unknown_D
#
# <colnr> <probs for GDERKNQSTAVLIFYWHMCP>
#	G	D	E	R	K	N	Q	S	T	A	V	L	I	F	Y	W	H	M	C	P
0	0.10575	0.01999	0.01766	0.01447	0.01902	0.19330	0.01159	0.35618	0.08087	0.09415	0.01556	0.01563	0.01130	0.00755	0.00618	0.00194	0.00783	0.00546	0.00570	0.00985
1	0.01157	0.00615	0.00653	0.00664	0.00805	0.00606	0.00490	0.01445	0.01411	0.02391	0.08514	0.10269	0.02361	0.00951	0.00527	0.00170	0.00315	0.00794	0.65255	0.00606
2	0.06031	0.01487	0.06383	0.01254	0.03908	0.05461	0.04365	0.01794	0.01396	0.02153	0.01157	0.01367	0.00946	0.00522	0.00518	0.00124	0.00603	0.00422	0.00376	0.59732
3	0.01377	0.01269	0.07406	0.01031	0.01570	0.00893	0.00899	0.01710	0.01471	0.05999	0.12093	0.01979	0.01810	0.00654	0.00552	0.00131	0.00502	0.00539	0.02314	0.55802
4	0.01760	0.77260	0.03450	0.01126	0.01690	0.02605	0.01126	0.01971	0.01338	0.01549	0.00915	0.01056	0.00845	0.00563	0.00422	0.00141	0.00704	0.00352	0.00282	0.00845
5	0.01265	0.04913	0.27266	0.01403	0.01857	0.07073	0.01418	0.01787	0.07590	0.01938	0.03926	0.27807	0.02373	0.01217	0.00755	0.00230	0.03171	0.02778	0.00453	0.00778
6	0.01315	0.06586	0.61776	0.01808	0.04571	0.01500	0.02199	0.02003	0.01432	0.02111	0.07470	0.01693	0.01316	0.00685	0.00630	0.00205	0.00896	0.00545	0.00319	0.00938
7	0.02570	0.01253	0.01553	0.01237	0.01709	0.01222	0.01006	0.10856	0.16762	0.48578	0.04376	0.02283	0.01775	0.00843	0.00666	0.00207	0.00564	0.00686	0.00764	0.01090
8	0.01400	0.01330	0.02258	0.46317	0.32272	0.01504	0.01906	0.01820	0.01391	0.01873	0.01198	0.01704	0.00945	0.00629	0.00656	0.00210	0.00839	0.00586	0.00306	0.00858
9	0.01675	0.36282	0.07855	0.06249	0.21962	0.02027	0.09378	0.02027	0.01425	0.03814	0.01131	0.01392	0.00940	0.00585	0.00560	0.00176	0.00796	0.00496	0.00315	0.00915
10	0.00882	0.00703	0.00864	0.00991	0.04817	0.00647	0.00679	0.01055	0.01384	0.01747	0.04726	0.22312	0.36303	0.07486	0.04593	0.00312	0.00492	0.08867	0.00567	0.00572
11	0.01144	0.00572	0.00858	0.00858	0.00858	0.00572	0.00572	0.00858	0.00858	0.01144	0.01144	0.02001	0.01144	0.02287	0.02573	0.80846	0.00572	0.00572	0.00286	0.00286
12	0.01184	0.00835	0.01119	0.01290	0.07488	0.00823	0.00853	0.06927	0.03620	0.06221	0.03151	0.52359	0.03526	0.01702	0.00798	0.00253	0.00475	0.06091	0.00603	0.00682
13	0.01733	0.01608	0.02683	0.11713	0.41003	0.05546	0.15269	0.02137	0.01543	0.08343	0.01357	0.01702	0.01056	0.00614	0.00675	0.00203	0.00860	0.00621	0.00367	0.00967
14	0.00970	0.00743	0.01090	0.01074	0.01176	0.00879	0.00830	0.01184	0.01048	0.01515	0.01733	0.02636	0.01651	0.09557	0.65363	0.00986	0.05915	0.00715	0.00352	0.00583
15	0.00834	0.00596	0.00799	0.00939	0.00995	0.00561	0.00654	0.00978	0.01320	0.01764	0.07656	0.65772	0.04410	0.01998	0.00843	0.00267	0.00399	0.08053	0.00617	0.00546
16	0.01443	0.09211	0.01604	0.01008	0.01589	0.01096	0.00831	0.03865	0.01417	0.02146	0.01156	0.01339	0.00966	0.00505	0.00486	0.00105	0.00518	0.00392	0.00387	0.69935
17	0.01793	0.02595	0.45402	0.01706	0.04496	0.01422	0.01907	0.08650	0.01656	0.17610	0.01525	0.01597	0.01046	0.00673	0.00630	0.00200	0.00829	0.00532	0.00436	0.05295
18	0.01962	0.16398	0.23403	0.01720	0.05892	0.17084	0.01622	0.19931	0.01928	0.02426	0.01205	0.01348	0.00924	0.00666	0.00591	0.00184	0.00894	0.00481	0.00393	0.00947
19	0.01297	0.01228	0.02056	0.63597	0.12135	0.01501	0.01831	0.01716	0.01322	0.01730	0.01163	0.01725	0.00896	0.00674	0.00731	0.00220	0.04531	0.00585	0.00296	0.00766
20	0.00828	0.00669	0.00736	0.00719	0.00920	0.00577	0.00539	0.01041	0.01618	0.02058	0.27984	0.05876	0.51001	0.01563	0.00778	0.00217	0.00326	0.01325	0.00648	0.00577
21	0.00798	0.00589	0.00747	0.00874	0.00944	0.00538	0.00592	0.00922	0.01302	0.01697	0.04153	0.64339	0.16110	0.01994	0.00830	0.00260	0.00374	0.01788	0.00611	0.00538
22	0.10875	0.01255	0.01385	0.01021	0.01579	0.01074	0.00823	0.09151	0.01524	0.02457	0.01185	0.01354	0.00960	0.00535	0.00497	0.00121	0.00516	0.00408	0.00421	0.62861
23	0.04966	0.00664	0.00707	0.00702	0.00756	0.00674	0.00428	0.01135	0.01061	0.01624	0.02034	0.03732	0.02152	0.55975	0.02555	0.00508	0.00557	0.00850	0.18458	0.00463
24	0.70588	0.08022	0.01237	0.00921	0.01348	0.01604	0.00776	0.05301	0.01236	0.02888	0.00949	0.01093	0.00745	0.00616	0.00421	0.00198	0.00537	0.00368	0.00409	0.00745
25	0.01995	0.01138	0.01525	0.01306	0.01677	0.01121	0.05152	0.14200	0.04357	0.26259	0.02632	0.06589	0.02279	0.01148	0.00740	0.00234	0.00614	0.21174	0.04962	0.00898
26	0.01619	0.01629	0.05154	0.03965	0.70306	0.01563	0.02035	0.02023	0.01495	0.02148	0.01236	0.01621	0.01035	0.00588	0.00651	0.00196	0.00789	0.00583	0.00324	0.01040
27	0.01493	0.32415	0.45956	0.01582	0.02394	0.01952	0.01919	0.02040	0.01369	0.01874	0.01077	0.01259	0.00838	0.00601	0.00546	0.00182	0.00867	0.00434	0.00279	0.00923
28	0.02459	0.03138	0.01866	0.01696	0.02035	0.74221	0.01272	0.02629	0.01866	0.01611	0.01018	0.01187	0.00848	0.00678	0.00594	0.00170	0.01187	0.00424	0.00339	0.00763
29	0.00957	0.00638	0.00718	0.00718	0.00718	0.00638	0.00399	0.00957	0.00957	0.01276	0.02074	0.04308	0.02393	0.76864	0.03351	0.00638	0.00638	0.00957	0.00399	0.00399
30	0.01144	0.00572	0.00858	0.00858	0.00858	0.00572	0.00572	0.00858	0.00858	0.01144	0.01144	0.02001	0.01144	0.02287	0.02573	0.80846	0.00572	0.00572	0.00286	0.00286
31	0.01320	0.03405	0.73453	0.01876	0.02849	0.01529	0.02432	0.02085	0.01390	0.02085	0.01181	0.01390	0.00834	0.00625	0.00625	0.00208	0.00973	0.00486	0.00278	0.00973
32	0.01061	0.00758	0.01061	0.01212	0.01364	0.00758	0.01061	0.01364	0.01515	0.01970	0.03486	0.07426	0.03789	0.01819	0.00909	0.00303	0.00606	0.68326	0.00606	0.00606
33	0.13752	0.01141	0.01451	0.01129	0.01625	0.01038	0.00933	0.03033	0.01779	0.63556	0.02366	0.02080	0.01504	0.00787	0.00627	0.00204	0.00553	0.00620	0.00759	0.01064
34	0.01643	0.57671	0.22017	0.01325	0.01997	0.02320	0.01473	0.02001	0.01352	0.01691	0.00986	0.01145	0.00842	0.00580	0.00476	0.00159	0.00775	0.00388	0.00281	0.00879
35	0.01500	0.01269	0.01370	0.01240	0.01570	0.01439	0.00960	0.03058	0.57963	0.02732	0.16290	0.02937	0.02830	0.00982	0.00691	0.00220	0.00480	0.00831	0.00681	0.00960
36	0.81514	0.01273	0.00968	0.00866	0.01273	0.01477	0.00713	0.01935	0.01120	0.02954	0.00917	0.01069	0.00713	0.00611	0.00407	0.00204	0.00509	0.00356	0.00407	0.00713
37	0.01365	0.01170	0.01365	0.00975	0.01560	0.00878	0.00780	0.01658	0.01365	0.02145	0.01170	0.01365	0.00975	0.00488	0.00488	0.00098	0.00488	0.00390	0.00390	0.80888
38	0.01227	0.00614	0.00614	0.00614	0.00767	0.00614	0.00460	0.01534	0.01381	0.02454	0.02148	0.02454	0.01687	0.00767	0.00460	0.00153	0.00307	0.00614	0.80518	0.00614
39	0.81514	0.01273	0.00968	0.00866	0.01273	0.01477	0.00713	0.01935	0.01120	0.02954	0.00917	0.01069	0.00713	0.00611	0.00407	0.00204	0.00509	0.00356	0.00407	0.00713
40	0.01365	0.01170	0.01365	0.00975	0.01560	0.00878	0.00780	0.01658	0.01365	0.02145	0.01170	0.01365	0.00975	0.00488	0.00488	0.00098	0.00488	0.00390	0.00390	0.80888
41	0.01303	0.00687	0.00694	0.00667	0.00843	0.00698	0.00507	0.05631	0.01482	0.02555	0.02114	0.02402	0.01654	0.00768	0.00472	0.00156	0.00332	0.00612	0.75778	0.00644
42	0.02237	0.01712	0.01826	0.01461	0.01940	0.01917	0.01187	0.49941	0.24150	0.03720	0.01918	0.01850	0.01393	0.00822	0.00662	0.00205	0.00662	0.00639	0.00662	0.01096
43	0.01320	0.03405	0.73453	0.01876	0.02849	0.01529	0.02432	0.02085	0.01390	0.02085	0.01181	0.01390	0.00834	0.00625	0.00625	0.00208	0.00973	0.00486	0.00278	0.00973
44	0.00779	0.00662	0.00672	0.00679	0.00892	0.00555	0.00506	0.00943	0.01489	0.01774	0.06520	0.09771	0.69151	0.01687	0.00781	0.00225	0.00336	0.01413	0.00611	0.00555
45	0.01440	0.01440	0.02016	0.01728	0.01728	0.02016	0.01440	0.01584	0.01008	0.01584	0.00864	0.01440	0.00864	0.01152	0.02160	0.00288	0.75659	0.00576	0.00288	0.00720
46	0.00943	0.00694	0.01000	0.01000	0.01098	0.00792	0.00751	0.01138	0.01041	0.01485	0.01816	0.02879	0.01773	0.17159	0.62207	0.00987	0.01572	0.00748	0.00361	0.00556
47	0.01760	0.77260	0.03450	0.01126	0.01690	0.02605	0.01126	0.01971	0.01338	0.01549	0.00915	0.01056	0.00845	0.00563	0.00422	0.00141	0.00704	0.00352	0.00282	0.00845
48	0.01310	0.01261	0.01989	0.50540	0.03590	0.01649	0.01698	0.01649	0.01213	0.01649	0.01067	0.01649	0.00873	0.00824	0.01164	0.00242	0.26032	0.00582	0.00291	0.00728
49	0.00817	0.00668	0.00721	0.00708	0.00913	0.00573	0.00531	0.01021	0.01594	0.01999	0.23508	0.05972	0.55514	0.01585	0.00778	0.00218	0.00328	0.01338	0.00640	0.00573
50	0.81514	0.01273	0.00968	0.00866	0.01273	0.01477	0.00713	0.01935	0.01120	0.02954	0.00917	0.01069	0.00713	0.00611	0.00407	0.00204	0.00509	0.00356	0.00407	0.00713
51	0.50054	0.05994	0.01410	0.01165	0.01557	0.26546	0.00927	0.02176	0.01388	0.02417	0.00951	0.01109	0.00766	0.00632	0.00472	0.00189	0.00753	0.00379	0.00377	0.00737
52	0.01243	0.01170	0.01975	0.75282	0.04534	0.01463	0.01828	0.01682	0.01316	0.01682	0.01170	0.01755	0.00878	0.00658	0.00658	0.00219	0.00878	0.00585	0.00293	0.00731
53	0.01737	0.59522	0.06482	0.01183	0.01695	0.09472	0.01141	0.01952	0.01359	0.01557	0.01041	0.01373	0.00982	0.07326	0.00708	0.00191	0.00759	0.00419	0.00298	0.00804
54	0.02690	0.01056	0.01426	0.01114	0.01574	0.00920	0.00912	0.02952	0.01858	0.63504	0.08750	0.02488	0.02038	0.00859	0.00662	0.00202	0.00526	0.00706	0.04713	0.01051
55	0.02430	0.01509	0.01728	0.01327	0.01847	0.01535	0.01089	0.36900	0.06558	0.24515	0.01894	0.01801	0.01306	0.00762	0.00637	0.00187	0.00631	0.00595	0.00669	0.12079
56	0.02062	0.05913	0.11741	0.01512	0.02010	0.07578	0.01363	0.35959	0.06717	0.05148	0.01618	0.03721	0.01278	0.00960	0.02889	0.00231	0.05242	0.02542	0.00533	0.00983
57	0.00802	0.00573	0.00764	0.00917	0.00955	0.00535	0.00611	0.00917	0.01260	0.01681	0.03628	0.76434	0.04354	0.02062	0.00840	0.00267	0.00382	0.01872	0.00611	0.00535
58	0.00932	0.00673	0.00880	0.00828	0.00984	0.00621	0.00621	0.01242	0.01863	0.02640	0.72410	0.04918	0.06212	0.01346	0.00776	0.00207	0.00311	0.01191	0.00725	0.00621
59	0.02459	0.03138	0.01866	0.01696	0.02035	0.74221	0.01272	0.02629	0.01866	0.01611	0.01018	0.01187	0.00848	0.00678	0.00594	0.00170	0.01187	0.00424	0.00339	0.00763
60	0.02143	0.01233	0.03785	0.01896	0.17023	0.01100	0.04656	0.02466	0.01691	0.36966	0.02397	0.03191	0.01920	0.00966	0.00718	0.00225	0.00656	0.15366	0.00626	0.00976
61	0.01760	0.77260	0.03450	0.01126	0.01690	0.02605	0.01126	0.01971	0.01338	0.01549	0.00915	0.01056	0.00845	0.00563	0.00422	0.00141	0.00704	0.00352	0.00282	0.00845
62	0.01824	0.70612	0.03315	0.01167	0.01721	0.05086	0.01138	0.05677	0.01451	0.01691	0.00955	0.01089	0.00860	0.00579	0.00441	0.00145	0.00722	0.00367	0.00304	0.00857
63	0.01365	0.01170	0.01365	0.00975	0.01560	0.00878	0.00780	0.01658	0.01365	0.02145	0.01170	0.01365	0.00975	0.00488	0.00488	0.00098	0.00488	0.00390	0.00390	0.80888
64	0.01947	0.12187	0.05931	0.01641	0.06176	0.10583	0.04012	0.28238	0.02133	0.02726	0.01760	0.02659	0.01571	0.00926	0.00672	0.00209	0.00786	0.14426	0.00504	0.00912
65	0.00920	0.00664	0.00870	0.00836	0.00981	0.00614	0.00620	0.01214	0.01810	0.02555	0.66326	0.11243	0.06047	0.01409	0.00782	0.00212	0.00317	0.01251	0.00715	0.00614
66	0.00854	0.00628	0.00800	0.00845	0.00958	0.00574	0.00600	0.01059	0.01549	0.02102	0.33264	0.36453	0.14474	0.01704	0.00805	0.00236	0.00345	0.01516	0.00659	0.00574
67	0.01320	0.03405	0.73453	0.01876	0.02849	0.01529	0.02432	0.02085	0.01390	0.02085	0.01181	0.01390	0.00834	0.00625	0.00625	0.00208	0.00973	0.00486	0.00278	0.00973
68	0.00798	0.00643	0.00711	0.00747	0.00915	0.00556	0.00540	0.00964	0.01469	0.01829	0.11684	0.24643	0.48711	0.01743	0.00794	0.00233	0.00344	0.01499	0.00621	0.00556
69	0.01144	0.00572	0.00858	0.00858	0.00858	0.00572	0.00572	0.00858	0.00858	0.01144	0.01144	0.02001	0.01144	0.02287	0.02573	0.80846	0.00572	0.00572	0.00286	0.00286
70	0.02459	0.03138	0.01866	0.01696	0.02035	0.74221	0.01272	0.02629	0.01866	0.01611	0.01018	0.01187	0.00848	0.00678	0.00594	0.00170	0.01187	0.00424	0.00339	0.00763
71	0.00797	0.00592	0.00744	0.00866	0.00941	0.00539	0.00588	0.00922	0.01309	0.01701	0.04249	0.62121	0.18267	0.01982	0.00828	0.00258	0.00372	0.01773	0.00611	0.00539
72	0.00932	0.00673	0.00880	0.00828	0.00984	0.00621	0.00621	0.01242	0.01863	0.02640	0.72410	0.04918	0.06212	0.01346	0.00776	0.00207	0.00311	0.01191	0.00725	0.00621
73	0.00957	0.00638	0.00718	0.00718	0.00718	0.00638	0.00399	0.00957	0.00957	0.01276	0.02074	0.04308	0.02393	0.76864	0.03351	0.00638	0.00638	0.00957	0.00399	0.00399
74	0.01061	0.00758	0.01061	0.01212	0.01364	0.00758	0.01061	0.01364	0.01515	0.01970	0.03486	0.07426	0.03789	0.01819	0.00909	0.00303	0.00606	0.68326	0.00606	0.00606
75	0.01541	0.01863	0.07619	0.02726	0.03409	0.01658	0.66719	0.02107	0.01545	0.02107	0.01324	0.01755	0.00990	0.00559	0.00769	0.00221	0.01103	0.00761	0.00330	0.00892
76	0.00943	0.00694	0.01003	0.01003	0.01101	0.00793	0.00754	0.01140	0.01042	0.01487	0.01814	0.02865	0.01767	0.16581	0.62776	0.00990	0.01581	0.00746	0.00360	0.00557
77	0.02251	0.02804	0.01755	0.01609	0.01917	0.64169	0.01210	0.02430	0.01755	0.01600	0.01120	0.01379	0.00957	0.01262	0.10681	0.00291	0.01266	0.00463	0.00341	0.00739
78	0.01330	0.01259	0.02132	0.59224	0.19911	0.01486	0.01872	0.01758	0.01358	0.01788	0.01185	0.01727	0.00915	0.00642	0.00657	0.00214	0.00856	0.00585	0.00300	0.00802
79	0.04373	0.13057	0.37375	0.04168	0.11335	0.12465	0.01914	0.04382	0.01512	0.02035	0.01132	0.01350	0.00870	0.00626	0.00591	0.00192	0.00917	0.00473	0.00311	0.00922
80	0.06177	0.01985	0.14005	0.04205	0.11005	0.14198	0.01432	0.12838	0.03848	0.10303	0.03540	0.07974	0.01557	0.00863	0.00655	0.00206	0.00782	0.03038	0.00483	0.00906
81	0.11861	0.33558	0.02537	0.01575	0.09258	0.14749	0.02872	0.07449	0.01602	0.07371	0.01154	0.01288	0.00933	0.00628	0.00519	0.00170	0.00774	0.00442	0.00382	0.00878
82	0.56251	0.01449	0.03430	0.01554	0.11363	0.01539	0.07990	0.05595	0.01327	0.02799	0.01045	0.01253	0.00812	0.00612	0.00497	0.00204	0.00631	0.00446	0.00399	0.00804
83	0.01957	0.01966	0.08175	0.04353	0.09746	0.13516	0.01375	0.24218	0.17408	0.02842	0.06405	0.01927	0.01570	0.00791	0.00655	0.00201	0.00761	0.00628	0.00531	0.00976
84	0.00844	0.00607	0.00806	0.00930	0.00999	0.00569	0.00656	0.01003	0.01365	0.01826	0.11727	0.58613	0.06661	0.01941	0.00838	0.00263	0.00396	0.08781	0.00624	0.00553
85	0.01888	0.02223	0.21993	0.01680	0.05916	0.11498	0.01528	0.08504	0.24466	0.10784	0.01849	0.01838	0.01347	0.00754	0.00644	0.00206	0.00776	0.00597	0.00511	0.01000
86	0.01337	0.01379	0.08022	0.06810	0.19612	0.01096	0.01283	0.01680	0.01382	0.02042	0.01547	0.12404	0.01466	0.00766	0.00604	0.00165	0.00615	0.00677	0.00390	0.36725
87	0.00802	0.00573	0.00764	0.00917	0.00955	0.00535	0.00611	0.00917	0.01260	0.01681	0.03628	0.76434	0.04354	0.02062	0.00840	0.00267	0.00382	0.01872	0.00611	0.00535
88	0.01365	0.01170	0.01365	0.00975	0.01560	0.00878	0.00780	0.01658	0.01365	0.02145	0.01170	0.01365	0.00975	0.00488	0.00488	0.00098	0.00488	0.00390	0.00390	0.80888
89	0.02086	0.01340	0.01937	0.09045	0.24804	0.03392	0.01399	0.05905	0.01651	0.28390	0.01789	0.02016	0.01325	0.04929	0.03195	0.00256	0.04410	0.00633	0.00524	0.00974
90	0.06792	0.01203	0.01521	0.01520	0.15043	0.01025	0.00984	0.01735	0.01376	0.02228	0.01253	0.01492	0.01033	0.00539	0.00511	0.00128	0.00529	0.00445	0.07466	0.53176
91	0.01227	0.00614	0.00614	0.00614	0.00767	0.00614	0.00460	0.01534	0.01381	0.02454	0.02148	0.02454	0.01687	0.00767	0.00460	0.00153	0.00307	0.00614	0.80518	0.00614
92	0.00911	0.00672	0.00851	0.00806	0.00971	0.00612	0.00605	0.01202	0.01814	0.02522	0.63407	0.05112	0.15289	0.01390	0.00777	0.00209	0.00314	0.01218	0.00709	0.00612
93	0.01760	0.77260	0.03450	0.01126	0.01690	0.02605	0.01126	0.01971	0.01338	0.01549	0.00915	0.01056	0.00845	0.00563	0.00422	0.00141	0.00704	0.00352	0.00282	0.00845
94	0.01637	0.01414	0.01489	0.01340	0.01712	0.01637	0.01042	0.03498	0.71568	0.02754	0.02679	0.02456	0.02010	0.00893	0.00670	0.00223	0.00521	0.00744	0.00670	0.01042
95	0.81514	0.01273	0.00968	0.00866	0.01273	0.01477	0.00713	0.01935	0.01120	0.02954	0.00917	0.01069	0.00713	0.00611	0.00407	0.00204	0.00509	0.00356	0.00407	0.00713
96	0.01044	0.00746	0.01042	0.01194	0.01338	0.00744	0.01032	0.01335	0.01499	0.01952	0.03495	0.11825	0.03825	0.01834	0.00905	0.00301	0.00592	0.64090	0.00607	0.00602
97	0.81514	0.01273	0.00968	0.00866	0.01273	0.01477	0.00713	0.01935	0.01120	0.02954	0.00917	0.01069	0.00713	0.00611	0.00407	0.00204	0.00509	0.00356	0.00407	0.00713
98	0.00810	0.00576	0.00761	0.00906	0.00942	0.00540	0.00600	0.00919	0.01244	0.01659	0.03545	0.72562	0.04249	0.06078	0.00975	0.00287	0.00396	0.01822	0.00600	0.00527
99	0.01320	0.03405	0.73453	0.01876	0.02849	0.01529	0.02432	0.02085	0.01390	0.02085	0.01181	0.01390	0.00834	0.00625	0.00625	0.00208	0.00973	0.00486	0.00278	0.00973
100	0.01243	0.01170	0.01975	0.75282	0.04534	0.01463	0.01828	0.01682	0.01316	0.01682	0.01170	0.01755	0.00878	0.00658	0.00658	0.00219	0.00878	0.00585	0.00293	0.00731
101	0.00825	0.00611	0.00770	0.00853	0.00949	0.00556	0.00593	0.00989	0.01429	0.01897	0.18414	0.48934	0.17082	0.01843	0.00816	0.00247	0.00358	0.01643	0.00635	0.00556
102	0.01411	0.00942	0.01086	0.00984	0.01242	0.00978	0.00758	0.02211	0.24065	0.09492	0.29741	0.03394	0.03548	0.01038	0.00670	0.00202	0.00401	0.00885	0.16150	0.00803
103	0.02600	0.01688	0.01879	0.01441	0.01964	0.01810	0.01190	0.56051	0.02834	0.19029	0.01800	0.01723	0.01229	0.00796	0.00659	0.00199	0.00689	0.00608	0.00692	0.01120
104	0.00884	0.00671	0.00814	0.00778	0.00954	0.00601	0.00584	0.01150	0.01751	0.02372	0.51977	0.05358	0.26811	0.01446	0.00777	0.00212	0.00318	0.01252	0.00689	0.00601
105	0.00801	0.00578	0.00759	0.00903	0.00951	0.00536	0.00605	0.00918	0.01273	0.01686	0.03792	0.72671	0.08012	0.02041	0.00837	0.00265	0.00379	0.01846	0.00611	0.00536
106	0.01668	0.01899	0.03164	0.06998	0.11250	0.13926	0.43834	0.02115	0.01575	0.01987	0.01348	0.04580	0.01102	0.00645	0.00727	0.00212	0.01042	0.00726	0.00342	0.00862
107	0.23738	0.12778	0.01976	0.01498	0.03690	0.34700	0.04729	0.06193	0.01634	0.02152	0.01030	0.01202	0.00839	0.00642	0.00534	0.00180	0.00895	0.00428	0.00367	0.00795
108	0.01562	0.01281	0.01763	0.02137	0.26641	0.01328	0.01249	0.16548	0.06528	0.02559	0.13887	0.06287	0.02368	0.11696	0.01069	0.00266	0.00631	0.00818	0.00514	0.00870
109	0.01640	0.04227	0.14904	0.05698	0.11877	0.12777	0.13043	0.04906	0.10848	0.02099	0.01492	0.03878	0.01213	0.00972	0.05075	0.00258	0.03184	0.00634	0.00385	0.00892
110	0.02426	0.01806	0.01933	0.01499	0.02012	0.02006	0.01233	0.64631	0.09151	0.04026	0.01678	0.01658	0.01198	0.00799	0.00660	0.00200	0.00706	0.00606	0.00660	0.01113
111	0.02459	0.03138	0.01866	0.01696	0.02035	0.74221	0.01272	0.02629	0.01866	0.01611	0.01018	0.01187	0.00848	0.00678	0.00594	0.00170	0.01187	0.00424	0.00339	0.00763
112	0.00940	0.00705	0.01058	0.01058	0.01176	0.00823	0.00823	0.01176	0.01058	0.01528	0.01763	0.02586	0.01646	0.04937	0.74255	0.01058	0.01763	0.00705	0.00353	0.00588
113	0.01756	0.68014	0.03269	0.01199	0.01705	0.05007	0.01159	0.01960	0.01327	0.01554	0.00914	0.01095	0.00847	0.00619	0.00582	0.00155	0.07350	0.00374	0.00284	0.00831
114	0.06196	0.01271	0.01326	0.01181	0.01533	0.01425	0.00924	0.06980	0.47246	0.05496	0.02765	0.02623	0.07403	0.00915	0.00639	0.00212	0.00495	0.00746	0.09681	0.00944
115	0.01760	0.77260	0.03450	0.01126	0.01690	0.02605	0.01126	0.01971	0.01338	0.01549	0.00915	0.01056	0.00845	0.00563	0.00422	0.00141	0.00704	0.00352	0.00282	0.00845
116	0.00821	0.00587	0.00784	0.00929	0.00978	0.00550	0.00636	0.00953	0.01298	0.01734	0.06313	0.69930	0.04396	0.02021	0.00841	0.00267	0.00391	0.05413	0.00615	0.00542
117	0.00932	0.00627	0.00726	0.00751	0.00757	0.00621	0.00434	0.00951	0.01008	0.01344	0.02332	0.16290	0.02719	0.64438	0.02934	0.00577	0.00596	0.01109	0.00434	0.00421
118	0.01488	0.01352	0.01488	0.01436	0.05344	0.06260	0.02822	0.05146	0.35286	0.02339	0.02923	0.12211	0.10487	0.01131	0.00796	0.00229	0.05054	0.02757	0.00581	0.00869
119	0.08775	0.19761	0.01894	0.01080	0.01615	0.01487	0.00923	0.05446	0.07986	0.08650	0.01375	0.01455	0.01082	0.00599	0.00506	0.00144	0.00563	0.00445	0.00443	0.35772
120	0.00795	0.00643	0.00708	0.00744	0.00913	0.00555	0.00538	0.00959	0.01464	0.01815	0.10613	0.24597	0.49861	0.01748	0.00794	0.00233	0.00345	0.01501	0.00619	0.00555
