[name]
unknown

[dist]
# distance from previous block
# <min> <max>
0	6

[block]
# block no. 0 follows, 28 sequences, length 27
# corresponding to MSA columns:
# 6-32
name=unknown_A
#
# <colnr> <probs for GDERKNQSTAVLIFYWHMCP>
#	G	D	E	R	K	N	Q	S	T	A	V	L	I	F	Y	W	H	M	C	P
0	0.05291	0.01939	0.06880	0.02244	0.19145	0.11249	0.01515	0.02723	0.21922	0.02516	0.01928	0.02293	0.01577	0.00833	0.00695	0.00215	0.00785	0.04352	0.00504	0.11394
1	0.01851	0.11345	0.23520	0.05061	0.30645	0.01851	0.02116	0.06779	0.01736	0.06342	0.01415	0.01680	0.01092	0.00690	0.00681	0.00214	0.00902	0.00587	0.00393	0.01101
2	0.01285	0.01053	0.01178	0.01178	0.01410	0.01126	0.00866	0.02262	0.30808	0.02389	0.04013	0.33562	0.12643	0.01653	0.00836	0.00267	0.00481	0.01449	0.00703	0.00838
3	0.01054	0.00753	0.01019	0.01029	0.01109	0.00823	0.00738	0.01214	0.01153	0.01605	0.02193	0.03920	0.02282	0.32675	0.40517	0.00936	0.01379	0.04606	0.00426	0.00567
4	0.00927	0.00689	0.00833	0.00895	0.01009	0.00629	0.00616	0.01093	0.01543	0.02026	0.16917	0.35110	0.21718	0.11075	0.01245	0.00321	0.00429	0.01661	0.00669	0.00595
5	0.00886	0.00633	0.00843	0.01012	0.01054	0.00590	0.00675	0.01012	0.01392	0.01856	0.04006	0.73979	0.04808	0.02277	0.00928	0.00295	0.00422	0.02066	0.00675	0.00590
6	0.01053	0.00716	0.00848	0.00844	0.00872	0.00725	0.00512	0.01109	0.01151	0.01563	0.07756	0.04605	0.02898	0.60965	0.10862	0.00716	0.00810	0.01048	0.00464	0.00483
7	0.01458	0.03760	0.70688	0.02072	0.03146	0.01688	0.02686	0.02302	0.01535	0.02302	0.01304	0.01535	0.00921	0.00691	0.00691	0.00230	0.01074	0.00537	0.00307	0.01074
8	0.02178	0.01589	0.01700	0.01417	0.01863	0.01764	0.01134	0.28270	0.29234	0.06873	0.02388	0.02324	0.01759	0.00915	0.00697	0.00222	0.00627	0.00729	0.13204	0.01112
9	0.03196	0.01342	0.01752	0.01343	0.01908	0.01224	0.01110	0.11953	0.02256	0.61764	0.02720	0.02378	0.01725	0.00896	0.00730	0.00224	0.00642	0.00721	0.00877	0.01237
10	0.02855	0.01250	0.01645	0.01243	0.01825	0.01045	0.01020	0.03146	0.01948	0.54662	0.02503	0.02250	0.01632	0.00816	0.00686	0.00198	0.00600	0.00661	0.00791	0.19223
11	0.79588	0.01406	0.01068	0.00956	0.01406	0.01631	0.00787	0.02137	0.01237	0.03261	0.01012	0.01181	0.00787	0.00675	0.00450	0.00225	0.00562	0.00394	0.00450	0.00787
12	0.01003	0.00745	0.01093	0.01132	0.01242	0.00835	0.00854	0.01232	0.01220	0.01726	0.02424	0.19327	0.02510	0.04717	0.55212	0.00966	0.01594	0.01077	0.00455	0.00635
13	0.12130	0.00864	0.01007	0.00993	0.01190	0.00845	0.00711	0.01693	0.01454	0.14618	0.02980	0.34004	0.03119	0.13258	0.01236	0.00328	0.00516	0.01318	0.07016	0.00719
14	0.00886	0.00633	0.00843	0.01012	0.01054	0.00590	0.00675	0.01012	0.01392	0.01856	0.04006	0.73979	0.04808	0.02277	0.00928	0.00295	0.00422	0.02066	0.00675	0.00590
15	0.07913	0.00894	0.01132	0.01086	0.01316	0.00919	0.00829	0.01853	0.03704	0.15050	0.02653	0.20657	0.02507	0.02683	0.23390	0.00538	0.00953	0.01054	0.10092	0.00777
16	0.01546	0.01493	0.02436	0.23180	0.13606	0.03703	0.14148	0.04220	0.05645	0.02165	0.01818	0.05055	0.03473	0.01455	0.10232	0.00364	0.03362	0.00793	0.00411	0.00894
17	0.00970	0.00741	0.00890	0.00853	0.01050	0.00661	0.00640	0.01258	0.01919	0.02586	0.48060	0.05971	0.28539	0.01609	0.00858	0.00234	0.00352	0.01390	0.00757	0.00661
18	0.01830	0.19177	0.19468	0.02753	0.27838	0.08997	0.01999	0.02278	0.01598	0.02113	0.01225	0.01530	0.01014	0.00694	0.00733	0.00208	0.04633	0.00543	0.00335	0.01033
19	0.12620	0.02712	0.27563	0.02229	0.06643	0.11896	0.17965	0.02430	0.01648	0.05690	0.01358	0.01618	0.01005	0.00686	0.00697	0.00226	0.01041	0.00602	0.00383	0.00990
20	0.01263	0.00631	0.00947	0.00947	0.00947	0.00631	0.00631	0.00947	0.00947	0.01263	0.01263	0.02210	0.01263	0.02525	0.02841	0.78851	0.00631	0.00631	0.00316	0.00316
21	0.01746	0.45995	0.30978	0.01580	0.02386	0.02394	0.01830	0.02228	0.01500	0.01951	0.01130	0.01316	0.00928	0.00650	0.00557	0.00186	0.00898	0.00449	0.00309	0.00990
22	0.01916	0.02033	0.11692	0.06599	0.03371	0.01729	0.40676	0.05707	0.05226	0.11047	0.01706	0.02000	0.01225	0.00697	0.00801	0.00239	0.01062	0.00779	0.00461	0.01035
23	0.00881	0.00737	0.00766	0.00759	0.00995	0.00623	0.00569	0.01085	0.01707	0.02084	0.15218	0.06798	0.61695	0.01796	0.00859	0.00243	0.00365	0.01506	0.00691	0.00623
24	0.46969	0.01516	0.01363	0.01147	0.01630	0.07157	0.00935	0.02684	0.01595	0.26307	0.01661	0.01638	0.01149	0.00758	0.00564	0.00222	0.00643	0.00516	0.00599	0.00947
25	0.02119	0.02207	0.06426	0.02266	0.02801	0.14503	0.26949	0.10232	0.03941	0.08003	0.01514	0.01805	0.01148	0.00806	0.01012	0.00240	0.11882	0.00702	0.00456	0.00989
26	0.01789	0.39581	0.02657	0.01273	0.01706	0.13236	0.01122	0.02036	0.01703	0.02024	0.17814	0.02466	0.05079	0.00926	0.00686	0.00189	0.03740	0.00680	0.00454	0.00840

[dist]
# distance from previous block
# <min> <max>
0	2

[block]
# block no. 1 follows, 28 sequences, length 57
# corresponding to MSA columns:
# 35-91
name=unknown_B
#
# <colnr> <probs for GDERKNQSTAVLIFYWHMCP>
#	G	D	E	R	K	N	Q	S	T	A	V	L	I	F	Y	W	H	M	C	P
0	0.02818	0.01778	0.01856	0.01480	0.01993	0.10576	0.01197	0.25436	0.04777	0.31929	0.06798	0.02281	0.01852	0.00914	0.00729	0.00219	0.00750	0.00713	0.00760	0.01145
1	0.00975	0.00722	0.00916	0.00957	0.01106	0.00664	0.00713	0.01228	0.01758	0.02367	0.32797	0.24843	0.17415	0.01827	0.00894	0.00262	0.00406	0.08777	0.00728	0.00645
2	0.01605	0.13255	0.26961	0.02001	0.02749	0.01782	0.19709	0.06547	0.01723	0.02330	0.02183	0.02505	0.09836	0.00857	0.00736	0.00227	0.00951	0.02664	0.00410	0.00968
3	0.01690	0.03162	0.50688	0.02440	0.15050	0.01706	0.02441	0.06786	0.01709	0.05567	0.01417	0.01639	0.01024	0.00705	0.00700	0.00227	0.00997	0.00574	0.00372	0.01107
4	0.01864	0.01263	0.06276	0.01776	0.13867	0.01047	0.01231	0.02196	0.01815	0.23470	0.16215	0.15423	0.05498	0.01265	0.00800	0.00241	0.00599	0.03517	0.00688	0.00948
5	0.01160	0.00700	0.00793	0.00831	0.00989	0.00671	0.00625	0.01444	0.01593	0.02444	0.10903	0.15823	0.11878	0.01394	0.00709	0.00223	0.00389	0.07328	0.39448	0.00655
6	0.04518	0.01364	0.01879	0.08863	0.05923	0.03894	0.08702	0.09093	0.05489	0.15683	0.02693	0.18353	0.05626	0.01178	0.00776	0.00243	0.00712	0.01045	0.03034	0.00932
7	0.02206	0.39804	0.06157	0.01707	0.06748	0.17837	0.01434	0.12227	0.01914	0.02232	0.01185	0.01346	0.00994	0.00693	0.00575	0.00180	0.00918	0.00471	0.00391	0.00980
8	0.02192	0.01663	0.11300	0.01441	0.02036	0.01262	0.05332	0.09464	0.01869	0.25748	0.02017	0.02301	0.01516	0.09934	0.01059	0.00260	0.00732	0.00677	0.00603	0.18594
9	0.04593	0.16486	0.15994	0.01682	0.02312	0.01817	0.08309	0.13660	0.01956	0.11929	0.01944	0.02707	0.01626	0.00936	0.00717	0.00230	0.00840	0.10718	0.00530	0.01014
10	0.01426	0.01286	0.02037	0.48658	0.11050	0.01508	0.01772	0.05173	0.03599	0.02090	0.01892	0.11000	0.03585	0.00959	0.00755	0.00245	0.00851	0.00854	0.00414	0.00843
11	0.01057	0.00705	0.00793	0.00793	0.00793	0.00705	0.00440	0.01057	0.01057	0.01409	0.02290	0.04757	0.02643	0.74454	0.03700	0.00705	0.00705	0.01057	0.00440	0.00440
12	0.14158	0.01710	0.02389	0.02786	0.29803	0.01879	0.05001	0.13407	0.07411	0.02862	0.01461	0.01750	0.01170	0.00797	0.00902	0.00235	0.10130	0.00633	0.00463	0.01054
13	0.10715	0.02184	0.15833	0.02649	0.06960	0.01752	0.41762	0.02342	0.01638	0.05022	0.01435	0.01804	0.01062	0.00647	0.00768	0.00238	0.01079	0.00730	0.00386	0.00994
14	0.01305	0.00958	0.01130	0.01097	0.01333	0.00972	0.00847	0.04084	0.15340	0.04709	0.22517	0.15250	0.12754	0.01541	0.00836	0.00254	0.00469	0.09119	0.04696	0.00789
15	0.01271	0.00801	0.01021	0.00932	0.01162	0.00721	0.00711	0.01581	0.01998	0.10881	0.51834	0.05319	0.16031	0.01471	0.00842	0.00231	0.00380	0.01279	0.00793	0.00741
16	0.01843	0.02160	0.11644	0.06170	0.20139	0.05678	0.24766	0.08987	0.01818	0.02477	0.01389	0.01782	0.01081	0.00717	0.00879	0.00235	0.06117	0.00697	0.00390	0.01033
17	0.01467	0.00911	0.01048	0.00960	0.01099	0.00918	0.00640	0.09459	0.01519	0.08193	0.04688	0.08866	0.02649	0.47746	0.02624	0.00531	0.00659	0.01038	0.04345	0.00640
18	0.01575	0.01526	0.08890	0.02263	0.24422	0.01334	0.01445	0.07181	0.06258	0.02657	0.11912	0.02864	0.04518	0.05074	0.00874	0.00242	0.00665	0.00804	0.14557	0.00939
19	0.08379	0.01379	0.01725	0.01332	0.01890	0.01300	0.01100	0.13855	0.02241	0.55132	0.02559	0.02267	0.01639	0.00880	0.00711	0.00224	0.00644	0.00696	0.00841	0.01206
20	0.01057	0.00705	0.00793	0.00793	0.00793	0.00705	0.00440	0.01057	0.01057	0.01409	0.02290	0.04757	0.02643	0.74454	0.03700	0.00705	0.00705	0.01057	0.00440	0.00440
21	0.01328	0.01283	0.02253	0.01802	0.02111	0.01365	0.22266	0.01656	0.01434	0.01978	0.05798	0.03183	0.10524	0.08490	0.18461	0.00520	0.13427	0.00929	0.00433	0.00760
22	0.01658	0.01381	0.01588	0.01148	0.01786	0.01123	0.00924	0.09693	0.01736	0.02634	0.01346	0.01536	0.01096	0.00578	0.00561	0.00121	0.00570	0.00457	0.00466	0.69598
23	0.01057	0.00705	0.00793	0.00793	0.00793	0.00705	0.00440	0.01057	0.01057	0.01409	0.02290	0.04757	0.02643	0.74454	0.03700	0.00705	0.00705	0.01057	0.00440	0.00440
24	0.04950	0.05697	0.11522	0.06409	0.15017	0.01800	0.15004	0.10685	0.09462	0.09691	0.01726	0.01916	0.01275	0.00743	0.00726	0.00227	0.00888	0.00682	0.00498	0.01082
25	0.01942	0.23365	0.02333	0.01438	0.01919	0.05318	0.01202	0.06814	0.42146	0.02674	0.02232	0.02138	0.01726	0.00861	0.00654	0.00215	0.00681	0.00668	0.00596	0.01077
26	0.03205	0.01328	0.01743	0.01336	0.01901	0.01203	0.01104	0.10825	0.02233	0.62925	0.02740	0.02391	0.01735	0.00897	0.00731	0.00224	0.00639	0.00722	0.00880	0.01237
27	0.01996	0.02840	0.41595	0.02151	0.10497	0.01641	0.02170	0.10220	0.01875	0.15610	0.01663	0.01770	0.01153	0.00747	0.00706	0.00226	0.00930	0.00601	0.00476	0.01133
28	0.01474	0.10925	0.39812	0.10269	0.02875	0.01682	0.02094	0.02199	0.05601	0.02234	0.04197	0.02557	0.01618	0.00893	0.00716	0.00237	0.00922	0.08331	0.00397	0.00968
29	0.03261	0.01237	0.01687	0.01293	0.01856	0.01068	0.01068	0.03543	0.02081	0.70423	0.02868	0.02474	0.01799	0.00900	0.00731	0.00225	0.00619	0.00731	0.00900	0.01237
30	0.00921	0.00658	0.00884	0.01053	0.01111	0.00621	0.00737	0.01074	0.01427	0.01895	0.03987	0.65782	0.04730	0.02244	0.00937	0.00300	0.00453	0.09912	0.00674	0.00600
31	0.04572	0.18702	0.49123	0.01801	0.02720	0.01898	0.02197	0.02354	0.01549	0.06851	0.01337	0.01507	0.00978	0.00690	0.00637	0.00214	0.00961	0.00513	0.00353	0.01045
32	0.02412	0.02929	0.01881	0.01713	0.02066	0.55520	0.01289	0.02811	0.08919	0.02051	0.09838	0.01969	0.01807	0.00865	0.00689	0.00199	0.01114	0.00610	0.00465	0.00855
33	0.01072	0.00897	0.01343	0.01283	0.01517	0.00832	0.09093	0.01344	0.01608	0.02052	0.04728	0.22305	0.25159	0.01843	0.00921	0.00285	0.00584	0.21829	0.00635	0.00672
34	0.01390	0.01420	0.05069	0.18730	0.10503	0.04851	0.08346	0.01863	0.05290	0.02160	0.08136	0.16214	0.07104	0.01215	0.00807	0.00250	0.00774	0.04544	0.00504	0.00827
35	0.10670	0.01924	0.07803	0.01526	0.02070	0.08204	0.01332	0.20529	0.02242	0.28492	0.01940	0.01891	0.01326	0.00863	0.00804	0.00226	0.05754	0.00627	0.00666	0.01109
36	0.00906	0.00729	0.00807	0.00807	0.01015	0.00630	0.00598	0.01126	0.01737	0.02201	0.23233	0.12547	0.47536	0.01787	0.00865	0.00246	0.00366	0.01524	0.00708	0.00630
37	0.02070	0.01684	0.01950	0.01595	0.02031	0.13907	0.11439	0.02708	0.14016	0.17811	0.13368	0.03135	0.08991	0.01027	0.00771	0.00228	0.00763	0.00891	0.00655	0.00962
38	0.04773	0.11950	0.24429	0.06610	0.02629	0.25702	0.01800	0.06070	0.01824	0.05916	0.01305	0.01491	0.00992	0.00725	0.00649	0.00206	0.01054	0.00515	0.00392	0.00967
39	0.79588	0.01406	0.01068	0.00956	0.01406	0.01631	0.00787	0.02137	0.01237	0.03261	0.01012	0.01181	0.00787	0.00675	0.00450	0.00225	0.00562	0.00394	0.00450	0.00787
40	0.01836	0.07393	0.21705	0.02227	0.14559	0.10116	0.04294	0.02670	0.15756	0.05446	0.02029	0.02134	0.05021	0.00816	0.00704	0.00222	0.00886	0.00674	0.00465	0.01046
41	0.02086	0.01136	0.01423	0.01185	0.01567	0.01084	0.00939	0.10516	0.05957	0.26940	0.28338	0.07146	0.03827	0.01186	0.00784	0.00227	0.00520	0.01010	0.00805	0.03325
42	0.01849	0.01487	0.01581	0.01364	0.01792	0.01640	0.01072	0.11911	0.44594	0.03137	0.02551	0.02458	0.01925	0.00907	0.00688	0.00219	0.00572	0.00741	0.10395	0.09117
43	0.01798	0.19697	0.12762	0.01327	0.01940	0.01628	0.01277	0.08199	0.01781	0.08458	0.08178	0.06003	0.01867	0.00836	0.00632	0.00181	0.00686	0.00662	0.00501	0.21586
44	0.01472	0.03755	0.07488	0.01356	0.01655	0.01175	0.05545	0.07433	0.03903	0.06136	0.02681	0.21439	0.02769	0.14584	0.01393	0.00342	0.03356	0.08381	0.04362	0.00777
45	0.00915	0.00654	0.00877	0.01046	0.01101	0.00616	0.00726	0.01063	0.01421	0.01889	0.03990	0.67199	0.04743	0.02250	0.00936	0.00299	0.00447	0.08556	0.00674	0.00599
46	0.01570	0.01301	0.01892	0.04393	0.08091	0.01333	0.09898	0.15535	0.05803	0.02807	0.15255	0.22984	0.03336	0.01333	0.00826	0.00248	0.00662	0.01215	0.00631	0.00886
47	0.02512	0.02189	0.02026	0.01915	0.09082	0.22162	0.01374	0.17481	0.17359	0.13513	0.01975	0.01957	0.01450	0.00843	0.00709	0.00216	0.00877	0.00649	0.00616	0.01093
48	0.01057	0.00705	0.00793	0.00793	0.00793	0.00705	0.00440	0.01057	0.01057	0.01409	0.02290	0.04757	0.02643	0.74454	0.03700	0.00705	0.00705	0.01057	0.00440	0.00440
49	0.00886	0.00633	0.00843	0.01012	0.01054	0.00590	0.00675	0.01012	0.01392	0.01856	0.04006	0.73979	0.04808	0.02277	0.00928	0.00295	0.00422	0.02066	0.00675	0.00590
50	0.04395	0.02578	0.24575	0.01770	0.02439	0.10442	0.05309	0.22083	0.04221	0.03006	0.06626	0.02203	0.05377	0.00879	0.00722	0.00223	0.00906	0.00697	0.00519	0.01029
51	0.01487	0.01436	0.02669	0.02066	0.02499	0.01390	0.33654	0.06326	0.04704	0.02273	0.02337	0.21578	0.02345	0.10294	0.01216	0.00314	0.00887	0.01190	0.00500	0.00834
52	0.02429	0.02961	0.02065	0.01853	0.02155	0.52961	0.01424	0.02738	0.06404	0.01859	0.01215	0.01462	0.01027	0.00870	0.01006	0.00217	0.15586	0.00526	0.00388	0.00854
53	0.00932	0.00672	0.00892	0.01052	0.01126	0.00633	0.00751	0.01097	0.01453	0.01915	0.04164	0.59290	0.08262	0.02208	0.00937	0.00299	0.00460	0.12578	0.00674	0.00605
54	0.01507	0.01292	0.01507	0.01077	0.01723	0.00969	0.00861	0.01830	0.01507	0.02369	0.01292	0.01507	0.01077	0.00538	0.00538	0.00108	0.00538	0.00431	0.00431	0.78898
55	0.02256	0.01945	0.06260	0.02619	0.23253	0.01892	0.07270	0.31295	0.02449	0.06660	0.01609	0.01790	0.01200	0.00753	0.00723	0.00214	0.00846	0.00654	0.00551	0.05759
56	0.02330	0.05842	0.02438	0.02676	0.27641	0.18075	0.01639	0.14311	0.02095	0.09615	0.01511	0.01697	0.01168	0.00731	0.00684	0.00202	0.00909	0.00590	0.00487	0.05361

[dist]
# distance from previous block
# <min> <max>
0	21

[block]
# block no. 2 follows, 28 sequences, length 46
# corresponding to MSA columns:
# 113-158
name=unknown_C
#
# <colnr> <probs for GDERKNQSTAVLIFYWHMCP>
#	G	D	E	R	K	N	Q	S	T	A	V	L	I	F	Y	W	H	M	C	P
0	0.11023	0.15086	0.05579	0.02680	0.24842	0.01969	0.12851	0.07735	0.01732	0.05756	0.01367	0.01651	0.01084	0.00691	0.00714	0.00215	0.02966	0.00607	0.00416	0.01038
1	0.01548	0.01005	0.01366	0.01262	0.01475	0.01135	0.01010	0.03792	0.05162	0.11874	0.02180	0.02940	0.01878	0.03330	0.37059	0.00719	0.08989	0.04691	0.07789	0.00798
2	0.02173	0.02105	0.12832	0.04049	0.02458	0.12838	0.12206	0.04633	0.07487	0.19855	0.05946	0.02475	0.05840	0.00886	0.00748	0.00227	0.00884	0.00763	0.00579	0.01016
3	0.00902	0.00645	0.00858	0.01001	0.01058	0.00601	0.00676	0.01052	0.01466	0.01974	0.11334	0.66314	0.05037	0.02189	0.00920	0.00288	0.00413	0.01982	0.00689	0.00601
4	0.49055	0.01297	0.01254	0.01058	0.01520	0.01375	0.00867	0.02514	0.01571	0.24320	0.07324	0.01942	0.01613	0.00813	0.00572	0.00225	0.00562	0.00577	0.00620	0.00920
5	0.00992	0.00733	0.00926	0.00896	0.01068	0.00667	0.00665	0.01293	0.01942	0.02684	0.54784	0.11395	0.16049	0.01605	0.00863	0.00237	0.00353	0.01410	0.00771	0.00667
6	0.14408	0.00947	0.01074	0.00960	0.01264	0.00918	0.00748	0.02033	0.01743	0.18929	0.19669	0.08974	0.07327	0.01167	0.00695	0.00221	0.00451	0.00967	0.16685	0.00821
7	0.01914	0.70524	0.07915	0.01295	0.01944	0.02803	0.01332	0.02184	0.01481	0.01747	0.01029	0.01189	0.00932	0.00626	0.00480	0.00160	0.00796	0.00398	0.00311	0.00942
8	0.01656	0.01265	0.01361	0.01140	0.01551	0.06498	0.00881	0.02085	0.07352	0.11299	0.16854	0.09753	0.07016	0.01086	0.00714	0.00193	0.00550	0.00917	0.00630	0.27200
9	0.11519	0.02001	0.07184	0.01490	0.02011	0.12485	0.01274	0.20247	0.07425	0.17958	0.07535	0.02137	0.01781	0.00882	0.00693	0.00220	0.00778	0.00671	0.00652	0.01057
10	0.00886	0.00633	0.00843	0.01012	0.01054	0.00590	0.00675	0.01012	0.01392	0.01856	0.04006	0.73979	0.04808	0.02277	0.00928	0.00295	0.00422	0.02066	0.00675	0.00590
11	0.59069	0.01360	0.01235	0.01047	0.01527	0.01480	0.00863	0.02515	0.01464	0.21317	0.01511	0.01529	0.01059	0.00735	0.00525	0.00225	0.00577	0.00484	0.00571	0.00908
12	0.01799	0.01727	0.02950	0.04462	0.69919	0.01727	0.02231	0.02231	0.01655	0.02375	0.01367	0.01799	0.01151	0.00648	0.00720	0.00216	0.00864	0.00648	0.00360	0.01151
13	0.02443	0.01748	0.01976	0.01671	0.04385	0.04548	0.01307	0.31315	0.11844	0.15011	0.02004	0.02097	0.01484	0.03219	0.03190	0.00277	0.09004	0.00697	0.00667	0.01115
14	0.00883	0.00641	0.00835	0.00989	0.01048	0.00592	0.00665	0.01015	0.01414	0.01865	0.04287	0.68379	0.10227	0.02241	0.00922	0.00291	0.00417	0.02022	0.00675	0.00592
15	0.02804	0.01852	0.02053	0.01587	0.02155	0.01996	0.01307	0.51253	0.06992	0.17358	0.02036	0.01945	0.01404	0.00885	0.00729	0.00221	0.00751	0.00679	0.00762	0.01231
16	0.02263	0.19694	0.08274	0.01950	0.07656	0.12587	0.08575	0.11698	0.04538	0.11613	0.01556	0.01682	0.01177	0.00753	0.00712	0.00207	0.02949	0.00591	0.00485	0.01041
17	0.01657	0.01430	0.05047	0.02466	0.25208	0.01342	0.07394	0.02008	0.01623	0.09839	0.02765	0.09475	0.12238	0.01080	0.00896	0.00237	0.06760	0.00943	0.06654	0.00939
18	0.73466	0.07200	0.01284	0.00979	0.01442	0.01729	0.00823	0.02140	0.01256	0.03139	0.01012	0.01180	0.00799	0.00671	0.00451	0.00219	0.00579	0.00393	0.00439	0.00799
19	0.01033	0.00716	0.00895	0.00914	0.00952	0.00744	0.00587	0.01114	0.01123	0.01531	0.02396	0.12091	0.02676	0.48617	0.20778	0.00777	0.00991	0.01100	0.00454	0.00511
20	0.02083	0.02278	0.02438	0.02384	0.16613	0.26097	0.10912	0.05492	0.01854	0.02263	0.01296	0.01576	0.01055	0.00662	0.00673	0.00183	0.00989	0.00562	0.00401	0.20190
21	0.01004	0.00747	0.00937	0.00905	0.01091	0.00681	0.00689	0.01315	0.01955	0.02681	0.53198	0.05910	0.19117	0.01588	0.00867	0.00238	0.00368	0.05270	0.00767	0.00671
22	0.07608	0.00847	0.01038	0.01102	0.05296	0.00811	0.00746	0.01383	0.01772	0.02557	0.39220	0.09649	0.16353	0.07234	0.01044	0.00272	0.00431	0.01264	0.00686	0.00685
23	0.01143	0.00945	0.01285	0.01218	0.01305	0.01133	0.00934	0.01319	0.01204	0.01694	0.02513	0.06429	0.10033	0.15855	0.32083	0.00740	0.18157	0.00939	0.00428	0.00640
24	0.08415	0.37182	0.02832	0.01475	0.02000	0.24323	0.01276	0.10845	0.01893	0.02225	0.01141	0.01288	0.00962	0.00699	0.00558	0.00179	0.00931	0.00448	0.00396	0.00932
25	0.02327	0.01926	0.02164	0.04617	0.16220	0.10493	0.01464	0.26549	0.02362	0.08789	0.01586	0.01727	0.01190	0.00748	0.00683	0.00196	0.00821	0.00596	0.00554	0.14988
26	0.02612	0.13349	0.02317	0.01766	0.02194	0.55442	0.01380	0.08828	0.02105	0.02031	0.01166	0.01331	0.00964	0.00743	0.00636	0.00186	0.01188	0.00474	0.00399	0.00892
27	0.01185	0.00787	0.00944	0.00905	0.01136	0.00704	0.00702	0.01463	0.01841	0.08121	0.30432	0.05860	0.29379	0.01579	0.00840	0.00241	0.00406	0.07253	0.05519	0.00703
28	0.01249	0.01107	0.01429	0.01309	0.01512	0.05353	0.08213	0.05166	0.01623	0.02095	0.07265	0.35158	0.13116	0.07456	0.01158	0.00301	0.03709	0.01490	0.00598	0.00693
29	0.01458	0.03760	0.70688	0.02072	0.03146	0.01688	0.02686	0.02302	0.01535	0.02302	0.01304	0.01535	0.00921	0.00691	0.00691	0.00230	0.01074	0.00537	0.00307	0.01074
30	0.00902	0.00654	0.00852	0.00979	0.01053	0.00604	0.00667	0.01060	0.01496	0.01998	0.12547	0.60305	0.09908	0.02145	0.00914	0.00283	0.00408	0.01932	0.00691	0.00604
31	0.01085	0.00873	0.01137	0.01116	0.01189	0.00966	0.00817	0.01250	0.01450	0.02002	0.17482	0.27568	0.10011	0.13085	0.01636	0.00345	0.15357	0.01406	0.00592	0.00632
32	0.01373	0.01292	0.02180	0.72707	0.05006	0.01615	0.02019	0.01857	0.01453	0.01857	0.01292	0.01938	0.00969	0.00727	0.00727	0.00242	0.00969	0.00646	0.00323	0.00807
33	0.61587	0.01392	0.01210	0.01050	0.01514	0.01557	0.00860	0.02491	0.06680	0.13687	0.01454	0.01503	0.01058	0.00734	0.00516	0.00227	0.00572	0.00480	0.00543	0.00886
34	0.01244	0.00693	0.00715	0.00709	0.00891	0.00668	0.00532	0.01558	0.01596	0.02608	0.09451	0.03662	0.13370	0.01068	0.00598	0.00187	0.00344	0.00877	0.58562	0.00668
35	0.01373	0.01292	0.02180	0.72707	0.05006	0.01615	0.02019	0.01857	0.01453	0.01857	0.01292	0.01938	0.00969	0.00727	0.00727	0.00242	0.00969	0.00646	0.00323	0.00807
36	0.01335	0.01331	0.02570	0.02026	0.02457	0.01244	0.33392	0.01744	0.01647	0.02180	0.05148	0.18154	0.11583	0.01340	0.00893	0.00268	0.00842	0.10520	0.00527	0.00799
37	0.01487	0.01440	0.01782	0.01586	0.01641	0.07195	0.01262	0.01644	0.01190	0.01687	0.01371	0.02310	0.01386	0.13435	0.16101	0.00536	0.42161	0.00716	0.00356	0.00715
38	0.01149	0.01672	0.22852	0.01370	0.01757	0.01031	0.01360	0.01524	0.01379	0.01933	0.02541	0.21539	0.02700	0.14003	0.12299	0.00482	0.00938	0.08262	0.00476	0.00736
39	0.01648	0.01426	0.02045	0.08759	0.15178	0.01525	0.06921	0.09725	0.18334	0.02633	0.02505	0.14016	0.02326	0.01173	0.00803	0.00255	0.00734	0.08445	0.00578	0.00971
40	0.01932	0.01742	0.02522	0.22657	0.35703	0.06479	0.01956	0.10489	0.01869	0.05577	0.01446	0.01828	0.01127	0.00716	0.00719	0.00222	0.00904	0.00640	0.00422	0.01050
41	0.01378	0.01358	0.01553	0.11387	0.12486	0.11337	0.01210	0.01623	0.01584	0.01944	0.03392	0.26384	0.16236	0.01469	0.00861	0.00250	0.03004	0.01265	0.00523	0.00755
42	0.01597	0.00868	0.01082	0.00978	0.01269	0.00759	0.00750	0.01840	0.01840	0.21946	0.20642	0.14411	0.26060	0.01543	0.00831	0.00242	0.00442	0.01321	0.00770	0.00808
43	0.06945	0.01571	0.02304	0.02922	0.36412	0.01583	0.01665	0.05298	0.10902	0.20091	0.01962	0.02057	0.01444	0.00769	0.00709	0.00223	0.00741	0.00678	0.00570	0.01154
44	0.02073	0.01921	0.02599	0.06515	0.20071	0.07686	0.12091	0.19148	0.11646	0.02946	0.01678	0.01894	0.01286	0.00755	0.00733	0.00220	0.00892	0.00683	0.00511	0.04650
45	0.00939	0.00673	0.00880	0.00985	0.01042	0.00662	0.00663	0.01066	0.01308	0.01753	0.03518	0.47487	0.06722	0.15856	0.12413	0.00503	0.00708	0.01660	0.00588	0.00573

[dist]
# distance from previous block
# <min> <max>
0	4

[block]
# block no. 3 follows, 28 sequences, length 92
# corresponding to MSA columns:
# 163-254
name=unknown_D
#
# <colnr> <probs for GDERKNQSTAVLIFYWHMCP>
#	G	D	E	R	K	N	Q	S	T	A	V	L	I	F	Y	W	H	M	C	P
0	0.16136	0.01887	0.09654	0.04117	0.05035	0.04253	0.01360	0.19372	0.12835	0.10324	0.02189	0.02189	0.05795	0.00881	0.00681	0.00227	0.00732	0.00679	0.00603	0.01049
1	0.01992	0.13453	0.10005	0.01479	0.05013	0.01590	0.01279	0.09271	0.11004	0.16750	0.09578	0.02949	0.10573	0.01006	0.00713	0.00219	0.00662	0.00814	0.00632	0.01019
2	0.13749	0.00846	0.00899	0.00899	0.01074	0.00825	0.00619	0.01275	0.01320	0.02010	0.03353	0.25571	0.13695	0.22935	0.01621	0.00381	0.00528	0.01289	0.00551	0.06560
3	0.01805	0.52070	0.03057	0.01197	0.01785	0.04984	0.01122	0.02050	0.01519	0.01861	0.01555	0.01683	0.06205	0.00704	0.00518	0.00154	0.00720	0.00487	0.00365	0.16158
4	0.00957	0.00741	0.00889	0.00979	0.01153	0.00673	0.00763	0.01171	0.01598	0.02000	0.05526	0.23493	0.34852	0.01995	0.00918	0.00284	0.00469	0.20242	0.00673	0.00624
5	0.01944	0.11989	0.14992	0.02224	0.13172	0.13434	0.01789	0.05277	0.01621	0.04530	0.01225	0.01551	0.01017	0.00862	0.01136	0.00235	0.21102	0.00564	0.00371	0.00966
6	0.01974	0.02143	0.02700	0.10303	0.36604	0.19824	0.06921	0.02345	0.01710	0.02126	0.01278	0.01686	0.01061	0.00719	0.00820	0.00220	0.05591	0.00616	0.00358	0.01002
7	0.01057	0.00705	0.00793	0.00793	0.00793	0.00705	0.00440	0.01057	0.01057	0.01409	0.02290	0.04757	0.02643	0.74454	0.03700	0.00705	0.00705	0.01057	0.00440	0.00440
8	0.01860	0.02155	0.03658	0.02719	0.03299	0.13135	0.47988	0.02345	0.01692	0.02163	0.01347	0.01807	0.01056	0.00722	0.01027	0.00245	0.10720	0.00766	0.00362	0.00934
9	0.00982	0.00741	0.00906	0.00865	0.01057	0.00666	0.00649	0.01280	0.01946	0.02651	0.52255	0.05865	0.24304	0.01585	0.00858	0.00233	0.00350	0.01376	0.00765	0.00666
10	0.79588	0.01406	0.01068	0.00956	0.01406	0.01631	0.00787	0.02137	0.01237	0.03261	0.01012	0.01181	0.00787	0.00675	0.00450	0.00225	0.00562	0.00394	0.00450	0.00787
11	0.00886	0.00633	0.00843	0.01012	0.01054	0.00590	0.00675	0.01012	0.01392	0.01856	0.04006	0.73979	0.04808	0.02277	0.00928	0.00295	0.00422	0.02066	0.00675	0.00590
12	0.69615	0.01435	0.01181	0.01024	0.01490	0.01634	0.00844	0.06457	0.01433	0.07749	0.01181	0.01302	0.00883	0.00702	0.00486	0.00224	0.00581	0.00433	0.00497	0.00846
13	0.01590	0.01590	0.02226	0.01908	0.01908	0.02226	0.01590	0.01749	0.01113	0.01749	0.00954	0.01590	0.00954	0.01272	0.02385	0.00318	0.73123	0.00636	0.00318	0.00795
14	0.02757	0.02224	0.02165	0.01699	0.02253	0.11390	0.01385	0.58978	0.03239	0.04212	0.01663	0.01688	0.01197	0.00856	0.00718	0.00214	0.00867	0.00630	0.00681	0.01184
15	0.01043	0.00759	0.01067	0.01067	0.01161	0.00853	0.00782	0.01233	0.01138	0.01612	0.02040	0.03371	0.02041	0.24146	0.53185	0.01043	0.01610	0.00854	0.00403	0.00593
16	0.02796	0.01984	0.02149	0.01648	0.02228	0.02176	0.01361	0.63304	0.03330	0.08896	0.01819	0.01793	0.01273	0.00874	0.00727	0.00219	0.00788	0.00659	0.00738	0.01236
17	0.01373	0.01292	0.02180	0.72707	0.05006	0.01615	0.02019	0.01857	0.01453	0.01857	0.01292	0.01938	0.00969	0.00727	0.00727	0.00242	0.00969	0.00646	0.00323	0.00807
18	0.02583	0.02223	0.04567	0.01707	0.02241	0.11096	0.01421	0.48879	0.08363	0.03893	0.01714	0.01754	0.01254	0.00877	0.00789	0.00221	0.03976	0.00639	0.00650	0.01154
19	0.01727	0.01641	0.02785	0.04190	0.64495	0.01638	0.02108	0.02135	0.01634	0.02334	0.01575	0.07485	0.01439	0.00776	0.00736	0.00222	0.00829	0.00759	0.00385	0.01107
20	0.00957	0.00699	0.00916	0.01064	0.01163	0.00658	0.00789	0.01145	0.01498	0.01952	0.04377	0.48587	0.12590	0.02153	0.00939	0.00299	0.00480	0.18446	0.00673	0.00614
21	0.01866	0.01815	0.03572	0.03470	0.29282	0.01736	0.37009	0.02383	0.01720	0.07545	0.01537	0.01937	0.01175	0.00648	0.00795	0.00232	0.01039	0.00767	0.00405	0.01066
22	0.01148	0.01201	0.09273	0.01191	0.01441	0.00945	0.05214	0.01512	0.06510	0.01950	0.07756	0.18460	0.09547	0.28437	0.01893	0.00422	0.00656	0.01236	0.00539	0.00669
23	0.01943	0.74891	0.03809	0.01244	0.01866	0.02876	0.01244	0.02177	0.01477	0.01710	0.01011	0.01166	0.00933	0.00622	0.00466	0.00155	0.00777	0.00389	0.00311	0.00933
24	0.01507	0.01292	0.01507	0.01077	0.01723	0.00969	0.00861	0.01830	0.01507	0.02369	0.01292	0.01507	0.01077	0.00538	0.00538	0.00108	0.00538	0.00431	0.00431	0.78898
25	0.02135	0.01766	0.02139	0.33856	0.09166	0.12954	0.01689	0.10649	0.01928	0.14320	0.01606	0.01895	0.01159	0.00773	0.00715	0.00225	0.00932	0.00633	0.00487	0.00972
26	0.01636	0.01549	0.02627	0.26165	0.46198	0.01653	0.02117	0.02080	0.01591	0.02201	0.01450	0.02120	0.01224	0.00732	0.00734	0.00229	0.00889	0.03423	0.00361	0.01021
27	0.01628	0.01786	0.03744	0.02750	0.03360	0.01739	0.54240	0.02169	0.01637	0.02238	0.01621	0.02398	0.01339	0.01064	0.05605	0.00316	0.06066	0.04989	0.00385	0.00926
28	0.01943	0.74891	0.03809	0.01244	0.01866	0.02876	0.01244	0.02177	0.01477	0.01710	0.01011	0.01166	0.00933	0.00622	0.00466	0.00155	0.00777	0.00389	0.00311	0.00933
29	0.01799	0.01727	0.02950	0.04462	0.69919	0.01727	0.02231	0.02231	0.01655	0.02375	0.01367	0.01799	0.01151	0.00648	0.00720	0.00216	0.00864	0.00648	0.00360	0.01151
30	0.01896	0.01501	0.01740	0.01299	0.01876	0.01394	0.01056	0.18522	0.01982	0.05364	0.01438	0.01609	0.01134	0.00692	0.00734	0.00156	0.06149	0.00514	0.00514	0.50428
31	0.00919	0.00733	0.00763	0.00755	0.00985	0.00628	0.00567	0.01136	0.01700	0.02146	0.15181	0.06462	0.56175	0.01718	0.00832	0.00237	0.00363	0.01440	0.06632	0.00628
32	0.01028	0.00855	0.01152	0.01089	0.01341	0.00773	0.05818	0.01308	0.01732	0.02201	0.16389	0.06642	0.38140	0.01729	0.00894	0.00264	0.00502	0.16804	0.00671	0.00667
33	0.02235	0.02742	0.03131	0.02445	0.02993	0.38047	0.33056	0.02627	0.01895	0.02043	0.01290	0.01623	0.01016	0.00684	0.00753	0.00215	0.01270	0.00655	0.00371	0.00909
34	0.05042	0.01690	0.01814	0.01427	0.01927	0.01828	0.01168	0.47410	0.02878	0.09146	0.02257	0.02253	0.05829	0.00928	0.00698	0.00214	0.00689	0.00712	0.10982	0.01107
35	0.00946	0.00740	0.00857	0.00828	0.01035	0.00651	0.00621	0.01212	0.01863	0.02452	0.39276	0.06192	0.37408	0.01659	0.00858	0.00237	0.00355	0.01421	0.00739	0.00651
36	0.12567	0.01354	0.01671	0.01298	0.01848	0.01280	0.01072	0.11077	0.02138	0.54247	0.02505	0.02228	0.01607	0.00869	0.00696	0.00224	0.00633	0.00680	0.00824	0.01182
37	0.01165	0.00914	0.01086	0.01154	0.01308	0.00960	0.00819	0.01877	0.21774	0.02215	0.03689	0.52368	0.04023	0.01886	0.00871	0.00280	0.00468	0.01689	0.00694	0.00760
38	0.00874	0.00679	0.00795	0.00888	0.01022	0.00601	0.00620	0.01026	0.01511	0.01904	0.05513	0.43929	0.33886	0.02082	0.00897	0.00273	0.00398	0.01828	0.00675	0.00601
39	0.01796	0.53322	0.24089	0.01495	0.02254	0.02516	0.01681	0.02215	0.01494	0.01890	0.01100	0.01278	0.00929	0.00643	0.00534	0.00178	0.00867	0.00434	0.00310	0.00976
40	0.02279	0.01751	0.02014	0.13124	0.02565	0.01970	0.01403	0.44102	0.10800	0.03745	0.01991	0.07408	0.01584	0.00970	0.00744	0.00231	0.00771	0.00781	0.00659	0.01107
41	0.01038	0.00747	0.00954	0.01056	0.01148	0.00724	0.00729	0.06111	0.01590	0.02133	0.08129	0.63972	0.04669	0.02118	0.00908	0.00285	0.00445	0.01909	0.00687	0.00646
42	0.01835	0.43341	0.12664	0.01430	0.02055	0.02395	0.01421	0.02688	0.21129	0.02184	0.01622	0.01671	0.01307	0.00738	0.00578	0.00193	0.00760	0.00536	0.00436	0.01017
43	0.01799	0.01727	0.02950	0.04462	0.69919	0.01727	0.02231	0.02231	0.01655	0.02375	0.01367	0.01799	0.01151	0.00648	0.00720	0.00216	0.00864	0.00648	0.00360	0.01151
44	0.02449	0.14758	0.02279	0.01710	0.02130	0.49579	0.01339	0.02934	0.12288	0.01964	0.01390	0.01505	0.01135	0.00765	0.00638	0.00191	0.01110	0.00510	0.00421	0.00905
45	0.00889	0.00700	0.00804	0.00857	0.01021	0.00614	0.00613	0.01072	0.01611	0.02042	0.13783	0.30795	0.38715	0.01954	0.00883	0.00261	0.00384	0.01698	0.00690	0.00614
46	0.02715	0.03464	0.02060	0.01873	0.02247	0.71536	0.01404	0.02903	0.02060	0.01779	0.01124	0.01311	0.00936	0.00749	0.00655	0.00187	0.01311	0.00468	0.00375	0.00843
47	0.02026	0.01378	0.01719	0.01711	0.10062	0.01426	0.01184	0.21053	0.09485	0.13710	0.09165	0.18625	0.02778	0.01239	0.00786	0.00240	0.00625	0.01067	0.00706	0.01017
48	0.01044	0.00699	0.00797	0.00810	0.00813	0.00696	0.00458	0.01054	0.01083	0.01444	0.02421	0.10042	0.02808	0.68944	0.03488	0.00673	0.00683	0.01134	0.00458	0.00452
49	0.02959	0.01485	0.01809	0.01402	0.01943	0.01463	0.01147	0.24098	0.04897	0.43935	0.02485	0.02339	0.01667	0.03855	0.00850	0.00243	0.00679	0.00723	0.00820	0.01202
50	0.01171	0.00837	0.01171	0.01339	0.01506	0.00837	0.01171	0.01506	0.01673	0.02175	0.03849	0.08199	0.04183	0.02008	0.01004	0.00335	0.00669	0.65027	0.00669	0.00669
51	0.01456	0.01377	0.02331	0.59355	0.17706	0.01637	0.02060	0.01930	0.01493	0.01958	0.01307	0.01911	0.01005	0.00711	0.00725	0.00237	0.00948	0.00646	0.00330	0.00875
52	0.01133	0.00722	0.00918	0.00918	0.01070	0.00674	0.00669	0.01414	0.01791	0.05311	0.38132	0.23514	0.05287	0.01574	0.00815	0.00237	0.00375	0.01392	0.13375	0.00681
53	0.01412	0.01321	0.02166	0.42539	0.22017	0.01487	0.01845	0.01840	0.01557	0.02052	0.04695	0.02656	0.09671	0.00871	0.00746	0.00235	0.00842	0.00781	0.00395	0.00873
54	0.01458	0.03760	0.70688	0.02072	0.03146	0.01688	0.02686	0.02302	0.01535	0.02302	0.01304	0.01535	0.00921	0.00691	0.00691	0.00230	0.01074	0.00537	0.00307	0.01074
55	0.01263	0.00631	0.00947	0.00947	0.00947	0.00631	0.00631	0.00947	0.00947	0.01263	0.01263	0.02210	0.01263	0.02525	0.02841	0.78851	0.00631	0.00631	0.00316	0.00316
56	0.01038	0.00779	0.01168	0.01168	0.01298	0.00909	0.00909	0.01298	0.01168	0.01687	0.01947	0.02856	0.01817	0.05452	0.71573	0.01168	0.01947	0.00779	0.00389	0.00649
57	0.54727	0.01610	0.01429	0.01188	0.01680	0.01832	0.00980	0.23287	0.01943	0.03688	0.01249	0.01363	0.00933	0.00739	0.00540	0.00223	0.00639	0.00478	0.00540	0.00933
58	0.01263	0.00631	0.00947	0.00947	0.00947	0.00631	0.00631	0.00947	0.00947	0.01263	0.01263	0.02210	0.01263	0.02525	0.02841	0.78851	0.00631	0.00631	0.00316	0.00316
59	0.01590	0.01590	0.02226	0.01908	0.01908	0.02226	0.01590	0.01749	0.01113	0.01749	0.00954	0.01590	0.00954	0.01272	0.02385	0.00318	0.73123	0.00636	0.00318	0.00795
60	0.01057	0.00705	0.00793	0.00793	0.00793	0.00705	0.00440	0.01057	0.01057	0.01409	0.02290	0.04757	0.02643	0.74454	0.03700	0.00705	0.00705	0.01057	0.00440	0.00440
61	0.01507	0.01292	0.01507	0.01077	0.01723	0.00969	0.00861	0.01830	0.01507	0.02369	0.01292	0.01507	0.01077	0.00538	0.00538	0.00108	0.00538	0.00431	0.00431	0.78898
62	0.01458	0.03760	0.70688	0.02072	0.03146	0.01688	0.02686	0.02302	0.01535	0.02302	0.01304	0.01535	0.00921	0.00691	0.00691	0.00230	0.01074	0.00537	0.00307	0.01074
63	0.00886	0.00633	0.00843	0.01012	0.01054	0.00590	0.00675	0.01012	0.01392	0.01856	0.04006	0.73979	0.04808	0.02277	0.00928	0.00295	0.00422	0.02066	0.00675	0.00590
64	0.07859	0.01260	0.01439	0.05675	0.08586	0.05736	0.01048	0.06343	0.03875	0.08749	0.18157	0.03652	0.14659	0.01316	0.03591	0.00262	0.00646	0.00944	0.05359	0.00845
65	0.01832	0.01796	0.02910	0.04167	0.61497	0.04433	0.04767	0.02336	0.04769	0.02381	0.01436	0.01829	0.01191	0.00666	0.00724	0.00217	0.00882	0.00657	0.00378	0.01133
66	0.00862	0.00724	0.00749	0.00770	0.00991	0.00611	0.00567	0.01039	0.01625	0.01951	0.06959	0.15068	0.61814	0.01894	0.00867	0.00251	0.00375	0.01598	0.00675	0.00611
67	0.01008	0.00734	0.00902	0.00868	0.01050	0.00667	0.00648	0.01311	0.01922	0.02673	0.50726	0.07907	0.19287	0.01548	0.00840	0.00231	0.00350	0.01347	0.05312	0.00667
68	0.10802	0.01606	0.06073	0.01315	0.01868	0.01485	0.01110	0.05364	0.28763	0.02830	0.01954	0.01969	0.01502	0.00759	0.00627	0.00190	0.00602	0.00601	0.00562	0.30016
69	0.01943	0.74891	0.03809	0.01244	0.01866	0.02876	0.01244	0.02177	0.01477	0.01710	0.01011	0.01166	0.00933	0.00622	0.00466	0.00155	0.00777	0.00389	0.00311	0.00933
70	0.02267	0.02289	0.01800	0.01590	0.01943	0.32928	0.01227	0.07158	0.13363	0.08351	0.12656	0.02362	0.02206	0.00964	0.00827	0.00218	0.05642	0.00711	0.00571	0.00927
71	0.01513	0.02104	0.24278	0.02589	0.26830	0.01428	0.01897	0.04159	0.01650	0.02403	0.04716	0.10090	0.04422	0.00946	0.00725	0.00227	0.00794	0.00832	0.07412	0.00986
72	0.01748	0.01354	0.03915	0.02269	0.23288	0.01288	0.01418	0.02366	0.12176	0.12902	0.08720	0.08327	0.06961	0.01168	0.00794	0.00245	0.00656	0.08796	0.00619	0.00989
73	0.01045	0.00752	0.01032	0.01032	0.01115	0.00835	0.00739	0.01211	0.01128	0.01587	0.02072	0.03546	0.02117	0.30491	0.46943	0.01000	0.01496	0.00880	0.00408	0.00573
74	0.01559	0.00852	0.00928	0.00869	0.01096	0.00850	0.00661	0.08256	0.01744	0.07923	0.02772	0.11936	0.05096	0.01080	0.00616	0.00198	0.00418	0.00895	0.51490	0.00762
75	0.01728	0.02154	0.13572	0.12835	0.29945	0.06309	0.18380	0.02259	0.01651	0.02243	0.01357	0.01785	0.01065	0.00663	0.00746	0.00227	0.01030	0.00671	0.00350	0.01030
76	0.01560	0.00938	0.01172	0.01082	0.01339	0.00912	0.00820	0.02112	0.12174	0.15539	0.30529	0.17884	0.04545	0.01425	0.00813	0.00241	0.00447	0.01247	0.04377	0.00843
77	0.01353	0.00795	0.01040	0.00994	0.01200	0.00719	0.00738	0.01614	0.01847	0.13916	0.35697	0.24431	0.09540	0.01635	0.00856	0.00248	0.00413	0.01443	0.00773	0.00747
78	0.01573	0.01471	0.02292	0.08863	0.17146	0.05768	0.14807	0.04282	0.01708	0.04341	0.04585	0.18352	0.06320	0.01187	0.00816	0.00248	0.00814	0.04043	0.00505	0.00880
79	0.01096	0.00801	0.01009	0.01031	0.01156	0.00802	0.00742	0.01332	0.03799	0.04806	0.14626	0.36441	0.15349	0.06632	0.01184	0.00300	0.05982	0.01586	0.00664	0.00660
80	0.00885	0.00734	0.00774	0.00772	0.00999	0.00623	0.00576	0.01090	0.01707	0.02100	0.16386	0.08946	0.58296	0.01803	0.00861	0.00245	0.00366	0.01519	0.00693	0.00623
81	0.26902	0.01645	0.02710	0.02544	0.17809	0.01671	0.26718	0.02203	0.01535	0.02665	0.01357	0.01720	0.01061	0.00656	0.00672	0.00227	0.00872	0.00648	0.05447	0.00937
82	0.01538	0.03753	0.01910	0.13855	0.11282	0.10496	0.06488	0.01944	0.04735	0.02107	0.04726	0.03553	0.12759	0.05873	0.00949	0.00263	0.00795	0.06447	0.05716	0.00811
83	0.01719	0.01645	0.02806	0.17300	0.57708	0.01706	0.02191	0.02161	0.01617	0.02277	0.01353	0.01825	0.01117	0.00663	0.00721	0.00221	0.00883	0.00647	0.00353	0.01087
84	0.01753	0.34668	0.36999	0.01698	0.02529	0.06896	0.01973	0.02288	0.01545	0.02010	0.01165	0.01359	0.00927	0.00665	0.00591	0.00195	0.00961	0.00468	0.00313	0.00997
85	0.01906	0.02385	0.17973	0.02904	0.25018	0.11336	0.14318	0.02407	0.01728	0.07444	0.01712	0.01978	0.04063	0.00735	0.00737	0.00223	0.01001	0.00682	0.00406	0.01042
86	0.01053	0.00720	0.00871	0.00871	0.00898	0.00747	0.00538	0.01107	0.01080	0.01467	0.02219	0.04360	0.02470	0.60043	0.17874	0.00802	0.00964	0.00999	0.00430	0.00484
87	0.02032	0.51910	0.12068	0.01462	0.02104	0.12765	0.01459	0.05320	0.01660	0.01929	0.01099	0.01261	0.00946	0.00661	0.00535	0.00173	0.00895	0.00432	0.00339	0.00952
88	0.01538	0.13355	0.14244	0.01188	0.01559	0.01264	0.01094	0.01702	0.01300	0.08128	0.01713	0.02741	0.01636	0.24836	0.02071	0.16737	0.00756	0.00715	0.00412	0.03012
89	0.01793	0.19284	0.22821	0.01862	0.05287	0.13234	0.05949	0.04466	0.01661	0.02089	0.01673	0.06464	0.04392	0.00875	0.00769	0.00216	0.05172	0.00674	0.00381	0.00938
90	0.04440	0.14778	0.20696	0.01585	0.02232	0.10164	0.01577	0.05757	0.10408	0.15720	0.01869	0.04580	0.01425	0.00834	0.00666	0.00215	0.00845	0.00639	0.00526	0.01044
91	0.16025	0.07174	0.21816	0.06585	0.02642	0.11004	0.12358	0.02188	0.01556	0.02299	0.01506	0.08833	0.01325	0.00841	0.00681	0.00228	0.00944	0.00706	0.00391	0.00899

[dist]
# distance from previous block
# <min> <max>
2	6

[block]
# block no. 4 follows, 28 sequences, length 111
# corresponding to MSA columns:
# 263-373
name=unknown_E
#
# <colnr> <probs for GDERKNQSTAVLIFYWHMCP>
#	G	D	E	R	K	N	Q	S	T	A	V	L	I	F	Y	W	H	M	C	P
0	0.01694	0.02095	0.19479	0.01772	0.06947	0.05911	0.01551	0.13485	0.12756	0.02714	0.05423	0.18346	0.02359	0.01167	0.00766	0.00242	0.00764	0.00989	0.00564	0.00978
1	0.01902	0.02164	0.20570	0.02243	0.15674	0.06293	0.06391	0.04320	0.03748	0.14244	0.02361	0.07764	0.07187	0.00948	0.00747	0.00231	0.00849	0.00822	0.00514	0.01027
2	0.01160	0.01154	0.09164	0.01078	0.01416	0.00832	0.04017	0.01477	0.01671	0.05392	0.13250	0.13080	0.32176	0.01502	0.00803	0.00238	0.00503	0.01289	0.09070	0.00727
3	0.15018	0.07177	0.01309	0.01067	0.01348	0.01261	0.00822	0.02032	0.16590	0.02526	0.11954	0.18268	0.08084	0.04785	0.00861	0.00261	0.00505	0.01100	0.04241	0.00791
4	0.21860	0.09251	0.05664	0.01669	0.06747	0.19340	0.05366	0.02184	0.01613	0.02343	0.04721	0.10050	0.01661	0.00904	0.00640	0.00213	0.00837	0.00708	0.00440	0.03789
5	0.11421	0.30565	0.02675	0.01441	0.02003	0.09353	0.01261	0.27879	0.02269	0.03025	0.01310	0.01410	0.01035	0.00739	0.00586	0.00191	0.00814	0.00502	0.00497	0.01026
6	0.01569	0.11853	0.53413	0.01861	0.02821	0.01778	0.02287	0.04655	0.01595	0.02323	0.01285	0.01496	0.00949	0.00674	0.00650	0.00209	0.00976	0.00513	0.00335	0.08756
7	0.01907	0.12143	0.40261	0.01917	0.02769	0.06982	0.06531	0.08880	0.01810	0.08078	0.01439	0.01600	0.01040	0.00716	0.00678	0.00217	0.01000	0.00563	0.00407	0.01063
8	0.00998	0.00751	0.00936	0.00982	0.01139	0.00703	0.00735	0.01306	0.04151	0.02314	0.26345	0.26146	0.18795	0.01842	0.00893	0.00266	0.00422	0.09898	0.00718	0.00658
9	0.01911	0.01613	0.13432	0.09093	0.02228	0.01272	0.01364	0.02648	0.14184	0.21825	0.16844	0.03100	0.05275	0.01022	0.00757	0.00233	0.00659	0.00860	0.00676	0.01005
10	0.02047	0.15347	0.19367	0.01744	0.05399	0.05083	0.03985	0.10103	0.05762	0.13795	0.01928	0.08905	0.01585	0.00907	0.00693	0.00220	0.00826	0.00738	0.00525	0.01041
11	0.02024	0.12588	0.25913	0.02054	0.08416	0.10130	0.04168	0.17174	0.05969	0.02727	0.01452	0.01613	0.01098	0.00740	0.00676	0.00213	0.00957	0.00573	0.00442	0.01073
12	0.00928	0.00730	0.00837	0.00829	0.01029	0.00640	0.00615	0.01169	0.01792	0.02327	0.31406	0.11950	0.39685	0.01738	0.00864	0.00243	0.00363	0.01492	0.00724	0.00640
13	0.01364	0.01594	0.11860	0.02055	0.16694	0.03826	0.07132	0.01729	0.01609	0.02193	0.14264	0.08224	0.09041	0.13740	0.01290	0.00314	0.00748	0.01009	0.00495	0.00821
14	0.02162	0.01787	0.02764	0.03258	0.37769	0.04263	0.10313	0.11377	0.04154	0.12379	0.01689	0.01921	0.01276	0.00724	0.00738	0.00221	0.00874	0.00687	0.00501	0.01142
