[name]
unknown

[dist]
# distance from previous block
# <min> <max>
11	126

[block]
# block no. 0 follows, 33 sequences, length 22
# corresponding to MSA columns:
# 128-149
name=unknown_A
#
# <colnr> <probs for GDERKNQSTAVLIFYWHMCP>
#	G	D	E	R	K	N	Q	S	T	A	V	L	I	F	Y	W	H	M	C	P
0	0.01514	0.10384	0.39874	0.02068	0.02862	0.06524	0.23408	0.02117	0.01467	0.02006	0.01190	0.01463	0.00887	0.00601	0.00650	0.00203	0.01003	0.00559	0.00300	0.00919
1	0.01516	0.12518	0.22374	0.02235	0.14418	0.01642	0.19373	0.04651	0.01540	0.02149	0.05954	0.01724	0.01290	0.00639	0.00644	0.00194	0.00858	0.00605	0.00351	0.05324
2	0.03521	0.12140	0.06253	0.01844	0.08580	0.17118	0.15841	0.01992	0.01497	0.04810	0.03527	0.06604	0.01474	0.07482	0.04265	0.00272	0.00917	0.00689	0.00381	0.00794
3	0.01386	0.01289	0.01967	0.38395	0.12321	0.01455	0.03558	0.01976	0.10917	0.01963	0.01370	0.01758	0.01070	0.00684	0.00732	0.00203	0.05454	0.00583	0.00363	0.12555
4	0.01126	0.01284	0.14872	0.01170	0.01502	0.00891	0.02889	0.05669	0.01506	0.04606	0.03573	0.31206	0.17889	0.01514	0.00773	0.00242	0.00553	0.07488	0.00550	0.00697
5	0.01422	0.01385	0.02036	0.20946	0.02553	0.01801	0.05279	0.01900	0.10743	0.01798	0.01217	0.01680	0.01031	0.00955	0.01489	0.00258	0.41774	0.00612	0.00344	0.00776
6	0.01609	0.01669	0.02236	0.33949	0.31475	0.14107	0.01809	0.01982	0.01485	0.01858	0.01171	0.01606	0.00939	0.00633	0.00644	0.00201	0.00893	0.00558	0.00314	0.00862
7	0.00804	0.00675	0.00703	0.00717	0.00933	0.00574	0.00552	0.00984	0.01502	0.01796	0.06375	0.06436	0.66144	0.01681	0.00790	0.00230	0.00359	0.07573	0.00611	0.00560
8	0.01256	0.01188	0.01977	0.70380	0.04347	0.01500	0.01802	0.01676	0.01296	0.01676	0.01150	0.01734	0.00877	0.00691	0.00758	0.00224	0.05860	0.00584	0.00292	0.00731
9	0.00798	0.00652	0.00705	0.00725	0.00910	0.00559	0.00531	0.00972	0.01499	0.01853	0.13109	0.17718	0.54284	0.01698	0.00788	0.00228	0.00339	0.01448	0.00623	0.00559
10	0.02039	0.01324	0.01501	0.01288	0.01702	0.01433	0.01019	0.03410	0.50298	0.24261	0.02654	0.02390	0.01894	0.00869	0.00667	0.00217	0.00533	0.00719	0.00714	0.01066
11	0.00814	0.00582	0.00775	0.00908	0.00958	0.00543	0.00612	0.00947	0.01316	0.01769	0.09982	0.69828	0.04526	0.01996	0.00834	0.00262	0.00375	0.01809	0.00622	0.00543
12	0.01733	0.01426	0.01555	0.01342	0.01703	0.01633	0.01062	0.17418	0.45481	0.02974	0.09981	0.02483	0.02217	0.00935	0.00761	0.00220	0.04675	0.00752	0.00652	0.00995
13	0.02423	0.01767	0.01890	0.01458	0.01962	0.01952	0.01202	0.66235	0.02988	0.04043	0.01616	0.01635	0.01155	0.00789	0.00646	0.00195	0.00698	0.00594	0.05664	0.01088
14	0.01499	0.01384	0.02154	0.10663	0.33229	0.01425	0.05880	0.02169	0.14884	0.02193	0.01744	0.02398	0.01491	0.00772	0.00676	0.00207	0.00717	0.07761	0.00424	0.08329
15	0.02244	0.26278	0.02372	0.01502	0.01927	0.45551	0.01225	0.08262	0.01806	0.01810	0.01034	0.01180	0.00870	0.00652	0.00545	0.00163	0.00996	0.00416	0.00349	0.00819
16	0.00820	0.00587	0.00780	0.00905	0.00959	0.00547	0.00612	0.00961	0.01343	0.01811	0.13010	0.66679	0.04608	0.01965	0.00832	0.00259	0.00372	0.01779	0.00627	0.00547
17	0.01559	0.01471	0.02382	0.16862	0.50436	0.01555	0.01851	0.02159	0.11023	0.02146	0.01422	0.01765	0.01144	0.00642	0.00655	0.00204	0.00764	0.00608	0.00367	0.00985
18	0.02687	0.01715	0.01772	0.01395	0.01888	0.11434	0.01134	0.32886	0.02417	0.32934	0.01933	0.01805	0.01298	0.00785	0.00651	0.00196	0.00718	0.00599	0.00681	0.01071
19	0.00801	0.00655	0.00707	0.00721	0.00910	0.00561	0.00531	0.00978	0.01513	0.01873	0.14520	0.15719	0.54863	0.01681	0.00786	0.00227	0.00337	0.01430	0.00626	0.00561
20	0.01320	0.03405	0.73453	0.01876	0.02849	0.01529	0.02432	0.02085	0.01390	0.02085	0.01181	0.01390	0.00834	0.00625	0.00625	0.00208	0.00973	0.00486	0.00278	0.00973
21	0.01427	0.01358	0.02307	0.41351	0.37028	0.01511	0.01920	0.01843	0.01403	0.01905	0.01203	0.01695	0.00956	0.00624	0.00655	0.00208	0.00832	0.00586	0.00308	0.00880

[dist]
# distance from previous block
# <min> <max>
0	23

[block]
# block no. 1 follows, 33 sequences, length 38
# corresponding to MSA columns:
# 173-210
name=unknown_B
#
# <colnr> <probs for GDERKNQSTAVLIFYWHMCP>
#	G	D	E	R	K	N	Q	S	T	A	V	L	I	F	Y	W	H	M	C	P
0	0.01483	0.00880	0.01112	0.00979	0.01244	0.00846	0.00759	0.02007	0.12012	0.18309	0.46779	0.03966	0.04584	0.01162	0.00736	0.00209	0.00397	0.01008	0.00737	0.00793
1	0.01275	0.00707	0.00716	0.00698	0.00877	0.00733	0.00528	0.01763	0.09570	0.02489	0.02210	0.02455	0.01725	0.00782	0.00485	0.00162	0.00332	0.00629	0.71202	0.00664
2	0.01908	0.01529	0.01863	0.20515	0.08293	0.04413	0.01385	0.21797	0.20840	0.07940	0.01797	0.01899	0.01318	0.00765	0.00659	0.00209	0.00719	0.00630	0.00540	0.00980
3	0.01578	0.43926	0.31476	0.01438	0.02157	0.02126	0.01647	0.02091	0.04753	0.01822	0.01107	0.01258	0.00897	0.00604	0.00516	0.00172	0.00803	0.00425	0.00299	0.00906
4	0.00831	0.00615	0.00747	0.00840	0.00923	0.00566	0.00574	0.00951	0.01288	0.01659	0.04150	0.45032	0.21002	0.12960	0.01198	0.00312	0.00418	0.04829	0.00580	0.00523
5	0.00833	0.00667	0.00751	0.00778	0.00962	0.00585	0.00592	0.01029	0.01525	0.01908	0.15096	0.14437	0.47780	0.01685	0.00800	0.00234	0.00366	0.08779	0.00626	0.00568
6	0.15271	0.01835	0.02133	0.07769	0.20650	0.18563	0.09891	0.02315	0.05210	0.08306	0.01332	0.01556	0.01025	0.00650	0.00615	0.00198	0.00846	0.00548	0.00401	0.00886
7	0.45025	0.01361	0.01274	0.01074	0.01509	0.03381	0.00875	0.09041	0.09720	0.18601	0.01562	0.01544	0.01110	0.00708	0.00524	0.00204	0.00561	0.00494	0.00551	0.00882
8	0.02954	0.01120	0.01528	0.01171	0.01681	0.00968	0.00968	0.03208	0.01884	0.73213	0.02597	0.02241	0.01630	0.00815	0.00662	0.00204	0.00560	0.00662	0.00815	0.01120
9	0.01720	0.01764	0.02669	0.03672	0.59295	0.10049	0.07071	0.02098	0.01546	0.02085	0.01220	0.01589	0.01017	0.00595	0.00654	0.00194	0.00854	0.00582	0.00328	0.00999
10	0.01456	0.13661	0.38863	0.01918	0.02686	0.01703	0.18266	0.02157	0.06701	0.02058	0.01364	0.01705	0.01057	0.00658	0.00644	0.00206	0.00920	0.02717	0.00332	0.00927
11	0.01673	0.01707	0.02390	0.14041	0.49615	0.12219	0.01845	0.02035	0.01527	0.01996	0.01281	0.01803	0.01094	0.00657	0.00654	0.00199	0.00849	0.03140	0.00334	0.00939
12	0.01991	0.29362	0.02553	0.08155	0.11722	0.32382	0.01369	0.02229	0.01579	0.01668	0.01024	0.01249	0.00876	0.00623	0.00546	0.00167	0.00932	0.00434	0.00313	0.00828
13	0.00829	0.00589	0.00774	0.00891	0.00940	0.00553	0.00596	0.00958	0.01308	0.01762	0.11537	0.62668	0.04423	0.07602	0.01022	0.00288	0.00393	0.01723	0.00608	0.00535
14	0.01695	0.01703	0.02647	0.17323	0.26673	0.09560	0.19051	0.04461	0.04249	0.04253	0.01332	0.01691	0.01035	0.00628	0.00679	0.00205	0.00910	0.00625	0.00362	0.00916
15	0.01083	0.00837	0.01008	0.00936	0.01142	0.00844	0.00710	0.01733	0.17319	0.02636	0.54705	0.04420	0.07529	0.01256	0.00753	0.00211	0.00358	0.01098	0.00709	0.00712
16	0.01803	0.01508	0.01565	0.01603	0.11517	0.11975	0.01099	0.13477	0.13240	0.08523	0.05982	0.02836	0.11992	0.00950	0.00667	0.00202	0.00641	0.02958	0.06578	0.00883
17	0.81514	0.01273	0.00968	0.00866	0.01273	0.01477	0.00713	0.01935	0.01120	0.02954	0.00917	0.01069	0.00713	0.00611	0.00407	0.00204	0.00509	0.00356	0.00407	0.00713
18	0.01365	0.01170	0.01365	0.00975	0.01560	0.00878	0.00780	0.01658	0.01365	0.02145	0.01170	0.01365	0.00975	0.00488	0.00488	0.00098	0.00488	0.00390	0.00390	0.80888
19	0.00932	0.00673	0.00880	0.00828	0.00984	0.00621	0.00621	0.01242	0.01863	0.02640	0.72410	0.04918	0.06212	0.01346	0.00776	0.00207	0.00311	0.01191	0.00725	0.00621
20	0.01243	0.01170	0.01975	0.75282	0.04534	0.01463	0.01828	0.01682	0.01316	0.01682	0.01170	0.01755	0.00878	0.00658	0.00658	0.00219	0.00878	0.00585	0.00293	0.00731
21	0.00899	0.00642	0.00875	0.01027	0.01108	0.00618	0.00779	0.01084	0.01356	0.01789	0.03575	0.50635	0.04143	0.01971	0.00866	0.00281	0.00466	0.26716	0.00609	0.00561
22	0.01365	0.01170	0.01365	0.00975	0.01560	0.00878	0.00780	0.01658	0.01365	0.02145	0.01170	0.01365	0.00975	0.00488	0.00488	0.00098	0.00488	0.00390	0.00390	0.80888
23	0.00932	0.00673	0.00880	0.00828	0.00984	0.00621	0.00621	0.01242	0.01863	0.02640	0.72410	0.04918	0.06212	0.01346	0.00776	0.00207	0.00311	0.01191	0.00725	0.00621
24	0.01546	0.01480	0.02522	0.19337	0.58109	0.01542	0.01979	0.01948	0.01460	0.02050	0.01224	0.01656	0.01007	0.00602	0.00653	0.00201	0.00803	0.00586	0.00319	0.00976
25	0.01561	0.01393	0.01771	0.10523	0.17231	0.01565	0.01325	0.02884	0.46023	0.02467	0.02328	0.02327	0.04025	0.00826	0.00668	0.00217	0.00612	0.00713	0.00550	0.00990
26	0.00802	0.00573	0.00764	0.00917	0.00955	0.00535	0.00611	0.00917	0.01260	0.01681	0.03628	0.76434	0.04354	0.02062	0.00840	0.00267	0.00382	0.01872	0.00611	0.00535
27	0.01327	0.01256	0.02127	0.59755	0.19403	0.01485	0.01870	0.01756	0.01356	0.01784	0.01185	0.01728	0.00914	0.00643	0.00657	0.00214	0.00857	0.00585	0.00300	0.00799
28	0.00803	0.00657	0.00709	0.00719	0.00911	0.00563	0.00531	0.00985	0.01526	0.01894	0.15967	0.14157	0.54961	0.01665	0.00785	0.00225	0.00336	0.01415	0.00628	0.00563
29	0.01637	0.01414	0.01489	0.01340	0.01712	0.01637	0.01042	0.03498	0.71568	0.02754	0.02679	0.02456	0.02010	0.00893	0.00670	0.00223	0.00521	0.00744	0.00670	0.01042
30	0.01637	0.01414	0.01489	0.01340	0.01712	0.01637	0.01042	0.03498	0.71568	0.02754	0.02679	0.02456	0.02010	0.00893	0.00670	0.00223	0.00521	0.00744	0.00670	0.01042
31	0.01243	0.01170	0.01975	0.75282	0.04534	0.01463	0.01828	0.01682	0.01316	0.01682	0.01170	0.01755	0.00878	0.00658	0.00658	0.00219	0.00878	0.00585	0.00293	0.00731
32	0.01629	0.01564	0.02672	0.04041	0.72757	0.01564	0.02020	0.02020	0.01499	0.02151	0.01238	0.01629	0.01043	0.00587	0.00652	0.00196	0.00782	0.00587	0.00326	0.01043
33	0.02438	0.01812	0.01939	0.01502	0.02017	0.02011	0.01236	0.65521	0.08243	0.04044	0.01663	0.01646	0.01186	0.00798	0.00659	0.00200	0.00709	0.00604	0.00659	0.01114
34	0.01365	0.01170	0.01365	0.00975	0.01560	0.00878	0.00780	0.01658	0.01365	0.02145	0.01170	0.01365	0.00975	0.00488	0.00488	0.00098	0.00488	0.00390	0.00390	0.80888
35	0.01347	0.00913	0.00781	0.00757	0.00932	0.09202	0.00568	0.01638	0.01476	0.02371	0.07708	0.02506	0.01956	0.00804	0.00501	0.00160	0.00410	0.00638	0.64699	0.00632
36	0.81514	0.01273	0.00968	0.00866	0.01273	0.01477	0.00713	0.01935	0.01120	0.02954	0.00917	0.01069	0.00713	0.00611	0.00407	0.00204	0.00509	0.00356	0.00407	0.00713
37	0.01365	0.03093	0.60106	0.02049	0.02963	0.01555	0.15465	0.02089	0.01421	0.02089	0.01210	0.01464	0.00866	0.00612	0.00655	0.00211	0.00999	0.00542	0.00289	0.00957

[dist]
# distance from previous block
# <min> <max>
0	5

[block]
# block no. 2 follows, 33 sequences, length 22
# corresponding to MSA columns:
# 216-237
name=unknown_C
#
# <colnr> <probs for GDERKNQSTAVLIFYWHMCP>
#	G	D	E	R	K	N	Q	S	T	A	V	L	I	F	Y	W	H	M	C	P
0	0.81514	0.01273	0.00968	0.00866	0.01273	0.01477	0.00713	0.01935	0.01120	0.02954	0.00917	0.01069	0.00713	0.00611	0.00407	0.00204	0.00509	0.00356	0.00407	0.00713
1	0.01844	0.01517	0.01605	0.01382	0.01791	0.01734	0.01092	0.19510	0.55219	0.03087	0.02417	0.02247	0.01797	0.00869	0.00667	0.00217	0.00570	0.00708	0.00667	0.01061
2	0.02261	0.02762	0.02058	0.02256	0.18921	0.56873	0.01451	0.02484	0.01778	0.01740	0.01070	0.01293	0.00895	0.00656	0.00607	0.00176	0.01090	0.00463	0.00336	0.00830
3	0.01637	0.01414	0.01489	0.01340	0.01712	0.01637	0.01042	0.03498	0.71568	0.02754	0.02679	0.02456	0.02010	0.00893	0.00670	0.00223	0.00521	0.00744	0.00670	0.01042
4	0.01119	0.00588	0.00882	0.00882	0.00896	0.00602	0.00602	0.00896	0.00882	0.01190	0.01218	0.02071	0.01204	0.02606	0.11192	0.71253	0.00715	0.00588	0.00294	0.00322
5	0.01760	0.77260	0.03450	0.01126	0.01690	0.02605	0.01126	0.01971	0.01338	0.01549	0.00915	0.01056	0.00845	0.00563	0.00422	0.00141	0.00704	0.00352	0.00282	0.00845
6	0.01347	0.01276	0.02162	0.56166	0.22840	0.01490	0.01880	0.01773	0.01365	0.01808	0.01188	0.01721	0.00922	0.00639	0.00656	0.00213	0.00852	0.00585	0.00301	0.00815
7	0.00954	0.00651	0.00783	0.00783	0.00805	0.00673	0.00480	0.00999	0.00977	0.01324	0.02015	0.03980	0.02251	0.63179	0.16842	0.00718	0.00852	0.00909	0.00390	0.00435
8	0.01336	0.03298	0.68883	0.01935	0.02888	0.01538	0.06895	0.02086	0.01401	0.02086	0.01191	0.01415	0.00845	0.00621	0.00635	0.00209	0.00982	0.00506	0.00282	0.00967
9	0.01153	0.00705	0.00962	0.01054	0.01189	0.00667	0.00816	0.01353	0.01427	0.10365	0.03453	0.42672	0.03824	0.01825	0.00844	0.00273	0.00484	0.25670	0.00634	0.00631
10	0.01243	0.01170	0.01975	0.75282	0.04534	0.01463	0.01828	0.01682	0.01316	0.01682	0.01170	0.01755	0.00878	0.00658	0.00658	0.00219	0.00878	0.00585	0.00293	0.00731
11	0.00818	0.00670	0.00726	0.00743	0.00943	0.00578	0.00566	0.01008	0.01523	0.01871	0.12433	0.10099	0.56579	0.01671	0.00793	0.00230	0.00358	0.07202	0.00622	0.00565
12	0.01004	0.00799	0.01180	0.01143	0.01246	0.00975	0.00902	0.01228	0.01052	0.01535	0.01649	0.02440	0.01546	0.04455	0.65074	0.00960	0.11174	0.00689	0.00344	0.00605
13	0.01629	0.01564	0.02672	0.04041	0.72757	0.01564	0.02020	0.02020	0.01499	0.02151	0.01238	0.01629	0.01043	0.00587	0.00652	0.00196	0.00782	0.00587	0.00326	0.01043
14	0.01243	0.01170	0.01975	0.75282	0.04534	0.01463	0.01828	0.01682	0.01316	0.01682	0.01170	0.01755	0.00878	0.00658	0.00658	0.00219	0.00878	0.00585	0.00293	0.00731
15	0.00832	0.00623	0.00772	0.00832	0.00947	0.00563	0.00587	0.01012	0.01483	0.01965	0.23073	0.39965	0.21401	0.01772	0.00808	0.00240	0.00351	0.01569	0.00642	0.00563
16	0.00798	0.00668	0.00694	0.00687	0.00901	0.00564	0.00516	0.00983	0.01547	0.01888	0.15041	0.06155	0.64050	0.01626	0.00778	0.00220	0.00331	0.01364	0.00626	0.00564
17	0.01849	0.68215	0.03273	0.01173	0.01732	0.02537	0.01141	0.10198	0.01548	0.01861	0.00995	0.01119	0.00878	0.00590	0.00451	0.00148	0.00706	0.00381	0.00327	0.00878
18	0.00806	0.00584	0.00754	0.00887	0.00940	0.00541	0.00593	0.00921	0.01270	0.01674	0.03833	0.67597	0.10189	0.04888	0.00931	0.00278	0.00388	0.01795	0.00603	0.00531
19	0.01177	0.01042	0.01458	0.01316	0.01372	0.01345	0.01052	0.01358	0.01128	0.01674	0.10362	0.02491	0.01923	0.08931	0.24703	0.00550	0.36377	0.00728	0.00374	0.00638
20	0.09350	0.01959	0.01874	0.01482	0.01974	0.11184	0.01207	0.55959	0.02767	0.03722	0.01451	0.01486	0.01050	0.00760	0.00629	0.00195	0.00765	0.00551	0.00596	0.01039
21	0.02133	0.01565	0.02011	0.01548	0.02065	0.01621	0.10887	0.29361	0.17176	0.13641	0.01890	0.01872	0.01354	0.00751	0.00661	0.00197	0.00686	0.00641	0.00610	0.09330

[dist]
# distance from previous block
# <min> <max>
0	1

[block]
# block no. 3 follows, 33 sequences, length 22
# corresponding to MSA columns:
# 239-260
name=unknown_D
#
# <colnr> <probs for GDERKNQSTAVLIFYWHMCP>
#	G	D	E	R	K	N	Q	S	T	A	V	L	I	F	Y	W	H	M	C	P
0	0.02293	0.01547	0.01632	0.01274	0.01755	0.06917	0.01034	0.32267	0.02280	0.19128	0.01760	0.01754	0.01248	0.00737	0.00607	0.00176	0.00643	0.00565	0.08612	0.13770
1	0.01874	0.30243	0.15112	0.01653	0.02296	0.01988	0.15292	0.13079	0.01722	0.08889	0.01309	0.01453	0.00991	0.00632	0.00589	0.00184	0.00822	0.00528	0.00401	0.00945
2	0.01137	0.00839	0.01005	0.00935	0.01135	0.00822	0.00704	0.12200	0.01893	0.02579	0.38954	0.18959	0.13404	0.01442	0.00771	0.00220	0.00394	0.01257	0.00677	0.00675
3	0.01239	0.01169	0.01078	0.01003	0.01195	0.15435	0.00752	0.01521	0.01864	0.02433	0.58040	0.04167	0.05132	0.01212	0.00740	0.00200	0.00487	0.01036	0.00647	0.00650
4	0.01770	0.01572	0.02052	0.15239	0.25381	0.05333	0.01536	0.16098	0.17124	0.02584	0.01625	0.01823	0.01249	0.00717	0.00650	0.00204	0.00737	0.00615	0.02716	0.00977
5	0.01418	0.13520	0.02848	0.07743	0.12762	0.01562	0.30192	0.01808	0.01483	0.01927	0.02314	0.02556	0.15361	0.00793	0.00694	0.00205	0.00824	0.00790	0.00377	0.00825
6	0.01157	0.00898	0.00985	0.00932	0.01179	0.00872	0.00725	0.14995	0.01785	0.02259	0.04841	0.16672	0.40384	0.01569	0.00777	0.00233	0.00447	0.07999	0.00620	0.00671
7	0.01803	0.01761	0.01564	0.01411	0.01777	0.16247	0.01088	0.03323	0.57538	0.02524	0.02345	0.02201	0.01776	0.00850	0.00655	0.00212	0.00655	0.00680	0.00603	0.00986
8	0.01959	0.01481	0.01732	0.13164	0.02221	0.01646	0.01214	0.45553	0.02442	0.03259	0.01927	0.16675	0.01732	0.01025	0.00695	0.00215	0.00680	0.00849	0.00591	0.00940
9	0.01265	0.00752	0.00863	0.00788	0.01014	0.00661	0.00577	0.01418	0.01471	0.16085	0.08138	0.04971	0.38669	0.18839	0.01349	0.00314	0.00448	0.01133	0.00609	0.00637
10	0.01752	0.07575	0.01612	0.01233	0.01621	0.28375	0.00942	0.02026	0.05061	0.01793	0.01315	0.01801	0.01197	0.12772	0.00988	0.00220	0.00791	0.00508	0.00379	0.28040
11	0.00814	0.00650	0.00728	0.00747	0.00921	0.00565	0.00546	0.00999	0.01528	0.01933	0.19322	0.19408	0.46166	0.01678	0.00790	0.00228	0.00338	0.01441	0.00634	0.00565
12	0.01762	0.56648	0.17395	0.01281	0.01922	0.02265	0.01377	0.02088	0.01389	0.07066	0.01096	0.01213	0.00902	0.00595	0.00481	0.00159	0.00747	0.00402	0.00321	0.00891
13	0.01784	0.01231	0.01545	0.01202	0.01634	0.01186	0.00978	0.02156	0.06717	0.19224	0.01567	0.01674	0.01189	0.00731	0.00880	0.00171	0.15638	0.00520	0.00493	0.39481
14	0.59890	0.01606	0.01142	0.01030	0.01406	0.16058	0.00819	0.02026	0.01323	0.02661	0.06005	0.01366	0.01130	0.00677	0.00471	0.00197	0.00632	0.00429	0.00416	0.00717
15	0.00932	0.00673	0.00880	0.00828	0.00984	0.00621	0.00621	0.01242	0.01863	0.02640	0.72410	0.04918	0.06212	0.01346	0.00776	0.00207	0.00311	0.01191	0.00725	0.00621
16	0.01514	0.35892	0.42660	0.01546	0.02339	0.02002	0.01858	0.02035	0.01367	0.01849	0.01064	0.01243	0.00839	0.00598	0.00536	0.00179	0.00855	0.00427	0.00280	0.00917
17	0.00907	0.00672	0.00846	0.00802	0.00968	0.00611	0.00602	0.01195	0.01806	0.02502	0.61920	0.05144	0.16787	0.01397	0.00777	0.00209	0.00314	0.01222	0.00707	0.00611
18	0.01391	0.15189	0.62283	0.01757	0.02664	0.01701	0.02224	0.02067	0.01382	0.01999	0.01139	0.01337	0.00836	0.00616	0.00593	0.00198	0.00930	0.00465	0.00279	0.00952
19	0.00975	0.04646	0.01013	0.00844	0.01020	0.00724	0.00647	0.01280	0.01836	0.02583	0.68701	0.04717	0.05933	0.01305	0.00758	0.00204	0.00331	0.01147	0.00702	0.00633
20	0.01324	0.01049	0.01154	0.01043	0.01297	0.01123	0.00785	0.08491	0.27444	0.02498	0.20633	0.03779	0.11892	0.13217	0.01137	0.00283	0.00482	0.00958	0.00632	0.00779
21	0.00805	0.00643	0.00730	0.00768	0.00929	0.00569	0.00557	0.00971	0.01438	0.01803	0.10468	0.25436	0.45023	0.01922	0.04607	0.00277	0.00419	0.01473	0.00606	0.00556

[dist]
# distance from previous block
# <min> <max>
0	125

# created by:
# /home/berkeley/.conda/envs/busco_data_prod/bin/msa2prfl.pl pipeline/OGs_align_augustus/5794/69116.fs
