[name]
unknown

[dist]
# distance from previous block
# <min> <max>
0	44

[block]
# block no. 0 follows, 29 sequences, length 9
# corresponding to MSA columns:
# 104-112
name=unknown_A
#
# <colnr> <probs for GDERKNQSTAVLIFYWHMCP>
#	G	D	E	R	K	N	Q	S	T	A	V	L	I	F	Y	W	H	M	C	P
0	0.01147	0.00820	0.01147	0.01311	0.01475	0.00820	0.01147	0.01475	0.01639	0.02131	0.03770	0.08032	0.04098	0.01967	0.00984	0.00328	0.00656	0.65741	0.00656	0.00656
1	0.07269	0.00884	0.01046	0.00972	0.01192	0.00888	0.00739	0.01723	0.10784	0.02898	0.55928	0.04645	0.05658	0.01329	0.00794	0.00226	0.00383	0.01154	0.00749	0.00739
2	0.01692	0.01620	0.02763	0.15997	0.59457	0.01673	0.02150	0.02124	0.01588	0.02241	0.01327	0.01785	0.01098	0.00648	0.00706	0.00216	0.00863	0.00634	0.00346	0.01071
3	0.01017	0.00763	0.01144	0.01144	0.01272	0.00890	0.00890	0.01272	0.01144	0.01653	0.01907	0.02797	0.01780	0.05340	0.72153	0.01144	0.01907	0.00763	0.00381	0.00636
4	0.02614	0.01342	0.01598	0.01259	0.01741	0.01319	0.01029	0.22947	0.02337	0.36117	0.02754	0.02584	0.07003	0.00939	0.00696	0.00213	0.00605	0.00748	0.11064	0.01091
5	0.01414	0.01217	0.01902	0.27658	0.21357	0.01332	0.01553	0.01913	0.05251	0.02324	0.14851	0.02658	0.02290	0.00863	0.00709	0.00219	0.00705	0.00773	0.10149	0.00862
6	0.01901	0.06193	0.27678	0.08291	0.16705	0.05096	0.06840	0.02441	0.01650	0.14178	0.01545	0.01750	0.01117	0.00700	0.00691	0.00218	0.00931	0.00602	0.00422	0.01049
7	0.01427	0.01458	0.10517	0.01152	0.01733	0.00975	0.01041	0.01788	0.01552	0.05422	0.07374	0.06851	0.06793	0.00837	0.00627	0.00157	0.00565	0.00698	0.00488	0.48546
8	0.02017	0.16017	0.02298	0.11354	0.06021	0.07442	0.01339	0.23688	0.02170	0.02834	0.06722	0.01846	0.01499	0.00770	0.00642	0.00189	0.00776	0.00596	0.00500	0.11280

[dist]
# distance from previous block
# <min> <max>
0	2

[block]
# block no. 1 follows, 29 sequences, length 28
# corresponding to MSA columns:
# 115-142
name=unknown_B
#
# <colnr> <probs for GDERKNQSTAVLIFYWHMCP>
#	G	D	E	R	K	N	Q	S	T	A	V	L	I	F	Y	W	H	M	C	P
0	0.01449	0.01704	0.10669	0.01240	0.01692	0.12083	0.01076	0.01759	0.01588	0.02118	0.08925	0.12386	0.07740	0.05416	0.00857	0.00216	0.00678	0.00868	0.00485	0.27051
1	0.11123	0.07176	0.01940	0.01465	0.01955	0.13633	0.01192	0.28439	0.09782	0.10525	0.01952	0.01930	0.04109	0.00850	0.00659	0.00210	0.00779	0.00625	0.00613	0.01042
2	0.01879	0.01934	0.02710	0.07929	0.56049	0.12729	0.02046	0.02268	0.01672	0.02206	0.01298	0.01695	0.01085	0.00654	0.00695	0.00209	0.00921	0.00607	0.00353	0.01061
3	0.01933	0.01165	0.01244	0.01044	0.01377	0.01229	0.00833	0.25020	0.02178	0.07830	0.02141	0.02309	0.01606	0.00842	0.00587	0.00186	0.00508	0.00659	0.46416	0.00891
4	0.02147	0.00953	0.01238	0.01032	0.01387	0.00854	0.00821	0.02452	0.01922	0.36317	0.23476	0.03363	0.03303	0.01048	0.00711	0.00211	0.00468	0.00882	0.16481	0.00936
5	0.01655	0.01529	0.02599	0.03675	0.53891	0.01523	0.05491	0.02070	0.01618	0.02324	0.01700	0.02569	0.01523	0.00803	0.00730	0.00223	0.00806	0.08282	0.05959	0.01031
6	0.07435	0.01217	0.01522	0.01197	0.01688	0.01134	0.00981	0.09197	0.02035	0.51074	0.02529	0.02314	0.01661	0.00858	0.00668	0.00212	0.00580	0.00682	0.11906	0.01108
7	0.01634	0.01269	0.02013	0.07718	0.34256	0.01285	0.01497	0.01931	0.01475	0.09660	0.01828	0.04963	0.01671	0.16211	0.09152	0.00416	0.00897	0.00785	0.00438	0.00901
8	0.58707	0.01292	0.01159	0.01009	0.01446	0.01415	0.00821	0.02308	0.01395	0.17277	0.01566	0.06286	0.01240	0.00811	0.00529	0.00225	0.00553	0.00563	0.00547	0.00850
9	0.02306	0.02045	0.02239	0.01799	0.02285	0.17742	0.12394	0.22563	0.08493	0.09701	0.05434	0.02368	0.01723	0.00895	0.00742	0.00222	0.00899	0.04546	0.00593	0.01013
10	0.01723	0.54193	0.03132	0.01295	0.01749	0.02441	0.01214	0.01946	0.01353	0.01677	0.01121	0.01448	0.01048	0.01410	0.11549	0.00324	0.10735	0.00471	0.00317	0.00854
11	0.01043	0.00680	0.00896	0.00984	0.01087	0.00625	0.00683	0.01212	0.01521	0.06575	0.14373	0.56084	0.07537	0.02002	0.00882	0.00272	0.00412	0.01800	0.00695	0.00636
12	0.01345	0.01266	0.02136	0.73264	0.04904	0.01582	0.01978	0.01819	0.01424	0.01819	0.01266	0.01898	0.00949	0.00712	0.00712	0.00237	0.00949	0.00633	0.00316	0.00791
13	0.01382	0.00952	0.01160	0.01021	0.01277	0.00928	0.00790	0.11916	0.02200	0.06752	0.51592	0.04697	0.09799	0.01353	0.00813	0.00223	0.00422	0.01170	0.00770	0.00781
14	0.01982	0.01719	0.02165	0.01784	0.01995	0.02191	0.01482	0.26266	0.01925	0.02739	0.01221	0.01614	0.01037	0.01102	0.01737	0.00275	0.46739	0.00630	0.00460	0.00939
15	0.01032	0.00704	0.00844	0.00844	0.00867	0.00727	0.00515	0.01079	0.01055	0.01431	0.02182	0.04319	0.02441	0.62224	0.16173	0.00773	0.00913	0.00986	0.00422	0.00469
16	0.01762	0.01692	0.02890	0.04371	0.70533	0.01692	0.02185	0.02185	0.01621	0.02326	0.01339	0.01762	0.01128	0.00634	0.00705	0.00211	0.00846	0.00634	0.00352	0.01128
17	0.02660	0.03394	0.02018	0.01834	0.02201	0.72116	0.01376	0.02843	0.02018	0.01743	0.01101	0.01284	0.00917	0.00734	0.00642	0.00183	0.01284	0.00459	0.00367	0.00825
18	0.01673	0.01418	0.01538	0.01428	0.01793	0.01622	0.01130	0.03422	0.58645	0.02846	0.03035	0.03500	0.02475	0.01123	0.00765	0.00255	0.00578	0.10988	0.00714	0.01053
19	0.01099	0.00882	0.01300	0.06299	0.01563	0.01049	0.01008	0.01371	0.01295	0.01860	0.12456	0.02991	0.02401	0.03946	0.48102	0.00843	0.09614	0.00820	0.00432	0.00668
20	0.01583	0.03466	0.65174	0.01963	0.02971	0.01600	0.02492	0.02362	0.01550	0.08291	0.01412	0.01584	0.00978	0.00694	0.00680	0.00225	0.01013	0.00543	0.00352	0.01066
21	0.01629	0.01387	0.01487	0.01377	0.01723	0.01584	0.01054	0.03346	0.58602	0.02797	0.03059	0.13925	0.02571	0.01164	0.00753	0.00249	0.00540	0.00996	0.00715	0.01041
22	0.07966	0.01053	0.01332	0.01084	0.01500	0.00960	0.00876	0.02718	0.01890	0.43601	0.14356	0.02875	0.02567	0.00958	0.00684	0.00212	0.00512	0.00784	0.13072	0.01000
23	0.02015	0.01937	0.06049	0.12799	0.02815	0.12674	0.14761	0.06213	0.17045	0.11000	0.01943	0.02216	0.01464	0.00819	0.00737	0.00229	0.00909	0.02857	0.00527	0.00990
24	0.02794	0.01149	0.01541	0.01216	0.01701	0.01017	0.00991	0.03149	0.04760	0.57576	0.13374	0.02887	0.02557	0.00975	0.00736	0.00222	0.00562	0.00809	0.00860	0.01124
25	0.00868	0.00722	0.00757	0.00749	0.00978	0.00612	0.00562	0.01072	0.01685	0.02070	0.17084	0.06612	0.60282	0.01749	0.00841	0.00238	0.00357	0.01469	0.00680	0.00612
26	0.01648	0.01597	0.02786	0.22250	0.48672	0.01671	0.06793	0.02097	0.01574	0.02191	0.01327	0.01809	0.01078	0.00652	0.00716	0.00220	0.00898	0.00649	0.00344	0.01028
27	0.47703	0.01490	0.01610	0.09696	0.13959	0.03503	0.01233	0.02130	0.03583	0.02746	0.01146	0.01425	0.00915	0.00713	0.00658	0.00226	0.05516	0.00488	0.00410	0.00850

[dist]
# distance from previous block
# <min> <max>
0	6

[block]
# block no. 2 follows, 29 sequences, length 65
# corresponding to MSA columns:
# 149-213
name=unknown_C
#
# <colnr> <probs for GDERKNQSTAVLIFYWHMCP>
#	G	D	E	R	K	N	Q	S	T	A	V	L	I	F	Y	W	H	M	C	P
0	0.01147	0.00820	0.01147	0.01311	0.01475	0.00820	0.01147	0.01475	0.01639	0.02131	0.03770	0.08032	0.04098	0.01967	0.00984	0.00328	0.00656	0.65741	0.00656	0.00656
1	0.01842	0.01621	0.01980	0.02255	0.21625	0.07701	0.01408	0.17944	0.06395	0.02678	0.01861	0.09348	0.01664	0.01629	0.12162	0.00363	0.00959	0.00783	0.00505	0.05276
2	0.00907	0.00666	0.00851	0.00927	0.01033	0.00610	0.00649	0.01103	0.01597	0.02150	0.24657	0.44473	0.13876	0.01937	0.00879	0.00263	0.00383	0.01730	0.00699	0.00610
3	0.11794	0.01452	0.06207	0.01792	0.12479	0.03241	0.04474	0.11452	0.01752	0.04497	0.02594	0.26543	0.06248	0.01287	0.00752	0.00243	0.00660	0.01123	0.00551	0.00859
4	0.02204	0.32092	0.14029	0.01745	0.10302	0.01950	0.01513	0.02568	0.01658	0.23085	0.01636	0.01668	0.01198	0.00707	0.00602	0.00192	0.00772	0.00538	0.00486	0.01053
5	0.02951	0.01140	0.01523	0.01188	0.01689	0.00997	0.00975	0.03234	0.01967	0.62106	0.02746	0.02454	0.01771	0.00875	0.00688	0.00213	0.00570	0.00709	0.11064	0.01140
6	0.01627	0.01543	0.02614	0.19736	0.51904	0.01611	0.02055	0.02057	0.01598	0.02241	0.05097	0.01988	0.01394	0.00697	0.00714	0.00218	0.00841	0.00670	0.00368	0.01027
7	0.01733	0.01648	0.03118	0.19126	0.26935	0.01665	0.26049	0.02222	0.01626	0.06700	0.01456	0.01894	0.01112	0.00656	0.00757	0.00228	0.00983	0.00715	0.00382	0.00997
8	0.01019	0.00757	0.01112	0.01112	0.01228	0.00873	0.00850	0.01251	0.01135	0.01629	0.01937	0.02961	0.01851	0.11452	0.66139	0.01105	0.01800	0.00787	0.00386	0.00618
9	0.00868	0.00620	0.00826	0.00991	0.01033	0.00578	0.00661	0.00991	0.01363	0.01818	0.03925	0.74510	0.04710	0.02231	0.00909	0.00289	0.00413	0.02024	0.00661	0.00578
10	0.01838	0.19680	0.22758	0.01883	0.04394	0.19263	0.09022	0.02273	0.01636	0.01969	0.01424	0.05997	0.01263	0.00799	0.00660	0.00206	0.01002	0.02658	0.00359	0.00915
11	0.02028	0.58619	0.07201	0.01356	0.01988	0.02483	0.04552	0.02313	0.01535	0.10376	0.01254	0.01360	0.01027	0.00646	0.00520	0.00169	0.00780	0.00453	0.00379	0.00961
12	0.01008	0.00728	0.00952	0.00896	0.01064	0.00672	0.00672	0.01344	0.02016	0.02855	0.70158	0.05319	0.06719	0.01456	0.00840	0.00224	0.00336	0.01288	0.00784	0.00672
13	0.00874	0.00704	0.00785	0.00841	0.01024	0.00614	0.00624	0.01053	0.01558	0.01914	0.06073	0.24367	0.47725	0.01927	0.00871	0.00260	0.00399	0.07126	0.00661	0.00600
14	0.01981	0.19685	0.35610	0.01696	0.02477	0.11016	0.01890	0.02498	0.01643	0.13075	0.01434	0.01539	0.01045	0.00701	0.00628	0.00202	0.00944	0.00514	0.00403	0.01017
15	0.05454	0.01527	0.02411	0.14698	0.36159	0.01739	0.01875	0.01969	0.01443	0.02129	0.01347	0.02050	0.01198	0.00868	0.01100	0.00247	0.18295	0.04190	0.00358	0.00946
16	0.01691	0.01619	0.02761	0.16151	0.59311	0.01673	0.02150	0.02123	0.01588	0.02240	0.01327	0.01786	0.01097	0.00648	0.00706	0.00216	0.00864	0.00634	0.00346	0.01070
17	0.01345	0.01266	0.02136	0.73264	0.04904	0.01582	0.01978	0.01819	0.01424	0.01819	0.01266	0.01898	0.00949	0.00712	0.00712	0.00237	0.00949	0.00633	0.00316	0.00791
18	0.01327	0.00664	0.00664	0.00664	0.00830	0.00664	0.00498	0.01659	0.01493	0.02655	0.02323	0.02655	0.01825	0.00830	0.00498	0.00166	0.00332	0.00664	0.78928	0.00664
19	0.00973	0.00726	0.00904	0.00859	0.01042	0.00657	0.00644	0.01276	0.01933	0.02660	0.56969	0.05640	0.20029	0.01529	0.00840	0.00227	0.00341	0.01333	0.00758	0.00657
20	0.01477	0.01266	0.01477	0.01055	0.01687	0.00949	0.00844	0.01793	0.01477	0.02320	0.01266	0.01477	0.01055	0.00527	0.00527	0.00105	0.00527	0.00422	0.00422	0.79328
21	0.01033	0.00700	0.00825	0.00825	0.00841	0.00716	0.00491	0.01066	0.01050	0.01416	0.02200	0.04417	0.02483	0.65890	0.12565	0.00750	0.00849	0.01000	0.00425	0.00458
22	0.01304	0.01191	0.01958	0.63806	0.04366	0.01466	0.01776	0.01717	0.01373	0.01762	0.01393	0.02259	0.01163	0.10401	0.01092	0.00296	0.00915	0.00685	0.00331	0.00744
23	0.01572	0.01507	0.02502	0.31022	0.35876	0.01713	0.02022	0.01980	0.01475	0.02048	0.01258	0.01789	0.01033	0.00745	0.00921	0.00235	0.10388	0.00632	0.00333	0.00950
24	0.01030	0.00714	0.00897	0.00897	0.00939	0.00756	0.00582	0.01113	0.01071	0.01470	0.02133	0.04049	0.02324	0.52134	0.26103	0.00839	0.01090	0.00946	0.00415	0.00498
25	0.02349	0.02732	0.01954	0.09044	0.02407	0.47293	0.01386	0.06136	0.15578	0.02135	0.01510	0.01645	0.01188	0.00784	0.00669	0.00202	0.01080	0.00555	0.00451	0.00902
26	0.76206	0.01476	0.01094	0.00981	0.01418	0.05061	0.00801	0.02130	0.01251	0.03123	0.00997	0.01163	0.00778	0.00665	0.00451	0.00219	0.00587	0.00389	0.00437	0.00774
27	0.60418	0.01405	0.01098	0.00979	0.01383	0.04957	0.00793	0.05690	0.01410	0.03115	0.01232	0.01413	0.00957	0.00700	0.00474	0.00210	0.00567	0.00444	0.11973	0.00782
28	0.00944	0.00725	0.00864	0.00829	0.01025	0.00645	0.00622	0.01221	0.01866	0.02500	0.46162	0.05904	0.30936	0.01588	0.00841	0.00230	0.00345	0.01370	0.00737	0.00645
29	0.80005	0.01377	0.01047	0.00936	0.01377	0.01597	0.00771	0.02093	0.01212	0.03195	0.00991	0.01157	0.00771	0.00661	0.00441	0.00220	0.00551	0.00386	0.00441	0.00771
30	0.01345	0.01266	0.02136	0.73264	0.04904	0.01582	0.01978	0.01819	0.01424	0.01819	0.01266	0.01898	0.00949	0.00712	0.00712	0.00237	0.00949	0.00633	0.00316	0.00791
31	0.01647	0.01314	0.01537	0.01661	0.11651	0.01453	0.01109	0.02962	0.40599	0.02793	0.02510	0.02525	0.01924	0.00880	0.00659	0.00216	0.00541	0.00741	0.22278	0.00999
32	0.03132	0.01466	0.01695	0.01333	0.01862	0.09339	0.01085	0.03397	0.02036	0.62943	0.02610	0.02291	0.01664	0.00864	0.00707	0.00216	0.00685	0.00686	0.00821	0.01167
33	0.01694	0.01884	0.03992	0.03221	0.14427	0.01783	0.57410	0.02266	0.01671	0.02288	0.01424	0.01895	0.01088	0.00606	0.00819	0.00236	0.01144	0.00807	0.00359	0.00987
34	0.03195	0.01212	0.01652	0.01267	0.01818	0.01047	0.01047	0.03470	0.02038	0.71026	0.02809	0.02424	0.01763	0.00881	0.00716	0.00220	0.00606	0.00716	0.00881	0.01212
35	0.01853	0.01878	0.02755	0.06859	0.59694	0.10117	0.02080	0.02249	0.01661	0.02236	0.01308	0.01711	0.01095	0.00649	0.00698	0.00209	0.00903	0.00613	0.00353	0.01078
36	0.01671	0.03115	0.52458	0.02100	0.03041	0.01608	0.13023	0.02398	0.01593	0.10129	0.01479	0.01676	0.01029	0.00688	0.00708	0.00227	0.01025	0.00599	0.00377	0.01056
37	0.01062	0.00681	0.00796	0.00796	0.00796	0.00681	0.00456	0.01021	0.01021	0.01362	0.02112	0.04334	0.02412	0.65516	0.03515	0.10944	0.00681	0.00981	0.00416	0.00416
38	0.07114	0.02092	0.02554	0.03519	0.49111	0.19091	0.01893	0.02342	0.01693	0.02239	0.01258	0.01604	0.01052	0.00661	0.00672	0.00205	0.00935	0.00575	0.00362	0.01030
39	0.01626	0.01174	0.01618	0.01441	0.01574	0.01413	0.01157	0.01823	0.01445	0.14330	0.10110	0.18047	0.02672	0.01440	0.01521	0.00281	0.33924	0.03053	0.00555	0.00797
40	0.01843	0.01538	0.01636	0.01438	0.01846	0.01756	0.01127	0.12023	0.56241	0.03167	0.07153	0.02708	0.02346	0.00984	0.00731	0.00237	0.00577	0.00815	0.00727	0.01108
41	0.01748	0.01926	0.04066	0.02912	0.03622	0.01827	0.63581	0.06600	0.01790	0.02426	0.01458	0.01907	0.01089	0.00617	0.00832	0.00238	0.01173	0.00827	0.00383	0.00977
42	0.80005	0.01377	0.01047	0.00936	0.01377	0.01597	0.00771	0.02093	0.01212	0.03195	0.00991	0.01157	0.00771	0.00661	0.00441	0.00220	0.00551	0.00386	0.00441	0.00771
43	0.01345	0.01266	0.02136	0.73264	0.04904	0.01582	0.01978	0.01819	0.01424	0.01819	0.01266	0.01898	0.00949	0.00712	0.00712	0.00237	0.00949	0.00633	0.00316	0.00791
44	0.01205	0.00630	0.00903	0.00903	0.00903	0.00630	0.00588	0.00945	0.00945	0.01260	0.01398	0.02564	0.01453	0.14091	0.02918	0.66690	0.00630	0.00685	0.00329	0.00329
45	0.01477	0.01266	0.01477	0.01055	0.01687	0.00949	0.00844	0.01793	0.01477	0.02320	0.01266	0.01477	0.01055	0.00527	0.00527	0.00105	0.00527	0.00422	0.00422	0.79328
46	0.01410	0.02554	0.42765	0.01674	0.02410	0.01321	0.04580	0.02044	0.01700	0.06408	0.22709	0.02755	0.02761	0.00927	0.00736	0.00225	0.00811	0.00786	0.00486	0.00940
47	0.01762	0.01692	0.02890	0.04371	0.70533	0.01692	0.02185	0.02185	0.01621	0.02326	0.01339	0.01762	0.01128	0.00634	0.00705	0.00211	0.00846	0.00634	0.00352	0.01128
48	0.02707	0.01995	0.02137	0.01638	0.02208	0.02208	0.01353	0.68159	0.03348	0.04488	0.01710	0.01710	0.01211	0.00855	0.00712	0.00214	0.00784	0.00641	0.00712	0.01211
49	0.01265	0.00676	0.00720	0.00709	0.00876	0.00665	0.00532	0.01597	0.01596	0.02694	0.15621	0.03177	0.02784	0.00952	0.00565	0.00177	0.00333	0.00786	0.63609	0.00665
50	0.01539	0.01463	0.02486	0.41292	0.35361	0.01633	0.02074	0.01989	0.01516	0.02055	0.01300	0.01835	0.01032	0.00676	0.00709	0.00225	0.00901	0.00634	0.00333	0.00947
51	0.01329	0.01118	0.01030	0.00976	0.01127	0.10064	0.00664	0.01547	0.05167	0.04261	0.12031	0.04474	0.13831	0.36933	0.02151	0.00448	0.00657	0.01046	0.00539	0.00608
52	0.00904	0.00648	0.00827	0.00934	0.00998	0.00606	0.00624	0.01040	0.01412	0.01887	0.11574	0.52747	0.09023	0.11761	0.01257	0.00332	0.00437	0.01773	0.00645	0.00571
53	0.00985	0.00780	0.01106	0.06142	0.08147	0.00758	0.00887	0.01168	0.01421	0.01880	0.03854	0.54994	0.11334	0.01924	0.00868	0.00273	0.00486	0.01736	0.00607	0.00649
54	0.10135	0.42371	0.03047	0.01776	0.10880	0.15137	0.03684	0.02270	0.01558	0.01952	0.01072	0.01278	0.00933	0.00640	0.00535	0.00176	0.00861	0.00445	0.00338	0.00912
55	0.00902	0.00646	0.00857	0.00968	0.01040	0.00601	0.00664	0.01079	0.01525	0.02074	0.20294	0.57410	0.05206	0.02039	0.00892	0.00273	0.00394	0.01842	0.00691	0.00601
56	0.00868	0.00620	0.00826	0.00991	0.01033	0.00578	0.00661	0.00991	0.01363	0.01818	0.03925	0.74510	0.04710	0.02231	0.00909	0.00289	0.00413	0.02024	0.00661	0.00578
57	0.01658	0.24633	0.02864	0.16350	0.09533	0.04421	0.12098	0.02169	0.07008	0.02103	0.08940	0.02068	0.01710	0.00757	0.00665	0.00206	0.00834	0.00667	0.00409	0.00905
58	0.02663	0.03317	0.02024	0.01824	0.02202	0.68282	0.01375	0.06426	0.02091	0.01893	0.01134	0.01307	0.00933	0.00740	0.00646	0.00185	0.01257	0.00469	0.00386	0.00847
59	0.02142	0.00960	0.01281	0.01112	0.01457	0.00844	0.00863	0.02377	0.01822	0.39419	0.11264	0.22970	0.07645	0.01382	0.00792	0.00241	0.00505	0.01196	0.00795	0.00934
60	0.01392	0.02829	0.46698	0.01997	0.02823	0.01496	0.13371	0.02082	0.01600	0.02322	0.10439	0.04344	0.01891	0.00846	0.00741	0.00233	0.00954	0.02585	0.00394	0.00962
61	0.02865	0.01914	0.01959	0.01539	0.02076	0.10939	0.01253	0.37896	0.02734	0.26493	0.02000	0.01894	0.01358	0.00848	0.00704	0.00212	0.00789	0.00642	0.00724	0.01161
62	0.02660	0.03394	0.02018	0.01834	0.02201	0.72116	0.01376	0.02843	0.02018	0.01743	0.01101	0.01284	0.00917	0.00734	0.00642	0.00183	0.01284	0.00459	0.00367	0.00825
63	0.02896	0.01124	0.01494	0.01170	0.01659	0.00985	0.00959	0.03180	0.01951	0.60071	0.02731	0.02461	0.01773	0.00873	0.00681	0.00212	0.00562	0.00708	0.13387	0.01124
64	0.01529	0.12727	0.48916	0.06898	0.11836	0.01808	0.02344	0.02201	0.01506	0.02159	0.01247	0.01515	0.00936	0.00664	0.00654	0.00215	0.00980	0.00528	0.00309	0.01027

[dist]
# distance from previous block
# <min> <max>
0	13

[block]
# block no. 3 follows, 29 sequences, length 59
# corresponding to MSA columns:
# 227-285
name=unknown_D
#
# <colnr> <probs for GDERKNQSTAVLIFYWHMCP>
#	G	D	E	R	K	N	Q	S	T	A	V	L	I	F	Y	W	H	M	C	P
0	0.01517	0.01178	0.01510	0.01534	0.07212	0.05598	0.04017	0.06145	0.01946	0.07506	0.27881	0.04979	0.04136	0.01375	0.00842	0.00251	0.00621	0.20283	0.00667	0.00801
1	0.01732	0.01661	0.02836	0.09322	0.65816	0.01684	0.02170	0.02159	0.01607	0.02290	0.01334	0.01772	0.01115	0.00640	0.00705	0.00213	0.00853	0.00634	0.00350	0.01104
2	0.37341	0.02532	0.13129	0.01462	0.01976	0.28560	0.01312	0.02407	0.01569	0.02483	0.01081	0.01263	0.00849	0.00691	0.00557	0.00207	0.00915	0.00437	0.00389	0.00839
3	0.00868	0.00620	0.00826	0.00991	0.01033	0.00578	0.00661	0.00991	0.01363	0.01818	0.03925	0.74510	0.04710	0.02231	0.00909	0.00289	0.00413	0.02024	0.00661	0.00578
4	0.01707	0.52825	0.18974	0.01364	0.02044	0.02369	0.01487	0.02069	0.01474	0.01829	0.01567	0.01694	0.06605	0.00723	0.00539	0.00176	0.00795	0.00506	0.00333	0.00920
5	0.01292	0.01052	0.01329	0.01207	0.01488	0.01078	0.04444	0.04070	0.19607	0.02687	0.29566	0.04887	0.13294	0.01376	0.00825	0.00245	0.00501	0.09531	0.00710	0.00812
6	0.13544	0.39546	0.13356	0.01380	0.02025	0.02343	0.01394	0.14682	0.01782	0.02523	0.01171	0.01307	0.00947	0.00674	0.00537	0.00185	0.00779	0.00453	0.00402	0.00970
7	0.01974	0.02150	0.02372	0.15347	0.20222	0.24601	0.07164	0.04205	0.08660	0.02151	0.01497	0.03752	0.01232	0.00762	0.00705	0.00215	0.00994	0.00650	0.00407	0.00942
8	0.00896	0.00640	0.00859	0.01024	0.01078	0.00603	0.00711	0.01041	0.01391	0.01850	0.03909	0.67726	0.04647	0.02204	0.00916	0.00293	0.00438	0.08527	0.00660	0.00586
9	0.01267	0.01072	0.01662	0.12554	0.15588	0.01173	0.01352	0.01611	0.01537	0.02136	0.15319	0.03819	0.02859	0.02112	0.16511	0.00449	0.05226	0.12488	0.00490	0.00776
10	0.00881	0.00683	0.00803	0.00857	0.01007	0.00605	0.00611	0.01068	0.01593	0.02049	0.17160	0.32696	0.33627	0.01906	0.00867	0.00256	0.00377	0.01666	0.00683	0.00605
11	0.01255	0.02287	0.37250	0.01511	0.02142	0.01242	0.01706	0.01856	0.04858	0.02196	0.11213	0.02969	0.11387	0.01540	0.08154	0.05435	0.00899	0.00804	0.00443	0.00854
12	0.01774	0.01666	0.02339	0.01921	0.02082	0.02155	0.06974	0.13700	0.01545	0.02259	0.01116	0.01615	0.00996	0.01123	0.01922	0.00288	0.54623	0.00644	0.00388	0.00871
13	0.01414	0.00824	0.00971	0.00875	0.01160	0.00717	0.00677	0.01661	0.01796	0.16926	0.20855	0.05274	0.36183	0.01462	0.00792	0.00227	0.00405	0.01230	0.05799	0.00752
14	0.01463	0.01370	0.05385	0.01869	0.02298	0.01214	0.27077	0.01884	0.01681	0.06704	0.14464	0.04169	0.02947	0.08667	0.01141	0.00301	0.00828	0.15190	0.00540	0.00808
15	0.01214	0.00777	0.01000	0.00916	0.01130	0.00703	0.00697	0.01528	0.01978	0.09719	0.56899	0.05179	0.12657	0.01432	0.00827	0.00225	0.00366	0.01251	0.00781	0.00720
16	0.02439	0.02902	0.02091	0.01832	0.02237	0.51851	0.05636	0.05852	0.14135	0.02120	0.01472	0.01591	0.01166	0.00772	0.00673	0.00199	0.01127	0.00554	0.00446	0.00905
17	0.01402	0.01346	0.02246	0.58193	0.06606	0.01679	0.04444	0.01834	0.01393	0.01839	0.01228	0.01847	0.00958	0.00781	0.00947	0.00247	0.11246	0.00639	0.00319	0.00807
18	0.03195	0.01212	0.01652	0.01267	0.01818	0.01047	0.01047	0.03470	0.02038	0.71026	0.02809	0.02424	0.01763	0.00881	0.00716	0.00220	0.00606	0.00716	0.00881	0.01212
19	0.01440	0.01291	0.01837	0.18548	0.02612	0.01163	0.06646	0.01819	0.01491	0.02185	0.01442	0.02038	0.01228	0.00671	0.00627	0.00163	0.00692	0.04731	0.00407	0.48969
20	0.01521	0.01138	0.01723	0.11064	0.21429	0.01126	0.01285	0.01813	0.01563	0.09684	0.10765	0.13159	0.02605	0.11518	0.01155	0.00289	0.00662	0.00969	0.00521	0.06011
21	0.59647	0.01730	0.01311	0.07038	0.01815	0.14268	0.00979	0.02205	0.01374	0.02821	0.01034	0.01241	0.00812	0.00678	0.00499	0.00215	0.00715	0.00419	0.00417	0.00783
22	0.01318	0.01224	0.02054	0.67341	0.04606	0.01525	0.01888	0.01774	0.01401	0.01806	0.01318	0.01972	0.01017	0.01092	0.06579	0.00312	0.01028	0.00643	0.00322	0.00778
23	0.01345	0.01266	0.02136	0.73264	0.04904	0.01582	0.01978	0.01819	0.01424	0.01819	0.01266	0.01898	0.00949	0.00712	0.00712	0.00237	0.00949	0.00633	0.00316	0.00791
24	0.01345	0.01266	0.02136	0.73264	0.04904	0.01582	0.01978	0.01819	0.01424	0.01819	0.01266	0.01898	0.00949	0.00712	0.00712	0.00237	0.00949	0.00633	0.00316	0.00791
25	0.01986	0.01633	0.01851	0.01771	0.08919	0.01827	0.01274	0.20969	0.41143	0.03316	0.05738	0.02440	0.02030	0.00926	0.00725	0.00230	0.00641	0.00767	0.00686	0.01127
26	0.01025	0.00732	0.00985	0.00985	0.01057	0.00804	0.00692	0.01169	0.01097	0.01535	0.02053	0.03603	0.02130	0.35475	0.42498	0.00948	0.01381	0.00881	0.00403	0.00547
27	0.01402	0.01324	0.02240	0.63773	0.13945	0.01597	0.02006	0.01870	0.01451	0.01889	0.01276	0.01880	0.00974	0.00701	0.00711	0.00234	0.00935	0.00633	0.00321	0.00837
28	0.03195	0.01212	0.01652	0.01267	0.01818	0.01047	0.01047	0.03470	0.02038	0.71026	0.02809	0.02424	0.01763	0.00881	0.00716	0.00220	0.00606	0.00716	0.00881	0.01212
29	0.01531	0.01519	0.02130	0.01834	0.01840	0.02117	0.01525	0.01692	0.01093	0.01711	0.00983	0.01619	0.00976	0.01448	0.05784	0.00353	0.70128	0.00630	0.00315	0.00772
30	0.80005	0.01377	0.01047	0.00936	0.01377	0.01597	0.00771	0.02093	0.01212	0.03195	0.00991	0.01157	0.00771	0.00661	0.00441	0.00220	0.00551	0.00386	0.00441	0.00771
31	0.01345	0.01266	0.02136	0.73264	0.04904	0.01582	0.01978	0.01819	0.01424	0.01819	0.01266	0.01898	0.00949	0.00712	0.00712	0.00237	0.00949	0.00633	0.00316	0.00791
32	0.00842	0.00721	0.00721	0.00721	0.00962	0.00601	0.00541	0.01022	0.01623	0.01924	0.07213	0.06853	0.70244	0.01803	0.00842	0.00240	0.00361	0.01503	0.00661	0.00601
33	0.02008	0.02296	0.01596	0.01458	0.01802	0.38210	0.01104	0.04255	0.14026	0.02087	0.03099	0.03053	0.19963	0.01069	0.00713	0.00210	0.00891	0.00809	0.00520	0.00829
34	0.01552	0.01263	0.01484	0.01064	0.01693	0.00954	0.00853	0.01867	0.01501	0.05345	0.01334	0.01518	0.01086	0.00543	0.00536	0.00111	0.00531	0.00435	0.00442	0.75889
35	0.01051	0.00705	0.00904	0.00904	0.00942	0.00744	0.00590	0.01096	0.01058	0.01449	0.02039	0.03839	0.02205	0.46415	0.24363	0.08850	0.01053	0.00910	0.00404	0.00481
36	0.01182	0.00922	0.01373	0.01774	0.13764	0.00911	0.01202	0.01472	0.01561	0.02081	0.03375	0.24945	0.03730	0.01799	0.00913	0.00296	0.00624	0.36752	0.00603	0.00720
37	0.02707	0.01995	0.02137	0.01638	0.02208	0.02208	0.01353	0.68159	0.03348	0.04488	0.01710	0.01710	0.01211	0.00855	0.00712	0.00214	0.00784	0.00641	0.00712	0.01211
38	0.02081	0.02087	0.02744	0.02140	0.02566	0.13736	0.21257	0.19607	0.02017	0.02620	0.01318	0.01660	0.01048	0.00865	0.01180	0.00243	0.20770	0.00665	0.00441	0.00955
39	0.01501	0.01287	0.01488	0.01087	0.01701	0.01017	0.00867	0.01956	0.07042	0.02374	0.01400	0.01573	0.01147	0.00563	0.00544	0.00117	0.00530	0.00453	0.00447	0.72906
40	0.01327	0.00664	0.00664	0.00664	0.00830	0.00664	0.00498	0.01659	0.01493	0.02655	0.02323	0.02655	0.01825	0.00830	0.00498	0.00166	0.00332	0.00664	0.78928	0.00664
41	0.01756	0.01888	0.02152	0.01863	0.01929	0.14748	0.01525	0.01917	0.01257	0.01719	0.00965	0.01509	0.00932	0.01154	0.02032	0.00289	0.60665	0.00594	0.00322	0.00787
42	0.00923	0.00725	0.00834	0.00806	0.01012	0.00636	0.00605	0.01179	0.01814	0.02378	0.37892	0.06105	0.39282	0.01634	0.00841	0.00232	0.00349	0.01398	0.00721	0.00636
43	0.01540	0.02901	0.41527	0.02461	0.03366	0.01719	0.31605	0.02267	0.01582	0.02267	0.01350	0.01689	0.00981	0.00643	0.00749	0.00232	0.01118	0.00666	0.00327	0.01012
44	0.00911	0.00669	0.00856	0.00942	0.01048	0.00615	0.00666	0.01104	0.01576	0.02110	0.21328	0.44992	0.14173	0.01964	0.00885	0.00267	0.00395	0.04198	0.00692	0.00608
45	0.00866	0.00722	0.00755	0.00747	0.00977	0.00612	0.00560	0.01069	0.01681	0.02060	0.16454	0.06628	0.60919	0.01752	0.00841	0.00238	0.00357	0.01471	0.00679	0.00612
46	0.01877	0.00886	0.01136	0.01022	0.01289	0.00797	0.00757	0.02059	0.01610	0.30117	0.03333	0.22263	0.08319	0.14624	0.01286	0.00321	0.00532	0.01181	0.05772	0.00819
47	0.01693	0.01322	0.01995	0.20742	0.22083	0.01397	0.01547	0.07483	0.04079	0.09503	0.16003	0.02785	0.04479	0.00915	0.00741	0.00224	0.00713	0.00811	0.00538	0.00945
48	0.01397	0.03238	0.59604	0.01863	0.02807	0.01512	0.02321	0.02126	0.01492	0.02233	0.01448	0.06222	0.01164	0.00762	0.00676	0.00217	0.00957	0.00612	0.00336	0.09011
49	0.01339	0.08553	0.05725	0.02131	0.19466	0.01321	0.10652	0.01678	0.01594	0.02091	0.05728	0.10870	0.23581	0.01191	0.00767	0.00228	0.00683	0.01072	0.00490	0.00841
50	0.01858	0.25739	0.20040	0.01638	0.02287	0.09216	0.05871	0.09942	0.06269	0.02376	0.06993	0.01807	0.01516	0.00760	0.00635	0.00198	0.00871	0.00588	0.00428	0.00971
51	0.01803	0.26854	0.19801	0.04146	0.18977	0.02025	0.07863	0.02267	0.01562	0.06517	0.01310	0.01552	0.01034	0.00651	0.00628	0.00199	0.00887	0.00547	0.00358	0.01020
52	0.08239	0.05268	0.08837	0.01380	0.01886	0.01519	0.01230	0.02438	0.13125	0.11675	0.01667	0.01781	0.01278	0.00797	0.00882	0.00202	0.12367	0.00566	0.00502	0.24362
53	0.01309	0.00795	0.01048	0.00947	0.01168	0.00723	0.00723	0.01637	0.02019	0.12247	0.60880	0.04920	0.06036	0.01377	0.00823	0.00223	0.00373	0.01209	0.00797	0.00746
54	0.01552	0.02230	0.25807	0.02456	0.24329	0.01429	0.01887	0.02077	0.01532	0.02300	0.01294	0.01578	0.01026	0.00613	0.00636	0.00181	0.00809	0.00526	0.00358	0.27380
55	0.01648	0.01634	0.02929	0.14639	0.37680	0.01624	0.17194	0.02109	0.01589	0.02235	0.01344	0.01791	0.01081	0.00628	0.00719	0.00211	0.00912	0.00660	0.00356	0.09017
56	0.01587	0.01330	0.01600	0.01249	0.01675	0.01300	0.01001	0.10831	0.01694	0.02509	0.08356	0.02102	0.01723	0.05158	0.01091	0.00204	0.13690	0.00613	0.00480	0.41809
57	0.01659	0.07696	0.09106	0.02099	0.18988	0.01552	0.01454	0.12060	0.08705	0.02647	0.09484	0.12164	0.02313	0.01007	0.00716	0.00217	0.00685	0.00871	0.00530	0.06047
58	0.01904	0.11791	0.05959	0.01407	0.01831	0.15310	0.01183	0.17380	0.06449	0.02643	0.10119	0.12220	0.04577	0.01078	0.00704	0.00212	0.00754	0.00864	0.00559	0.03054

[dist]
# distance from previous block
# <min> <max>
4	11

[block]
# block no. 4 follows, 29 sequences, length 12
# corresponding to MSA columns:
# 297-308
name=unknown_E
#
# <colnr> <probs for GDERKNQSTAVLIFYWHMCP>
#	G	D	E	R	K	N	Q	S	T	A	V	L	I	F	Y	W	H	M	C	P
0	0.01909	0.01465	0.02346	0.18441	0.36162	0.01469	0.01786	0.02304	0.01641	0.15043	0.01590	0.01885	0.01200	0.00686	0.00690	0.00208	0.00790	0.00627	0.00451	0.09308
1	0.01224	0.01169	0.01046	0.01109	0.01246	0.13960	0.00786	0.01370	0.01518	0.01807	0.03790	0.42199	0.14041	0.06719	0.01033	0.00291	0.00599	0.04882	0.00591	0.00622
2	0.05854	0.01865	0.01675	0.01498	0.01904	0.14010	0.01162	0.06193	0.51457	0.02837	0.02442	0.02304	0.01846	0.00906	0.00696	0.00229	0.00697	0.00717	0.00648	0.01060
3	0.07005	0.01822	0.02283	0.03142	0.42335	0.14662	0.01702	0.02116	0.01628	0.02196	0.01674	0.12969	0.01623	0.00904	0.00707	0.00219	0.00841	0.00802	0.00409	0.00962
4	0.01615	0.01452	0.02274	0.18991	0.35583	0.01569	0.01776	0.02269	0.14131	0.02219	0.01603	0.02002	0.01294	0.00908	0.00929	0.08552	0.00793	0.00664	0.00409	0.00966
5	0.01897	0.01760	0.10106	0.20552	0.13967	0.01555	0.20063	0.02394	0.01662	0.16499	0.01648	0.01951	0.01178	0.00701	0.00743	0.00229	0.00942	0.00696	0.00450	0.01006
6	0.00972	0.01192	0.13983	0.01185	0.01415	0.00779	0.01029	0.01227	0.01389	0.01899	0.03430	0.60878	0.03999	0.01941	0.00865	0.00277	0.00532	0.01745	0.00594	0.00667
7	0.02222	0.01139	0.01663	0.01344	0.01765	0.01032	0.07968	0.05741	0.01904	0.36853	0.08120	0.16373	0.08227	0.01221	0.00784	0.00237	0.00601	0.01077	0.00752	0.00977
8	0.01523	0.01403	0.02319	0.46736	0.25068	0.01606	0.01968	0.04294	0.01556	0.02102	0.01342	0.01876	0.01045	0.00697	0.00702	0.00226	0.00889	0.00635	0.03107	0.00906
9	0.01328	0.01310	0.08801	0.12927	0.06703	0.01157	0.01349	0.08378	0.01652	0.02217	0.02674	0.22734	0.02827	0.06394	0.01019	0.00297	0.00708	0.16216	0.00536	0.00772
10	0.01952	0.01619	0.02063	0.28324	0.15725	0.12413	0.01661	0.02319	0.01690	0.14857	0.01806	0.02522	0.01461	0.00865	0.00729	0.00230	0.00887	0.07480	0.00472	0.00923
11	0.00903	0.00651	0.00811	0.00913	0.00978	0.00607	0.00604	0.01022	0.01369	0.01804	0.07506	0.49449	0.12531	0.15720	0.01404	0.00355	0.00454	0.01736	0.00625	0.00559

[dist]
# distance from previous block
# <min> <max>
0	17

# created by:
# /home/berkeley/.conda/envs/busco_data_prod/bin/msa2prfl.pl pipeline/OGs_align_augustus/5794/69120.fs
