[name]
unknown

[dist]
# distance from previous block
# <min> <max>
11	295

[block]
# block no. 0 follows, 32 sequences, length 27
# corresponding to MSA columns:
# 374-400
name=unknown_A
#
# <colnr> <probs for GDERKNQSTAVLIFYWHMCP>
#	G	D	E	R	K	N	Q	S	T	A	V	L	I	F	Y	W	H	M	C	P
0	0.05398	0.05938	0.01692	0.03515	0.06755	0.05542	0.01128	0.13500	0.10729	0.07672	0.02244	0.07121	0.05640	0.04170	0.00909	0.00239	0.06284	0.07252	0.00536	0.03737
1	0.01463	0.01304	0.06492	0.12768	0.02004	0.04674	0.01126	0.10636	0.01701	0.07466	0.08004	0.11276	0.11875	0.01521	0.08147	0.00303	0.00755	0.02497	0.00524	0.05464
2	0.01966	0.01877	0.10916	0.01601	0.06966	0.08407	0.01314	0.24626	0.06833	0.08128	0.08645	0.02174	0.04614	0.00831	0.00662	0.00195	0.00714	0.00663	0.00558	0.08310
3	0.05103	0.26579	0.15290	0.01636	0.07516	0.08587	0.01465	0.11415	0.04809	0.02251	0.01446	0.01966	0.01253	0.00772	0.00595	0.00194	0.00796	0.07014	0.00403	0.00911
4	0.15502	0.27638	0.05520	0.03403	0.18683	0.09517	0.01404	0.02054	0.01397	0.02008	0.01035	0.01291	0.00888	0.00651	0.00652	0.00187	0.06518	0.00453	0.00327	0.00871
5	0.09948	0.08919	0.04787	0.01244	0.01731	0.06487	0.01047	0.13165	0.14659	0.07416	0.01636	0.01792	0.01286	0.04974	0.00735	0.00203	0.00650	0.00549	0.00507	0.18266
6	0.06766	0.11863	0.01209	0.00871	0.01087	0.00961	0.00674	0.01278	0.01505	0.02083	0.24788	0.19381	0.17298	0.06258	0.00895	0.00245	0.00431	0.01198	0.00581	0.00627
7	0.01013	0.04280	0.04736	0.00934	0.01143	0.00809	0.00745	0.04521	0.01504	0.01953	0.10998	0.25010	0.24253	0.09909	0.01078	0.00284	0.00473	0.05163	0.00580	0.00616
8	0.42068	0.01501	0.01431	0.01181	0.01637	0.01681	0.00978	0.29593	0.02011	0.06359	0.01409	0.01670	0.01088	0.00766	0.00555	0.00210	0.00615	0.03793	0.00546	0.00907
9	0.37389	0.05777	0.01515	0.01290	0.04603	0.12710	0.04304	0.02055	0.01456	0.07893	0.08217	0.07011	0.01668	0.00822	0.00563	0.00204	0.00656	0.00623	0.00468	0.00776
10	0.00811	0.00609	0.00753	0.00869	0.00956	0.00551	0.00594	0.00942	0.01348	0.01739	0.04495	0.58100	0.21804	0.01999	0.00840	0.00261	0.00377	0.01781	0.00623	0.00551
11	0.00976	0.00651	0.00732	0.00732	0.00732	0.00651	0.00407	0.00976	0.00976	0.01301	0.02114	0.04391	0.02439	0.76419	0.03415	0.00651	0.00651	0.00976	0.00407	0.00407
12	0.02446	0.01995	0.01975	0.01553	0.02044	0.10917	0.01266	0.55617	0.02827	0.03702	0.01489	0.01545	0.01089	0.00795	0.00724	0.00198	0.04130	0.00573	0.00602	0.04515
13	0.01549	0.01314	0.01419	0.01308	0.01644	0.01498	0.01020	0.03166	0.59144	0.02696	0.06737	0.06206	0.02523	0.01055	0.00714	0.00234	0.00519	0.05590	0.00679	0.00984
14	0.01334	0.01261	0.02133	0.62801	0.16104	0.01508	0.01897	0.01773	0.01373	0.01796	0.01204	0.01767	0.00923	0.00658	0.00670	0.00219	0.00878	0.00597	0.00304	0.00799
15	0.01676	0.01682	0.02446	0.12665	0.51540	0.09859	0.01891	0.02049	0.01548	0.02058	0.01357	0.01959	0.01177	0.00689	0.00673	0.00206	0.00847	0.04370	0.00346	0.00964
16	0.01391	0.01193	0.01391	0.00994	0.01590	0.00894	0.00795	0.01690	0.01391	0.02186	0.01193	0.01391	0.00994	0.00497	0.00497	0.00099	0.00497	0.00398	0.00398	0.80521
17	0.01554	0.01441	0.02365	0.34560	0.37910	0.01584	0.01918	0.06780	0.01564	0.02131	0.01257	0.01713	0.00995	0.00644	0.00668	0.00210	0.00835	0.00598	0.00342	0.00931
18	0.01729	0.61698	0.03223	0.01271	0.01730	0.02535	0.01212	0.01930	0.01296	0.01586	0.00922	0.01155	0.00865	0.00695	0.00786	0.00174	0.15665	0.00405	0.00288	0.00836
19	0.02273	0.00969	0.01281	0.01052	0.01417	0.00855	0.00822	0.02484	0.01713	0.47823	0.08218	0.08317	0.06221	0.12089	0.01105	0.00278	0.00537	0.00890	0.00735	0.00920
20	0.48284	0.01277	0.01184	0.01046	0.01435	0.01426	0.00860	0.11106	0.05410	0.06470	0.06758	0.02248	0.01638	0.00854	0.00557	0.00218	0.00547	0.07350	0.00529	0.00803
21	0.02592	0.01252	0.01541	0.01227	0.01698	0.01220	0.00999	0.12032	0.13721	0.46591	0.02490	0.02248	0.01662	0.00837	0.00660	0.00206	0.00567	0.00676	0.06691	0.01090
22	0.73338	0.01282	0.01043	0.00914	0.01339	0.01453	0.00753	0.02102	0.01220	0.09984	0.01106	0.01209	0.00820	0.00644	0.00441	0.00208	0.00524	0.00394	0.00457	0.00768
23	0.00915	0.00731	0.01012	0.00967	0.01127	0.00667	0.05725	0.01113	0.01481	0.01954	0.19839	0.28660	0.22098	0.09277	0.01080	0.00281	0.00441	0.01441	0.00606	0.00584
24	0.06353	0.01317	0.01532	0.06687	0.01831	0.01394	0.01041	0.30196	0.02325	0.12965	0.21025	0.02824	0.05650	0.00982	0.00695	0.00208	0.00583	0.00801	0.00668	0.00926
25	0.02409	0.01805	0.01988	0.06990	0.02252	0.02015	0.01308	0.61432	0.06574	0.03967	0.01638	0.01671	0.01170	0.00801	0.00672	0.00204	0.00739	0.00612	0.00644	0.01107
26	0.63700	0.01267	0.01147	0.06433	0.01606	0.01428	0.00850	0.02144	0.01271	0.13178	0.01206	0.01318	0.00877	0.00657	0.00472	0.00209	0.00555	0.00427	0.00468	0.00789

[dist]
# distance from previous block
# <min> <max>
0	3

[block]
# block no. 1 follows, 32 sequences, length 21
# corresponding to MSA columns:
# 404-424
name=unknown_B
#
# <colnr> <probs for GDERKNQSTAVLIFYWHMCP>
#	G	D	E	R	K	N	Q	S	T	A	V	L	I	F	Y	W	H	M	C	P
0	0.00962	0.00671	0.00772	0.00747	0.00926	0.00610	0.00560	0.01231	0.01680	0.02372	0.36751	0.04955	0.26304	0.01354	0.00725	0.00205	0.00323	0.01157	0.17085	0.00610
1	0.43795	0.01308	0.01216	0.01078	0.01475	0.01477	0.00862	0.04521	0.22504	0.08876	0.01791	0.05563	0.01415	0.00811	0.00549	0.00217	0.00527	0.00598	0.00550	0.00867
2	0.01507	0.01435	0.02407	0.18417	0.52348	0.01487	0.01890	0.01897	0.01490	0.02062	0.01708	0.02086	0.06928	0.00705	0.00676	0.00207	0.00779	0.00666	0.00349	0.00956
3	0.64675	0.01276	0.01198	0.16134	0.01983	0.01502	0.00961	0.01919	0.01183	0.02743	0.00988	0.01234	0.00761	0.00633	0.00468	0.00211	0.00597	0.00411	0.00391	0.00731
4	0.00941	0.00706	0.00866	0.00862	0.01011	0.00666	0.00625	0.01269	0.05689	0.02289	0.40105	0.19706	0.15833	0.05246	0.00928	0.00249	0.00364	0.01350	0.00677	0.00618
5	0.16607	0.01158	0.01278	0.01082	0.01460	0.01173	0.00873	0.16022	0.01913	0.20527	0.09352	0.07371	0.13152	0.01096	0.00678	0.00218	0.00527	0.03986	0.00658	0.00867
6	0.01361	0.00755	0.00993	0.00967	0.01167	0.00682	0.00725	0.01574	0.01612	0.18139	0.19893	0.32215	0.10216	0.01589	0.00798	0.00241	0.00422	0.05246	0.00697	0.00708
7	0.64672	0.01159	0.00912	0.00829	0.01191	0.01324	0.00674	0.01888	0.01197	0.02905	0.01193	0.01381	0.00932	0.00656	0.00426	0.00197	0.00476	0.00417	0.16865	0.00706
8	0.02299	0.01090	0.01396	0.01157	0.01561	0.01030	0.00923	0.02861	0.14798	0.44270	0.12086	0.08826	0.02594	0.01024	0.00707	0.00217	0.00514	0.00866	0.00773	0.01009
9	0.06772	0.01280	0.01562	0.01236	0.01718	0.01251	0.01010	0.13645	0.10429	0.46362	0.05816	0.02276	0.01807	0.00852	0.00667	0.00209	0.00577	0.00684	0.00761	0.01085
10	0.07001	0.01283	0.01370	0.01137	0.01485	0.01385	0.00891	0.28224	0.09257	0.08884	0.01969	0.02348	0.01576	0.12708	0.01047	0.00266	0.00587	0.00674	0.17025	0.00884
11	0.00907	0.00592	0.00747	0.00871	0.00934	0.00562	0.00591	0.01064	0.01310	0.01876	0.03387	0.60821	0.03877	0.01830	0.00777	0.00249	0.00373	0.01643	0.17030	0.00562
12	0.01002	0.00661	0.00856	0.00839	0.00931	0.00632	0.00590	0.01114	0.01444	0.01990	0.35384	0.04440	0.06510	0.18895	0.01781	0.16879	0.00465	0.04522	0.00560	0.00507
13	0.01417	0.00880	0.01212	0.16163	0.01891	0.00866	0.00948	0.01690	0.01621	0.17412	0.16648	0.11742	0.19997	0.01284	0.00753	0.00227	0.00515	0.03373	0.00623	0.00741
14	0.01767	0.00929	0.01073	0.00945	0.01221	0.00920	0.00734	0.12606	0.01774	0.17950	0.02448	0.14488	0.02066	0.01015	0.00610	0.00194	0.00449	0.00845	0.37161	0.00806
15	0.01725	0.01182	0.01426	0.01035	0.01615	0.00913	0.00835	0.02016	0.01501	0.16734	0.01493	0.01576	0.01131	0.00566	0.00534	0.00122	0.00512	0.00455	0.00487	0.64143
16	0.01590	0.00834	0.01122	0.00983	0.01251	0.00773	0.00770	0.01869	0.01758	0.24440	0.35910	0.03853	0.07367	0.01794	0.12244	0.00347	0.00631	0.00977	0.00702	0.00784
17	0.17641	0.00888	0.01031	0.00963	0.01163	0.00938	0.00741	0.01505	0.01575	0.06585	0.36571	0.14924	0.04151	0.01284	0.00835	0.00227	0.06615	0.01064	0.00622	0.00677
18	0.52110	0.01640	0.15775	0.01054	0.01548	0.01378	0.01048	0.01939	0.01240	0.02748	0.01188	0.01380	0.00908	0.00651	0.00470	0.00201	0.00584	0.00432	0.12942	0.00765
19	0.12937	0.01065	0.01353	0.01106	0.01526	0.00994	0.00895	0.02658	0.01705	0.48861	0.06517	0.07023	0.01992	0.01266	0.06741	0.00284	0.00639	0.00748	0.00718	0.00973
20	0.01741	0.01288	0.01769	0.06189	0.18683	0.01388	0.01254	0.11492	0.08237	0.11253	0.01797	0.02420	0.01536	0.16613	0.05192	0.00351	0.06723	0.00707	0.00488	0.00879

[dist]
# distance from previous block
# <min> <max>
4	72

[block]
# block no. 2 follows, 32 sequences, length 82
# corresponding to MSA columns:
# 499-580
name=unknown_C
#
# <colnr> <probs for GDERKNQSTAVLIFYWHMCP>
#	G	D	E	R	K	N	Q	S	T	A	V	L	I	F	Y	W	H	M	C	P
0	0.31916	0.01754	0.01672	0.01738	0.13995	0.13125	0.01175	0.13841	0.06217	0.04702	0.01293	0.01429	0.00996	0.00681	0.00559	0.00198	0.00717	0.00491	0.00461	0.03039
1	0.81159	0.01298	0.00986	0.00882	0.01298	0.01505	0.00727	0.01972	0.01142	0.03010	0.00934	0.01090	0.00727	0.00623	0.00415	0.00208	0.00519	0.00363	0.00415	0.00727
2	0.00960	0.00649	0.00754	0.00761	0.00781	0.00640	0.00449	0.01005	0.01103	0.01488	0.09976	0.10224	0.03032	0.62116	0.02918	0.00571	0.00592	0.01077	0.00461	0.00443
3	0.00946	0.00642	0.00754	0.00777	0.00797	0.00630	0.00464	0.00993	0.01109	0.01492	0.08336	0.17065	0.03123	0.56925	0.02741	0.00546	0.00576	0.01160	0.00473	0.00450
4	0.01661	0.01594	0.02724	0.04119	0.72233	0.01594	0.02059	0.02059	0.01528	0.02192	0.01262	0.01661	0.01063	0.00598	0.00664	0.00199	0.00797	0.00598	0.00332	0.01063
5	0.81159	0.01298	0.00986	0.00882	0.01298	0.01505	0.00727	0.01972	0.01142	0.03010	0.00934	0.01090	0.00727	0.00623	0.00415	0.00208	0.00519	0.00363	0.00415	0.00727
6	0.01086	0.00733	0.00920	0.00920	0.01099	0.00679	0.00721	0.01328	0.01619	0.06733	0.26487	0.05775	0.20161	0.09860	0.01111	0.00289	0.00455	0.18754	0.00649	0.00622
7	0.54666	0.01167	0.01046	0.00913	0.01280	0.01278	0.00721	0.02041	0.01252	0.14950	0.01423	0.01826	0.01164	0.12756	0.00940	0.00278	0.00549	0.00516	0.00487	0.00748
8	0.02159	0.01016	0.01374	0.01250	0.06035	0.00927	0.00899	0.02451	0.04030	0.40976	0.15723	0.03109	0.02653	0.12985	0.01134	0.00279	0.00548	0.00824	0.00708	0.00919
9	0.81159	0.01298	0.00986	0.00882	0.01298	0.01505	0.00727	0.01972	0.01142	0.03010	0.00934	0.01090	0.00727	0.00623	0.00415	0.00208	0.00519	0.00363	0.00415	0.00727
10	0.00905	0.00660	0.00854	0.00879	0.01007	0.00609	0.00645	0.01149	0.01666	0.02289	0.42359	0.26296	0.11165	0.01643	0.00818	0.00236	0.00357	0.05175	0.00688	0.00601
11	0.01414	0.00758	0.01006	0.00977	0.01176	0.00683	0.00723	0.01616	0.01596	0.20161	0.18065	0.37214	0.07228	0.01596	0.00795	0.00241	0.00423	0.02908	0.00701	0.00720
12	0.09481	0.01376	0.01630	0.01274	0.01780	0.01374	0.01048	0.21368	0.06712	0.43500	0.02224	0.02013	0.01465	0.00811	0.00652	0.00207	0.00610	0.00634	0.00742	0.01101
13	0.02782	0.01091	0.01484	0.01155	0.01634	0.00947	0.00947	0.03048	0.01918	0.64937	0.10323	0.02586	0.02179	0.00890	0.00688	0.00208	0.00543	0.00734	0.00820	0.01086
14	0.01034	0.00714	0.00870	0.00814	0.01018	0.00635	0.00617	0.01300	0.01782	0.06990	0.46489	0.05297	0.27062	0.01441	0.00784	0.00216	0.00341	0.01243	0.00708	0.00645
15	0.02382	0.01175	0.01467	0.01190	0.01627	0.01133	0.00960	0.07259	0.15690	0.43269	0.11802	0.02761	0.04311	0.00940	0.00695	0.00212	0.00534	0.00779	0.00773	0.01043
16	0.00814	0.00599	0.00763	0.00894	0.00963	0.00548	0.00605	0.00939	0.01324	0.01729	0.04193	0.64885	0.15215	0.02038	0.00846	0.00265	0.00381	0.01829	0.00623	0.00548
17	0.01391	0.01193	0.01391	0.00994	0.01590	0.00894	0.00795	0.01690	0.01391	0.02186	0.01193	0.01391	0.00994	0.00497	0.00497	0.00099	0.00497	0.00398	0.00398	0.80521
18	0.00881	0.00664	0.00814	0.00817	0.00970	0.00598	0.00597	0.01119	0.01679	0.02260	0.40821	0.19167	0.23954	0.01603	0.00804	0.00227	0.00337	0.01404	0.00685	0.00598
19	0.02041	0.01206	0.01399	0.01191	0.01599	0.01233	0.00945	0.03037	0.33574	0.29306	0.03348	0.03051	0.13059	0.01006	0.00697	0.00220	0.00516	0.00832	0.00730	0.01013
20	0.55892	0.01389	0.01258	0.01050	0.01502	0.01548	0.00866	0.15208	0.01630	0.12311	0.01287	0.01345	0.00928	0.00685	0.00498	0.00206	0.00568	0.00450	0.00518	0.00860
21	0.00876	0.00670	0.00804	0.00798	0.00964	0.00597	0.00588	0.01113	0.01683	0.02244	0.39373	0.15371	0.29308	0.01589	0.00801	0.00225	0.00335	0.01382	0.00682	0.00597
22	0.52924	0.01100	0.00949	0.00853	0.01200	0.01218	0.00687	0.01906	0.01324	0.07444	0.09135	0.01854	0.01586	0.00748	0.00484	0.00199	0.00463	0.00525	0.14675	0.00725
23	0.01067	0.00830	0.00988	0.00923	0.01132	0.00823	0.00699	0.01667	0.15080	0.02600	0.50243	0.04719	0.13985	0.01326	0.00771	0.00216	0.00361	0.01153	0.00713	0.00707
24	0.17922	0.01242	0.01491	0.01168	0.01668	0.01190	0.00964	0.09381	0.01889	0.52836	0.02221	0.01991	0.01433	0.00788	0.00625	0.00207	0.00577	0.00608	0.00736	0.01062
25	0.43318	0.01214	0.01134	0.01012	0.01356	0.01348	0.00802	0.14538	0.01631	0.02977	0.09413	0.14790	0.02079	0.01000	0.00583	0.00218	0.00515	0.00774	0.00536	0.00763
26	0.09850	0.00783	0.01068	0.01057	0.01209	0.00913	0.00826	0.01284	0.01085	0.01719	0.01702	0.02465	0.01572	0.04543	0.65629	0.00982	0.01656	0.00679	0.00366	0.00613
27	0.01584	0.01810	0.03959	0.02828	0.03507	0.01697	0.69796	0.02149	0.01584	0.02149	0.01357	0.01810	0.01018	0.00566	0.00792	0.00226	0.01131	0.00792	0.00339	0.00905
28	0.00868	0.00677	0.00794	0.00818	0.00992	0.00602	0.00618	0.01084	0.01595	0.02054	0.23445	0.16149	0.37678	0.01685	0.00815	0.00238	0.00369	0.08279	0.00653	0.00587
29	0.36921	0.01356	0.01342	0.01133	0.01575	0.01487	0.00919	0.09349	0.18462	0.18426	0.01814	0.01747	0.01294	0.00756	0.00563	0.00212	0.00555	0.00552	0.00597	0.00940
30	0.10124	0.01204	0.01899	0.66611	0.04253	0.01492	0.01737	0.01743	0.01320	0.01858	0.01164	0.01711	0.00876	0.00666	0.00643	0.00222	0.00853	0.00570	0.00311	0.00743
31	0.81159	0.01298	0.00986	0.00882	0.01298	0.01505	0.00727	0.01972	0.01142	0.03010	0.00934	0.01090	0.00727	0.00623	0.00415	0.00208	0.00519	0.00363	0.00415	0.00727
32	0.01178	0.00734	0.00901	0.00851	0.01058	0.00652	0.00634	0.01401	0.01666	0.12194	0.29819	0.14557	0.25405	0.04794	0.00899	0.00243	0.00384	0.01282	0.00686	0.00663
33	0.01161	0.00750	0.00923	0.00883	0.01108	0.00676	0.00690	0.01402	0.01653	0.11086	0.24038	0.07611	0.30805	0.01713	0.04896	0.00278	0.00477	0.08517	0.00667	0.00665
34	0.02506	0.03198	0.01901	0.01729	0.02074	0.73725	0.01296	0.02679	0.01901	0.01642	0.01037	0.01210	0.00864	0.00691	0.00605	0.00173	0.01210	0.00432	0.00346	0.00778
35	0.01669	0.01441	0.01517	0.01365	0.01745	0.01669	0.01062	0.03565	0.71021	0.02807	0.02731	0.02503	0.02048	0.00910	0.00683	0.00228	0.00531	0.00759	0.00683	0.01062
36	0.01342	0.01136	0.01337	0.00977	0.01525	0.00865	0.00777	0.01643	0.01448	0.02242	0.09029	0.01793	0.01586	0.00594	0.00530	0.00112	0.00477	0.00488	0.00435	0.71664
37	0.01586	0.02850	0.41077	0.04414	0.04939	0.12203	0.09564	0.02318	0.08311	0.02096	0.01337	0.01558	0.00997	0.00681	0.00705	0.00212	0.03313	0.00554	0.00340	0.00944
38	0.02937	0.01260	0.01630	0.01250	0.01772	0.01161	0.01032	0.13919	0.02117	0.61770	0.02482	0.02176	0.01578	0.00826	0.00674	0.00207	0.00598	0.00663	0.00805	0.01142
39	0.00812	0.00674	0.00710	0.00715	0.00921	0.00572	0.00531	0.00995	0.01554	0.01903	0.13810	0.10846	0.60267	0.01689	0.00797	0.00228	0.00341	0.01426	0.00636	0.00572
40	0.01688	0.01255	0.01777	0.01615	0.07369	0.01385	0.08684	0.07728	0.10647	0.09814	0.01835	0.02086	0.01426	0.01115	0.05691	0.00271	0.13964	0.00662	0.20125	0.00863
41	0.01434	0.02855	0.47346	0.02252	0.03128	0.01610	0.27457	0.02134	0.01479	0.02134	0.01261	0.01563	0.00912	0.00611	0.00695	0.00218	0.01043	0.00606	0.00304	0.00959
42	0.01614	0.01395	0.02067	0.25023	0.26254	0.01518	0.01614	0.16101	0.01792	0.02397	0.01925	0.02234	0.08890	0.00843	0.00746	0.02818	0.00757	0.00689	0.00424	0.00901
43	0.11128	0.01719	0.01780	0.01436	0.01884	0.15520	0.06584	0.16738	0.02037	0.22933	0.07693	0.02004	0.01639	0.00923	0.02793	0.00227	0.00785	0.00635	0.00595	0.00946
44	0.01847	0.01849	0.02365	0.02363	0.19098	0.15858	0.15506	0.14915	0.01903	0.02414	0.03963	0.11458	0.01647	0.00872	0.00710	0.00210	0.00867	0.00798	0.00452	0.00906
45	0.81159	0.01298	0.00986	0.00882	0.01298	0.01505	0.00727	0.01972	0.01142	0.03010	0.00934	0.01090	0.00727	0.00623	0.00415	0.00208	0.00519	0.00363	0.00415	0.00727
46	0.01598	0.01512	0.02474	0.15307	0.53425	0.01586	0.01917	0.02170	0.09202	0.02183	0.01414	0.01775	0.01145	0.00644	0.00667	0.00206	0.00783	0.00615	0.00365	0.01011
47	0.01380	0.01254	0.02022	0.04972	0.44232	0.01240	0.01543	0.01734	0.01600	0.02231	0.16528	0.03181	0.09783	0.00944	0.00718	0.00211	0.00643	0.04434	0.00461	0.00889
48	0.01143	0.00598	0.00897	0.00897	0.00910	0.00611	0.00611	0.00910	0.00897	0.01209	0.01236	0.02106	0.01222	0.02630	0.10509	0.71675	0.00717	0.00598	0.00299	0.00325
49	0.02144	0.40670	0.02723	0.01433	0.01895	0.37553	0.01221	0.02338	0.01628	0.01610	0.00984	0.01142	0.00863	0.00632	0.00516	0.00158	0.00959	0.00395	0.00316	0.00820
50	0.01651	0.21884	0.02830	0.03116	0.48515	0.01832	0.01733	0.01989	0.01454	0.01985	0.01208	0.01566	0.01048	0.00882	0.05384	0.00242	0.00841	0.00541	0.00322	0.00978
51	0.01527	0.02124	0.23029	0.09562	0.38439	0.01587	0.09918	0.02058	0.01486	0.02126	0.01250	0.01619	0.00982	0.00612	0.00672	0.00208	0.00900	0.00591	0.00316	0.00996
52	0.01793	0.04274	0.08312	0.04589	0.20071	0.12683	0.01550	0.02572	0.21017	0.05274	0.01639	0.01798	0.01284	0.00781	0.00827	0.00215	0.09311	0.00603	0.00443	0.00962
53	0.15010	0.01431	0.09622	0.49846	0.03644	0.01452	0.01658	0.01796	0.01319	0.02027	0.01205	0.01668	0.00907	0.00665	0.00612	0.00216	0.00808	0.00547	0.04806	0.00763
54	0.01368	0.02332	0.37295	0.02011	0.10196	0.01352	0.11146	0.01956	0.01563	0.03922	0.15843	0.02287	0.02067	0.00783	0.00690	0.00211	0.00822	0.00703	0.02546	0.00908
55	0.01166	0.00583	0.00874	0.00874	0.00874	0.00583	0.00583	0.00874	0.00874	0.01166	0.01166	0.02040	0.01166	0.02331	0.02622	0.80478	0.00583	0.00583	0.00291	0.00291
56	0.03795	0.01529	0.16214	0.10139	0.14539	0.01176	0.01434	0.01665	0.03732	0.02035	0.08133	0.02998	0.15407	0.01611	0.12353	0.00353	0.00862	0.00803	0.00426	0.00795
57	0.01520	0.34382	0.20655	0.01309	0.01943	0.01841	0.01388	0.01903	0.01415	0.01930	0.06764	0.01556	0.01326	0.00659	0.00583	0.00163	0.03128	0.00478	0.00345	0.16712
58	0.06965	0.04359	0.01625	0.01623	0.09391	0.31681	0.01100	0.01959	0.01472	0.01718	0.01384	0.02056	0.01300	0.13673	0.16450	0.00444	0.01137	0.00591	0.00359	0.00712
59	0.01181	0.00771	0.01122	0.06952	0.01385	0.00856	0.00834	0.05594	0.01143	0.01567	0.01450	0.02230	0.01347	0.03180	0.30833	0.36959	0.01105	0.00640	0.00344	0.00507
60	0.00993	0.00771	0.01182	0.09252	0.01578	0.00911	0.00952	0.01255	0.01108	0.01575	0.01730	0.02542	0.01591	0.04549	0.65657	0.00984	0.01697	0.00705	0.00353	0.00615
61	0.02213	0.01889	0.01938	0.01791	0.09728	0.13280	0.01302	0.41680	0.02471	0.03200	0.01508	0.01702	0.01167	0.01381	0.11326	0.00325	0.00975	0.00593	0.00536	0.00995
62	0.00818	0.00584	0.00779	0.00934	0.00973	0.00545	0.00623	0.00934	0.01285	0.01713	0.03698	0.75981	0.04438	0.02102	0.00856	0.00273	0.00389	0.01908	0.00623	0.00545
63	0.01811	0.34488	0.17676	0.03358	0.05387	0.04923	0.09150	0.09649	0.01644	0.04393	0.01192	0.01375	0.00943	0.00628	0.00571	0.00181	0.00845	0.00492	0.00357	0.00936
64	0.01460	0.16998	0.52522	0.01952	0.07244	0.01771	0.04975	0.02100	0.01421	0.02028	0.01164	0.01385	0.00873	0.00620	0.00607	0.00199	0.00933	0.00489	0.00290	0.00968
65	0.01444	0.19487	0.57783	0.01746	0.02646	0.01798	0.02188	0.02100	0.01405	0.02006	0.01145	0.01342	0.00852	0.00624	0.00592	0.00197	0.00932	0.00466	0.00284	0.00963
66	0.01851	0.01103	0.06938	0.01060	0.01430	0.00862	0.00902	0.02109	0.01635	0.32679	0.10913	0.05640	0.14138	0.09708	0.05679	0.00318	0.00619	0.00918	0.00658	0.00842
67	0.02240	0.02058	0.09845	0.06778	0.16274	0.19596	0.04939	0.04030	0.01755	0.23492	0.01628	0.01724	0.01160	0.00704	0.00657	0.00200	0.00875	0.00578	0.00487	0.00981
68	0.01592	0.04104	0.34078	0.04370	0.20157	0.01540	0.11861	0.02168	0.01510	0.07800	0.01424	0.01799	0.01089	0.00670	0.00675	0.00213	0.00909	0.02694	0.00359	0.00988
69	0.01164	0.00712	0.00907	0.00868	0.01050	0.00649	0.00646	0.01423	0.01714	0.10176	0.40089	0.18027	0.10769	0.01430	0.00765	0.00219	0.00360	0.01255	0.07110	0.00666
70	0.01217	0.01058	0.03282	0.01810	0.19365	0.02888	0.01098	0.01515	0.03516	0.04060	0.11378	0.31989	0.04957	0.03917	0.00863	0.00252	0.00552	0.04997	0.00547	0.00739
71	0.07383	0.02420	0.18618	0.01879	0.09067	0.20440	0.03707	0.10358	0.09499	0.08067	0.01485	0.01590	0.01103	0.00710	0.00633	0.00201	0.00888	0.00546	0.00448	0.00959
72	0.01715	0.08068	0.09668	0.21128	0.14432	0.01536	0.04585	0.06559	0.03877	0.12063	0.01532	0.01830	0.01158	0.01097	0.07618	0.00289	0.00902	0.00603	0.00421	0.00920
73	0.01218	0.01637	0.21305	0.03559	0.01804	0.01094	0.01267	0.07463	0.03568	0.02227	0.11018	0.09033	0.15980	0.01553	0.08807	0.00308	0.00754	0.00914	0.00493	0.05996
74	0.02001	0.16745	0.11202	0.01567	0.04063	0.22026	0.03341	0.08071	0.06175	0.06915	0.01483	0.01583	0.02864	0.00695	0.00592	0.00177	0.00854	0.00515	0.00420	0.08709
75	0.01633	0.16170	0.12511	0.10077	0.07802	0.03569	0.06946	0.08588	0.03463	0.02205	0.01241	0.01481	0.00983	0.00611	0.00586	0.00171	0.00773	0.00505	0.00372	0.20313
76	0.03593	0.05576	0.06514	0.01486	0.01828	0.07125	0.10747	0.11316	0.01568	0.02103	0.01846	0.07569	0.04430	0.09360	0.15922	0.00437	0.06621	0.00777	0.00422	0.00762
77	0.10036	0.06071	0.02259	0.06334	0.20920	0.03590	0.08981	0.14258	0.06992	0.04642	0.03320	0.01803	0.01281	0.00980	0.05426	0.00261	0.00833	0.00616	0.00451	0.00947
78	0.10223	0.08432	0.16058	0.06426	0.06010	0.05644	0.06683	0.05965	0.01595	0.14778	0.01672	0.06631	0.01357	0.00938	0.03014	0.00237	0.00813	0.02157	0.00461	0.00906
79	0.01969	0.12290	0.13158	0.01935	0.13879	0.13135	0.03286	0.05946	0.08440	0.12647	0.05623	0.01840	0.01462	0.00735	0.00633	0.00195	0.00801	0.00591	0.00470	0.00965
80	0.07950	0.01837	0.10446	0.01750	0.11903	0.12847	0.01335	0.09624	0.04844	0.07866	0.09689	0.02458	0.01916	0.00863	0.00658	0.00204	0.00735	0.06019	0.02210	0.04846
81	0.07944	0.05312	0.01842	0.12372	0.07263	0.13161	0.05040	0.03897	0.06176	0.14596	0.05776	0.02033	0.01530	0.03203	0.00718	0.00212	0.00747	0.00622	0.04892	0.02665

[dist]
# distance from previous block
# <min> <max>
3	28

[block]
# block no. 3 follows, 32 sequences, length 47
# corresponding to MSA columns:
# 609-655
name=unknown_D
#
# <colnr> <probs for GDERKNQSTAVLIFYWHMCP>
#	G	D	E	R	K	N	Q	S	T	A	V	L	I	F	Y	W	H	M	C	P
0	0.01687	0.01878	0.14586	0.05038	0.14639	0.06352	0.06195	0.13415	0.05065	0.04537	0.01514	0.01836	0.01198	0.01528	0.14866	0.00373	0.01042	0.00611	0.00420	0.03223
1	0.01792	0.04413	0.08149	0.06471	0.05067	0.06255	0.03001	0.17475	0.01832	0.10045	0.01911	0.05581	0.04297	0.04313	0.12224	0.00355	0.00916	0.00702	0.00492	0.04710
2	0.03917	0.01789	0.04047	0.01418	0.01847	0.15714	0.04395	0.15834	0.14571	0.04747	0.05605	0.02212	0.05691	0.01118	0.05624	0.00253	0.00812	0.00665	0.00529	0.09212
3	0.09837	0.01847	0.06593	0.01902	0.15181	0.13602	0.01340	0.10091	0.13080	0.09990	0.03807	0.01844	0.01399	0.00909	0.03432	0.00234	0.00794	0.00593	0.00503	0.03022
4	0.23736	0.10122	0.04489	0.03918	0.06914	0.15634	0.01149	0.09005	0.01645	0.08297	0.01412	0.05786	0.01173	0.00759	0.00564	0.00195	0.00739	0.00556	0.03058	0.00849
5	0.37660	0.04042	0.12751	0.06222	0.01947	0.06745	0.01197	0.04745	0.05759	0.06776	0.01257	0.01395	0.00941	0.00662	0.00529	0.00200	0.00686	0.00459	0.00427	0.05599
6	0.04624	0.04660	0.08536	0.01977	0.10216	0.20327	0.11510	0.08406	0.04626	0.08904	0.04149	0.03892	0.01384	0.00875	0.02768	0.00226	0.00921	0.00637	0.00450	0.00911
7	0.05129	0.01159	0.01718	0.31019	0.15749	0.01280	0.01415	0.04247	0.04208	0.02148	0.11622	0.02916	0.12842	0.00924	0.00693	0.00216	0.00674	0.00803	0.00449	0.00787
8	0.01826	0.07230	0.11971	0.02644	0.32950	0.06003	0.01717	0.10534	0.01764	0.07231	0.06304	0.01825	0.01423	0.00720	0.00695	0.00200	0.02933	0.00606	0.00427	0.00997
9	0.00950	0.00686	0.00897	0.00844	0.01002	0.00633	0.00633	0.01266	0.01899	0.02691	0.71879	0.05012	0.06331	0.01372	0.00791	0.00211	0.00317	0.01213	0.00739	0.00633
10	0.01333	0.00880	0.01250	0.01415	0.12248	0.00830	0.00896	0.01603	0.01677	0.11732	0.35432	0.10585	0.04204	0.09195	0.01044	0.00264	0.00479	0.03558	0.00637	0.00736
11	0.01811	0.49723	0.17987	0.01401	0.02028	0.13565	0.01454	0.02139	0.01459	0.01704	0.01007	0.01169	0.00859	0.00606	0.00502	0.00163	0.00853	0.00399	0.00295	0.00876
12	0.01639	0.15697	0.01962	0.11048	0.02121	0.01832	0.01184	0.03025	0.48592	0.02429	0.02186	0.02138	0.01670	0.00815	0.00633	0.00211	0.00615	0.00661	0.00557	0.00982
13	0.01457	0.08013	0.50314	0.01723	0.02533	0.01661	0.02033	0.02477	0.18807	0.02258	0.01567	0.01665	0.01150	0.00701	0.00635	0.00212	0.00858	0.00552	0.00383	0.01000
14	0.00919	0.00655	0.00878	0.00928	0.00985	0.00688	0.00639	0.01047	0.01113	0.01529	0.02499	0.26546	0.02788	0.25711	0.29224	0.00692	0.01001	0.01176	0.00458	0.00524
15	0.00959	0.00719	0.01078	0.01078	0.01198	0.00839	0.00839	0.01198	0.01078	0.01558	0.01797	0.02636	0.01677	0.05032	0.73760	0.01078	0.01797	0.00719	0.00359	0.00599
16	0.01681	0.50612	0.14733	0.03620	0.09446	0.02279	0.05529	0.02034	0.01402	0.01769	0.01043	0.01255	0.00890	0.00589	0.00516	0.00168	0.00800	0.00438	0.00295	0.00903
17	0.01020	0.00756	0.00864	0.00849	0.01055	0.00698	0.00631	0.01374	0.07887	0.05558	0.20014	0.18140	0.35498	0.01586	0.00788	0.00231	0.00372	0.01364	0.00664	0.00650
18	0.00818	0.00584	0.00779	0.00934	0.00973	0.00545	0.00623	0.00934	0.01285	0.01713	0.03698	0.75981	0.04438	0.02102	0.00856	0.00273	0.00389	0.01908	0.00623	0.00545
19	0.20462	0.07830	0.21264	0.01850	0.06482	0.06512	0.13701	0.10152	0.01622	0.02518	0.01188	0.01408	0.00900	0.00638	0.00601	0.00204	0.00858	0.00522	0.00378	0.00912
20	0.00927	0.00685	0.00865	0.00820	0.00988	0.00623	0.00615	0.01222	0.01845	0.02562	0.62348	0.05224	0.15942	0.01420	0.00792	0.00213	0.00320	0.01243	0.00722	0.00623
21	0.01822	0.01428	0.01713	0.01269	0.01826	0.01325	0.03795	0.21919	0.01931	0.06157	0.01381	0.01519	0.01066	0.00632	0.00632	0.00147	0.03378	0.00495	0.00493	0.47072
22	0.01490	0.01283	0.01410	0.01155	0.01625	0.01250	0.00908	0.02555	0.35121	0.02465	0.02268	0.02229	0.05692	0.00768	0.00604	0.00169	0.00504	0.00632	0.00549	0.37322
23	0.04562	0.28663	0.02393	0.01435	0.01880	0.31597	0.01192	0.06994	0.11566	0.01998	0.01275	0.01369	0.01045	0.00687	0.00553	0.00173	0.00888	0.00462	0.00397	0.00870
24	0.03010	0.01142	0.01557	0.01194	0.01713	0.00986	0.00986	0.03270	0.01920	0.72698	0.02647	0.02284	0.01661	0.00830	0.00675	0.00208	0.00571	0.00675	0.00830	0.01142
25	0.02103	0.06077	0.01927	0.06727	0.02124	0.01927	0.01235	0.37704	0.26813	0.03392	0.01935	0.01907	0.01426	0.00819	0.00661	0.00209	0.00675	0.00644	0.00626	0.01068
26	0.01855	0.01634	0.03079	0.02221	0.02852	0.01518	0.44055	0.08403	0.01750	0.12726	0.01548	0.01805	0.01121	0.00617	0.00724	0.00204	0.00927	0.00704	0.00450	0.11809
27	0.09215	0.20854	0.21970	0.01473	0.02096	0.15499	0.01492	0.05619	0.01628	0.12395	0.01312	0.01400	0.00977	0.00667	0.00567	0.00186	0.00849	0.00469	0.00407	0.00924
28	0.01449	0.08813	0.57259	0.01718	0.02580	0.01563	0.02130	0.02176	0.04097	0.04783	0.01362	0.01537	0.00986	0.00660	0.00613	0.00204	0.00891	0.00511	0.05702	0.00965
29	0.00807	0.00680	0.00699	0.00695	0.00915	0.00572	0.00521	0.00990	0.01563	0.01892	0.12698	0.06326	0.66011	0.01670	0.00793	0.00225	0.00338	0.01398	0.00634	0.00572
30	0.01422	0.01351	0.02292	0.46983	0.31234	0.01531	0.01941	0.01850	0.01415	0.01902	0.01220	0.01738	0.00961	0.00642	0.00668	0.00214	0.00856	0.00597	0.00312	0.00870
31	0.01322	0.01248	0.02111	0.64998	0.14003	0.01505	0.01891	0.01762	0.01368	0.01781	0.01202	0.01771	0.00918	0.00661	0.00670	0.00220	0.00881	0.00597	0.00303	0.00789
32	0.01938	0.01699	0.03330	0.02404	0.03040	0.01611	0.50422	0.09468	0.01808	0.14859	0.01612	0.01873	0.01145	0.00638	0.00758	0.00220	0.00991	0.00751	0.00461	0.00972
33	0.00959	0.00719	0.01078	0.01078	0.01198	0.00839	0.00839	0.01198	0.01078	0.01558	0.01797	0.02636	0.01677	0.05032	0.73760	0.01078	0.01797	0.00719	0.00359	0.00599
34	0.00959	0.00719	0.01078	0.01078	0.01198	0.00839	0.00839	0.01198	0.01078	0.01558	0.01797	0.02636	0.01677	0.05032	0.73760	0.01078	0.01797	0.00719	0.00359	0.00599
35	0.01482	0.01424	0.02458	0.35518	0.39336	0.01552	0.04745	0.01909	0.01447	0.01978	0.01235	0.01724	0.00986	0.00629	0.00672	0.00211	0.00854	0.00605	0.00317	0.00915
36	0.00941	0.00736	0.01062	0.01395	0.11460	0.00700	0.00831	0.01101	0.01328	0.01787	0.03441	0.62763	0.06154	0.01868	0.00826	0.00260	0.00448	0.01699	0.00580	0.00622
37	0.03010	0.01142	0.01557	0.01194	0.01713	0.00986	0.00986	0.03270	0.01920	0.72698	0.02647	0.02284	0.01661	0.00830	0.00675	0.00208	0.00571	0.00675	0.00830	0.01142
38	0.01459	0.01357	0.02276	0.20260	0.45112	0.01425	0.01828	0.01842	0.01469	0.02031	0.01618	0.07236	0.01504	0.00830	0.00703	0.00220	0.00776	0.06771	0.00370	0.00913
39	0.01669	0.01974	0.17318	0.07808	0.26897	0.01555	0.21906	0.02186	0.01544	0.08526	0.01399	0.01720	0.01049	0.00623	0.00698	0.00212	0.00921	0.00641	0.00367	0.00988
40	0.01085	0.00846	0.01059	0.01047	0.01176	0.04333	0.00807	0.01313	0.01182	0.01689	0.02025	0.02918	0.04039	0.08171	0.49886	0.00817	0.03687	0.03093	0.10226	0.00603
41	0.01468	0.01468	0.02055	0.01762	0.01762	0.02055	0.01468	0.01615	0.01028	0.01615	0.00881	0.01468	0.00881	0.01174	0.02202	0.00294	0.75191	0.00587	0.00294	0.00734
42	0.01391	0.01193	0.01391	0.00994	0.01590	0.00894	0.00795	0.01690	0.01391	0.02186	0.01193	0.01391	0.00994	0.00497	0.00497	0.00099	0.00497	0.00398	0.00398	0.80521
43	0.01794	0.76823	0.03516	0.01148	0.01722	0.02655	0.01148	0.02009	0.01363	0.01579	0.00933	0.01076	0.00861	0.00574	0.00431	0.00144	0.00718	0.00359	0.00287	0.00861
44	0.01661	0.01594	0.02724	0.04119	0.72233	0.01594	0.02059	0.02059	0.01528	0.02192	0.01262	0.01661	0.01063	0.00598	0.00664	0.00199	0.00797	0.00598	0.00332	0.01063
45	0.02150	0.02402	0.01593	0.01459	0.01770	0.48191	0.01098	0.02540	0.09638	0.04235	0.01591	0.05190	0.01331	0.00803	0.00607	0.00182	0.00932	0.00578	0.12924	0.00787
46	0.07855	0.01407	0.01879	0.13860	0.08710	0.01437	0.06281	0.13489	0.08669	0.02570	0.01506	0.01874	0.01205	0.00695	0.00621	0.00185	0.00688	0.03125	0.00455	0.23488

[dist]
# distance from previous block
# <min> <max>
1	10

[block]
# block no. 4 follows, 32 sequences, length 73
# corresponding to MSA columns:
# 666-689,692-740
name=unknown_E
#
# <colnr> <probs for GDERKNQSTAVLIFYWHMCP>
#	G	D	E	R	K	N	Q	S	T	A	V	L	I	F	Y	W	H	M	C	P
0	0.01867	0.03629	0.06370	0.01457	0.07522	0.06590	0.01127	0.09135	0.01710	0.14719	0.01667	0.07132	0.01366	0.00741	0.00602	0.00164	0.00643	0.00605	0.00499	0.32454
1	0.03739	0.23373	0.19642	0.01836	0.10115	0.04090	0.07134	0.09127	0.03935	0.02169	0.01340	0.03246	0.01138	0.05450	0.00773	0.00220	0.00821	0.00569	0.00369	0.00913
2	0.02722	0.01182	0.01545	0.01210	0.01681	0.01096	0.00988	0.11227	0.01973	0.56199	0.02436	0.02311	0.01629	0.04164	0.06150	0.00289	0.00685	0.00681	0.00759	0.01072
3	0.02031	0.02001	0.02303	0.02987	0.41101	0.22177	0.01677	0.02445	0.05976	0.08766	0.01420	0.01643	0.01124	0.00666	0.00649	0.00194	0.00877	0.00568	0.00405	0.00989
4	0.01351	0.08800	0.40292	0.03993	0.07142	0.01494	0.04602	0.02010	0.05844	0.02125	0.07496	0.08575	0.01739	0.00840	0.00665	0.00213	0.00817	0.00711	0.00384	0.00908
5	0.01497	0.01477	0.02450	0.13861	0.37947	0.03702	0.10514	0.01875	0.01487	0.02020	0.01803	0.05159	0.06431	0.00808	0.00775	0.00218	0.04235	0.02473	0.00367	0.00902
6	0.00976	0.00651	0.00732	0.00732	0.00732	0.00651	0.00407	0.00976	0.00976	0.01301	0.02114	0.04391	0.02439	0.76419	0.03415	0.00651	0.00651	0.00976	0.00407	0.00407
7	0.01606	0.01698	0.03432	0.02585	0.05395	0.01650	0.53403	0.07036	0.01671	0.02269	0.01558	0.02313	0.01288	0.00729	0.00848	0.00234	0.04011	0.06995	0.00388	0.00894
8	0.01595	0.06363	0.04558	0.13536	0.46038	0.01662	0.12478	0.02024	0.01497	0.02079	0.01245	0.01659	0.01015	0.00602	0.00670	0.00204	0.00862	0.00610	0.00324	0.00980
9	0.00823	0.00614	0.00766	0.00870	0.00961	0.00557	0.00598	0.00969	0.01391	0.01818	0.10163	0.54413	0.19712	0.01950	0.00837	0.00257	0.00372	0.01739	0.00633	0.00557
10	0.81159	0.01298	0.00986	0.00882	0.01298	0.01505	0.00727	0.01972	0.01142	0.03010	0.00934	0.01090	0.00727	0.00623	0.00415	0.00208	0.00519	0.00363	0.00415	0.00727
11	0.01429	0.03319	0.66338	0.01917	0.02871	0.01596	0.04482	0.06407	0.01531	0.02258	0.01235	0.01441	0.00874	0.00646	0.00644	0.00212	0.00980	0.00512	0.00310	0.00998
12	0.03010	0.01142	0.01557	0.01194	0.01713	0.00986	0.00986	0.03270	0.01920	0.72698	0.02647	0.02284	0.01661	0.00830	0.00675	0.00208	0.00571	0.00675	0.00830	0.01142
13	0.00959	0.00719	0.01078	0.01078	0.01198	0.00839	0.00839	0.01198	0.01078	0.01558	0.01797	0.02636	0.01677	0.05032	0.73760	0.01078	0.01797	0.00719	0.00359	0.00599
14	0.01584	0.01810	0.03959	0.02828	0.03507	0.01697	0.69796	0.02149	0.01584	0.02149	0.01357	0.01810	0.01018	0.00566	0.00792	0.00226	0.01131	0.00792	0.00339	0.00905
15	0.00895	0.00684	0.00821	0.00787	0.00969	0.00610	0.00590	0.01161	0.01770	0.02385	0.49205	0.05516	0.29196	0.01486	0.00792	0.00216	0.00325	0.01284	0.00698	0.00610
16	0.00818	0.00584	0.00779	0.00934	0.00973	0.00545	0.00623	0.00934	0.01285	0.01713	0.03698	0.75981	0.04438	0.02102	0.00856	0.00273	0.00389	0.01908	0.00623	0.00545
17	0.57689	0.01289	0.01142	0.00975	0.01404	0.01423	0.00800	0.08272	0.01461	0.13088	0.01612	0.01648	0.05393	0.00737	0.00500	0.00208	0.00535	0.00496	0.00511	0.00814
18	0.01740	0.63526	0.10101	0.01240	0.01839	0.02468	0.01270	0.02148	0.07067	0.01732	0.01106	0.01226	0.00957	0.00608	0.00471	0.00157	0.00729	0.00405	0.00319	0.00890
19	0.01312	0.09313	0.43647	0.01511	0.02266	0.01395	0.01782	0.01878	0.01466	0.02119	0.08806	0.02121	0.06671	0.00765	0.00626	0.00191	0.00779	0.00610	0.00372	0.12373
20	0.01635	0.07984	0.36615	0.02169	0.11303	0.01668	0.10966	0.04459	0.01520	0.07903	0.01320	0.01555	0.00978	0.00679	0.00765	0.00213	0.06371	0.00563	0.00356	0.00978
21	0.01299	0.01147	0.01808	0.55416	0.03766	0.01386	0.01604	0.07175	0.01467	0.01910	0.01562	0.10611	0.01384	0.01126	0.05304	0.00282	0.00879	0.00760	0.00371	0.00745
22	0.01267	0.01193	0.02013	0.74806	0.04621	0.01491	0.01863	0.01714	0.01342	0.01714	0.01193	0.01789	0.00894	0.00671	0.00671	0.00224	0.00894	0.00596	0.00298	0.00745
23	0.01821	0.01646	0.12272	0.12483	0.20085	0.04018	0.03592	0.02209	0.01561	0.19343	0.01853	0.08695	0.01527	0.00863	0.00737	0.00219	0.03021	0.02635	0.00477	0.00942
24	0.01508	0.01444	0.02655	0.21604	0.27755	0.01483	0.19713	0.01939	0.01492	0.04158	0.01540	0.06554	0.01329	0.00751	0.00721	0.00221	0.00872	0.02997	0.00368	0.00895
25	0.00959	0.00719	0.01078	0.01078	0.01198	0.00839	0.00839	0.01198	0.01078	0.01558	0.01797	0.02636	0.01677	0.05032	0.73760	0.01078	0.01797	0.00719	0.00359	0.00599
26	0.01821	0.74072	0.03456	0.01170	0.01735	0.05310	0.01154	0.02034	0.01383	0.01581	0.00937	0.01081	0.00861	0.00578	0.00437	0.00145	0.00736	0.00362	0.00289	0.00858
27	0.01506	0.01729	0.14774	0.08458	0.26150	0.01419	0.07451	0.04024	0.07830	0.04727	0.01839	0.13661	0.01662	0.00892	0.00704	0.00221	0.00768	0.00824	0.00428	0.00933
28	0.01283	0.01701	0.18132	0.01489	0.01762	0.04114	0.01399	0.01581	0.01162	0.01685	0.01395	0.03816	0.01335	0.11182	0.18774	0.00499	0.26973	0.00670	0.00330	0.00719
29	0.81159	0.01298	0.00986	0.00882	0.01298	0.01505	0.00727	0.01972	0.01142	0.03010	0.00934	0.01090	0.00727	0.00623	0.00415	0.00208	0.00519	0.00363	0.00415	0.00727
30	0.01602	0.01438	0.02340	0.11262	0.41612	0.01464	0.06284	0.07654	0.01651	0.04351	0.02013	0.04988	0.08759	0.00802	0.00695	0.00210	0.00755	0.00750	0.00414	0.00953
31	0.20902	0.01752	0.01899	0.01507	0.01988	0.11832	0.10271	0.21666	0.02020	0.14929	0.01582	0.04019	0.01185	0.00761	0.00625	0.00206	0.00766	0.00603	0.00546	0.00941
32	0.07941	0.01152	0.01521	0.01174	0.01687	0.01019	0.00970	0.03188	0.01871	0.68302	0.02539	0.02209	0.01602	0.00817	0.00658	0.00208	0.00568	0.00655	0.00804	0.01116
33	0.01600	0.01039	0.01155	0.01041	0.01356	0.01069	0.00807	0.02460	0.27960	0.15179	0.03614	0.07726	0.17938	0.01126	0.00684	0.00216	0.00453	0.00941	0.12768	0.00867
34	0.01717	0.12111	0.15114	0.02113	0.06963	0.12030	0.22734	0.06584	0.01613	0.02073	0.01259	0.01591	0.01005	0.00989	0.06497	0.00272	0.03504	0.00595	0.00345	0.00892
35	0.01851	0.36877	0.23052	0.01497	0.02152	0.13395	0.01566	0.08835	0.01639	0.02006	0.01094	0.01248	0.00886	0.00633	0.00541	0.00174	0.00875	0.00434	0.00333	0.00913
36	0.01073	0.00767	0.01070	0.01211	0.01366	0.00764	0.01053	0.01382	0.01567	0.02051	0.07863	0.07407	0.04017	0.01823	0.00918	0.00303	0.00599	0.63522	0.00625	0.00619
37	0.01498	0.08362	0.07827	0.01366	0.02001	0.01270	0.10784	0.04556	0.01489	0.02203	0.01210	0.01433	0.00979	0.00538	0.00551	0.00135	0.00657	0.00466	0.00381	0.52294
38	0.00863	0.00650	0.00747	0.00778	0.00898	0.00590	0.00532	0.01002	0.01398	0.01800	0.14362	0.22970	0.30254	0.18476	0.01395	0.00331	0.00418	0.01410	0.00591	0.00535
39	0.00826	0.00656	0.00744	0.00790	0.00954	0.00575	0.00577	0.00999	0.01493	0.01871	0.11683	0.26427	0.43795	0.01792	0.00817	0.00242	0.00363	0.04196	0.00633	0.00568
40	0.01761	0.71437	0.08613	0.01204	0.01809	0.02574	0.01246	0.02018	0.01367	0.01619	0.00953	0.01101	0.00860	0.00579	0.00446	0.00149	0.00738	0.00369	0.00287	0.00871
41	0.09518	0.01714	0.01836	0.01444	0.01902	0.01935	0.01190	0.53908	0.02688	0.03795	0.01526	0.01608	0.01119	0.00818	0.00760	0.00207	0.06782	0.00582	0.05631	0.01038
42	0.09427	0.01757	0.02022	0.01581	0.02089	0.05681	0.08945	0.36715	0.12248	0.10113	0.01749	0.01756	0.01254	0.00773	0.00660	0.00208	0.00743	0.00623	0.00610	0.01046
43	0.00881	0.00622	0.00819	0.00952	0.01003	0.00595	0.00663	0.01010	0.01281	0.01700	0.03451	0.55286	0.04065	0.12619	0.01231	0.00332	0.00462	0.11903	0.00591	0.00537
44	0.00933	0.00657	0.00720	0.00720	0.00773	0.00631	0.00431	0.00973	0.01106	0.01421	0.03214	0.04876	0.18771	0.58867	0.02799	0.00551	0.00578	0.01079	0.00457	0.00444
45	0.00976	0.00651	0.00732	0.00732	0.00732	0.00651	0.00407	0.00976	0.00976	0.01301	0.02114	0.04391	0.02439	0.76419	0.03415	0.00651	0.00651	0.00976	0.00407	0.00407
46	0.08057	0.01235	0.01371	0.01299	0.01617	0.01375	0.01066	0.10181	0.32265	0.02694	0.02757	0.04134	0.02499	0.01219	0.00749	0.00253	0.00585	0.25128	0.00636	0.00882
47	0.00954	0.00691	0.00928	0.01064	0.01181	0.00665	0.00847	0.01179	0.01457	0.01904	0.06171	0.33362	0.09555	0.01919	0.00885	0.00285	0.00499	0.35244	0.00624	0.00587
48	0.00818	0.00584	0.00779	0.00934	0.00973	0.00545	0.00623	0.00934	0.01285	0.01713	0.03698	0.75981	0.04438	0.02102	0.00856	0.00273	0.00389	0.01908	0.00623	0.00545
49	0.00976	0.00651	0.00732	0.00732	0.00732	0.00651	0.00407	0.00976	0.00976	0.01301	0.02114	0.04391	0.02439	0.76419	0.03415	0.00651	0.00651	0.00976	0.00407	0.00407
50	0.81159	0.01298	0.00986	0.00882	0.01298	0.01505	0.00727	0.01972	0.01142	0.03010	0.00934	0.01090	0.00727	0.00623	0.00415	0.00208	0.00519	0.00363	0.00415	0.00727
51	0.02500	0.01825	0.01964	0.01520	0.02045	0.02018	0.01251	0.63129	0.08101	0.06166	0.01724	0.01697	0.01223	0.00814	0.00672	0.00203	0.00718	0.00618	0.00677	0.01135
52	0.01469	0.23584	0.53905	0.01703	0.02580	0.01859	0.02114	0.02093	0.01402	0.01975	0.01130	0.01323	0.00853	0.00620	0.00581	0.00194	0.00916	0.00458	0.00284	0.00956
53	0.02194	0.07667	0.06591	0.02010	0.18692	0.01589	0.01405	0.17245	0.08280	0.22254	0.01998	0.01985	0.03495	0.00771	0.00654	0.00202	0.00689	0.00635	0.00579	0.01066
54	0.00858	0.00607	0.00798	0.00935	0.00979	0.00576	0.00635	0.00976	0.01269	0.01688	0.03499	0.61922	0.04154	0.10867	0.01165	0.00320	0.00439	0.07181	0.00597	0.00535
55	0.01456	0.11622	0.57193	0.01776	0.02651	0.03751	0.02178	0.02245	0.07118	0.02105	0.01293	0.01461	0.00950	0.00654	0.00617	0.00205	0.00929	0.00500	0.00318	0.00976
56	0.01430	0.01245	0.01538	0.01341	0.09137	0.00998	0.00940	0.01799	0.04007	0.02210	0.01257	0.01462	0.01041	0.00523	0.00522	0.00115	0.00530	0.00432	0.00401	0.69070
57	0.00968	0.00692	0.01016	0.01027	0.01123	0.00782	0.00772	0.01135	0.01068	0.01517	0.01899	0.08078	0.01882	0.09075	0.57510	0.08202	0.01511	0.00810	0.00376	0.00555
58	0.00922	0.00751	0.00825	0.00794	0.01013	0.00688	0.00599	0.01296	0.07957	0.02182	0.27134	0.05639	0.44733	0.01523	0.00782	0.00222	0.00350	0.01292	0.00665	0.00633
59	0.81159	0.01298	0.00986	0.00882	0.01298	0.01505	0.00727	0.01972	0.01142	0.03010	0.00934	0.01090	0.00727	0.00623	0.00415	0.00208	0.00519	0.00363	0.00415	0.00727
