[name]
unknown

[dist]
# distance from previous block
# <min> <max>
2	447

[block]
# block no. 0 follows, 29 sequences, length 9
# corresponding to MSA columns:
# 516-524
name=unknown_A
#
# <colnr> <probs for GDERKNQSTAVLIFYWHMCP>
#	G	D	E	R	K	N	Q	S	T	A	V	L	I	F	Y	W	H	M	C	P
0	0.01874	0.05601	0.17812	0.06438	0.11257	0.10979	0.01623	0.05394	0.08004	0.09460	0.06392	0.04461	0.01728	0.00846	0.00687	0.00215	0.00824	0.00690	0.04738	0.00977
1	0.01183	0.04834	0.16056	0.01581	0.09762	0.01089	0.01323	0.01556	0.01587	0.02098	0.07072	0.11196	0.24398	0.01424	0.00803	0.00248	0.00634	0.11834	0.00538	0.00783
2	0.01278	0.01029	0.01236	0.01002	0.01388	0.00861	0.00748	0.01504	0.01327	0.01990	0.01737	0.06957	0.01722	0.17695	0.11076	0.00389	0.00746	0.00705	0.00433	0.46179
3	0.01124	0.00902	0.01070	0.00977	0.01286	0.00752	0.00741	0.01345	0.01472	0.02029	0.03578	0.20851	0.17812	0.06327	0.00947	0.00244	0.00489	0.08746	0.00560	0.28750
4	0.01786	0.06533	0.01681	0.01325	0.01679	0.06343	0.01051	0.18025	0.19470	0.02892	0.14992	0.02867	0.02611	0.05565	0.09657	0.00357	0.00807	0.00813	0.00622	0.00927
5	0.09895	0.01775	0.10680	0.01614	0.05887	0.04132	0.01336	0.09200	0.25698	0.06790	0.02055	0.02166	0.01575	0.01554	0.12124	0.00374	0.00908	0.00675	0.00559	0.01004
6	0.04497	0.07201	0.05568	0.01308	0.01684	0.01286	0.09180	0.01881	0.06009	0.02244	0.01870	0.06457	0.01672	0.09293	0.01070	0.00253	0.05634	0.00737	0.19850	0.12308
7	0.01834	0.01712	0.01838	0.05023	0.02021	0.13827	0.07964	0.14098	0.12657	0.02421	0.01869	0.02584	0.01647	0.18889	0.05639	0.00383	0.00923	0.00750	0.00501	0.03419
8	0.06161	0.01569	0.11921	0.01268	0.01801	0.01172	0.01161	0.01867	0.01462	0.06236	0.05750	0.04721	0.01556	0.00870	0.00879	0.04036	0.07801	0.00600	0.00447	0.38723

[dist]
# distance from previous block
# <min> <max>
0	1

[block]
# block no. 1 follows, 29 sequences, length 10
# corresponding to MSA columns:
# 526-535
name=unknown_B
#
# <colnr> <probs for GDERKNQSTAVLIFYWHMCP>
#	G	D	E	R	K	N	Q	S	T	A	V	L	I	F	Y	W	H	M	C	P
0	0.06973	0.20353	0.08506	0.01552	0.07383	0.06185	0.01263	0.06014	0.07632	0.05836	0.09360	0.11892	0.02246	0.01002	0.00663	0.00212	0.00696	0.00813	0.00512	0.00908
1	0.11856	0.07360	0.02168	0.05348	0.25999	0.06956	0.01475	0.08688	0.05895	0.06531	0.01891	0.06773	0.04381	0.00860	0.00670	0.00216	0.00752	0.00716	0.00482	0.00983
2	0.01194	0.00763	0.00984	0.00956	0.01133	0.00704	0.00716	0.01453	0.01776	0.08758	0.37852	0.14297	0.10494	0.08418	0.01110	0.00286	0.00435	0.07267	0.00723	0.00680
3	0.01883	0.02393	0.15330	0.06655	0.21968	0.15883	0.08720	0.04810	0.10925	0.02326	0.01511	0.01762	0.01174	0.00716	0.00704	0.00217	0.00974	0.00624	0.00407	0.01020
4	0.00994	0.00716	0.00857	0.00869	0.00981	0.00676	0.00609	0.01163	0.01500	0.01995	0.22135	0.09693	0.16706	0.28890	0.01892	0.00415	0.00511	0.08227	0.00609	0.00562
5	0.09226	0.02234	0.21247	0.01632	0.02196	0.04783	0.01596	0.22001	0.02027	0.07477	0.01689	0.08610	0.01411	0.00963	0.00888	0.00236	0.09560	0.00713	0.00515	0.00996
6	0.01259	0.00813	0.00981	0.00939	0.01118	0.00773	0.00669	0.01579	0.06669	0.09565	0.21820	0.16179	0.14253	0.18450	0.01470	0.00345	0.00480	0.01285	0.00670	0.00683
7	0.04104	0.01591	0.10353	0.01969	0.13707	0.03997	0.09295	0.05652	0.01643	0.04475	0.07839	0.13860	0.05873	0.11102	0.01152	0.00296	0.00755	0.01000	0.00498	0.00839
8	0.08477	0.19737	0.09228	0.01884	0.10833	0.06696	0.03768	0.09508	0.05298	0.02411	0.01287	0.01507	0.01049	0.00729	0.00757	0.00200	0.07558	0.00526	0.00407	0.08139
9	0.01490	0.05164	0.04496	0.01384	0.05121	0.04230	0.01061	0.04923	0.16464	0.04511	0.07823	0.13723	0.15943	0.01275	0.00836	0.00232	0.04471	0.01055	0.00599	0.05198

[dist]
# distance from previous block
# <min> <max>
6	12

[block]
# block no. 2 follows, 29 sequences, length 10
# corresponding to MSA columns:
# 548-557
name=unknown_C
#
# <colnr> <probs for GDERKNQSTAVLIFYWHMCP>
#	G	D	E	R	K	N	Q	S	T	A	V	L	I	F	Y	W	H	M	C	P
0	0.07079	0.11656	0.10105	0.02175	0.18125	0.01821	0.04350	0.16626	0.03854	0.06655	0.01641	0.01795	0.03145	0.00733	0.00649	0.00201	0.00778	0.00600	0.00480	0.07533
1	0.41112	0.14385	0.06934	0.01172	0.01691	0.04376	0.01067	0.07694	0.01563	0.08512	0.01293	0.01410	0.00982	0.00699	0.00517	0.00204	0.00665	0.00460	0.04377	0.00886
2	0.12859	0.21321	0.04572	0.01324	0.01822	0.07593	0.06585	0.09098	0.01696	0.02516	0.01415	0.01626	0.01135	0.00692	0.00551	0.00180	0.00717	0.00519	0.16226	0.07552
3	0.01232	0.00992	0.01031	0.01049	0.01201	0.06654	0.00750	0.06824	0.01694	0.02249	0.13444	0.39485	0.08037	0.04361	0.00920	0.00266	0.00504	0.01490	0.07149	0.00668
4	0.09781	0.01110	0.07012	0.01053	0.01368	0.00894	0.00885	0.01752	0.01668	0.14406	0.21377	0.17383	0.11853	0.05159	0.00918	0.00261	0.00503	0.01180	0.00667	0.00771
5	0.00958	0.00707	0.00881	0.00874	0.01024	0.00646	0.00633	0.01213	0.01784	0.02438	0.44499	0.16608	0.17232	0.06067	0.01019	0.00265	0.00374	0.01428	0.00722	0.00630
6	0.01071	0.00691	0.00782	0.00788	0.00853	0.00690	0.00500	0.01178	0.01197	0.01721	0.02704	0.06849	0.08039	0.45544	0.08345	0.00570	0.00682	0.01013	0.16269	0.00515
7	0.01293	0.01085	0.01420	0.01340	0.01448	0.01287	0.01043	0.05824	0.05486	0.02196	0.12585	0.28936	0.03407	0.01628	0.01330	0.00281	0.23615	0.04488	0.00575	0.00733
8	0.01190	0.00893	0.01176	0.01059	0.01295	0.00822	0.04020	0.04782	0.01670	0.02393	0.21958	0.24061	0.03934	0.07318	0.00998	0.00257	0.00481	0.01236	0.07832	0.12624
9	0.05942	0.01733	0.01760	0.08236	0.07085	0.15877	0.01258	0.13149	0.01961	0.11769	0.05761	0.10935	0.01927	0.01020	0.00801	0.00224	0.04987	0.00807	0.03858	0.00909

[dist]
# distance from previous block
# <min> <max>
2	26

[block]
# block no. 3 follows, 29 sequences, length 10
# corresponding to MSA columns:
# 584-593
name=unknown_D
#
# <colnr> <probs for GDERKNQSTAVLIFYWHMCP>
#	G	D	E	R	K	N	Q	S	T	A	V	L	I	F	Y	W	H	M	C	P
0	0.01199	0.00884	0.01040	0.00993	0.01169	0.00855	0.00693	0.08657	0.01512	0.02044	0.03044	0.27744	0.08639	0.23660	0.05499	0.00422	0.00626	0.01282	0.00556	0.09479
1	0.01431	0.01220	0.01477	0.01268	0.05417	0.01051	0.00931	0.05396	0.01579	0.02316	0.02280	0.08483	0.10389	0.00903	0.00719	0.00162	0.04484	0.00735	0.00480	0.49278
2	0.05102	0.06441	0.08784	0.02340	0.21673	0.08146	0.01606	0.17638	0.07953	0.02820	0.01492	0.01669	0.01164	0.00715	0.00655	0.00199	0.00814	0.00576	0.00473	0.09740
3	0.04725	0.03331	0.08395	0.01306	0.03473	0.01128	0.04793	0.05517	0.04797	0.11098	0.03675	0.09083	0.22541	0.07697	0.04984	0.00323	0.00692	0.01044	0.00580	0.00820
4	0.01849	0.04757	0.01490	0.01306	0.04640	0.09829	0.00914	0.05012	0.01528	0.16009	0.02020	0.03082	0.01876	0.31735	0.07970	0.00487	0.03431	0.00794	0.00511	0.00761
5	0.01764	0.05725	0.11426	0.01566	0.05503	0.01408	0.05711	0.11244	0.07150	0.10857	0.09197	0.02894	0.07250	0.06371	0.04896	0.00303	0.00770	0.00812	0.04223	0.00932
6	0.02219	0.01902	0.04251	0.02067	0.12433	0.09647	0.05912	0.18010	0.11322	0.11651	0.01776	0.01871	0.01321	0.00801	0.00794	0.00214	0.05122	0.00643	0.00559	0.07486
7	0.01357	0.01164	0.01244	0.01320	0.06728	0.07178	0.00871	0.07862	0.04881	0.02221	0.11292	0.19731	0.14329	0.15034	0.01323	0.00322	0.00599	0.01232	0.00591	0.00718
8	0.02119	0.35194	0.07732	0.01828	0.08035	0.20916	0.04561	0.08124	0.01795	0.02064	0.01153	0.01344	0.00966	0.00670	0.00583	0.00180	0.00950	0.00477	0.00363	0.00946
9	0.02114	0.27605	0.06619	0.01954	0.14573	0.05044	0.01465	0.14735	0.04775	0.09254	0.01586	0.04480	0.01295	0.00775	0.00625	0.00196	0.00782	0.00604	0.00481	0.01038

[dist]
# distance from previous block
# <min> <max>
7	13

[block]
# block no. 4 follows, 29 sequences, length 16
# corresponding to MSA columns:
# 607-622
name=unknown_E
#
# <colnr> <probs for GDERKNQSTAVLIFYWHMCP>
#	G	D	E	R	K	N	Q	S	T	A	V	L	I	F	Y	W	H	M	C	P
0	0.02549	0.09385	0.07348	0.01771	0.09341	0.05768	0.01394	0.13183	0.05025	0.31474	0.02016	0.01953	0.01396	0.00815	0.00736	0.00214	0.03244	0.00632	0.00639	0.01119
1	0.05269	0.20598	0.07882	0.02105	0.19490	0.11678	0.01474	0.04145	0.01676	0.05064	0.02172	0.02299	0.11641	0.00843	0.00641	0.00199	0.00803	0.00663	0.00423	0.00935
2	0.01238	0.08181	0.04534	0.01286	0.05245	0.01097	0.06989	0.01375	0.01189	0.01585	0.01955	0.03765	0.02131	0.53441	0.02766	0.00549	0.00769	0.00909	0.00402	0.00594
3	0.02264	0.02360	0.14732	0.02271	0.16717	0.13083	0.01722	0.22064	0.05924	0.09507	0.01627	0.01736	0.01196	0.00765	0.00694	0.00213	0.00897	0.00606	0.00523	0.01098
4	0.30382	0.01598	0.01545	0.01260	0.01757	0.08256	0.01026	0.12648	0.01939	0.30234	0.01833	0.01756	0.01246	0.00785	0.00610	0.00216	0.00678	0.00563	0.00650	0.01018
5	0.09388	0.05781	0.05323	0.02653	0.30871	0.04189	0.01619	0.15029	0.05765	0.02760	0.01686	0.08684	0.01485	0.00856	0.00685	0.00218	0.00767	0.00731	0.00478	0.01031
6	0.01098	0.00737	0.00922	0.00972	0.01122	0.00675	0.00709	0.01282	0.01485	0.05720	0.06910	0.35078	0.14048	0.08884	0.01121	0.00305	0.00473	0.10218	0.04068	0.04171
7	0.52579	0.01409	0.01434	0.01633	0.14763	0.01576	0.01062	0.02247	0.07855	0.02973	0.01323	0.01509	0.01039	0.00695	0.00523	0.00217	0.00596	0.00491	0.05206	0.00868
8	0.04103	0.27396	0.07070	0.01574	0.05879	0.05390	0.01333	0.17124	0.13864	0.02708	0.01609	0.01691	0.01264	0.00753	0.00600	0.00194	0.00749	0.00558	0.05123	0.01016
9	0.01589	0.02026	0.21947	0.01863	0.08499	0.01497	0.04266	0.14636	0.01900	0.02680	0.11432	0.12485	0.02357	0.01071	0.00864	0.00234	0.06029	0.00895	0.00511	0.03220
10	0.04800	0.01233	0.01363	0.01553	0.11674	0.08568	0.00993	0.04608	0.03661	0.02489	0.20958	0.17454	0.05259	0.01264	0.00742	0.00224	0.00565	0.01093	0.10725	0.00776
11	0.02066	0.04559	0.19900	0.01587	0.02186	0.05268	0.01535	0.33955	0.02383	0.03247	0.01722	0.05215	0.01393	0.05264	0.00859	0.00242	0.00823	0.00683	0.06088	0.01027
12	0.01507	0.01005	0.01203	0.01076	0.01290	0.01056	0.00798	0.07820	0.10024	0.09025	0.19506	0.03756	0.03228	0.22037	0.07212	0.00427	0.03158	0.00953	0.04157	0.00762
13	0.01191	0.00951	0.01231	0.16187	0.01933	0.01019	0.00965	0.05555	0.04636	0.02134	0.10295	0.04149	0.21413	0.10749	0.10559	0.00407	0.00761	0.01020	0.04149	0.00697
14	0.03918	0.04486	0.01513	0.01224	0.01553	0.01396	0.00975	0.20850	0.07318	0.05294	0.14370	0.11375	0.13235	0.01465	0.03955	0.00273	0.04227	0.01039	0.00658	0.00877
15	0.04240	0.04577	0.01562	0.04447	0.04864	0.01319	0.01011	0.08880	0.15207	0.07812	0.14093	0.03165	0.09039	0.05239	0.00870	0.00235	0.00572	0.00845	0.00619	0.11405

[dist]
# distance from previous block
# <min> <max>
3	12

[block]
# block no. 5 follows, 29 sequences, length 13
# corresponding to MSA columns:
# 635-647
name=unknown_F
#
# <colnr> <probs for GDERKNQSTAVLIFYWHMCP>
#	G	D	E	R	K	N	Q	S	T	A	V	L	I	F	Y	W	H	M	C	P
0	0.01026	0.00773	0.01020	0.01015	0.01139	0.00788	0.00732	0.01209	0.01332	0.01858	0.10852	0.22985	0.06073	0.15132	0.21688	0.00578	0.03778	0.01216	0.00526	0.06277
1	0.01264	0.01174	0.04897	0.17020	0.14059	0.01130	0.01332	0.01700	0.04662	0.02220	0.11982	0.13181	0.09568	0.01221	0.00769	0.00239	0.00635	0.05488	0.06667	0.00794
2	0.01843	0.01569	0.01722	0.01577	0.05195	0.12833	0.05394	0.14394	0.01898	0.07012	0.05511	0.10652	0.02086	0.07470	0.11462	0.00394	0.02887	0.00870	0.04388	0.00844
3	0.01170	0.04773	0.15452	0.01226	0.01570	0.01031	0.01126	0.06567	0.01589	0.02125	0.03552	0.40751	0.12968	0.01670	0.00816	0.00257	0.00581	0.01459	0.00575	0.00743
4	0.05427	0.01157	0.01399	0.01197	0.01591	0.01130	0.00966	0.09700	0.08322	0.29903	0.06468	0.08785	0.08382	0.01187	0.00750	0.00236	0.00560	0.07045	0.04817	0.00977
5	0.01272	0.00764	0.01006	0.00992	0.01158	0.00723	0.00721	0.01474	0.01557	0.12084	0.17525	0.27295	0.09214	0.09132	0.11290	0.00421	0.00660	0.01364	0.00658	0.00687
6	0.00938	0.00698	0.00842	0.00856	0.00994	0.00636	0.00604	0.01144	0.01647	0.02199	0.30726	0.20558	0.22317	0.11169	0.01213	0.00302	0.00405	0.01470	0.00680	0.00602
7	0.55460	0.01503	0.01391	0.07904	0.01894	0.01731	0.01014	0.16714	0.01705	0.03352	0.01177	0.01349	0.00885	0.00709	0.00526	0.00220	0.00640	0.00466	0.00489	0.00871
8	0.01314	0.00853	0.00927	0.00882	0.01059	0.00877	0.00636	0.06213	0.08234	0.02467	0.09780	0.08456	0.06056	0.17000	0.01288	0.00308	0.00470	0.00956	0.31534	0.00689
9	0.65053	0.04635	0.01228	0.00989	0.01433	0.01630	0.00821	0.07196	0.01418	0.03142	0.01477	0.01593	0.05607	0.00753	0.00490	0.00218	0.00565	0.00482	0.00471	0.00800
10	0.09252	0.05701	0.15647	0.02261	0.21267	0.03777	0.01653	0.08862	0.04993	0.07621	0.01552	0.01739	0.01181	0.00710	0.00638	0.00204	0.00776	0.00576	0.05868	0.05722
11	0.05663	0.01640	0.01838	0.06780	0.16279	0.13242	0.01343	0.06595	0.01765	0.07358	0.08552	0.04562	0.08148	0.03925	0.00981	0.00246	0.07299	0.02404	0.00504	0.00874
12	0.02141	0.08737	0.02270	0.02322	0.22530	0.11735	0.01472	0.14509	0.01985	0.10669	0.01787	0.08965	0.01538	0.00900	0.00741	0.00213	0.03081	0.00735	0.02657	0.01012

[dist]
# distance from previous block
# <min> <max>
3	6

[block]
# block no. 6 follows, 29 sequences, length 8
# corresponding to MSA columns:
# 654-661
name=unknown_G
#
# <colnr> <probs for GDERKNQSTAVLIFYWHMCP>
#	G	D	E	R	K	N	Q	S	T	A	V	L	I	F	Y	W	H	M	C	P
0	0.01718	0.30580	0.12843	0.01258	0.01756	0.01822	0.01214	0.05847	0.03888	0.07189	0.06061	0.02436	0.01788	0.17323	0.01266	0.00300	0.00745	0.00663	0.00445	0.00858
1	0.01226	0.00756	0.00951	0.00925	0.01092	0.00711	0.00668	0.01428	0.01562	0.09949	0.19155	0.17923	0.14031	0.13943	0.08544	0.00406	0.00603	0.01273	0.04191	0.00662
2	0.09450	0.05870	0.01784	0.12516	0.09109	0.07601	0.01262	0.05128	0.08833	0.05863	0.08058	0.05555	0.01962	0.01608	0.12007	0.00367	0.00922	0.00745	0.00496	0.00865
3	0.01941	0.02025	0.09342	0.02867	0.33160	0.10174	0.01784	0.02767	0.18749	0.07326	0.01803	0.01951	0.01389	0.00752	0.00700	0.00218	0.00832	0.00651	0.00481	0.01089
4	0.01480	0.00839	0.01093	0.01040	0.01289	0.00772	0.00815	0.01728	0.01702	0.18146	0.15553	0.15330	0.17904	0.01974	0.08107	0.00344	0.00618	0.09799	0.00704	0.00763
5	0.12524	0.01152	0.01319	0.01102	0.01506	0.01133	0.00884	0.08096	0.06907	0.27446	0.13442	0.03259	0.11460	0.01064	0.00702	0.00221	0.00520	0.00862	0.05452	0.00949
6	0.02196	0.01757	0.02152	0.04470	0.10690	0.09988	0.08115	0.12303	0.14258	0.15372	0.01954	0.02042	0.01441	0.01022	0.04424	0.00262	0.00870	0.00676	0.00577	0.05429
7	0.05668	0.01429	0.01881	0.04916	0.02105	0.01512	0.06825	0.08345	0.21617	0.25249	0.06516	0.02437	0.01953	0.00920	0.00822	0.00234	0.05056	0.00758	0.00691	0.01067

[dist]
# distance from previous block
# <min> <max>
5	10

[block]
# block no. 7 follows, 29 sequences, length 9
# corresponding to MSA columns:
# 672-680
name=unknown_H
#
# <colnr> <probs for GDERKNQSTAVLIFYWHMCP>
#	G	D	E	R	K	N	Q	S	T	A	V	L	I	F	Y	W	H	M	C	P
0	0.06833	0.02144	0.07418	0.05837	0.12297	0.19564	0.08471	0.04664	0.01628	0.02135	0.01268	0.01660	0.01055	0.01182	0.07470	0.00305	0.10703	0.00588	0.00371	0.04408
1	0.01930	0.01957	0.02689	0.07907	0.42185	0.12624	0.06083	0.07332	0.01775	0.02331	0.01308	0.01691	0.01076	0.00707	0.00804	0.00217	0.05352	0.00620	0.00378	0.01035
2	0.01406	0.00899	0.01001	0.00916	0.01183	0.02814	0.00690	0.01634	0.01614	0.12396	0.08991	0.11529	0.23641	0.05517	0.03959	0.00280	0.00521	0.01117	0.12715	0.07174
3	0.01918	0.01894	0.02697	0.08602	0.41921	0.09834	0.07354	0.08599	0.05712	0.02461	0.01440	0.01777	0.01155	0.00689	0.00711	0.00214	0.00911	0.00642	0.00408	0.01062
4	0.02190	0.01862	0.02101	0.02063	0.13957	0.08118	0.01432	0.33177	0.07550	0.03336	0.08601	0.02107	0.01780	0.00911	0.00866	0.00223	0.07372	0.00701	0.00591	0.01062
5	0.01680	0.00927	0.01210	0.01077	0.01350	0.00888	0.00837	0.02088	0.06848	0.21424	0.30652	0.04166	0.04044	0.07724	0.08020	0.00358	0.00628	0.04516	0.00731	0.00831
6	0.07945	0.01462	0.01508	0.01270	0.01684	0.06626	0.01009	0.14665	0.14285	0.18554	0.12627	0.03080	0.10131	0.01053	0.00723	0.00223	0.00610	0.00847	0.00712	0.00987
7	0.00922	0.00689	0.00814	0.00848	0.00972	0.00627	0.00586	0.01090	0.01535	0.02012	0.19943	0.25216	0.24961	0.14921	0.01358	0.00331	0.00429	0.01517	0.00648	0.00581
8	0.01168	0.00801	0.00999	0.00963	0.01161	0.00756	0.00730	0.04031	0.01786	0.06546	0.30585	0.13488	0.18513	0.04649	0.06214	0.00327	0.00534	0.05367	0.00696	0.00688

[dist]
# distance from previous block
# <min> <max>
4	21

[block]
# block no. 8 follows, 29 sequences, length 21
# corresponding to MSA columns:
# 704-724
name=unknown_I
#
# <colnr> <probs for GDERKNQSTAVLIFYWHMCP>
#	G	D	E	R	K	N	Q	S	T	A	V	L	I	F	Y	W	H	M	C	P
0	0.01854	0.12665	0.09739	0.02015	0.15227	0.05718	0.04687	0.11379	0.05190	0.05501	0.04540	0.02204	0.01585	0.08620	0.00973	0.00255	0.00794	0.00671	0.05428	0.00956
1	0.01821	0.01946	0.19773	0.01703	0.06984	0.01365	0.04270	0.12315	0.01914	0.12524	0.06552	0.05421	0.07634	0.00918	0.00710	0.00210	0.00734	0.00772	0.00548	0.11888
2	0.12682	0.02026	0.11244	0.15003	0.05521	0.08764	0.03328	0.17704	0.04120	0.02798	0.04445	0.01789	0.01285	0.00805	0.00775	0.00226	0.05463	0.00609	0.00466	0.00949
3	0.01251	0.14184	0.01696	0.01409	0.08587	0.01273	0.00973	0.01455	0.01414	0.01894	0.10713	0.17599	0.07764	0.11874	0.09326	0.00398	0.05908	0.01080	0.00492	0.00710
4	0.01039	0.00711	0.00883	0.00891	0.01026	0.00653	0.00626	0.01236	0.01621	0.05041	0.28513	0.24386	0.15368	0.13208	0.01290	0.00317	0.00428	0.01461	0.00680	0.00620
5	0.01450	0.01980	0.22467	0.13028	0.02841	0.01436	0.11543	0.02181	0.09961	0.04007	0.02178	0.08258	0.01962	0.01055	0.00785	0.00254	0.00869	0.12369	0.00469	0.00906
6	0.04893	0.01304	0.01387	0.01238	0.01523	0.06351	0.00937	0.15637	0.06631	0.11006	0.02396	0.16463	0.02277	0.13329	0.10936	0.00431	0.00840	0.00984	0.00599	0.00837
7	0.00974	0.00668	0.00808	0.00862	0.00890	0.00649	0.00531	0.01044	0.01229	0.01651	0.08211	0.29343	0.03663	0.43506	0.02446	0.00512	0.00565	0.01404	0.00540	0.00502
8	0.00980	0.00650	0.00827	0.00931	0.01017	0.00616	0.00651	0.01178	0.01489	0.02126	0.13050	0.49418	0.04458	0.01861	0.00828	0.00259	0.00397	0.04015	0.14638	0.00610
9	0.01648	0.02250	0.28252	0.01577	0.02218	0.01547	0.01636	0.07453	0.24783	0.06106	0.07310	0.02669	0.07539	0.00947	0.00723	0.00231	0.00736	0.00774	0.00568	0.01033
10	0.21602	0.07116	0.02240	0.01687	0.02151	0.08155	0.14596	0.04705	0.20482	0.02642	0.01643	0.01787	0.01275	0.00785	0.00766	0.00228	0.06088	0.00626	0.00486	0.00938
11	0.01063	0.00765	0.00905	0.00926	0.01022	0.00753	0.00618	0.04176	0.04108	0.01965	0.11912	0.28667	0.09121	0.28583	0.01871	0.00418	0.00523	0.01417	0.00598	0.00588
12	0.01022	0.00768	0.00946	0.00946	0.01104	0.00693	0.00650	0.01166	0.01314	0.01806	0.03172	0.35935	0.08135	0.18316	0.06491	0.00403	0.00597	0.01391	0.00547	0.14597
13	0.01238	0.01111	0.01085	0.01053	0.01220	0.10868	0.00778	0.01456	0.01618	0.02061	0.24108	0.04616	0.12313	0.15858	0.12508	0.00459	0.00809	0.05637	0.00571	0.00633
14	0.07216	0.12510	0.25138	0.01850	0.07214	0.04515	0.05027	0.02138	0.01496	0.05608	0.04218	0.01773	0.01286	0.00957	0.03542	0.00255	0.09844	0.00585	0.03898	0.00930
15	0.01370	0.01109	0.01165	0.01158	0.01366	0.07068	0.00861	0.05487	0.09369	0.05557	0.03641	0.32695	0.12745	0.02048	0.07917	0.00346	0.00688	0.04039	0.00629	0.00742
16	0.07255	0.01550	0.03577	0.01446	0.01853	0.06997	0.09102	0.11767	0.15792	0.02832	0.10323	0.03048	0.08914	0.01008	0.00715	0.00222	0.00672	0.02563	0.09465	0.00899
17	0.01411	0.01680	0.17724	0.01275	0.01813	0.01121	0.01238	0.04833	0.06650	0.05116	0.18504	0.05799	0.09231	0.01029	0.00711	0.00201	0.00602	0.00865	0.00563	0.19635
18	0.01819	0.62612	0.15780	0.01363	0.02051	0.02610	0.01470	0.02154	0.01457	0.01779	0.01041	0.01207	0.00912	0.00621	0.00496	0.00165	0.00813	0.00407	0.00304	0.00939
19	0.01713	0.02234	0.15745	0.12079	0.10209	0.19642	0.01621	0.02229	0.06241	0.02127	0.04575	0.09387	0.01728	0.00915	0.00697	0.00218	0.00893	0.00751	0.06119	0.00877
20	0.01345	0.01266	0.02136	0.73264	0.04904	0.01582	0.01978	0.01819	0.01424	0.01819	0.01266	0.01898	0.00949	0.00712	0.00712	0.00237	0.00949	0.00633	0.00316	0.00791

[dist]
# distance from previous block
# <min> <max>
0	89

[block]
# block no. 9 follows, 29 sequences, length 6
# corresponding to MSA columns:
# 815-820
name=unknown_J
#
# <colnr> <probs for GDERKNQSTAVLIFYWHMCP>
#	G	D	E	R	K	N	Q	S	T	A	V	L	I	F	Y	W	H	M	C	P
0	0.01034	0.00698	0.00816	0.00816	0.00829	0.00711	0.00480	0.01060	0.01047	0.01409	0.02208	0.04463	0.02503	0.67609	0.10873	0.00738	0.00819	0.01007	0.00426	0.00453
1	0.01714	0.01642	0.02802	0.12406	0.62879	0.01679	0.02161	0.02143	0.01598	0.02267	0.01331	0.01778	0.01107	0.00643	0.00706	0.00214	0.00858	0.00634	0.00348	0.01089
2	0.35079	0.01610	0.01980	0.02446	0.29488	0.01741	0.01443	0.13483	0.01745	0.03066	0.01256	0.01497	0.00991	0.00684	0.00594	0.00216	0.00710	0.00530	0.00452	0.00991
3	0.01983	0.30113	0.02540	0.01405	0.01885	0.11938	0.04300	0.08586	0.10135	0.06261	0.05546	0.04895	0.05811	0.00888	0.00634	0.00196	0.00765	0.00688	0.00500	0.00931
4	0.07530	0.12329	0.02132	0.15305	0.05682	0.06287	0.05329	0.04535	0.17434	0.04409	0.02109	0.02251	0.06017	0.00833	0.00658	0.00215	0.00746	0.00683	0.04594	0.00921
5	0.01709	0.04173	0.11398	0.04832	0.27003	0.03886	0.01685	0.07584	0.12763	0.02518	0.06320	0.02246	0.01722	0.05279	0.00875	0.00243	0.00782	0.00696	0.00469	0.03816

[dist]
# distance from previous block
# <min> <max>
1	8

[block]
# block no. 10 follows, 29 sequences, length 13
# corresponding to MSA columns:
# 829-841
name=unknown_K
#
# <colnr> <probs for GDERKNQSTAVLIFYWHMCP>
#	G	D	E	R	K	N	Q	S	T	A	V	L	I	F	Y	W	H	M	C	P
0	0.06567	0.13415	0.21258	0.01482	0.02085	0.04518	0.01500	0.07857	0.10147	0.09566	0.05403	0.04828	0.01763	0.00892	0.00664	0.00217	0.00760	0.03215	0.02885	0.00979
1	0.01682	0.08703	0.04446	0.01732	0.11580	0.06877	0.01237	0.05874	0.01550	0.05887	0.01556	0.02093	0.01364	0.07554	0.17364	0.00443	0.04818	0.00621	0.00420	0.14199
2	0.01616	0.01683	0.04519	0.04995	0.19591	0.09535	0.09402	0.03732	0.01498	0.02006	0.01457	0.02092	0.01292	0.05836	0.17658	0.00468	0.10704	0.00685	0.00368	0.00864
3	0.00935	0.00681	0.00861	0.00954	0.01052	0.00636	0.00679	0.01107	0.01490	0.01968	0.13385	0.39561	0.14342	0.09767	0.01187	0.00320	0.00453	0.09380	0.00653	0.00588
4	0.01720	0.07675	0.39176	0.02463	0.19209	0.05476	0.02200	0.02405	0.05060	0.05956	0.01430	0.01640	0.01070	0.00691	0.00672	0.00216	0.00946	0.00564	0.00370	0.01062
5	0.09122	0.07477	0.05912	0.11671	0.09207	0.19347	0.07552	0.08814	0.06295	0.05911	0.01433	0.01651	0.01097	0.00725	0.00662	0.00210	0.00943	0.00579	0.00440	0.00952
6	0.00896	0.00667	0.00835	0.00912	0.01026	0.00606	0.00639	0.01084	0.01576	0.02092	0.20729	0.43593	0.18835	0.01953	0.00878	0.00263	0.00383	0.01737	0.00691	0.00606
7	0.01645	0.01481	0.01823	0.01552	0.01816	0.06208	0.06972	0.10910	0.13776	0.02426	0.07647	0.06867	0.02156	0.08863	0.07790	0.00375	0.15462	0.00859	0.00526	0.00849
8	0.00910	0.00696	0.00809	0.00832	0.00983	0.00623	0.00589	0.01097	0.01598	0.02073	0.21585	0.21666	0.32183	0.09720	0.01157	0.00296	0.00402	0.01518	0.00667	0.00595
9	0.01297	0.00937	0.01071	0.01022	0.01159	0.04516	0.00730	0.01447	0.01409	0.08001	0.10368	0.12685	0.10528	0.25539	0.11466	0.00510	0.05018	0.01117	0.00547	0.00634
10	0.01674	0.01340	0.01476	0.01326	0.01609	0.04764	0.01039	0.11928	0.17792	0.06702	0.08540	0.15073	0.10164	0.01345	0.00964	0.00251	0.08868	0.03605	0.00653	0.00887
11	0.01954	0.15499	0.08004	0.09776	0.16783	0.01749	0.01545	0.07918	0.07682	0.13149	0.01824	0.05785	0.01481	0.02901	0.00754	0.00226	0.00763	0.00692	0.00500	0.01016
12	0.02349	0.13504	0.06891	0.01799	0.05823	0.25826	0.01456	0.15444	0.04071	0.07938	0.01405	0.01542	0.01092	0.00792	0.00785	0.00204	0.07089	0.00542	0.00467	0.00982

[dist]
# distance from previous block
# <min> <max>
6	33

[block]
# block no. 11 follows, 29 sequences, length 83
# corresponding to MSA columns:
# 880-918,920-950,952-964
name=unknown_L
#
# <colnr> <probs for GDERKNQSTAVLIFYWHMCP>
#	G	D	E	R	K	N	Q	S	T	A	V	L	I	F	Y	W	H	M	C	P
0	0.01311	0.04069	0.06255	0.01176	0.01523	0.00988	0.06476	0.04640	0.01762	0.07679	0.18392	0.11865	0.25540	0.04006	0.00903	0.00250	0.00546	0.01225	0.00634	0.00758
1	0.01781	0.08486	0.15259	0.01726	0.04851	0.08459	0.08545	0.05544	0.07048	0.09589	0.05118	0.14210	0.04216	0.01048	0.00733	0.00227	0.00799	0.00906	0.00524	0.00932
2	0.01876	0.06231	0.04805	0.28659	0.22636	0.08263	0.01835	0.07968	0.01752	0.07228	0.01406	0.01765	0.01075	0.00709	0.00687	0.00216	0.00904	0.00605	0.00406	0.00974
3	0.02398	0.01073	0.01363	0.01105	0.01518	0.00980	0.00891	0.07048	0.02007	0.41205	0.12768	0.03062	0.05874	0.01001	0.00702	0.00212	0.00518	0.00825	0.14442	0.01007
4	0.01599	0.01535	0.02603	0.25399	0.40495	0.01634	0.06010	0.02120	0.04930	0.02186	0.01586	0.02020	0.03309	0.00710	0.00721	0.00224	0.00870	0.00682	0.00370	0.00997
5	0.01653	0.01077	0.01330	0.01171	0.01452	0.01117	0.00923	0.08399	0.08899	0.14463	0.22063	0.06603	0.10624	0.03790	0.05367	0.00309	0.05906	0.03308	0.00696	0.00851
6	0.01077	0.00801	0.01003	0.01002	0.01133	0.00830	0.00721	0.01468	0.08940	0.02076	0.19012	0.15249	0.06088	0.18808	0.16276	0.00535	0.00788	0.02961	0.00588	0.00644
7	0.02628	0.01341	0.01631	0.01285	0.01742	0.01316	0.01028	0.21934	0.02273	0.37995	0.05718	0.02685	0.01966	0.11765	0.01147	0.00287	0.00657	0.00769	0.00761	0.01071
8	0.04506	0.01651	0.11986	0.10560	0.11366	0.01425	0.01514	0.06614	0.04956	0.04698	0.01909	0.02483	0.04594	0.03593	0.07206	0.00317	0.05332	0.04081	0.00447	0.10764
9	0.54464	0.01437	0.01319	0.01101	0.01581	0.01585	0.00908	0.12056	0.01678	0.15909	0.01433	0.01472	0.01019	0.00730	0.00531	0.00219	0.00595	0.00484	0.00562	0.00917
10	0.01221	0.00929	0.01130	0.01137	0.01347	0.00944	0.00897	0.05739	0.11696	0.02496	0.19688	0.17853	0.11054	0.01661	0.00867	0.00268	0.00501	0.19130	0.00701	0.00743
11	0.01446	0.08465	0.01790	0.01451	0.01592	0.09465	0.01165	0.01633	0.01292	0.01715	0.01752	0.14730	0.01828	0.02413	0.20667	0.00504	0.26103	0.00867	0.00398	0.00723
12	0.01064	0.00787	0.00940	0.00966	0.01077	0.00802	0.00678	0.01365	0.07773	0.01787	0.03368	0.15394	0.12297	0.30757	0.10492	0.00541	0.00733	0.08045	0.00544	0.00592
13	0.02900	0.01356	0.01702	0.01341	0.01869	0.01303	0.01096	0.11032	0.13442	0.51909	0.02696	0.02380	0.01767	0.00892	0.00717	0.00223	0.00619	0.00722	0.00835	0.01198
14	0.01657	0.01399	0.02366	0.47209	0.08801	0.01581	0.10126	0.05846	0.01636	0.08211	0.01483	0.01948	0.01089	0.00719	0.00722	0.00231	0.00917	0.00668	0.02496	0.00894
15	0.01580	0.15899	0.41329	0.02147	0.03032	0.01899	0.19911	0.02240	0.01541	0.02159	0.01271	0.01552	0.00952	0.00644	0.00682	0.00216	0.01041	0.00585	0.00317	0.01003
16	0.00868	0.00620	0.00826	0.00991	0.01033	0.00578	0.00661	0.00991	0.01363	0.01818	0.03925	0.74510	0.04710	0.02231	0.00909	0.00289	0.00413	0.02024	0.00661	0.00578
17	0.01154	0.00906	0.01065	0.00994	0.01225	0.00907	0.00755	0.01843	0.16995	0.02747	0.45939	0.04947	0.14963	0.01397	0.00814	0.00230	0.00390	0.01211	0.00753	0.00763
18	0.02352	0.02031	0.01824	0.01559	0.02007	0.18378	0.01225	0.17321	0.31200	0.11170	0.02209	0.02102	0.01622	0.00877	0.00701	0.00219	0.00786	0.00677	0.00656	0.01084
19	0.03148	0.01287	0.01699	0.01303	0.01855	0.01158	0.01076	0.09680	0.02164	0.64639	0.02704	0.02355	0.01710	0.00879	0.00716	0.00220	0.00623	0.00709	0.00865	0.01212
20	0.01477	0.01266	0.01477	0.01055	0.01687	0.00949	0.00844	0.01793	0.01477	0.02320	0.01266	0.01477	0.01055	0.00527	0.00527	0.00105	0.00527	0.00422	0.00422	0.79328
21	0.02508	0.01437	0.01724	0.01297	0.01879	0.01323	0.01062	0.20097	0.02204	0.31078	0.02017	0.01927	0.01387	0.00759	0.00654	0.00181	0.00628	0.00601	0.00687	0.26550
22	0.02660	0.03394	0.02018	0.01834	0.02201	0.72116	0.01376	0.02843	0.02018	0.01743	0.01101	0.01284	0.00917	0.00734	0.00642	0.00183	0.01284	0.00459	0.00367	0.00825
23	0.01017	0.00762	0.01137	0.01135	0.01264	0.00882	0.00882	0.01274	0.01177	0.01698	0.04472	0.02892	0.01966	0.05194	0.69474	0.01110	0.01848	0.00783	0.00397	0.00637
24	0.02007	0.00920	0.01069	0.00916	0.01229	0.00880	0.00725	0.06313	0.01781	0.24558	0.02440	0.02523	0.01768	0.00848	0.00580	0.00186	0.00447	0.00679	0.49259	0.00872
25	0.02516	0.07562	0.02077	0.01755	0.02140	0.60150	0.01339	0.02904	0.09397	0.01875	0.01292	0.01427	0.01056	0.00752	0.00640	0.00188	0.01173	0.00492	0.00403	0.00864
26	0.01620	0.01394	0.01542	0.01247	0.01767	0.01350	0.00982	0.02763	0.34502	0.02641	0.02061	0.02052	0.01600	0.00741	0.00623	0.00172	0.00545	0.00609	0.00569	0.41220
27	0.00996	0.00864	0.04372	0.00936	0.01147	0.00704	0.00750	0.01319	0.01888	0.02623	0.53341	0.10763	0.14581	0.01524	0.00837	0.00231	0.00380	0.01336	0.00734	0.00674
28	0.02337	0.02150	0.01907	0.01613	0.02070	0.18694	0.01272	0.27948	0.28266	0.03256	0.02020	0.01971	0.01510	0.00869	0.00700	0.00217	0.00819	0.00660	0.00635	0.01087
29	0.00940	0.00692	0.00891	0.00987	0.01106	0.00643	0.00730	0.01151	0.01580	0.02092	0.17323	0.38546	0.15379	0.01965	0.00898	0.00276	0.00433	0.13071	0.00684	0.00614
30	0.02981	0.01555	0.01865	0.01430	0.01989	0.01556	0.01181	0.31856	0.02613	0.41828	0.02327	0.02110	0.01521	0.00870	0.00714	0.00217	0.00684	0.00683	0.00807	0.01211
31	0.05838	0.02351	0.12636	0.05718	0.16650	0.17163	0.11127	0.07579	0.03967	0.04536	0.01377	0.01654	0.01067	0.00729	0.00776	0.00219	0.04616	0.00605	0.00407	0.00986
32	0.01762	0.01409	0.13588	0.01212	0.01601	0.01016	0.01092	0.02101	0.03383	0.22417	0.07928	0.03237	0.02293	0.24108	0.09315	0.00466	0.00827	0.00836	0.00574	0.00834
33	0.01849	0.00895	0.01161	0.01037	0.01324	0.00795	0.00782	0.02057	0.01724	0.30190	0.12151	0.20879	0.11976	0.08503	0.01073	0.00285	0.00502	0.01234	0.00745	0.00838
34	0.01472	0.01443	0.09437	0.02065	0.19401	0.01181	0.04629	0.04898	0.01835	0.06739	0.24833	0.07060	0.09766	0.01125	0.00777	0.00226	0.00632	0.01006	0.00583	0.00892
35	0.01842	0.14154	0.25347	0.02509	0.22568	0.05393	0.01990	0.10882	0.04370	0.02477	0.01359	0.01582	0.01060	0.00690	0.00655	0.00207	0.00903	0.00557	0.00390	0.01065
36	0.01224	0.01011	0.01532	0.05469	0.17854	0.01029	0.01276	0.01516	0.01546	0.02084	0.05647	0.23739	0.05915	0.01612	0.00917	0.00278	0.02974	0.23059	0.00563	0.00756
37	0.02386	0.01008	0.01357	0.01153	0.01520	0.00890	0.00892	0.02598	0.01774	0.46539	0.03071	0.22398	0.02637	0.07082	0.00998	0.00276	0.00560	0.01101	0.00785	0.00976
38	0.11646	0.01847	0.10266	0.02514	0.24941	0.01674	0.05509	0.08956	0.12748	0.10314	0.01746	0.01880	0.01303	0.00743	0.00682	0.00222	0.00776	0.00640	0.00511	0.01082
39	0.05947	0.05164	0.21515	0.02332	0.19409	0.01774	0.01844	0.19397	0.02059	0.11471	0.01571	0.01705	0.01140	0.00734	0.00678	0.00215	0.00839	0.00594	0.00500	0.01113
40	0.07103	0.00793	0.00980	0.01005	0.01167	0.00771	0.00737	0.01467	0.03597	0.07038	0.23437	0.34214	0.04624	0.04255	0.00933	0.00275	0.00444	0.05788	0.00690	0.00681
41	0.63038	0.01767	0.01286	0.01210	0.03629	0.14907	0.00928	0.02238	0.01376	0.02894	0.01023	0.01199	0.00810	0.00674	0.00487	0.00213	0.00698	0.00407	0.00424	0.00792
42	0.00894	0.00639	0.00857	0.01022	0.01075	0.00602	0.00708	0.01038	0.01390	0.01848	0.03910	0.68125	0.04651	0.02206	0.00916	0.00293	0.00436	0.08145	0.00660	0.00586
43	0.01720	0.08811	0.48579	0.02077	0.07533	0.08330	0.02258	0.08372	0.01725	0.02374	0.01284	0.01493	0.00949	0.00690	0.00662	0.00214	0.01013	0.00527	0.00349	0.01041
44	0.08903	0.00910	0.01075	0.00976	0.01194	0.00951	0.00756	0.01785	0.03819	0.09237	0.29710	0.03567	0.03678	0.04013	0.02771	0.00259	0.06051	0.00914	0.18687	0.00744
45	0.01757	0.02036	0.11303	0.09541	0.48362	0.07316	0.02117	0.02279	0.04296	0.02254	0.01368	0.01738	0.01109	0.00667	0.00698	0.00214	0.00904	0.00613	0.00359	0.01066
46	0.00923	0.00720	0.00839	0.00838	0.01031	0.00637	0.00630	0.01166	0.01756	0.02288	0.31301	0.11621	0.37290	0.01709	0.00853	0.00242	0.00369	0.04449	0.00709	0.00629
47	0.00878	0.00633	0.00835	0.00992	0.01048	0.00590	0.00676	0.01014	0.01388	0.01836	0.04080	0.68362	0.07908	0.02199	0.00909	0.00288	0.00421	0.04702	0.00661	0.00583
48	0.13960	0.12081	0.20189	0.01878	0.02538	0.07325	0.18352	0.05245	0.01589	0.02336	0.01306	0.01680	0.01047	0.03979	0.03354	0.00268	0.00994	0.00594	0.00371	0.00915
49	0.01402	0.01720	0.14202	0.11262	0.08993	0.01398	0.13295	0.02066	0.09356	0.02286	0.09863	0.05397	0.06014	0.01232	0.05741	0.00294	0.00887	0.00852	0.00466	0.03275
50	0.02006	0.25424	0.10642	0.02359	0.23839	0.02017	0.01670	0.09921	0.01787	0.08955	0.01402	0.01582	0.01102	0.00676	0.00618	0.00191	0.00800	0.00542	0.00426	0.04041
51	0.01675	0.27948	0.41087	0.01789	0.02649	0.02038	0.06468	0.02261	0.01516	0.04673	0.01249	0.01443	0.00951	0.00656	0.00614	0.00201	0.00946	0.00505	0.00328	0.01005
52	0.01227	0.00691	0.00746	0.00754	0.00930	0.00654	0.00557	0.01498	0.01537	0.04969	0.05850	0.14213	0.15247	0.01244	0.00643	0.00202	0.00360	0.01047	0.46972	0.00660
53	0.01437	0.03123	0.54464	0.14603	0.08108	0.01644	0.02486	0.02174	0.01498	0.02184	0.01280	0.01590	0.00926	0.00680	0.00685	0.00227	0.01020	0.00552	0.00307	0.01012
54	0.01985	0.04315	0.24932	0.06973	0.25540	0.01546	0.02010	0.02501	0.01668	0.19187	0.01667	0.01831	0.01193	0.00713	0.00692	0.00218	0.00858	0.00612	0.00462	0.01097
55	0.00934	0.00796	0.03624	0.01125	0.01237	0.00678	0.03419	0.01113	0.01394	0.01867	0.03720	0.65802	0.04394	0.02096	0.00901	0.00287	0.00480	0.04886	0.00635	0.00615
56	0.34818	0.01725	0.02028	0.02677	0.34738	0.08512	0.01511	0.02211	0.01487	0.02635	0.01170	0.01461	0.00957	0.00655	0.00587	0.00212	0.00764	0.00512	0.00391	0.00948
57	0.01147	0.00820	0.01147	0.01311	0.01475	0.00820	0.01147	0.01475	0.01639	0.02131	0.03770	0.08032	0.04098	0.01967	0.00984	0.00328	0.00656	0.65741	0.00656	0.00656
58	0.68400	0.01276	0.01007	0.00913	0.01289	0.01464	0.00721	0.01938	0.01186	0.02928	0.01175	0.01672	0.01038	0.11582	0.00909	0.00289	0.00571	0.00481	0.00439	0.00721
59	0.02397	0.01135	0.01356	0.01099	0.01506	0.01097	0.00888	0.13747	0.02052	0.33561	0.02437	0.02391	0.01693	0.00857	0.00632	0.00198	0.00531	0.00683	0.30739	0.01002
60	0.01020	0.00752	0.01087	0.01087	0.01195	0.00859	0.00819	0.01235	0.01127	0.01611	0.01959	0.03086	0.01906	0.16148	0.61518	0.01074	0.01718	0.00805	0.00389	0.00604
61	0.00924	0.00630	0.00801	0.00937	0.01004	0.00590	0.00635	0.01076	0.01392	0.01928	0.03888	0.62159	0.07611	0.02034	0.00854	0.00271	0.00400	0.01828	0.10446	0.00590
62	0.09466	0.01575	0.01817	0.01405	0.01955	0.01611	0.01160	0.32191	0.02552	0.35635	0.02165	0.01998	0.01433	0.00851	0.00691	0.00217	0.00680	0.00655	0.00769	0.01174
63	0.01008	0.00728	0.00952	0.00896	0.01064	0.00672	0.00672	0.01344	0.02016	0.02855	0.70158	0.05319	0.06719	0.01456	0.00840	0.00224	0.00336	0.01288	0.00784	0.00672
64	0.28128	0.01283	0.01369	0.01130	0.01588	0.03166	0.00918	0.04831	0.01737	0.36497	0.02152	0.05558	0.01547	0.00868	0.00618	0.00219	0.00583	0.00660	0.06162	0.00987
65	0.01719	0.01813	0.03586	0.03645	0.35107	0.01750	0.37055	0.02236	0.01653	0.02302	0.01393	0.01846	0.01103	0.00616	0.00777	0.00227	0.01034	0.00744	0.00357	0.01039
66	0.80005	0.01377	0.01047	0.00936	0.01377	0.01597	0.00771	0.02093	0.01212	0.03195	0.00991	0.01157	0.00771	0.00661	0.00441	0.00220	0.00551	0.00386	0.00441	0.00771
67	0.06554	0.01964	0.02083	0.01603	0.02167	0.02178	0.01324	0.64870	0.03242	0.04423	0.01674	0.01682	0.01189	0.00845	0.00699	0.00214	0.00772	0.00628	0.00699	0.01189
68	0.01489	0.01406	0.02283	0.05241	0.26514	0.04308	0.11985	0.01872	0.01628	0.02181	0.03907	0.11067	0.02442	0.01195	0.00827	0.00257	0.00814	0.19226	0.00480	0.00876
69	0.01236	0.00903	0.01185	0.01121	0.01275	0.01011	0.00842	0.09720	0.01399	0.01950	0.01961	0.03093	0.01896	0.21002	0.47096	0.00920	0.01481	0.00811	0.00435	0.00661
70	0.01477	0.01266	0.01477	0.01055	0.01687	0.00949	0.00844	0.01793	0.01477	0.02320	0.01266	0.01477	0.01055	0.00527	0.00527	0.00105	0.00527	0.00422	0.00422	0.79328
71	0.01841	0.01483	0.01640	0.01258	0.01775	0.07417	0.01011	0.02119	0.01557	0.12173	0.01433	0.01607	0.01130	0.00688	0.00795	0.00155	0.09901	0.00493	0.00470	0.51053
72	0.01591	0.01630	0.03115	0.09150	0.28744	0.01597	0.29125	0.02074	0.01660	0.02288	0.07050	0.02355	0.04748	0.00746	0.00778	0.00228	0.00938	0.00811	0.00401	0.00970
73	0.01036	0.00690	0.00777	0.00777	0.00777	0.00690	0.00431	0.01036	0.01036	0.01381	0.02244	0.04660	0.02589	0.74975	0.03624	0.00690	0.00690	0.01036	0.00431	0.00431
74	0.00899	0.00703	0.00816	0.00831	0.01009	0.00619	0.00607	0.01118	0.01695	0.02197	0.26480	0.20111	0.36813	0.01780	0.00855	0.00245	0.00363	0.01541	0.00700	0.00619
75	0.01558	0.01558	0.02181	0.01869	0.01869	0.02181	0.01558	0.01714	0.01091	0.01714	0.00935	0.01558	0.00935	0.01246	0.02337	0.00312	0.73672	0.00623	0.00312	0.00779
76	0.01832	0.00868	0.01166	0.01098	0.01356	0.00773	0.00817	0.02020	0.01651	0.30517	0.03559	0.42633	0.05414	0.01659	0.00827	0.00259	0.00492	0.01467	0.00752	0.00842
77	0.01626	0.01412	0.01673	0.01454	0.01819	0.01588	0.05156	0.05118	0.46434	0.02850	0.12770	0.03125	0.06031	0.01067	0.00834	0.00241	0.04205	0.00898	0.00687	0.01009
78	0.01008	0.00754	0.01125	0.01135	0.01257	0.00871	0.00876	0.01254	0.01158	0.01663	0.02031	0.07193	0.01960	0.05150	0.67786	0.01092	0.01816	0.00840	0.00399	0.00632
79	0.01716	0.01692	0.02653	0.21002	0.50353	0.05982	0.02085	0.02136	0.01598	0.02167	0.01307	0.01766	0.01071	0.00659	0.00703	0.00216	0.00898	0.00623	0.00345	0.01027
80	0.27629	0.01424	0.01447	0.01134	0.01677	0.01403	0.00920	0.11862	0.05841	0.05580	0.01399	0.01514	0.01080	0.00660	0.00545	0.00172	0.00578	0.00477	0.00507	0.34151
81	0.01983	0.10424	0.23424	0.02308	0.17291	0.04042	0.04365	0.13862	0.01915	0.08670	0.01471	0.01645	0.01096	0.00703	0.00668	0.00207	0.00882	0.00576	0.00445	0.04026
82	0.53792	0.08231	0.01588	0.01176	0.01624	0.06522	0.04840	0.02100	0.01362	0.02810	0.04437	0.01438	0.01121	0.00709	0.00558	0.00211	0.02800	0.00470	0.00431	0.03780

[dist]
# distance from previous block
# <min> <max>
1	21

[block]
# block no. 12 follows, 29 sequences, length 22
# corresponding to MSA columns:
# 1041-1062
name=unknown_M
#
# <colnr> <probs for GDERKNQSTAVLIFYWHMCP>
#	G	D	E	R	K	N	Q	S	T	A	V	L	I	F	Y	W	H	M	C	P
0	0.01593	0.01484	0.02399	0.07510	0.48475	0.01534	0.01816	0.02044	0.05139	0.02234	0.04128	0.04877	0.04384	0.05125	0.00962	0.00251	0.03863	0.00773	0.00411	0.00997
1	0.01724	0.01490	0.02397	0.18593	0.39118	0.01589	0.01863	0.02252	0.06729	0.07278	0.05522	0.02105	0.01530	0.00768	0.00786	0.00225	0.03887	0.00690	0.00435	0.01019
2	0.01654	0.01567	0.02586	0.22157	0.47639	0.01670	0.02043	0.02223	0.07201	0.02248	0.01450	0.01872	0.01168	0.00682	0.00708	0.00221	0.00849	0.00648	0.00374	0.01040
3	0.00881	0.00687	0.00799	0.00846	0.01005	0.00606	0.00606	0.01070	0.01605	0.02057	0.17541	0.29908	0.36075	0.01887	0.00864	0.00254	0.00374	0.01644	0.00683	0.00606
4	0.02916	0.01150	0.01563	0.01220	0.01722	0.00999	0.00999	0.03199	0.02035	0.62342	0.11389	0.02792	0.02394	0.00954	0.00732	0.00221	0.00572	0.00789	0.00869	0.01143
5	0.00953	0.00660	0.00822	0.00918	0.00948	0.00638	0.00590	0.01036	0.01240	0.01650	0.03209	0.41575	0.03784	0.32850	0.02056	0.00460	0.00543	0.04982	0.00564	0.00521
6	0.00981	0.00721	0.00918	0.00881	0.01050	0.00658	0.00656	0.01286	0.01933	0.02689	0.59114	0.09507	0.13872	0.01540	0.00844	0.00230	0.00343	0.01355	0.00763	0.00658
7	0.80005	0.01377	0.01047	0.00936	0.01377	0.01597	0.00771	0.02093	0.01212	0.03195	0.00991	0.01157	0.00771	0.00661	0.00441	0.00220	0.00551	0.00386	0.00441	0.00771
8	0.01762	0.01692	0.02890	0.04371	0.70533	0.01692	0.02185	0.02185	0.01621	0.02326	0.01339	0.01762	0.01128	0.00634	0.00705	0.00211	0.00846	0.00634	0.00352	0.01128
9	0.80005	0.01377	0.01047	0.00936	0.01377	0.01597	0.00771	0.02093	0.01212	0.03195	0.00991	0.01157	0.00771	0.00661	0.00441	0.00220	0.00551	0.00386	0.00441	0.00771
10	0.00855	0.00702	0.00753	0.00782	0.00980	0.00600	0.00571	0.01032	0.01592	0.01949	0.09676	0.19780	0.54526	0.01868	0.00854	0.00249	0.00370	0.01592	0.00667	0.00600
11	0.01468	0.01085	0.01216	0.01194	0.01462	0.01190	0.00961	0.02528	0.30968	0.02642	0.02996	0.04226	0.02640	0.01221	0.00738	0.00246	0.00527	0.19735	0.22092	0.00863
12	0.01054	0.00712	0.00838	0.00865	0.00893	0.00712	0.00550	0.01109	0.01136	0.01505	0.02497	0.05220	0.02839	0.62847	0.03186	0.00630	0.00685	0.11784	0.00469	0.00469
13	0.01904	0.75404	0.03731	0.01218	0.01828	0.02818	0.01218	0.02132	0.01447	0.01675	0.00990	0.01142	0.00914	0.00609	0.00457	0.00152	0.00761	0.00381	0.00305	0.00914
14	0.02650	0.01694	0.01903	0.01502	0.02033	0.01812	0.01227	0.38116	0.16158	0.21867	0.02239	0.02088	0.01550	0.00884	0.00716	0.00221	0.00692	0.00694	0.00760	0.01194
15	0.80005	0.01377	0.01047	0.00936	0.01377	0.01597	0.00771	0.02093	0.01212	0.03195	0.00991	0.01157	0.00771	0.00661	0.00441	0.00220	0.00551	0.00386	0.00441	0.00771
16	0.80005	0.01377	0.01047	0.00936	0.01377	0.01597	0.00771	0.02093	0.01212	0.03195	0.00991	0.01157	0.00771	0.00661	0.00441	0.00220	0.00551	0.00386	0.00441	0.00771
