[name]
unknown

[dist]
# distance from previous block
# <min> <max>
9	246

[block]
# block no. 0 follows, 31 sequences, length 50
# corresponding to MSA columns:
# 314-363
name=unknown_A
#
# <colnr> <probs for GDERKNQSTAVLIFYWHMCP>
#	G	D	E	R	K	N	Q	S	T	A	V	L	I	F	Y	W	H	M	C	P
0	0.01700	0.01372	0.01602	0.01322	0.01731	0.04277	0.06049	0.09875	0.24124	0.07960	0.08351	0.02968	0.10337	0.04507	0.00830	0.00228	0.00603	0.00821	0.00614	0.10731
1	0.22099	0.12509	0.06464	0.01258	0.01753	0.01575	0.04430	0.12363	0.01770	0.13786	0.06557	0.02326	0.06060	0.00860	0.00613	0.00208	0.00643	0.03287	0.00542	0.00898
2	0.18186	0.09834	0.11169	0.01633	0.02190	0.09522	0.14082	0.08706	0.04501	0.08022	0.01418	0.01671	0.01097	0.04239	0.00749	0.00227	0.00839	0.00572	0.00440	0.00902
3	0.01779	0.22815	0.11681	0.01531	0.02088	0.01706	0.12217	0.08609	0.01727	0.11186	0.07125	0.07812	0.05073	0.00885	0.00661	0.00203	0.00744	0.00760	0.00487	0.00910
4	0.01598	0.01271	0.01673	0.04949	0.01887	0.03196	0.08780	0.12570	0.06108	0.07494	0.11459	0.13364	0.07773	0.01079	0.00722	0.00208	0.00616	0.00952	0.00582	0.13719
5	0.01537	0.00911	0.01388	0.01255	0.01520	0.00856	0.07453	0.01783	0.01527	0.19901	0.03152	0.27541	0.06376	0.01992	0.10226	0.00366	0.00733	0.10092	0.00626	0.00766
6	0.01592	0.16217	0.23183	0.01969	0.05940	0.01758	0.17725	0.09052	0.01649	0.02242	0.01585	0.10998	0.01420	0.00828	0.00681	0.00213	0.00877	0.00752	0.00392	0.00926
7	0.01719	0.10705	0.34377	0.01607	0.02314	0.08184	0.01752	0.16381	0.01876	0.02478	0.02001	0.02088	0.09972	0.00823	0.00652	0.00205	0.00861	0.00628	0.00424	0.00954
8	0.01134	0.00838	0.00985	0.00954	0.01136	0.00818	0.00711	0.09863	0.01749	0.02321	0.21057	0.18324	0.18495	0.11263	0.01164	0.00296	0.00468	0.07133	0.00642	0.00649
9	0.05435	0.01360	0.07283	0.01894	0.10422	0.01163	0.16436	0.01903	0.01606	0.11195	0.12406	0.16004	0.02742	0.01125	0.00768	0.00235	0.00700	0.05939	0.00542	0.00842
10	0.01505	0.01507	0.02826	0.02148	0.02603	0.01505	0.38126	0.07924	0.01625	0.02226	0.01907	0.18881	0.01844	0.01024	0.00950	0.00242	0.08448	0.01021	0.00441	0.03248
11	0.01207	0.00794	0.00992	0.00966	0.01139	0.00732	0.00711	0.01373	0.01357	0.07228	0.06160	0.14384	0.04615	0.28297	0.01762	0.00393	0.00569	0.16001	0.00547	0.10771
12	0.02435	0.03079	0.02208	0.01906	0.02302	0.64051	0.10020	0.02663	0.01897	0.01741	0.01099	0.01312	0.00901	0.00689	0.00641	0.00183	0.01223	0.00488	0.00352	0.00810
13	0.02493	0.01327	0.01611	0.01272	0.01781	0.01281	0.01032	0.10848	0.17586	0.39609	0.02406	0.02183	0.01635	0.00819	0.00666	0.00201	0.00583	0.00663	0.00737	0.11265
14	0.01603	0.01353	0.01440	0.01171	0.01569	0.04792	0.00902	0.10659	0.14195	0.02406	0.01729	0.02222	0.01498	0.14017	0.01177	0.00253	0.04114	0.00621	0.02710	0.31569
15	0.02298	0.01625	0.02165	0.10061	0.21235	0.01719	0.01529	0.31809	0.02338	0.15813	0.01692	0.01801	0.01211	0.00754	0.00683	0.00208	0.00755	0.00626	0.00579	0.01098
16	0.01879	0.01670	0.01937	0.01638	0.01862	0.12249	0.04085	0.10619	0.01582	0.09285	0.01371	0.01765	0.01146	0.01637	0.12806	0.00384	0.32207	0.00617	0.00426	0.00837
17	0.00974	0.00655	0.00752	0.00773	0.00778	0.00649	0.00443	0.00989	0.01035	0.01380	0.02363	0.13579	0.02748	0.66498	0.03148	0.00614	0.00629	0.01117	0.00443	0.00433
18	0.01005	0.00769	0.00933	0.00898	0.01094	0.00730	0.00689	0.01429	0.07585	0.02502	0.46183	0.05418	0.20331	0.01470	0.00808	0.00228	0.00369	0.06180	0.00713	0.00666
19	0.01567	0.01430	0.02344	0.41339	0.13193	0.01609	0.10393	0.11782	0.01680	0.02229	0.01355	0.01908	0.01063	0.04242	0.00831	0.00242	0.00894	0.00653	0.00375	0.00868
20	0.03941	0.01223	0.01409	0.01156	0.01574	0.01179	0.00910	0.15385	0.09415	0.10267	0.10985	0.13061	0.02441	0.01011	0.00672	0.00192	0.00528	0.00850	0.00619	0.23183
21	0.02460	0.01816	0.01951	0.01532	0.02051	0.02015	0.01254	0.56013	0.14775	0.06167	0.01872	0.01821	0.01339	0.00841	0.00687	0.00210	0.00711	0.00645	0.00691	0.01150
22	0.01277	0.00760	0.00988	0.00915	0.01123	0.00702	0.00710	0.01592	0.01864	0.11568	0.50771	0.04702	0.05201	0.01307	0.00770	0.00217	0.00379	0.06044	0.08403	0.00710
23	0.23296	0.01824	0.06604	0.01505	0.05663	0.08215	0.01212	0.25887	0.02072	0.10868	0.01450	0.01552	0.01060	0.00824	0.00713	0.04501	0.00731	0.00533	0.00535	0.00955
24	0.01283	0.01102	0.01628	0.13601	0.17815	0.01185	0.01269	0.01856	0.11688	0.02250	0.19227	0.09088	0.02916	0.01583	0.10156	0.00337	0.00764	0.00919	0.00518	0.00816
25	0.01089	0.00700	0.00902	0.00944	0.01062	0.00657	0.00680	0.01265	0.01469	0.07183	0.16327	0.31587	0.07835	0.14960	0.01316	0.00332	0.00472	0.09982	0.00633	0.00604
26	0.01419	0.01216	0.01419	0.01013	0.01621	0.00912	0.00811	0.01723	0.01419	0.02229	0.01216	0.01419	0.01013	0.00507	0.00507	0.00101	0.00507	0.00405	0.00405	0.80139
27	0.02612	0.02003	0.01918	0.01549	0.02001	0.17952	0.01250	0.32528	0.02439	0.20002	0.01705	0.01705	0.01206	0.00833	0.00801	0.00208	0.07037	0.00592	0.00616	0.01045
28	0.02462	0.02025	0.01964	0.01572	0.02070	0.11293	0.01271	0.51061	0.12953	0.03756	0.01735	0.01723	0.01263	0.00822	0.00677	0.00205	0.00784	0.00616	0.00643	0.01103
29	0.02303	0.12505	0.02253	0.01507	0.02031	0.01665	0.09824	0.15975	0.13039	0.25491	0.04908	0.02101	0.01645	0.00804	0.00672	0.00207	0.00694	0.00678	0.00641	0.01057
30	0.12152	0.01742	0.02111	0.05195	0.05140	0.05354	0.11238	0.25478	0.18976	0.03148	0.01732	0.01818	0.01288	0.00767	0.00668	0.00216	0.00765	0.00642	0.00555	0.01013
31	0.00916	0.00707	0.01058	0.01081	0.01191	0.00659	0.05777	0.01105	0.01443	0.01955	0.15445	0.57636	0.04602	0.01895	0.00857	0.00263	0.00441	0.01735	0.00634	0.00599
32	0.01393	0.01344	0.02336	0.22822	0.22475	0.01458	0.12165	0.01778	0.01428	0.01948	0.01776	0.06609	0.04814	0.01166	0.05916	0.00293	0.06633	0.02436	0.00369	0.00841
33	0.11739	0.01832	0.06734	0.02501	0.03120	0.01727	0.52031	0.02125	0.01505	0.02261	0.01284	0.01705	0.00981	0.00636	0.00862	0.00233	0.06765	0.00721	0.00350	0.00890
34	0.01642	0.01573	0.02684	0.13183	0.63107	0.01612	0.02074	0.02055	0.01533	0.02173	0.01278	0.01710	0.01062	0.00619	0.00678	0.00206	0.00825	0.00609	0.00334	0.01042
35	0.02259	0.01209	0.01458	0.01209	0.01617	0.01207	0.00964	0.12634	0.14899	0.32651	0.07758	0.08647	0.02289	0.01005	0.00697	0.00216	0.00544	0.00836	0.06883	0.01018
36	0.08026	0.01926	0.01926	0.01663	0.01870	0.22400	0.03704	0.02104	0.01406	0.07066	0.01167	0.01550	0.01003	0.01242	0.06489	0.00305	0.34435	0.00559	0.00372	0.00788
37	0.00864	0.00666	0.00780	0.00810	0.00960	0.00592	0.00579	0.01053	0.01561	0.02024	0.22192	0.25350	0.33249	0.04999	0.00943	0.00259	0.00368	0.01512	0.00656	0.00582
38	0.01501	0.01326	0.01456	0.01096	0.01662	0.03589	0.00869	0.02040	0.11604	0.02303	0.01441	0.01579	0.01167	0.00576	0.00538	0.00123	0.00538	0.00461	0.00446	0.65685
39	0.00860	0.00625	0.00812	0.00914	0.00993	0.00576	0.00629	0.01026	0.01460	0.01964	0.18195	0.55497	0.10007	0.01956	0.00854	0.00261	0.00378	0.01758	0.00660	0.00576
40	0.63708	0.01399	0.01202	0.01022	0.01471	0.01583	0.00842	0.12032	0.01523	0.08200	0.01179	0.01277	0.00871	0.00678	0.00481	0.00211	0.00566	0.00429	0.00492	0.00833
41	0.01300	0.00763	0.00994	0.00948	0.01133	0.00724	0.00699	0.01498	0.01497	0.14373	0.16286	0.17594	0.12334	0.11851	0.14380	0.00448	0.00706	0.01177	0.00617	0.00675
42	0.01258	0.00877	0.01066	0.00980	0.01206	0.00869	0.00745	0.01850	0.14597	0.07828	0.44601	0.04536	0.08650	0.05254	0.00923	0.00245	0.00409	0.02635	0.00722	0.00749
43	0.00866	0.00686	0.00779	0.00790	0.00958	0.00626	0.00573	0.01037	0.01450	0.01827	0.10957	0.12285	0.43360	0.09973	0.10377	0.00391	0.00573	0.01336	0.00588	0.00568
44	0.01776	0.01510	0.02473	0.19380	0.03057	0.01604	0.22559	0.05563	0.21379	0.10569	0.01910	0.02091	0.01391	0.00745	0.00726	0.00227	0.00836	0.00727	0.00510	0.00968
45	0.01344	0.01136	0.01339	0.01006	0.01541	0.00866	0.00788	0.01624	0.01405	0.02167	0.01543	0.10913	0.01463	0.00716	0.00554	0.00124	0.00493	0.00603	0.00435	0.69941
46	0.00914	0.00653	0.00886	0.01044	0.01119	0.00625	0.00775	0.01091	0.01389	0.01836	0.03726	0.55267	0.04349	0.02068	0.00895	0.00289	0.00467	0.21396	0.00634	0.00578
47	0.02817	0.01532	0.01792	0.01680	0.10763	0.11719	0.01192	0.03087	0.01904	0.52821	0.02276	0.02086	0.01496	0.00795	0.00676	0.00205	0.00708	0.00642	0.00709	0.01099
48	0.01673	0.01744	0.10811	0.01394	0.02025	0.03288	0.05501	0.13163	0.06920	0.02595	0.01412	0.01566	0.01098	0.00618	0.00591	0.00153	0.00676	0.00507	0.00453	0.43810
49	0.01080	0.04619	0.15540	0.01095	0.01496	0.00927	0.01041	0.01414	0.01527	0.02093	0.15833	0.18854	0.19066	0.01330	0.00735	0.00215	0.00525	0.01140	0.00542	0.10927

[dist]
# distance from previous block
# <min> <max>
0	11

[block]
# block no. 1 follows, 31 sequences, length 8
# corresponding to MSA columns:
# 377-384
name=unknown_B
#
# <colnr> <probs for GDERKNQSTAVLIFYWHMCP>
#	G	D	E	R	K	N	Q	S	T	A	V	L	I	F	Y	W	H	M	C	P
0	0.00883	0.00665	0.00816	0.00843	0.00986	0.00599	0.00608	0.01101	0.01638	0.02187	0.32631	0.27419	0.23685	0.01722	0.00828	0.00239	0.00352	0.01514	0.00684	0.00599
1	0.01659	0.01271	0.01700	0.01226	0.01831	0.01005	0.07602	0.01984	0.01510	0.11568	0.01431	0.01582	0.01107	0.00559	0.00561	0.00129	0.00581	0.00483	0.00458	0.61752
2	0.01460	0.01126	0.01322	0.06224	0.01642	0.01222	0.00943	0.16544	0.16166	0.02612	0.10185	0.25274	0.03070	0.07782	0.01000	0.00275	0.00555	0.01159	0.00630	0.00810
3	0.01070	0.00721	0.00926	0.00870	0.01054	0.00656	0.00654	0.01364	0.01869	0.06698	0.57560	0.08618	0.12470	0.01436	0.00803	0.00220	0.00344	0.01261	0.00741	0.00665
4	0.02570	0.02821	0.01976	0.01701	0.02117	0.49969	0.01315	0.24530	0.02357	0.02537	0.01249	0.01367	0.00974	0.00743	0.00639	0.00186	0.01077	0.00498	0.00461	0.00914
5	0.01283	0.00952	0.01112	0.01003	0.01157	0.01023	0.00713	0.07404	0.07256	0.01928	0.01969	0.03276	0.01970	0.38545	0.10271	0.00530	0.06085	0.00814	0.05841	0.06867
6	0.62491	0.01522	0.01190	0.01029	0.01469	0.07704	0.00835	0.06631	0.01391	0.02968	0.01029	0.01182	0.00803	0.00644	0.00464	0.00200	0.00603	0.00396	0.00434	0.07017
7	0.05500	0.02080	0.01854	0.01512	0.01993	0.18662	0.01206	0.35576	0.11573	0.03242	0.01586	0.01623	0.01188	0.00769	0.00642	0.00192	0.00805	0.00565	0.00570	0.08861

[dist]
# distance from previous block
# <min> <max>
2	3

[block]
# block no. 2 follows, 31 sequences, length 42
# corresponding to MSA columns:
# 388-429
name=unknown_C
#
# <colnr> <probs for GDERKNQSTAVLIFYWHMCP>
#	G	D	E	R	K	N	Q	S	T	A	V	L	I	F	Y	W	H	M	C	P
0	0.00867	0.00673	0.00789	0.00808	0.00972	0.00595	0.00588	0.01077	0.01626	0.02120	0.27430	0.22056	0.34510	0.01718	0.00823	0.00237	0.00350	0.01492	0.00674	0.00595
1	0.01180	0.00942	0.01065	0.00991	0.01243	0.00955	0.00763	0.04725	0.18677	0.02571	0.31505	0.04830	0.22758	0.01367	0.00780	0.00227	0.00413	0.03553	0.00700	0.00756
2	0.01292	0.01216	0.02052	0.74312	0.04712	0.01520	0.01900	0.01748	0.01368	0.01748	0.01216	0.01824	0.00912	0.00684	0.00684	0.00228	0.00912	0.00608	0.00304	0.00760
3	0.01275	0.00638	0.00638	0.00638	0.00797	0.00638	0.00478	0.01594	0.01435	0.02551	0.02232	0.02551	0.01754	0.00797	0.00478	0.00159	0.00319	0.00638	0.79755	0.00638
4	0.01848	0.01653	0.02389	0.07640	0.46298	0.06631	0.01788	0.02457	0.11881	0.08219	0.01610	0.01851	0.01261	0.00689	0.00677	0.00208	0.00788	0.00629	0.00434	0.01050
5	0.01523	0.01417	0.02331	0.28575	0.23600	0.01491	0.08780	0.06506	0.01580	0.02170	0.01426	0.05814	0.01205	0.00721	0.00685	0.00207	0.00822	0.00681	0.00375	0.10091
6	0.01275	0.00638	0.00638	0.00638	0.00797	0.00638	0.00478	0.01594	0.01435	0.02551	0.02232	0.02551	0.01754	0.00797	0.00478	0.00159	0.00319	0.00638	0.79755	0.00638
7	0.01303	0.01231	0.02054	0.70564	0.04561	0.01550	0.01879	0.01743	0.01351	0.01743	0.01200	0.01807	0.00911	0.00711	0.00765	0.00232	0.04727	0.00608	0.00304	0.00759
8	0.02070	0.01387	0.01558	0.01345	0.01770	0.01514	0.01062	0.03554	0.51996	0.21536	0.02762	0.02492	0.01982	0.00906	0.00694	0.00227	0.00552	0.00750	0.00737	0.01105
9	0.00977	0.00733	0.01100	0.01100	0.01222	0.00855	0.00855	0.01222	0.01100	0.01588	0.01833	0.02688	0.01710	0.05131	0.73245	0.01100	0.01833	0.00733	0.00367	0.00611
10	0.00853	0.00697	0.00754	0.00748	0.00961	0.00599	0.00566	0.01063	0.01642	0.02049	0.20794	0.06301	0.55138	0.01665	0.00813	0.00230	0.00351	0.03521	0.00661	0.00594
11	0.02556	0.03261	0.01939	0.01763	0.02115	0.73210	0.01322	0.02732	0.01939	0.01674	0.01058	0.01234	0.00881	0.00705	0.00617	0.00176	0.01234	0.00441	0.00353	0.00793
12	0.01507	0.01164	0.01362	0.00994	0.01559	0.00894	0.00794	0.01810	0.01453	0.06531	0.01393	0.01571	0.01118	0.00552	0.00515	0.00113	0.00495	0.00442	0.07196	0.68536
13	0.00993	0.00672	0.00791	0.00791	0.00806	0.00688	0.00470	0.01024	0.01008	0.01360	0.02115	0.04251	0.02389	0.67005	0.12299	0.00718	0.00811	0.00962	0.00408	0.00439
14	0.01058	0.00722	0.00926	0.00862	0.01049	0.00657	0.00651	0.01363	0.01900	0.06128	0.61545	0.05117	0.12622	0.01404	0.00801	0.00217	0.00338	0.01230	0.00746	0.00665
15	0.01498	0.01578	0.08104	0.31307	0.10786	0.01625	0.05516	0.04466	0.16397	0.02207	0.03433	0.01995	0.01343	0.00779	0.00802	0.00229	0.05950	0.00663	0.00418	0.00905
16	0.01186	0.00775	0.00954	0.00931	0.01009	0.00811	0.00624	0.01427	0.13084	0.01635	0.05788	0.06295	0.02212	0.26508	0.02418	0.31959	0.00584	0.00852	0.00445	0.00503
17	0.01532	0.26890	0.40198	0.07989	0.06530	0.01948	0.02010	0.02089	0.01427	0.01954	0.01140	0.01378	0.00886	0.00630	0.00586	0.00194	0.00901	0.00475	0.00294	0.00950
18	0.22035	0.07645	0.01635	0.06543	0.01854	0.01338	0.01000	0.04306	0.01624	0.31834	0.01763	0.01733	0.01216	0.00710	0.00574	0.00191	0.00600	0.00533	0.00586	0.12281
19	0.37225	0.01819	0.01553	0.01307	0.01728	0.13775	0.01057	0.20842	0.01888	0.05941	0.01230	0.01356	0.00932	0.00746	0.00666	0.00210	0.05866	0.00479	0.00493	0.00885
20	0.55038	0.01359	0.01471	0.12566	0.14057	0.01548	0.01152	0.01987	0.01263	0.02725	0.01050	0.01320	0.00826	0.00638	0.00507	0.00213	0.00636	0.00448	0.00391	0.00803
21	0.01560	0.05256	0.02232	0.50548	0.13508	0.01681	0.01806	0.11331	0.01656	0.02169	0.01272	0.01743	0.00969	0.00688	0.00670	0.00217	0.00866	0.00597	0.00362	0.00868
22	0.01278	0.01102	0.01768	0.30663	0.18290	0.01237	0.01442	0.01562	0.01275	0.01720	0.01497	0.02459	0.01386	0.16834	0.09952	0.04844	0.00930	0.00702	0.00342	0.00718
23	0.01188	0.00594	0.00891	0.00891	0.00891	0.00594	0.00594	0.00891	0.00891	0.01188	0.01188	0.02080	0.01188	0.02377	0.02674	0.80095	0.00594	0.00594	0.00297	0.00297
24	0.08168	0.01342	0.01355	0.01216	0.01504	0.11087	0.05642	0.04962	0.12028	0.02241	0.08302	0.14823	0.18087	0.05128	0.00875	0.00249	0.00613	0.01069	0.00566	0.00742
25	0.01275	0.00638	0.00638	0.00638	0.00797	0.00638	0.00478	0.01594	0.01435	0.02551	0.02232	0.02551	0.01754	0.00797	0.00478	0.00159	0.00319	0.00638	0.79755	0.00638
26	0.02556	0.03261	0.01939	0.01763	0.02115	0.73210	0.01322	0.02732	0.01939	0.01674	0.01058	0.01234	0.00881	0.00705	0.00617	0.00176	0.01234	0.00441	0.00353	0.00793
27	0.00952	0.00704	0.00914	0.01033	0.01167	0.00666	0.00819	0.01175	0.01499	0.01934	0.06622	0.29195	0.17885	0.01923	0.00890	0.00283	0.00487	0.30621	0.00637	0.00596
28	0.01275	0.00638	0.00638	0.00638	0.00797	0.00638	0.00478	0.01594	0.01435	0.02551	0.02232	0.02551	0.01754	0.00797	0.00478	0.00159	0.00319	0.00638	0.79755	0.00638
29	0.49288	0.04003	0.11211	0.01111	0.01590	0.01441	0.01045	0.02037	0.01270	0.08578	0.01263	0.01481	0.00979	0.01279	0.10604	0.00334	0.00789	0.00467	0.00428	0.00801
30	0.01436	0.01284	0.01363	0.01254	0.01444	0.10116	0.00965	0.01952	0.13499	0.04457	0.20103	0.08145	0.03023	0.05104	0.11284	0.00375	0.11986	0.00911	0.00550	0.00751
31	0.01925	0.01414	0.01562	0.01278	0.01692	0.01493	0.01035	0.36224	0.07335	0.05654	0.13604	0.03252	0.11723	0.01087	0.00728	0.00214	0.00593	0.04267	0.00680	0.04239
32	0.02489	0.03161	0.02087	0.01842	0.02218	0.68164	0.06114	0.02694	0.01916	0.01711	0.01081	0.01277	0.00892	0.00696	0.00630	0.00180	0.01228	0.00467	0.00352	0.00802
33	0.01507	0.25056	0.52077	0.01720	0.02605	0.01919	0.02127	0.02132	0.01428	0.02002	0.01146	0.01342	0.00870	0.00631	0.00588	0.00196	0.00929	0.00464	0.00290	0.00972
34	0.01564	0.01200	0.01345	0.01251	0.01559	0.01321	0.00962	0.02851	0.44544	0.07769	0.08828	0.15784	0.02935	0.01215	0.00746	0.00241	0.00504	0.03741	0.00699	0.00940
35	0.01487	0.01292	0.01746	0.01285	0.01850	0.01075	0.09888	0.06511	0.01565	0.02352	0.01460	0.06141	0.01270	0.00649	0.00581	0.00139	0.00597	0.00577	0.02997	0.56539
36	0.07594	0.02076	0.06315	0.01905	0.02443	0.18168	0.21393	0.10290	0.04015	0.13545	0.01646	0.01949	0.01243	0.00751	0.00697	0.00214	0.00943	0.03378	0.00491	0.00944
37	0.01370	0.07428	0.01722	0.20023	0.06981	0.01216	0.04854	0.01597	0.01271	0.06583	0.01732	0.02928	0.01674	0.31935	0.05574	0.00443	0.00825	0.00770	0.00395	0.00680
38	0.00979	0.00727	0.01069	0.01069	0.01181	0.00839	0.00818	0.01202	0.01091	0.01566	0.01860	0.02840	0.01777	0.11168	0.67299	0.01062	0.01733	0.00755	0.00371	0.00594
39	0.04590	0.00885	0.01103	0.01054	0.01257	0.00932	0.00810	0.06690	0.04332	0.08012	0.04950	0.12955	0.06266	0.09114	0.24413	0.00553	0.00945	0.05552	0.04883	0.00702
40	0.01944	0.04749	0.01679	0.08425	0.05513	0.12082	0.01142	0.11157	0.06403	0.11673	0.06829	0.02156	0.01701	0.00838	0.00719	0.00200	0.04788	0.00646	0.16475	0.00881
41	0.16394	0.01295	0.01341	0.01102	0.01540	0.04119	0.00869	0.11896	0.01701	0.09252	0.02030	0.13805	0.04656	0.00938	0.00612	0.00185	0.00560	0.00755	0.00538	0.26412

[dist]
# distance from previous block
# <min> <max>
5	14

[block]
# block no. 3 follows, 31 sequences, length 58
# corresponding to MSA columns:
# 444-501
name=unknown_D
#
# <colnr> <probs for GDERKNQSTAVLIFYWHMCP>
#	G	D	E	R	K	N	Q	S	T	A	V	L	I	F	Y	W	H	M	C	P
0	0.01600	0.01445	0.09363	0.01267	0.01558	0.05371	0.03260	0.09694	0.01523	0.09452	0.01938	0.03203	0.01864	0.32755	0.04156	0.00439	0.05781	0.04129	0.00474	0.00729
1	0.01412	0.06486	0.33006	0.01846	0.02510	0.06054	0.15866	0.01952	0.01542	0.02115	0.08863	0.11559	0.01964	0.00908	0.00715	0.00221	0.00888	0.00821	0.00399	0.00874
2	0.01386	0.05735	0.06572	0.43402	0.08515	0.01460	0.01660	0.01812	0.01400	0.01914	0.01207	0.01654	0.00943	0.00630	0.00626	0.00191	0.00807	0.00541	0.00328	0.19219
3	0.01386	0.01088	0.01311	0.01014	0.01502	0.00859	0.00794	0.01663	0.01438	0.05689	0.04879	0.10545	0.01759	0.01027	0.04774	0.00191	0.00565	0.00661	0.00469	0.58386
4	0.05734	0.03417	0.68490	0.01892	0.02871	0.01586	0.02430	0.02158	0.01429	0.02216	0.01213	0.01426	0.00860	0.00649	0.00638	0.00216	0.00985	0.00498	0.00296	0.00996
5	0.00839	0.00604	0.00786	0.00930	0.00978	0.00561	0.00619	0.00956	0.01310	0.01734	0.03875	0.68681	0.08111	0.05284	0.00981	0.00292	0.00406	0.01877	0.00626	0.00551
6	0.02074	0.01643	0.01822	0.07202	0.10126	0.06963	0.01266	0.36386	0.02386	0.03244	0.01741	0.05841	0.01398	0.00846	0.00654	0.00201	0.00715	0.00678	0.13839	0.00975
7	0.01447	0.01254	0.01676	0.06992	0.05153	0.05146	0.10493	0.02174	0.17393	0.02396	0.09605	0.03215	0.04397	0.00979	0.00699	0.00218	0.00638	0.07694	0.17615	0.00816
8	0.71885	0.01305	0.01072	0.00936	0.01372	0.01474	0.00771	0.02163	0.01255	0.10986	0.01153	0.01251	0.00850	0.00659	0.00454	0.00212	0.00535	0.00407	0.00472	0.00789
9	0.02136	0.01490	0.01670	0.01342	0.01764	0.01593	0.01083	0.44267	0.02695	0.08632	0.17355	0.08157	0.02636	0.01053	0.00726	0.00214	0.00618	0.00862	0.00707	0.01002
10	0.01017	0.00760	0.00936	0.00893	0.01067	0.00728	0.00669	0.01424	0.07143	0.02523	0.51197	0.05128	0.12450	0.07036	0.01006	0.00256	0.00381	0.04026	0.00706	0.00654
11	0.01386	0.05781	0.70293	0.01926	0.02924	0.01623	0.02486	0.02163	0.01443	0.02149	0.01219	0.01434	0.00867	0.00648	0.00643	0.00214	0.01002	0.00501	0.00289	0.01007
12	0.00993	0.00729	0.00879	0.00862	0.00919	0.00768	0.00572	0.01071	0.01102	0.01471	0.02750	0.04307	0.12729	0.47819	0.15296	0.00653	0.05159	0.00994	0.00433	0.00493
13	0.00897	0.00702	0.00823	0.00857	0.01041	0.00628	0.00663	0.01122	0.01615	0.02058	0.19209	0.13258	0.39201	0.01733	0.00840	0.00248	0.00398	0.13449	0.00658	0.00599
14	0.03070	0.01164	0.01588	0.01217	0.01746	0.01006	0.01006	0.03334	0.01958	0.72163	0.02699	0.02329	0.01694	0.00847	0.00688	0.00212	0.00582	0.00688	0.00847	0.01164
15	0.02050	0.01599	0.01755	0.01338	0.01892	0.01609	0.01088	0.36417	0.09354	0.03355	0.01593	0.01648	0.01199	0.00710	0.00617	0.00168	0.00636	0.00550	0.00577	0.31846
16	0.16691	0.01318	0.01509	0.01197	0.01686	0.01309	0.00979	0.13961	0.06605	0.34821	0.05875	0.02097	0.01672	0.00816	0.00634	0.00204	0.00579	0.00634	0.00696	0.06718
17	0.01767	0.66530	0.12882	0.01276	0.01919	0.02556	0.01354	0.02065	0.01397	0.01685	0.00988	0.01144	0.00876	0.00594	0.00467	0.00156	0.00769	0.00385	0.00292	0.00896
18	0.00977	0.00733	0.01100	0.01100	0.01222	0.00855	0.00855	0.01222	0.01100	0.01588	0.01833	0.02688	0.01710	0.05131	0.73245	0.01100	0.01833	0.00733	0.00367	0.00611
19	0.01201	0.00900	0.01176	0.01282	0.01477	0.00938	0.01099	0.01783	0.12935	0.02182	0.03484	0.06865	0.03632	0.01731	0.00904	0.00301	0.00615	0.56147	0.00641	0.00705
20	0.01173	0.00798	0.00954	0.00880	0.01115	0.00734	0.00671	0.01558	0.06731	0.09189	0.39082	0.05131	0.26543	0.01419	0.00788	0.00221	0.00371	0.01217	0.00720	0.00705
21	0.01292	0.01216	0.02052	0.74312	0.04712	0.01520	0.01900	0.01748	0.01368	0.01748	0.01216	0.01824	0.00912	0.00684	0.00684	0.00228	0.00912	0.00608	0.00304	0.00760
22	0.01473	0.01248	0.01448	0.01039	0.01644	0.00968	0.00833	0.04858	0.01502	0.02326	0.01236	0.01429	0.01020	0.00521	0.00515	0.00106	0.00518	0.00415	0.00418	0.76480
23	0.01419	0.01216	0.01419	0.01013	0.01621	0.00912	0.00811	0.01723	0.01419	0.02229	0.01216	0.01419	0.01013	0.00507	0.00507	0.00101	0.00507	0.00405	0.00405	0.80139
24	0.01543	0.01698	0.03629	0.02658	0.03275	0.01599	0.59727	0.02084	0.01609	0.02171	0.01696	0.02663	0.01442	0.00759	0.00827	0.00242	0.01081	0.10030	0.00386	0.00882
25	0.01759	0.01205	0.01453	0.01055	0.01647	0.00931	0.00851	0.02054	0.01530	0.16630	0.01521	0.01606	0.01153	0.00577	0.00544	0.00124	0.00522	0.00464	0.00496	0.63877
26	0.01419	0.01216	0.01419	0.01013	0.01621	0.00912	0.00811	0.01723	0.01419	0.02229	0.01216	0.01419	0.01013	0.00507	0.00507	0.00101	0.00507	0.00405	0.00405	0.80139
27	0.01878	0.01097	0.01338	0.01138	0.01487	0.01094	0.00898	0.06834	0.17919	0.23829	0.30227	0.03454	0.03664	0.01086	0.00737	0.00217	0.00479	0.00924	0.00764	0.00937
28	0.00952	0.00707	0.00931	0.00931	0.01039	0.00753	0.00675	0.01117	0.01152	0.01562	0.02824	0.03868	0.14264	0.23956	0.41285	0.00826	0.01249	0.00931	0.00427	0.00551
29	0.00949	0.00681	0.00886	0.00981	0.01079	0.00650	0.00731	0.01141	0.01451	0.01928	0.13659	0.31761	0.08878	0.11905	0.01232	0.00328	0.00484	0.20081	0.00621	0.00572
30	0.00946	0.00664	0.00739	0.00750	0.00800	0.00638	0.00452	0.00989	0.01132	0.01462	0.03238	0.09998	0.16592	0.55631	0.02754	0.00548	0.00580	0.01154	0.00475	0.00458
31	0.00879	0.00630	0.00835	0.00922	0.01002	0.00586	0.00639	0.01067	0.01522	0.02083	0.26589	0.51731	0.05177	0.01892	0.00851	0.00257	0.00372	0.01706	0.00675	0.00586
32	0.00814	0.00673	0.00714	0.00747	0.00938	0.00573	0.00544	0.00976	0.01508	0.01827	0.06277	0.20838	0.57579	0.01818	0.00822	0.00241	0.00357	0.01547	0.00635	0.00573
33	0.01806	0.72688	0.07063	0.01210	0.01817	0.02651	0.01239	0.02055	0.01393	0.01638	0.00965	0.01115	0.00877	0.00589	0.00450	0.00150	0.00746	0.00373	0.00292	0.00885
34	0.00968	0.00699	0.00914	0.00861	0.01022	0.00646	0.00646	0.01291	0.01937	0.02743	0.71328	0.05110	0.06455	0.01399	0.00807	0.00215	0.00323	0.01237	0.00753	0.00646
35	0.02473	0.01853	0.01982	0.01548	0.02073	0.02062	0.01270	0.60098	0.12733	0.04106	0.01804	0.01771	0.01294	0.00836	0.00686	0.00209	0.00723	0.00638	0.00686	0.01152
36	0.01799	0.01122	0.01535	0.01438	0.06578	0.01110	0.03551	0.11272	0.01961	0.19466	0.22047	0.07716	0.05306	0.01194	0.00825	0.00230	0.03389	0.07901	0.00681	0.00879
37	0.01979	0.05620	0.01966	0.01482	0.01991	0.15135	0.06224	0.14361	0.15120	0.04521	0.01603	0.01682	0.01235	0.00700	0.00620	0.00174	0.00757	0.00556	0.00503	0.23771
38	0.02947	0.01360	0.01709	0.01310	0.01844	0.01296	0.01082	0.20541	0.02286	0.54493	0.02424	0.02150	0.01555	0.00840	0.00687	0.00210	0.00627	0.00669	0.00804	0.01164
39	0.00960	0.00699	0.00903	0.00852	0.01017	0.00642	0.00639	0.01276	0.01918	0.02699	0.68128	0.05184	0.09683	0.01415	0.00807	0.00216	0.00324	0.01248	0.00747	0.00642
40	0.02490	0.02254	0.02091	0.01711	0.02165	0.33059	0.09814	0.11742	0.02033	0.19508	0.01623	0.01710	0.01182	0.00963	0.04338	0.00242	0.01028	0.00587	0.00519	0.00942
41	0.02569	0.01795	0.01947	0.01500	0.02026	0.01963	0.01237	0.61002	0.03032	0.09335	0.01752	0.01740	0.01233	0.00822	0.00674	0.00203	0.00718	0.00622	0.04693	0.01137
42	0.67677	0.01305	0.01178	0.13008	0.01882	0.01532	0.00932	0.01968	0.01198	0.02852	0.00996	0.01229	0.00769	0.00643	0.00466	0.00214	0.00592	0.00410	0.00404	0.00744
43	0.00940	0.00668	0.00900	0.01047	0.01125	0.00645	0.00785	0.01120	0.01381	0.01823	0.03602	0.46414	0.04171	0.07347	0.01086	0.00319	0.00499	0.24939	0.00617	0.00572
44	0.00947	0.00696	0.00903	0.00910	0.01055	0.00629	0.00654	0.01186	0.01642	0.02299	0.38544	0.33490	0.05259	0.01635	0.00811	0.00232	0.00367	0.01463	0.00679	0.06599
45	0.01590	0.13408	0.47679	0.01836	0.02657	0.01749	0.06644	0.02202	0.01458	0.07326	0.01286	0.01493	0.00944	0.00690	0.00748	0.00213	0.06234	0.00527	0.00336	0.00979
46	0.01669	0.01127	0.01332	0.01167	0.01481	0.01168	0.00920	0.14000	0.15985	0.11688	0.28922	0.07649	0.03789	0.01202	0.00760	0.00226	0.00497	0.04806	0.00728	0.00885
47	0.01452	0.00806	0.01069	0.00943	0.01189	0.00728	0.00728	0.01761	0.01942	0.18722	0.55532	0.04470	0.05359	0.01272	0.00780	0.00214	0.00382	0.01111	0.00775	0.00765
48	0.01275	0.00638	0.00638	0.00638	0.00797	0.00638	0.00478	0.01594	0.01435	0.02551	0.02232	0.02551	0.01754	0.00797	0.00478	0.00159	0.00319	0.00638	0.79755	0.00638
49	0.02127	0.04253	0.02617	0.02359	0.15584	0.12332	0.17176	0.22136	0.04013	0.06277	0.01547	0.01850	0.01198	0.00734	0.00702	0.00209	0.00910	0.02478	0.00486	0.01012
50	0.10356	0.01451	0.01572	0.01318	0.01757	0.01587	0.01055	0.17390	0.32328	0.16051	0.06097	0.02306	0.01916	0.00885	0.00670	0.00219	0.00581	0.00707	0.00696	0.01056
51	0.00836	0.00685	0.00721	0.00727	0.00924	0.00588	0.00530	0.01005	0.01531	0.01874	0.11386	0.10967	0.56903	0.07058	0.01005	0.00264	0.00371	0.01429	0.00629	0.00570
52	0.01953	0.01537	0.02400	0.13931	0.42221	0.01587	0.01805	0.11257	0.01810	0.12528	0.01528	0.01798	0.01157	0.00683	0.00681	0.00208	0.00786	0.00622	0.00453	0.01057
53	0.02024	0.17128	0.11132	0.05813	0.17137	0.09417	0.06147	0.04287	0.03545	0.14769	0.01497	0.01647	0.01122	0.00679	0.00631	0.00196	0.00843	0.00561	0.00435	0.00992
54	0.01768	0.00929	0.01196	0.01101	0.01363	0.00875	0.00829	0.08991	0.01758	0.25406	0.06605	0.39894	0.03329	0.01536	0.00789	0.00245	0.00492	0.01352	0.00716	0.00826
55	0.00817	0.00658	0.00729	0.00785	0.00948	0.00570	0.00561	0.00971	0.01471	0.01812	0.05808	0.31066	0.47654	0.01879	0.00832	0.00248	0.00364	0.01622	0.00635	0.00570
56	0.01629	0.01397	0.06697	0.06682	0.11272	0.01260	0.01260	0.13523	0.05250	0.07726	0.02214	0.20527	0.02118	0.01102	0.00713	0.00216	0.00638	0.03114	0.00543	0.12118
57	0.04582	0.08207	0.06218	0.01941	0.13656	0.06828	0.05331	0.19934	0.05222	0.08007	0.06404	0.07183	0.01747	0.00867	0.00676	0.00208	0.00750	0.00727	0.00531	0.00980

[dist]
# distance from previous block
# <min> <max>
2	21

[block]
# block no. 4 follows, 31 sequences, length 23
# corresponding to MSA columns:
# 523-545
name=unknown_E
#
# <colnr> <probs for GDERKNQSTAVLIFYWHMCP>
#	G	D	E	R	K	N	Q	S	T	A	V	L	I	F	Y	W	H	M	C	P
0	0.30211	0.35740	0.06419	0.01116	0.01610	0.04067	0.01050	0.01959	0.01320	0.02184	0.01236	0.08120	0.01171	0.00757	0.00492	0.00187	0.00658	0.00526	0.00374	0.00804
1	0.15201	0.11812	0.08592	0.01396	0.01950	0.08340	0.01248	0.26554	0.06175	0.03022	0.01372	0.01459	0.01043	0.00709	0.00583	0.00189	0.00744	0.00505	0.00496	0.08610
2	0.01292	0.01216	0.02052	0.74312	0.04712	0.01520	0.01900	0.01748	0.01368	0.01748	0.01216	0.01824	0.00912	0.00684	0.00684	0.00228	0.00912	0.00608	0.00304	0.00760
3	0.02157	0.01368	0.01561	0.01334	0.01768	0.01470	0.01057	0.03535	0.47641	0.25943	0.02756	0.02478	0.01957	0.00901	0.00693	0.00225	0.00555	0.00745	0.00746	0.01110
4	0.01106	0.00925	0.01545	0.01547	0.05015	0.00890	0.12304	0.01388	0.01472	0.01957	0.03197	0.34376	0.03558	0.01713	0.00879	0.00280	0.00630	0.25978	0.00571	0.00670
5	0.01119	0.00745	0.00908	0.00851	0.01072	0.00661	0.00653	0.01383	0.01792	0.09057	0.39508	0.05461	0.28776	0.01482	0.00801	0.00224	0.00368	0.03751	0.00716	0.00671
6	0.60188	0.01287	0.01103	0.00954	0.01372	0.01442	0.00782	0.06993	0.01415	0.09735	0.01290	0.01402	0.00958	0.00684	0.00473	0.00206	0.00531	0.00444	0.07938	0.00802
7	0.00825	0.00688	0.00720	0.00725	0.00938	0.00583	0.00539	0.01010	0.01580	0.01928	0.12911	0.10672	0.61079	0.01726	0.00812	0.00232	0.00347	0.01455	0.00647	0.00583
8	0.00961	0.00717	0.00918	0.01013	0.01167	0.00674	0.00814	0.01202	0.01558	0.02011	0.11578	0.20128	0.21797	0.01846	0.00881	0.00276	0.00480	0.30731	0.00645	0.00604
9	0.01702	0.01470	0.01547	0.01392	0.01779	0.01702	0.01083	0.03635	0.70453	0.02862	0.02785	0.02553	0.02088	0.00928	0.00696	0.00232	0.00541	0.00773	0.00696	0.01083
10	0.00984	0.00707	0.00967	0.00967	0.01044	0.00783	0.00691	0.01137	0.01060	0.01490	0.01953	0.03356	0.02001	0.31597	0.47176	0.00936	0.01396	0.00831	0.00384	0.00537
11	0.01829	0.76368	0.03585	0.01171	0.01756	0.02707	0.01171	0.02049	0.01390	0.01610	0.00951	0.01097	0.00878	0.00585	0.00439	0.00146	0.00732	0.00366	0.00293	0.00878
12	0.02369	0.01793	0.01840	0.01485	0.01965	0.07026	0.01199	0.40253	0.18945	0.10095	0.04494	0.02019	0.01604	0.00862	0.00687	0.00211	0.00706	0.00670	0.00681	0.01099
13	0.02358	0.01789	0.01826	0.01484	0.01936	0.08515	0.01192	0.35497	0.17437	0.12020	0.01961	0.01990	0.01445	0.03696	0.00844	0.00230	0.03404	0.00657	0.00652	0.01068
14	0.01009	0.00720	0.00857	0.00809	0.01018	0.00636	0.00612	0.01267	0.01781	0.05905	0.41088	0.05581	0.33192	0.01509	0.00802	0.00222	0.00346	0.01295	0.00709	0.00644
15	0.01454	0.01442	0.02096	0.01783	0.01829	0.01961	0.04725	0.01633	0.01080	0.01667	0.01009	0.01626	0.00981	0.01537	0.08848	0.00371	0.64284	0.00621	0.00308	0.00744
16	0.00986	0.00665	0.00744	0.00744	0.00754	0.00659	0.00419	0.00994	0.01020	0.01350	0.02371	0.04572	0.05603	0.72601	0.03361	0.00644	0.00649	0.01015	0.00425	0.00422
17	0.00977	0.00733	0.01100	0.01100	0.01222	0.00855	0.00855	0.01222	0.01100	0.01588	0.01833	0.02688	0.01710	0.05131	0.73245	0.01100	0.01833	0.00733	0.00367	0.00611
18	0.01997	0.18281	0.04708	0.08764	0.02588	0.15488	0.17950	0.02502	0.08112	0.10895	0.01506	0.01680	0.01138	0.00683	0.00649	0.00199	0.00919	0.00595	0.00427	0.00921
19	0.00929	0.00709	0.00880	0.00950	0.01094	0.00643	0.00680	0.01140	0.03330	0.01863	0.04026	0.49750	0.15395	0.01867	0.00828	0.00255	0.00420	0.06568	0.00615	0.08059
20	0.13946	0.06115	0.05232	0.01681	0.05553	0.32529	0.01312	0.18996	0.04112	0.02614	0.01252	0.01382	0.00976	0.00717	0.00603	0.00192	0.00934	0.00491	0.00448	0.00914
21	0.08542	0.01661	0.02019	0.04172	0.10653	0.01790	0.03329	0.36249	0.05897	0.12084	0.01680	0.01741	0.01210	0.00780	0.00709	0.00209	0.02910	0.00612	0.00601	0.03152
22	0.27007	0.07710	0.11906	0.01487	0.02015	0.22280	0.04736	0.07517	0.01667	0.06182	0.01191	0.01336	0.00908	0.00676	0.00566	0.00198	0.00867	0.00468	0.00413	0.00869

[dist]
# distance from previous block
# <min> <max>
0	8

[block]
# block no. 5 follows, 31 sequences, length 11
# corresponding to MSA columns:
# 560-570
name=unknown_F
#
# <colnr> <probs for GDERKNQSTAVLIFYWHMCP>
#	G	D	E	R	K	N	Q	S	T	A	V	L	I	F	Y	W	H	M	C	P
0	0.06553	0.01384	0.01730	0.12944	0.08796	0.10042	0.07245	0.04945	0.01564	0.02096	0.04759	0.20605	0.02299	0.03654	0.00824	0.00244	0.00738	0.05156	0.00471	0.03951
1	0.06731	0.06793	0.08368	0.06537	0.15997	0.12920	0.04291	0.18434	0.06237	0.02639	0.01370	0.01576	0.01063	0.00722	0.00698	0.00205	0.03433	0.00564	0.00441	0.00980
2	0.02018	0.02052	0.02397	0.15311	0.02874	0.19659	0.16314	0.17175	0.10676	0.02530	0.01505	0.01733	0.01135	0.00727	0.00696	0.00211	0.00964	0.00633	0.00458	0.00933
3	0.01543	0.01250	0.01384	0.01128	0.01569	0.04000	0.00875	0.02164	0.16506	0.06643	0.01859	0.04894	0.01577	0.05871	0.07190	0.00270	0.00671	0.00631	0.00501	0.39474
4	0.01984	0.01920	0.03085	0.02441	0.07228	0.12921	0.38030	0.02403	0.01668	0.12914	0.01490	0.01785	0.01106	0.00693	0.00870	0.00223	0.07182	0.00701	0.00420	0.00935
5	0.00936	0.00688	0.00894	0.00992	0.01119	0.00646	0.00765	0.01159	0.01536	0.02022	0.15428	0.31784	0.15216	0.01876	0.00874	0.00272	0.00449	0.22093	0.00653	0.00597
6	0.00952	0.00719	0.01010	0.12323	0.01573	0.00742	0.00842	0.01124	0.01298	0.01714	0.03130	0.47755	0.03620	0.12438	0.01223	0.00329	0.00536	0.07546	0.00552	0.00574
7	0.01005	0.00695	0.00857	0.00832	0.01001	0.00645	0.00634	0.01309	0.01790	0.02562	0.48563	0.05058	0.13325	0.01377	0.00765	0.00215	0.00345	0.05409	0.12978	0.00635
8	0.01076	0.00819	0.01011	0.00993	0.01181	0.00814	0.00763	0.01618	0.12426	0.02517	0.41249	0.12077	0.09379	0.01483	0.00814	0.00238	0.00405	0.09728	0.00709	0.00698
9	0.02007	0.01479	0.01658	0.01283	0.01781	0.01485	0.01040	0.34366	0.04828	0.06691	0.12416	0.02182	0.02000	0.00828	0.00654	0.00179	0.00601	0.00662	0.00625	0.23234
10	0.13999	0.49958	0.10903	0.01368	0.01986	0.02313	0.07328	0.02069	0.01381	0.01950	0.01021	0.01205	0.00870	0.00599	0.00493	0.00172	0.00769	0.00422	0.00317	0.00876

[dist]
# distance from previous block
# <min> <max>
0	1

[block]
# block no. 6 follows, 31 sequences, length 6
# corresponding to MSA columns:
# 572-577
name=unknown_G
#
# <colnr> <probs for GDERKNQSTAVLIFYWHMCP>
#	G	D	E	R	K	N	Q	S	T	A	V	L	I	F	Y	W	H	M	C	P
0	0.07401	0.23127	0.19034	0.01853	0.02520	0.11000	0.18555	0.05146	0.01592	0.02114	0.01167	0.01407	0.00919	0.00627	0.00612	0.00195	0.00952	0.00529	0.00339	0.00912
1	0.01754	0.64414	0.14882	0.01299	0.01954	0.02524	0.01393	0.02068	0.01399	0.01701	0.00997	0.01154	0.00876	0.00596	0.00474	0.00158	0.00778	0.00389	0.00292	0.00900
2	0.01021	0.00700	0.00877	0.00896	0.01059	0.00633	0.00664	0.01243	0.01637	0.06197	0.27255	0.26421	0.20974	0.01702	0.00830	0.00244	0.00386	0.05945	0.00687	0.00631
3	0.00992	0.00675	0.00808	0.00808	0.00829	0.00697	0.00491	0.01034	0.01013	0.01372	0.02099	0.04165	0.02352	0.63606	0.15647	0.00739	0.00867	0.00949	0.00406	0.00449
4	0.00852	0.00633	0.00794	0.00884	0.00984	0.00576	0.00613	0.01018	0.01470	0.01941	0.16195	0.49182	0.18497	0.01930	0.00848	0.00257	0.00374	0.01719	0.00656	0.00576
5	0.01419	0.01216	0.01419	0.01013	0.01621	0.00912	0.00811	0.01723	0.01419	0.02229	0.01216	0.01419	0.01013	0.00507	0.00507	0.00101	0.00507	0.00405	0.00405	0.80139

[dist]
# distance from previous block
# <min> <max>
0	1

[block]
# block no. 7 follows, 31 sequences, length 74
# corresponding to MSA columns:
# 579-652
name=unknown_H
#
# <colnr> <probs for GDERKNQSTAVLIFYWHMCP>
#	G	D	E	R	K	N	Q	S	T	A	V	L	I	F	Y	W	H	M	C	P
0	0.02145	0.01459	0.01678	0.01253	0.01825	0.01366	0.01023	0.26440	0.02166	0.15698	0.01640	0.01665	0.01191	0.00682	0.00604	0.00159	0.00609	0.00533	0.00586	0.37279
1	0.27094	0.16713	0.23712	0.05027	0.02182	0.10961	0.01507	0.02146	0.01404	0.02265	0.01064	0.01262	0.00833	0.00641	0.00534	0.00197	0.00826	0.00432	0.00342	0.00858
2	0.16089	0.44614	0.12694	0.01296	0.01887	0.09951	0.01302	0.02132	0.01416	0.01959	0.01002	0.01164	0.00852	0.00616	0.00485	0.00171	0.00789	0.00395	0.00322	0.00863
3	0.01055	0.00707	0.00851	0.00855	0.01040	0.00624	0.00625	0.01251	0.01597	0.08419	0.18818	0.26994	0.31215	0.01709	0.00817	0.00240	0.00379	0.01486	0.00679	0.00638
4	0.00887	0.00627	0.00817	0.00929	0.00982	0.00594	0.00629	0.01020	0.01344	0.01806	0.10661	0.53685	0.04391	0.13094	0.01261	0.00331	0.00442	0.05337	0.00614	0.00548
5	0.00936	0.00680	0.00860	0.00849	0.00983	0.00627	0.00611	0.01184	0.01721	0.02380	0.48837	0.15843	0.11806	0.08348	0.01061	0.00267	0.00367	0.01341	0.00693	0.00605
6	0.02232	0.02712	0.01913	0.08315	0.02275	0.53074	0.01341	0.02444	0.01754	0.01732	0.01073	0.01330	0.00898	0.00729	0.00763	0.00185	0.07926	0.00467	0.00348	0.08487
7	0.01004	0.00679	0.00862	0.00893	0.01025	0.00624	0.00634	0.01194	0.01535	0.05913	0.22853	0.34688	0.15313	0.06089	0.03181	0.00296	0.00437	0.01508	0.00659	0.00612
8	0.01912	0.08371	0.06615	0.01892	0.08547	0.01570	0.13296	0.08940	0.01691	0.16606	0.03797	0.04494	0.01481	0.01159	0.05565	0.02623	0.09312	0.00704	0.00491	0.00933
9	0.01510	0.25515	0.51643	0.01715	0.02597	0.01926	0.02118	0.02131	0.01428	0.01999	0.01144	0.01340	0.00870	0.00630	0.00586	0.00195	0.00927	0.00463	0.00290	0.00971
10	0.02138	0.01796	0.01586	0.01340	0.01709	0.18331	0.01059	0.29288	0.02258	0.05035	0.01695	0.01880	0.01304	0.01182	0.07242	0.00269	0.00855	0.00593	0.19538	0.00900
11	0.01649	0.01725	0.10634	0.13071	0.17951	0.01574	0.11306	0.10219	0.09892	0.04335	0.01707	0.05958	0.01394	0.01000	0.04306	0.00265	0.00881	0.00728	0.00444	0.00963
12	0.01887	0.20133	0.19761	0.01983	0.05972	0.12109	0.15915	0.06658	0.01686	0.05845	0.01279	0.01489	0.00982	0.00647	0.00634	0.00195	0.00957	0.00549	0.00369	0.00951
13	0.06341	0.08213	0.14699	0.01745	0.08513	0.01489	0.07595	0.10273	0.01851	0.18612	0.11875	0.02220	0.01941	0.00809	0.00672	0.00208	0.00725	0.00686	0.00550	0.00983
14	0.00846	0.00664	0.00753	0.00792	0.00945	0.00585	0.00563	0.01012	0.01500	0.01897	0.13584	0.26353	0.39958	0.06175	0.00984	0.00268	0.00377	0.01538	0.00637	0.00570
15	0.01048	0.09481	0.04717	0.01037	0.01224	0.00928	0.00813	0.03146	0.02968	0.01898	0.06364	0.52882	0.07392	0.01772	0.00797	0.00251	0.00473	0.01572	0.00587	0.00649
16	0.05955	0.11534	0.04155	0.04190	0.12181	0.20388	0.01402	0.11922	0.05359	0.04354	0.04294	0.01650	0.01270	0.00778	0.00771	0.00202	0.07688	0.00557	0.00435	0.00917
17	0.01080	0.00745	0.00945	0.01033	0.01149	0.00735	0.00728	0.01445	0.10166	0.05904	0.03579	0.59917	0.04035	0.01907	0.00842	0.00269	0.00433	0.03773	0.00655	0.00660
18	0.00834	0.00595	0.00794	0.00953	0.00992	0.00556	0.00635	0.00953	0.01310	0.01746	0.03771	0.75510	0.04525	0.02143	0.00873	0.00278	0.00397	0.01945	0.00635	0.00556
19	0.01955	0.51754	0.11390	0.01349	0.01964	0.06843	0.01351	0.10124	0.01667	0.04448	0.01133	0.01254	0.00939	0.00637	0.00513	0.00166	0.00793	0.00428	0.00362	0.00932
20	0.02185	0.02051	0.01762	0.01535	0.01901	0.30294	0.04882	0.08671	0.09781	0.13211	0.02067	0.14800	0.01828	0.01011	0.00699	0.00212	0.00855	0.00821	0.00550	0.00884
21	0.00830	0.00610	0.00779	0.00914	0.00982	0.00559	0.00618	0.00957	0.01347	0.01762	0.04244	0.65198	0.14532	0.02082	0.00864	0.00271	0.00389	0.01870	0.00635	0.00559
22	0.01524	0.01405	0.01467	0.01083	0.01667	0.07596	0.00858	0.01816	0.01467	0.02178	0.01201	0.01402	0.01001	0.00525	0.00517	0.00108	0.00574	0.00409	0.00400	0.72803
23	0.02206	0.09304	0.02065	0.01556	0.01951	0.19258	0.01260	0.29403	0.07390	0.02822	0.01558	0.06023	0.01308	0.00904	0.00846	0.00210	0.09826	0.00640	0.00517	0.00953
24	0.01059	0.00824	0.01009	0.01072	0.01231	0.00849	0.00808	0.01584	0.14881	0.02014	0.03769	0.34367	0.12068	0.02088	0.07534	0.00345	0.00591	0.12607	0.00621	0.00679
25	0.01188	0.00594	0.00891	0.00891	0.00891	0.00594	0.00594	0.00891	0.00891	0.01188	0.01188	0.02080	0.01188	0.02377	0.02674	0.80095	0.00594	0.00594	0.00297	0.00297
26	0.01703	0.01346	0.02140	0.37271	0.22708	0.01491	0.01749	0.02253	0.07895	0.12316	0.01598	0.01929	0.01183	0.00710	0.00684	0.00219	0.00802	0.00635	0.00430	0.00940
27	0.02268	0.17337	0.04455	0.01731	0.05873	0.33316	0.01365	0.10614	0.01869	0.06422	0.01213	0.01380	0.00978	0.00742	0.00747	0.00190	0.07710	0.00488	0.00404	0.00897
28	0.02148	0.02415	0.02199	0.01844	0.02274	0.37022	0.13715	0.02915	0.21938	0.04187	0.01671	0.01764	0.01287	0.00751	0.00677	0.00204	0.00997	0.00613	0.00466	0.00913
29	0.11314	0.01626	0.04119	0.10805	0.21893	0.08155	0.01454	0.02430	0.19367	0.02434	0.08077	0.02125	0.01752	0.00787	0.00657	0.00214	0.00720	0.00662	0.00475	0.00933
30	0.01294	0.00959	0.01061	0.01000	0.01230	0.02739	0.00781	0.07920	0.09687	0.02635	0.25965	0.06520	0.10952	0.01277	0.00736	0.00220	0.00450	0.08577	0.15262	0.00734
31	0.01916	0.01744	0.08344	0.01516	0.02004	0.05870	0.07403	0.20434	0.16101	0.08945	0.10026	0.02676	0.08055	0.00943	0.00715	0.00216	0.00702	0.00792	0.00617	0.00980
32	0.26557	0.30776	0.23525	0.01320	0.01983	0.02001	0.01444	0.02072	0.01335	0.02237	0.01035	0.01206	0.00831	0.00620	0.00498	0.00188	0.00752	0.00409	0.00333	0.00875
33	0.02383	0.02220	0.01823	0.01523	0.01949	0.27012	0.01202	0.34474	0.06287	0.03099	0.01567	0.01653	0.01183	0.00783	0.00638	0.00191	0.00861	0.00565	0.09619	0.00968
34	0.01633	0.00879	0.00936	0.00831	0.01082	0.00897	0.00650	0.12128	0.01753	0.08827	0.02182	0.02392	0.01658	0.00805	0.00528	0.00171	0.00408	0.00639	0.60839	0.00764
