[name]
unknown

[dist]
# distance from previous block
# <min> <max>
5	220

[block]
# block no. 0 follows, 33 sequences, length 139
# corresponding to MSA columns:
# 221-359
name=unknown_A
#
# <colnr> <probs for GDERKNQSTAVLIFYWHMCP>
#	G	D	E	R	K	N	Q	S	T	A	V	L	I	F	Y	W	H	M	C	P
0	0.01745	0.13378	0.05370	0.01262	0.01634	0.16195	0.01075	0.04733	0.10135	0.09180	0.02481	0.03192	0.09761	0.05673	0.00826	0.00234	0.00719	0.11104	0.00503	0.00800
1	0.10993	0.17364	0.02406	0.01706	0.06379	0.13445	0.11902	0.17348	0.01857	0.02475	0.03260	0.01792	0.01234	0.00727	0.00606	0.00192	0.00815	0.04192	0.00430	0.00878
2	0.06820	0.20021	0.08137	0.01785	0.02329	0.21314	0.20381	0.02301	0.03541	0.05690	0.01217	0.01419	0.00954	0.00622	0.00601	0.00186	0.00942	0.00527	0.00358	0.00857
3	0.01715	0.44811	0.12444	0.01638	0.02258	0.08134	0.16755	0.02071	0.01436	0.01748	0.01051	0.01270	0.00878	0.00579	0.00542	0.00170	0.00869	0.00470	0.00297	0.00864
4	0.00957	0.00638	0.00718	0.00718	0.00718	0.00638	0.00399	0.00957	0.00957	0.01276	0.02074	0.04308	0.02393	0.76864	0.03351	0.00638	0.00638	0.00957	0.00399	0.00399
5	0.01521	0.01943	0.11686	0.02618	0.03284	0.01668	0.59038	0.02079	0.01507	0.02079	0.01290	0.01714	0.00973	0.00594	0.00832	0.00224	0.05004	0.00733	0.00324	0.00889
6	0.01495	0.01461	0.02014	0.01717	0.01744	0.02018	0.01431	0.05116	0.01115	0.01716	0.00901	0.01447	0.00877	0.01134	0.02084	0.00283	0.71822	0.00577	0.00307	0.00741
7	0.00779	0.00662	0.00672	0.00680	0.00893	0.00555	0.00506	0.00943	0.01488	0.01773	0.06513	0.09925	0.69001	0.01688	0.00781	0.00225	0.00336	0.01414	0.00611	0.00555
8	0.00799	0.00584	0.00753	0.00888	0.00947	0.00537	0.00599	0.00920	0.01288	0.01692	0.03974	0.68474	0.12091	0.02018	0.00833	0.00262	0.00376	0.01817	0.00611	0.00537
9	0.01243	0.01170	0.01975	0.75282	0.04534	0.01463	0.01828	0.01682	0.01316	0.01682	0.01170	0.01755	0.00878	0.00658	0.00658	0.00219	0.00878	0.00585	0.00293	0.00731
10	0.00846	0.00679	0.00762	0.00767	0.00965	0.00594	0.00592	0.01062	0.01588	0.02003	0.21790	0.06125	0.49080	0.01609	0.00793	0.00228	0.00359	0.08943	0.00637	0.00577
11	0.01047	0.00915	0.00980	0.03851	0.01275	0.08971	0.00801	0.01209	0.01371	0.01717	0.03217	0.54431	0.03738	0.01815	0.00816	0.00260	0.00527	0.11911	0.00567	0.00579
12	0.02459	0.03138	0.01866	0.01696	0.02035	0.74221	0.01272	0.02629	0.01866	0.01611	0.01018	0.01187	0.00848	0.00678	0.00594	0.00170	0.01187	0.00424	0.00339	0.00763
13	0.01637	0.01414	0.01489	0.01340	0.01712	0.01637	0.01042	0.03498	0.71568	0.02754	0.02679	0.02456	0.02010	0.00893	0.00670	0.00223	0.00521	0.00744	0.00670	0.01042
14	0.02459	0.03138	0.01866	0.01696	0.02035	0.74221	0.01272	0.02629	0.01866	0.01611	0.01018	0.01187	0.00848	0.00678	0.00594	0.00170	0.01187	0.00424	0.00339	0.00763
15	0.00911	0.00661	0.00859	0.00832	0.00977	0.00609	0.00615	0.01194	0.01781	0.02499	0.62124	0.13092	0.08497	0.01439	0.00784	0.00214	0.00320	0.01275	0.00708	0.00609
16	0.01710	0.68874	0.11399	0.01212	0.01821	0.02483	0.01275	0.01984	0.01344	0.01610	0.00945	0.01094	0.00844	0.00570	0.00445	0.00148	0.00735	0.00367	0.00281	0.00859
17	0.81514	0.01273	0.00968	0.00866	0.01273	0.01477	0.00713	0.01935	0.01120	0.02954	0.00917	0.01069	0.00713	0.00611	0.00407	0.00204	0.00509	0.00356	0.00407	0.00713
18	0.01371	0.01291	0.02132	0.51603	0.22684	0.01501	0.01832	0.01885	0.05684	0.01874	0.01281	0.01764	0.00992	0.00653	0.00657	0.00213	0.00830	0.00595	0.00325	0.00834
19	0.01384	0.02790	0.48663	0.06652	0.03126	0.01565	0.22313	0.02067	0.01433	0.02067	0.01225	0.01525	0.00885	0.00607	0.00672	0.00213	0.01007	0.00578	0.00295	0.00933
20	0.01629	0.01564	0.02672	0.04041	0.72757	0.01564	0.02020	0.02020	0.01499	0.02151	0.01238	0.01629	0.01043	0.00587	0.00652	0.00196	0.00782	0.00587	0.00326	0.01043
21	0.00892	0.00671	0.00825	0.00786	0.00959	0.00604	0.00590	0.01165	0.01770	0.02417	0.55404	0.05284	0.23357	0.01429	0.00777	0.00211	0.00316	0.01242	0.00695	0.00604
22	0.01158	0.00858	0.01044	0.01012	0.01200	0.00889	0.00779	0.01750	0.19485	0.02239	0.26438	0.04270	0.08893	0.01492	0.01084	0.14341	0.00458	0.11340	0.00607	0.00663
23	0.00910	0.00762	0.00925	0.00881	0.01048	0.00776	0.00682	0.01115	0.01452	0.01898	0.18991	0.04905	0.39577	0.02046	0.12270	0.00356	0.09102	0.01150	0.00558	0.00593
24	0.02954	0.01120	0.01528	0.01171	0.01681	0.00968	0.00968	0.03208	0.01884	0.73213	0.02597	0.02241	0.01630	0.00815	0.00662	0.00204	0.00560	0.00662	0.00815	0.01120
25	0.00802	0.00573	0.00764	0.00917	0.00955	0.00535	0.00611	0.00917	0.01260	0.01681	0.03628	0.76434	0.04354	0.02062	0.00840	0.00267	0.00382	0.01872	0.00611	0.00535
26	0.01637	0.01414	0.01489	0.01340	0.01712	0.01637	0.01042	0.03498	0.71568	0.02754	0.02679	0.02456	0.02010	0.00893	0.00670	0.00223	0.00521	0.00744	0.00670	0.01042
27	0.02954	0.01120	0.01528	0.01171	0.01681	0.00968	0.00968	0.03208	0.01884	0.73213	0.02597	0.02241	0.01630	0.00815	0.00662	0.00204	0.00560	0.00662	0.00815	0.01120
28	0.00778	0.00667	0.00667	0.00667	0.00889	0.00556	0.00500	0.00945	0.01501	0.01778	0.06669	0.06336	0.72490	0.01667	0.00778	0.00222	0.00333	0.01389	0.00611	0.00556
29	0.01386	0.01316	0.02233	0.48868	0.29829	0.01500	0.01900	0.01807	0.01384	0.01856	0.01195	0.01709	0.00939	0.00632	0.00656	0.00211	0.00842	0.00586	0.00305	0.00847
30	0.81514	0.01273	0.00968	0.00866	0.01273	0.01477	0.00713	0.01935	0.01120	0.02954	0.00917	0.01069	0.00713	0.00611	0.00407	0.00204	0.00509	0.00356	0.00407	0.00713
31	0.00824	0.00669	0.00730	0.00715	0.00917	0.00575	0.00536	0.01033	0.01608	0.02034	0.26172	0.05915	0.52828	0.01572	0.00778	0.00218	0.00327	0.01330	0.00645	0.00575
32	0.81514	0.01273	0.00968	0.00866	0.01273	0.01477	0.00713	0.01935	0.01120	0.02954	0.00917	0.01069	0.00713	0.00611	0.00407	0.00204	0.00509	0.00356	0.00407	0.00713
33	0.01303	0.01231	0.02083	0.64238	0.15110	0.01478	0.01858	0.01734	0.01345	0.01755	0.01181	0.01736	0.00903	0.00647	0.00657	0.00216	0.00863	0.00585	0.00298	0.00780
34	0.01243	0.01170	0.01975	0.75282	0.04534	0.01463	0.01828	0.01682	0.01316	0.01682	0.01170	0.01755	0.00878	0.00658	0.00658	0.00219	0.00878	0.00585	0.00293	0.00731
35	0.00952	0.00680	0.00827	0.00873	0.00970	0.00657	0.00640	0.01098	0.01292	0.01680	0.08230	0.07570	0.15157	0.33765	0.01917	0.00425	0.00547	0.21684	0.00527	0.00508
36	0.02747	0.01451	0.01733	0.01328	0.01846	0.01459	0.01097	0.33996	0.02438	0.41644	0.02132	0.01939	0.01396	0.00804	0.00660	0.00201	0.00635	0.00630	0.00743	0.01120
37	0.02027	0.01839	0.01536	0.01358	0.01718	0.23452	0.01050	0.06851	0.31271	0.09807	0.02044	0.01999	0.01530	0.00800	0.00621	0.00196	0.00714	0.00615	0.09651	0.00922
38	0.00962	0.00657	0.00836	0.00854	0.00994	0.00596	0.00616	0.01174	0.01580	0.05758	0.32644	0.32084	0.15499	0.01640	0.00795	0.00232	0.00354	0.01452	0.00669	0.00604
39	0.01093	0.00721	0.00858	0.00795	0.01020	0.00631	0.00606	0.01332	0.01703	0.10268	0.35058	0.05248	0.35357	0.01429	0.00764	0.00213	0.00349	0.01220	0.00684	0.00649
40	0.01227	0.00614	0.00614	0.00614	0.00767	0.00614	0.00460	0.01534	0.01381	0.02454	0.02148	0.02454	0.01687	0.00767	0.00460	0.00153	0.00307	0.00614	0.80518	0.00614
41	0.01586	0.01519	0.02593	0.12130	0.65010	0.01553	0.01999	0.01982	0.01478	0.02098	0.01231	0.01644	0.01024	0.00595	0.00652	0.00198	0.00793	0.00586	0.00322	0.01007
42	0.01498	0.01800	0.13953	0.03174	0.43592	0.01478	0.12539	0.01965	0.01527	0.02183	0.08466	0.01948	0.01527	0.00665	0.00680	0.00203	0.00815	0.00661	0.00360	0.00965
43	0.02937	0.01148	0.01545	0.01184	0.01694	0.01008	0.00978	0.05745	0.01930	0.70612	0.02559	0.02216	0.01610	0.00814	0.00662	0.00203	0.00566	0.00659	0.00809	0.01120
44	0.27519	0.32897	0.10353	0.01216	0.01741	0.13221	0.01164	0.02074	0.01355	0.02072	0.00962	0.01119	0.00802	0.00604	0.00467	0.00173	0.00747	0.00380	0.00331	0.00804
45	0.00868	0.00670	0.00791	0.00761	0.00944	0.00594	0.00571	0.01119	0.01713	0.02282	0.45075	0.05507	0.33770	0.01480	0.00777	0.00213	0.00320	0.01273	0.00678	0.00594
46	0.01843	0.68497	0.03262	0.01194	0.01731	0.11072	0.01144	0.02049	0.01400	0.01556	0.00927	0.01072	0.00845	0.00577	0.00443	0.00144	0.00761	0.00361	0.00288	0.00835
47	0.01238	0.00987	0.01140	0.01016	0.01309	0.00961	0.00773	0.06766	0.15912	0.02427	0.20860	0.17313	0.08686	0.01207	0.00702	0.00201	0.00434	0.01045	0.00613	0.16411
48	0.02033	0.08195	0.01851	0.04117	0.01945	0.25657	0.01169	0.14589	0.26292	0.02437	0.01725	0.01804	0.01349	0.03114	0.00705	0.00207	0.00807	0.00581	0.00505	0.00917
49	0.01606	0.01540	0.02629	0.08420	0.68564	0.01558	0.02009	0.02000	0.01488	0.02122	0.01234	0.01637	0.01033	0.00591	0.00652	0.00197	0.00788	0.00586	0.00324	0.01024
50	0.01243	0.01170	0.01975	0.75282	0.04534	0.01463	0.01828	0.01682	0.01316	0.01682	0.01170	0.01755	0.00878	0.00658	0.00658	0.00219	0.00878	0.00585	0.00293	0.00731
51	0.02954	0.01120	0.01528	0.01171	0.01681	0.00968	0.00968	0.03208	0.01884	0.73213	0.02597	0.02241	0.01630	0.00815	0.00662	0.00204	0.00560	0.00662	0.00815	0.01120
52	0.81514	0.01273	0.00968	0.00866	0.01273	0.01477	0.00713	0.01935	0.01120	0.02954	0.00917	0.01069	0.00713	0.00611	0.00407	0.00204	0.00509	0.00356	0.00407	0.00713
53	0.01368	0.03070	0.59158	0.02061	0.02971	0.01557	0.16392	0.02090	0.01424	0.02090	0.01212	0.01469	0.00868	0.00611	0.00657	0.00211	0.01001	0.00546	0.00289	0.00955
54	0.00818	0.00584	0.00782	0.00935	0.00980	0.00548	0.00639	0.00944	0.01276	0.01698	0.03620	0.72192	0.04319	0.02047	0.00845	0.00270	0.00396	0.05956	0.00611	0.00539
55	0.01856	0.01606	0.01674	0.01548	0.05833	0.05831	0.01152	0.16704	0.50013	0.02932	0.02285	0.02163	0.01712	0.00843	0.00662	0.00214	0.00614	0.00687	0.00629	0.01042
56	0.01927	0.01566	0.04767	0.05434	0.02266	0.06920	0.17004	0.02736	0.22203	0.20010	0.02148	0.06621	0.01636	0.00829	0.00695	0.00216	0.00743	0.00758	0.00566	0.00955
57	0.01594	0.48753	0.28401	0.01411	0.02105	0.02204	0.01602	0.02001	0.01347	0.01741	0.01009	0.01186	0.00841	0.00602	0.00544	0.00169	0.02916	0.00406	0.00280	0.00887
58	0.01333	0.05582	0.71390	0.01854	0.02815	0.01561	0.02394	0.02082	0.01388	0.02069	0.01174	0.01380	0.00834	0.00624	0.00619	0.00206	0.00965	0.00483	0.00278	0.00969
59	0.00793	0.00667	0.00688	0.00683	0.00898	0.00562	0.00512	0.00974	0.01536	0.01862	0.13080	0.06197	0.66026	0.01636	0.00778	0.00221	0.00331	0.01370	0.00622	0.00562
60	0.04264	0.05627	0.14554	0.01707	0.02218	0.40368	0.04989	0.14524	0.01945	0.02203	0.01156	0.01315	0.00898	0.00677	0.00609	0.00184	0.01028	0.00478	0.00384	0.00871
61	0.01698	0.01747	0.02439	0.14668	0.51268	0.12812	0.01875	0.02063	0.01528	0.01995	0.01194	0.01580	0.00987	0.00612	0.00644	0.00195	0.00860	0.00561	0.00323	0.00951
62	0.00831	0.00643	0.00758	0.00784	0.00936	0.00570	0.00567	0.01028	0.01545	0.02014	0.25816	0.24980	0.33812	0.01677	0.00795	0.00230	0.00340	0.01460	0.00646	0.00570
63	0.01053	0.00841	0.01243	0.01068	0.01297	0.00800	0.08557	0.01482	0.06085	0.02557	0.55659	0.04354	0.06954	0.01215	0.00758	0.00208	0.00415	0.01100	0.03679	0.00675
64	0.02277	0.01180	0.01544	0.01291	0.01657	0.01222	0.01064	0.02797	0.13736	0.41857	0.02444	0.02743	0.01822	0.00995	0.00924	0.00231	0.12201	0.08346	0.00684	0.00986
65	0.00778	0.00667	0.00667	0.00667	0.00889	0.00556	0.00500	0.00945	0.01501	0.01778	0.06669	0.06336	0.72490	0.01667	0.00778	0.00222	0.00333	0.01389	0.00611	0.00556
66	0.01160	0.00747	0.00933	0.00914	0.01134	0.00676	0.00735	0.01414	0.01655	0.10813	0.24220	0.05705	0.27349	0.01509	0.00797	0.00236	0.00424	0.18255	0.00667	0.00656
67	0.11836	0.01820	0.05456	0.01467	0.01957	0.10971	0.05413	0.22661	0.14348	0.14854	0.01757	0.01736	0.01256	0.00754	0.00628	0.00202	0.00731	0.00587	0.00576	0.00989
68	0.02308	0.05945	0.02145	0.01637	0.02112	0.22087	0.09050	0.26926	0.08919	0.10025	0.01570	0.01617	0.01153	0.00733	0.00643	0.00193	0.00860	0.00576	0.00530	0.00972
69	0.01365	0.01170	0.01365	0.00975	0.01560	0.00878	0.00780	0.01658	0.01365	0.02145	0.01170	0.01365	0.00975	0.00488	0.00488	0.00098	0.00488	0.00390	0.00390	0.80888
70	0.01886	0.01647	0.14273	0.01486	0.01994	0.01332	0.07892	0.11066	0.15508	0.20381	0.02275	0.13453	0.01861	0.00961	0.00695	0.00219	0.00671	0.00836	0.00595	0.00966
71	0.10627	0.09430	0.06924	0.06058	0.03043	0.01722	0.48491	0.02052	0.01462	0.02125	0.01227	0.01602	0.00936	0.00571	0.00685	0.00211	0.00982	0.00662	0.00331	0.00860
72	0.00953	0.00649	0.00773	0.00768	0.00797	0.00657	0.00470	0.01011	0.01061	0.01443	0.09176	0.04174	0.02696	0.61033	0.11141	0.00642	0.00733	0.00952	0.00427	0.00443
73	0.01745	0.01730	0.02341	0.03002	0.41898	0.12706	0.05910	0.07606	0.01691	0.02202	0.01551	0.02373	0.01398	0.00787	0.00687	0.00208	0.00836	0.09999	0.00394	0.00936
74	0.00790	0.00667	0.00683	0.00679	0.00897	0.00561	0.00510	0.00968	0.01529	0.01846	0.11788	0.06225	0.67329	0.01642	0.00778	0.00221	0.00332	0.01374	0.00620	0.00561
75	0.01365	0.01170	0.01365	0.00975	0.01560	0.00878	0.00780	0.01658	0.01365	0.02145	0.01170	0.01365	0.00975	0.00488	0.00488	0.00098	0.00488	0.00390	0.00390	0.80888
76	0.01894	0.10895	0.01801	0.01279	0.01659	0.01652	0.01052	0.22563	0.16628	0.09909	0.06391	0.02301	0.05313	0.02804	0.02595	0.02443	0.06627	0.00688	0.00578	0.00925
77	0.01112	0.00592	0.00889	0.00889	0.00907	0.00611	0.00611	0.00907	0.00889	0.01203	0.01239	0.02091	0.01221	0.02696	0.13632	0.68537	0.00756	0.00592	0.00296	0.00332
78	0.00985	0.00670	0.00810	0.00850	0.00891	0.00670	0.00576	0.01066	0.01107	0.01462	0.02452	0.05143	0.02767	0.56765	0.02697	0.00548	0.00630	0.19001	0.00454	0.00454
79	0.00829	0.00587	0.00753	0.00875	0.00912	0.00553	0.00571	0.00925	0.01214	0.01612	0.03437	0.61948	0.05821	0.15144	0.01278	0.00331	0.00426	0.01699	0.00574	0.00512
80	0.02459	0.03138	0.01866	0.01696	0.02035	0.74221	0.01272	0.02629	0.01866	0.01611	0.01018	0.01187	0.00848	0.00678	0.00594	0.00170	0.01187	0.00424	0.00339	0.00763
81	0.01243	0.01170	0.01975	0.75282	0.04534	0.01463	0.01828	0.01682	0.01316	0.01682	0.01170	0.01755	0.00878	0.00658	0.00658	0.00219	0.00878	0.00585	0.00293	0.00731
82	0.01503	0.01614	0.03278	0.17949	0.15798	0.01606	0.44270	0.02005	0.01495	0.02028	0.01282	0.01746	0.00982	0.00582	0.00731	0.00217	0.01005	0.00704	0.00323	0.00883
83	0.01571	0.01505	0.02568	0.14724	0.62526	0.01549	0.01992	0.01970	0.01472	0.02080	0.01228	0.01648	0.01018	0.00597	0.00653	0.00199	0.00796	0.00586	0.00321	0.00996
84	0.01760	0.77260	0.03450	0.01126	0.01690	0.02605	0.01126	0.01971	0.01338	0.01549	0.00915	0.01056	0.00845	0.00563	0.00422	0.00141	0.00704	0.00352	0.00282	0.00845
85	0.00991	0.00798	0.01017	0.00959	0.01112	0.00843	0.00739	0.01315	0.05128	0.02161	0.35031	0.06939	0.18171	0.01892	0.11154	0.00341	0.09087	0.01095	0.00593	0.00633
86	0.01551	0.01475	0.02503	0.11827	0.61468	0.01505	0.01927	0.01943	0.01497	0.02123	0.04875	0.01812	0.01289	0.00633	0.00659	0.00199	0.00769	0.00617	0.00343	0.00986
87	0.01600	0.50425	0.28886	0.01399	0.02111	0.02214	0.01601	0.02013	0.01357	0.01744	0.01012	0.01177	0.00841	0.00586	0.00496	0.00165	0.00802	0.00401	0.00280	0.00891
88	0.81514	0.01273	0.00968	0.00866	0.01273	0.01477	0.00713	0.01935	0.01120	0.02954	0.00917	0.01069	0.00713	0.00611	0.00407	0.00204	0.00509	0.00356	0.00407	0.00713
89	0.01587	0.01492	0.02428	0.03537	0.60278	0.01515	0.01823	0.02140	0.09478	0.02249	0.05777	0.01925	0.01470	0.00668	0.00661	0.00199	0.00723	0.00642	0.00389	0.01017
90	0.01944	0.02037	0.01745	0.01535	0.01808	0.29390	0.01205	0.13088	0.09687	0.02126	0.01381	0.01658	0.01149	0.01468	0.12276	0.00340	0.15368	0.00560	0.00420	0.00816
91	0.01280	0.01130	0.01828	0.12961	0.33218	0.01164	0.01476	0.01591	0.01406	0.01923	0.02139	0.18223	0.02225	0.03985	0.00837	0.00249	0.00677	0.12461	0.00431	0.00794
92	0.01440	0.01440	0.02016	0.01728	0.01728	0.02016	0.01440	0.01584	0.01008	0.01584	0.00864	0.01440	0.00864	0.01152	0.02160	0.00288	0.75659	0.00576	0.00288	0.00720
93	0.01326	0.01280	0.01166	0.01106	0.01318	0.15407	0.00835	0.01794	0.11797	0.02219	0.30429	0.12008	0.09902	0.01269	0.00771	0.00216	0.02385	0.03473	0.00603	0.00697
94	0.01614	0.01181	0.01311	0.01142	0.01483	0.01257	0.00896	0.11524	0.30964	0.09896	0.16761	0.03400	0.13600	0.01080	0.00705	0.00215	0.00482	0.00903	0.00685	0.00903
95	0.02817	0.01340	0.01664	0.01276	0.01790	0.01294	0.01054	0.23677	0.02252	0.52225	0.02288	0.02040	0.01475	0.00807	0.00661	0.00202	0.00610	0.00641	0.00767	0.01120
96	0.02356	0.02983	0.02095	0.01818	0.02195	0.65982	0.09118	0.02570	0.01830	0.01668	0.01053	0.01254	0.00865	0.00664	0.00614	0.00176	0.01178	0.00464	0.00338	0.00777
97	0.14059	0.01664	0.02169	0.01730	0.02177	0.14369	0.23170	0.02269	0.04837	0.12797	0.01799	0.06007	0.01522	0.00845	0.00682	0.00218	0.00834	0.07541	0.00475	0.00834
98	0.00810	0.00579	0.00771	0.00911	0.00957	0.00540	0.00612	0.00937	0.01297	0.01740	0.07856	0.72038	0.04468	0.02018	0.00836	0.00264	0.00378	0.01830	0.00618	0.00540
99	0.01692	0.65866	0.14250	0.01242	0.01869	0.02439	0.01328	0.01989	0.01346	0.01632	0.00956	0.01108	0.00843	0.00573	0.00454	0.00151	0.00746	0.00373	0.00281	0.00865
100	0.02234	0.01530	0.01672	0.01345	0.01791	0.03525	0.01088	0.35531	0.16210	0.16070	0.10008	0.02241	0.01958	0.00875	0.00673	0.00204	0.00620	0.00698	0.00688	0.01038
101	0.01442	0.00890	0.01081	0.00956	0.01197	0.00904	0.00748	0.12186	0.01823	0.09655	0.27934	0.03226	0.03255	0.01635	0.12067	0.00325	0.00624	0.00842	0.18469	0.00741
102	0.00872	0.00573	0.00783	0.00905	0.00935	0.00542	0.00603	0.00905	0.01178	0.01571	0.03122	0.61272	0.03700	0.02108	0.01193	0.16682	0.00421	0.01607	0.00545	0.00484
103	0.01243	0.01170	0.01975	0.75282	0.04534	0.01463	0.01828	0.01682	0.01316	0.01682	0.01170	0.01755	0.00878	0.00658	0.00658	0.00219	0.00878	0.00585	0.00293	0.00731
104	0.01409	0.18296	0.59339	0.01725	0.02615	0.01746	0.02169	0.02062	0.01379	0.01977	0.01128	0.01323	0.00836	0.00613	0.00585	0.00195	0.00919	0.00459	0.00279	0.00947
105	0.01760	0.77260	0.03450	0.01126	0.01690	0.02605	0.01126	0.01971	0.01338	0.01549	0.00915	0.01056	0.00845	0.00563	0.00422	0.00141	0.00704	0.00352	0.00282	0.00845
106	0.00823	0.00582	0.00758	0.00890	0.00923	0.00548	0.00583	0.00922	0.01220	0.01627	0.03422	0.66872	0.04094	0.11979	0.01173	0.00317	0.00416	0.01750	0.00583	0.00517
107	0.01320	0.03405	0.73453	0.01876	0.02849	0.01529	0.02432	0.02085	0.01390	0.02085	0.01181	0.01390	0.00834	0.00625	0.00625	0.00208	0.00973	0.00486	0.00278	0.00973
108	0.01243	0.01170	0.01975	0.75282	0.04534	0.01463	0.01828	0.01682	0.01316	0.01682	0.01170	0.01755	0.00878	0.00658	0.00658	0.00219	0.00878	0.00585	0.00293	0.00731
109	0.00884	0.00632	0.00858	0.01011	0.01085	0.00606	0.00754	0.01059	0.01342	0.01773	0.03583	0.54492	0.04174	0.01985	0.00862	0.00279	0.00453	0.23002	0.00610	0.00557
110	0.01629	0.01564	0.02672	0.04041	0.72757	0.01564	0.02020	0.02020	0.01499	0.02151	0.01238	0.01629	0.01043	0.00587	0.00652	0.00196	0.00782	0.00587	0.00326	0.01043
111	0.01629	0.01564	0.02672	0.04041	0.72757	0.01564	0.02020	0.02020	0.01499	0.02151	0.01238	0.01629	0.01043	0.00587	0.00652	0.00196	0.00782	0.00587	0.00326	0.01043
112	0.00927	0.00715	0.00874	0.00954	0.01139	0.00662	0.00795	0.01165	0.01508	0.01879	0.04995	0.06909	0.36357	0.01747	0.00847	0.00265	0.00477	0.36594	0.00609	0.00582
113	0.01263	0.01190	0.02010	0.71634	0.08028	0.01468	0.01838	0.01699	0.01326	0.01706	0.01174	0.01749	0.00886	0.00655	0.00658	0.00218	0.00873	0.00585	0.00294	0.00747
114	0.01217	0.00852	0.01008	0.01011	0.01168	0.00869	0.00732	0.16012	0.01670	0.02301	0.03018	0.51884	0.03353	0.01641	0.00758	0.00239	0.00447	0.01453	0.09695	0.00670
115	0.01619	0.01737	0.01990	0.01723	0.01782	0.14654	0.01411	0.01767	0.01158	0.01589	0.00891	0.01396	0.00861	0.01069	0.01886	0.00267	0.62625	0.00549	0.00297	0.00728
116	0.01243	0.01170	0.01975	0.75282	0.04534	0.01463	0.01828	0.01682	0.01316	0.01682	0.01170	0.01755	0.00878	0.00658	0.00658	0.00219	0.00878	0.00585	0.00293	0.00731
117	0.81514	0.01273	0.00968	0.00866	0.01273	0.01477	0.00713	0.01935	0.01120	0.02954	0.00917	0.01069	0.00713	0.00611	0.00407	0.00204	0.00509	0.00356	0.00407	0.00713
118	0.00802	0.00573	0.00764	0.00917	0.00955	0.00535	0.00611	0.00917	0.01260	0.01681	0.03628	0.76434	0.04354	0.02062	0.00840	0.00267	0.00382	0.01872	0.00611	0.00535
119	0.01243	0.01170	0.01975	0.75282	0.04534	0.01463	0.01828	0.01682	0.01316	0.01682	0.01170	0.01755	0.00878	0.00658	0.00658	0.00219	0.00878	0.00585	0.00293	0.00731
120	0.01440	0.01440	0.02016	0.01728	0.01728	0.02016	0.01440	0.01584	0.01008	0.01584	0.00864	0.01440	0.00864	0.01152	0.02160	0.00288	0.75659	0.00576	0.00288	0.00720
121	0.01096	0.00929	0.01334	0.01244	0.01318	0.01181	0.00988	0.01289	0.01036	0.01530	0.01504	0.02338	0.01450	0.08188	0.47598	0.00794	0.24550	0.00681	0.00336	0.00617
122	0.01144	0.00572	0.00858	0.00858	0.00858	0.00572	0.00572	0.00858	0.00858	0.01144	0.01144	0.02001	0.01144	0.02287	0.02573	0.80846	0.00572	0.00572	0.00286	0.00286
123	0.75398	0.01384	0.01040	0.00925	0.01332	0.05217	0.00756	0.03767	0.01210	0.02916	0.00939	0.01089	0.00731	0.00619	0.00424	0.00202	0.00550	0.00366	0.00410	0.00726
124	0.00826	0.00592	0.00771	0.00885	0.00941	0.00552	0.00595	0.00959	0.01322	0.01773	0.11774	0.61019	0.06910	0.06561	0.00985	0.00281	0.00388	0.01717	0.00611	0.00537
125	0.01366	0.01295	0.02196	0.52680	0.26178	0.01495	0.01889	0.01789	0.01374	0.01831	0.01192	0.01715	0.00930	0.00635	0.00656	0.00212	0.00847	0.00586	0.00303	0.00830
126	0.01089	0.00838	0.01016	0.00942	0.01146	0.00848	0.00715	0.01746	0.17416	0.02665	0.56852	0.04368	0.05274	0.01245	0.00753	0.00211	0.00358	0.01091	0.00712	0.00715
127	0.01243	0.01170	0.01975	0.75282	0.04534	0.01463	0.01828	0.01682	0.01316	0.01682	0.01170	0.01755	0.00878	0.00658	0.00658	0.00219	0.00878	0.00585	0.00293	0.00731
128	0.81514	0.01273	0.00968	0.00866	0.01273	0.01477	0.00713	0.01935	0.01120	0.02954	0.00917	0.01069	0.00713	0.00611	0.00407	0.00204	0.00509	0.00356	0.00407	0.00713
129	0.01554	0.01776	0.03885	0.02775	0.03441	0.01665	0.70366	0.02109	0.01554	0.02109	0.01332	0.01776	0.00999	0.00555	0.00777	0.00222	0.01110	0.00777	0.00333	0.00888
130	0.01418	0.01410	0.02012	0.10080	0.02047	0.01954	0.01484	0.01595	0.01043	0.01595	0.00899	0.01476	0.00866	0.01096	0.01990	0.00280	0.67168	0.00577	0.00289	0.00721
131	0.01637	0.01414	0.01489	0.01340	0.01712	0.01637	0.01042	0.03498	0.71568	0.02754	0.02679	0.02456	0.02010	0.00893	0.00670	0.00223	0.00521	0.00744	0.00670	0.01042
132	0.01629	0.01564	0.02672	0.04041	0.72757	0.01564	0.02020	0.02020	0.01499	0.02151	0.01238	0.01629	0.01043	0.00587	0.00652	0.00196	0.00782	0.00587	0.00326	0.01043
133	0.01790	0.01490	0.01575	0.01371	0.01770	0.01709	0.01079	0.15339	0.59478	0.03000	0.02485	0.02302	0.01852	0.00875	0.00668	0.00219	0.00557	0.00718	0.00668	0.01056
134	0.01731	0.01610	0.01531	0.01380	0.01749	0.09879	0.01068	0.03399	0.63653	0.02624	0.02491	0.02312	0.01878	0.00869	0.00661	0.00217	0.00597	0.00708	0.00632	0.01010
135	0.81514	0.01273	0.00968	0.00866	0.01273	0.01477	0.00713	0.01935	0.01120	0.02954	0.00917	0.01069	0.00713	0.00611	0.00407	0.00204	0.00509	0.00356	0.00407	0.00713
136	0.01243	0.01170	0.01975	0.75282	0.04534	0.01463	0.01828	0.01682	0.01316	0.01682	0.01170	0.01755	0.00878	0.00658	0.00658	0.00219	0.00878	0.00585	0.00293	0.00731
137	0.13904	0.01291	0.01734	0.12893	0.02054	0.01655	0.01297	0.01813	0.01176	0.09941	0.01172	0.01593	0.00978	0.01187	0.05918	0.00302	0.39403	0.00561	0.00371	0.00758
138	0.60128	0.01249	0.01064	0.00929	0.01313	0.01415	0.00757	0.09955	0.01448	0.03041	0.09158	0.01617	0.01421	0.00721	0.00481	0.00202	0.00505	0.00488	0.03361	0.00747

[dist]
# distance from previous block
# <min> <max>
0	1

[block]
# block no. 1 follows, 33 sequences, length 8
# corresponding to MSA columns:
# 361-368
name=unknown_B
#
# <colnr> <probs for GDERKNQSTAVLIFYWHMCP>
#	G	D	E	R	K	N	Q	S	T	A	V	L	I	F	Y	W	H	M	C	P
0	0.01775	0.01320	0.01799	0.01464	0.01894	0.01367	0.12822	0.02869	0.36475	0.16631	0.02953	0.02803	0.10964	0.00921	0.00701	0.00219	0.00605	0.00818	0.00634	0.00968
1	0.01947	0.00898	0.01205	0.01000	0.01333	0.00795	0.00795	0.02229	0.01874	0.38073	0.37359	0.03574	0.03911	0.01079	0.00719	0.00205	0.00436	0.00925	0.00770	0.00872
2	0.41753	0.01346	0.01391	0.01159	0.01533	0.01541	0.00959	0.11091	0.01512	0.16950	0.01331	0.01434	0.00976	0.00768	0.00791	0.00217	0.13410	0.00486	0.00501	0.00849
3	0.01520	0.00898	0.01133	0.01002	0.01256	0.00861	0.00771	0.10632	0.01925	0.16811	0.37403	0.16186	0.04311	0.01290	0.00749	0.00215	0.00427	0.01123	0.00715	0.00771
4	0.12869	0.01140	0.01381	0.01101	0.01555	0.01077	0.00900	0.07239	0.04072	0.48157	0.04946	0.02525	0.08343	0.00887	0.00643	0.00206	0.00534	0.00706	0.00724	0.00995
5	0.01570	0.01504	0.02565	0.14990	0.62271	0.01549	0.01991	0.01968	0.01471	0.02079	0.01228	0.01649	0.01017	0.00598	0.00653	0.00199	0.00797	0.00586	0.00321	0.00995
6	0.01488	0.01395	0.02346	0.03506	0.60467	0.01388	0.01779	0.01831	0.01458	0.02070	0.01647	0.14433	0.01610	0.00839	0.00684	0.00208	0.00714	0.00807	0.00375	0.00956
7	0.01582	0.01554	0.02465	0.20725	0.52959	0.05344	0.01936	0.01972	0.01475	0.02012	0.01211	0.01636	0.00994	0.00608	0.00650	0.00200	0.00826	0.00578	0.00319	0.00955

[dist]
# distance from previous block
# <min> <max>
0	328

# created by:
# /home/berkeley/.conda/envs/busco_data_prod/bin/msa2prfl.pl pipeline/OGs_align_augustus/5794/69144.fs
