[name]
unknown

[dist]
# distance from previous block
# <min> <max>
0	231

[block]
# block no. 0 follows, 28 sequences, length 7
# corresponding to MSA columns:
# 288-294
name=unknown_A
#
# <colnr> <probs for GDERKNQSTAVLIFYWHMCP>
#	G	D	E	R	K	N	Q	S	T	A	V	L	I	F	Y	W	H	M	C	P
0	0.10692	0.06174	0.16945	0.16620	0.02729	0.01594	0.01609	0.10081	0.01728	0.05188	0.01623	0.02313	0.01352	0.02995	0.00763	0.00236	0.00816	0.06372	0.00452	0.09720
1	0.02005	0.25338	0.14244	0.01974	0.09978	0.14713	0.03906	0.02429	0.03866	0.05652	0.01307	0.01515	0.01058	0.00725	0.00731	0.00199	0.05606	0.00524	0.00380	0.03852
2	0.11256	0.07449	0.01405	0.01081	0.01296	0.01168	0.00820	0.09062	0.01390	0.06553	0.01373	0.01956	0.01208	0.01831	0.01953	0.47940	0.00654	0.00590	0.00418	0.00596
3	0.08555	0.05724	0.08823	0.01682	0.06894	0.01576	0.07018	0.16599	0.05722	0.02811	0.07701	0.06541	0.05900	0.10014	0.01091	0.00287	0.00741	0.00861	0.00545	0.00917
4	0.01958	0.10586	0.02181	0.01584	0.02043	0.07691	0.09073	0.14032	0.02042	0.08824	0.04317	0.03672	0.04574	0.01123	0.00771	0.00235	0.00795	0.17294	0.00582	0.06623
5	0.01772	0.01398	0.01698	0.01483	0.07756	0.01233	0.01066	0.10123	0.06265	0.06556	0.01714	0.05917	0.01438	0.00741	0.00625	0.00158	0.00599	0.00616	0.00523	0.48322
6	0.02452	0.04439	0.05650	0.01773	0.02381	0.06017	0.09463	0.36774	0.05789	0.09778	0.01758	0.01813	0.01264	0.00800	0.00716	0.00212	0.00848	0.00653	0.00624	0.06797

[dist]
# distance from previous block
# <min> <max>
0	1

[block]
# block no. 1 follows, 28 sequences, length 18
# corresponding to MSA columns:
# 296-313
name=unknown_B
#
# <colnr> <probs for GDERKNQSTAVLIFYWHMCP>
#	G	D	E	R	K	N	Q	S	T	A	V	L	I	F	Y	W	H	M	C	P
0	0.01698	0.11515	0.27378	0.14373	0.11215	0.08208	0.06792	0.02354	0.05674	0.02161	0.01370	0.01672	0.01052	0.00701	0.00685	0.00220	0.00997	0.00585	0.00353	0.00997
1	0.32366	0.08569	0.01645	0.05029	0.01838	0.20939	0.01057	0.02408	0.06338	0.02556	0.01357	0.01546	0.01081	0.00736	0.00550	0.00204	0.00784	0.00491	0.09676	0.00830
2	0.01963	0.01680	0.02668	0.03745	0.54108	0.01695	0.01965	0.09981	0.01858	0.06729	0.01552	0.01990	0.01280	0.04587	0.00879	0.00243	0.00833	0.00675	0.00440	0.01129
3	0.01291	0.01100	0.01602	0.06676	0.08122	0.01245	0.04313	0.01604	0.05571	0.01824	0.02070	0.10947	0.02143	0.24886	0.11809	0.00532	0.12145	0.00972	0.00440	0.00707
4	0.01205	0.00946	0.01161	0.08299	0.01623	0.00966	0.00889	0.08586	0.05911	0.02356	0.10557	0.31387	0.19910	0.01704	0.00850	0.00260	0.00507	0.01488	0.00661	0.00733
5	0.01895	0.01542	0.01646	0.01468	0.01888	0.01764	0.01146	0.03843	0.64617	0.07082	0.02953	0.02698	0.02194	0.00981	0.00739	0.00245	0.00578	0.00816	0.00749	0.01156
6	0.72365	0.01599	0.01162	0.01042	0.01485	0.08200	0.00845	0.02209	0.01314	0.03122	0.01023	0.01193	0.00801	0.00682	0.00469	0.00221	0.00633	0.00401	0.00443	0.00792
7	0.00886	0.00633	0.00843	0.01012	0.01054	0.00590	0.00675	0.01012	0.01392	0.01856	0.04006	0.73979	0.04808	0.02277	0.00928	0.00295	0.00422	0.02066	0.00675	0.00590
8	0.01157	0.00942	0.01385	0.15093	0.06154	0.01007	0.01176	0.01476	0.01603	0.02149	0.15652	0.13581	0.09682	0.01891	0.07333	0.00352	0.02787	0.15290	0.00574	0.00715
9	0.00964	0.00701	0.00909	0.00940	0.01067	0.00646	0.00673	0.01216	0.01783	0.02458	0.41036	0.31167	0.10122	0.01805	0.00884	0.00255	0.00374	0.01610	0.00745	0.00646
10	0.02309	0.02471	0.02154	0.21284	0.09117	0.36965	0.01621	0.06537	0.01943	0.06923	0.01354	0.01635	0.01045	0.00752	0.00690	0.00209	0.01097	0.00563	0.00418	0.00913
11	0.02715	0.03464	0.02060	0.01873	0.02247	0.71536	0.01404	0.02903	0.02060	0.01779	0.01124	0.01311	0.00936	0.00749	0.00655	0.00187	0.01311	0.00468	0.00375	0.00843
12	0.02763	0.02036	0.02182	0.01672	0.02254	0.02254	0.01382	0.67496	0.03418	0.04581	0.01745	0.01745	0.01236	0.00873	0.00727	0.00218	0.00800	0.00654	0.00727	0.01236
13	0.01006	0.00715	0.00966	0.01123	0.01210	0.00692	0.00850	0.01204	0.01478	0.01949	0.03836	0.44369	0.04430	0.06809	0.01135	0.00337	0.00535	0.26088	0.00658	0.00611
14	0.02401	0.01520	0.01750	0.01614	0.06769	0.04664	0.01189	0.06368	0.30195	0.27610	0.02643	0.02452	0.01868	0.00907	0.00719	0.00229	0.00644	0.00745	0.04564	0.01149
15	0.29919	0.01397	0.01616	0.08171	0.06341	0.01511	0.01157	0.05660	0.01559	0.13055	0.01526	0.04275	0.01210	0.00822	0.00774	0.00221	0.07867	0.00590	0.00508	0.11822
16	0.31172	0.12717	0.02114	0.04383	0.02070	0.02068	0.04395	0.27369	0.02147	0.03433	0.01329	0.01466	0.01005	0.00742	0.00591	0.00214	0.00736	0.00527	0.00527	0.00993
17	0.01993	0.02103	0.15729	0.06152	0.37992	0.01735	0.02076	0.12190	0.01928	0.08819	0.01545	0.01807	0.01171	0.00716	0.00717	0.00221	0.00877	0.00635	0.00452	0.01143

[dist]
# distance from previous block
# <min> <max>
0	1

[block]
# block no. 2 follows, 28 sequences, length 6
# corresponding to MSA columns:
# 315-320
name=unknown_C
#
# <colnr> <probs for GDERKNQSTAVLIFYWHMCP>
#	G	D	E	R	K	N	Q	S	T	A	V	L	I	F	Y	W	H	M	C	P
0	0.01230	0.00981	0.01131	0.01052	0.01304	0.01002	0.00801	0.02048	0.21403	0.02805	0.40563	0.04878	0.15154	0.01395	0.00823	0.00236	0.00415	0.01205	0.00763	0.00810
1	0.01560	0.14389	0.51344	0.01841	0.02774	0.01834	0.02244	0.02359	0.06090	0.02266	0.01371	0.01556	0.01021	0.00691	0.00650	0.00212	0.00961	0.00527	0.00345	0.05965
2	0.01057	0.00705	0.00793	0.00793	0.00793	0.00705	0.00440	0.01057	0.01057	0.01409	0.02290	0.04757	0.02643	0.74454	0.03700	0.00705	0.00705	0.01057	0.00440	0.00440
3	0.00985	0.00737	0.00887	0.00852	0.01024	0.00668	0.00621	0.01246	0.01835	0.02483	0.44833	0.05786	0.23689	0.09790	0.01177	0.00287	0.00391	0.01346	0.00725	0.00638
4	0.01507	0.01292	0.01507	0.01077	0.01723	0.00969	0.00861	0.01830	0.01507	0.02369	0.01292	0.01507	0.01077	0.00538	0.00538	0.00108	0.00538	0.00431	0.00431	0.78898
5	0.01319	0.02068	0.25375	0.01815	0.02445	0.01302	0.17963	0.01875	0.01734	0.02415	0.19882	0.03485	0.13059	0.01053	0.00801	0.00236	0.00815	0.00971	0.00506	0.00880

[dist]
# distance from previous block
# <min> <max>
0	2

[block]
# block no. 3 follows, 28 sequences, length 38
# corresponding to MSA columns:
# 323-360
name=unknown_D
#
# <colnr> <probs for GDERKNQSTAVLIFYWHMCP>
#	G	D	E	R	K	N	Q	S	T	A	V	L	I	F	Y	W	H	M	C	P
0	0.01837	0.03036	0.33333	0.02565	0.19515	0.19083	0.02158	0.02390	0.01721	0.02219	0.04500	0.01729	0.01263	0.00732	0.00697	0.00216	0.01046	0.00584	0.00360	0.01017
1	0.65299	0.01429	0.01302	0.01353	0.08702	0.01620	0.00955	0.04361	0.01345	0.03127	0.01086	0.01310	0.00862	0.00758	0.00591	0.03591	0.00606	0.00440	0.00444	0.00821
2	0.01962	0.05186	0.02262	0.36193	0.09122	0.29308	0.01762	0.02314	0.01711	0.01863	0.01220	0.01647	0.00970	0.00725	0.00687	0.00215	0.01088	0.00565	0.00346	0.00855
3	0.01515	0.01459	0.02455	0.32686	0.14936	0.01654	0.11080	0.02105	0.07987	0.02117	0.01680	0.07724	0.01445	0.00892	0.00902	0.00249	0.07000	0.00806	0.00404	0.00905
4	0.00960	0.00740	0.00876	0.00842	0.01044	0.00657	0.00632	0.01239	0.01896	0.02530	0.44389	0.06063	0.32246	0.01630	0.00858	0.00235	0.00353	0.01403	0.00750	0.00657
5	0.02073	0.02192	0.02286	0.10285	0.29073	0.25967	0.01701	0.05454	0.01845	0.02251	0.01396	0.01736	0.01135	0.00723	0.00676	0.00204	0.00973	0.00588	0.08479	0.00962
6	0.01263	0.00631	0.00947	0.00947	0.00947	0.00631	0.00631	0.00947	0.00947	0.01263	0.01263	0.02210	0.01263	0.02525	0.02841	0.78851	0.00631	0.00631	0.00316	0.00316
7	0.01038	0.00779	0.01168	0.01168	0.01298	0.00909	0.00909	0.01298	0.01168	0.01687	0.01947	0.02856	0.01817	0.05452	0.71573	0.01168	0.01947	0.00779	0.00389	0.00649
8	0.19930	0.01310	0.01450	0.01192	0.01659	0.01338	0.00968	0.08166	0.10872	0.32116	0.02308	0.02188	0.01591	0.00852	0.00640	0.00220	0.00578	0.00654	0.10916	0.01051
9	0.01355	0.00678	0.00678	0.00678	0.00847	0.00678	0.00508	0.01694	0.01524	0.02710	0.02371	0.02710	0.01863	0.00847	0.00508	0.00169	0.00339	0.00678	0.78489	0.00678
10	0.79588	0.01406	0.01068	0.00956	0.01406	0.01631	0.00787	0.02137	0.01237	0.03261	0.01012	0.01181	0.00787	0.00675	0.00450	0.00225	0.00562	0.00394	0.00450	0.00787
11	0.01507	0.01292	0.01507	0.01077	0.01723	0.00969	0.00861	0.01830	0.01507	0.02369	0.01292	0.01507	0.01077	0.00538	0.00538	0.00108	0.00538	0.00431	0.00431	0.78898
12	0.01808	0.01561	0.01644	0.01479	0.01890	0.01808	0.01151	0.03863	0.68606	0.03041	0.02959	0.02712	0.02219	0.00986	0.00740	0.00247	0.00575	0.00822	0.00740	0.01151
13	0.01029	0.00743	0.00972	0.00914	0.01086	0.00686	0.00686	0.01372	0.02058	0.02915	0.69536	0.05430	0.06859	0.01486	0.00857	0.00229	0.00343	0.01315	0.00800	0.00686
14	0.01038	0.00779	0.01168	0.01168	0.01298	0.00909	0.00909	0.01298	0.01168	0.01687	0.01947	0.02856	0.01817	0.05452	0.71573	0.01168	0.01947	0.00779	0.00389	0.00649
15	0.01943	0.74891	0.03809	0.01244	0.01866	0.02876	0.01244	0.02177	0.01477	0.01710	0.01011	0.01166	0.00933	0.00622	0.00466	0.00155	0.00777	0.00389	0.00311	0.00933
16	0.02582	0.01403	0.01718	0.01378	0.01846	0.01426	0.01120	0.17132	0.11028	0.34910	0.11545	0.02704	0.02375	0.01002	0.00827	0.00231	0.04041	0.00801	0.00800	0.01130
17	0.03168	0.01387	0.01780	0.01365	0.01931	0.01291	0.01127	0.15575	0.02332	0.58035	0.02657	0.02337	0.01693	0.00895	0.00730	0.00224	0.00653	0.00717	0.00867	0.01237
18	0.01590	0.01590	0.02226	0.01908	0.01908	0.02226	0.01590	0.01749	0.01113	0.01749	0.00954	0.01590	0.00954	0.01272	0.02385	0.00318	0.73123	0.00636	0.00318	0.00795
19	0.01002	0.00716	0.00977	0.01145	0.01238	0.00691	0.00877	0.01213	0.01506	0.01986	0.03942	0.47241	0.04554	0.02168	0.00959	0.00311	0.00522	0.27659	0.00673	0.00623
20	0.79588	0.01406	0.01068	0.00956	0.01406	0.01631	0.00787	0.02137	0.01237	0.03261	0.01012	0.01181	0.00787	0.00675	0.00450	0.00225	0.00562	0.00394	0.00450	0.00787
21	0.01590	0.01590	0.02226	0.01908	0.01908	0.02226	0.01590	0.01749	0.01113	0.01749	0.00954	0.01590	0.00954	0.01272	0.02385	0.00318	0.73123	0.00636	0.00318	0.00795
22	0.03261	0.01237	0.01687	0.01293	0.01856	0.01068	0.01068	0.03543	0.02081	0.70423	0.02868	0.02474	0.01799	0.00900	0.00731	0.00225	0.00619	0.00731	0.00900	0.01237
23	0.01373	0.01292	0.02180	0.72707	0.05006	0.01615	0.02019	0.01857	0.01453	0.01857	0.01292	0.01938	0.00969	0.00727	0.00727	0.00242	0.00969	0.00646	0.00323	0.00807
24	0.01970	0.01901	0.01718	0.01549	0.01954	0.14247	0.01196	0.03691	0.56735	0.02816	0.02631	0.02462	0.01990	0.00944	0.00725	0.00236	0.00707	0.00759	0.00675	0.01096
25	0.01038	0.00779	0.01168	0.01168	0.01298	0.00909	0.00909	0.01298	0.01168	0.01687	0.01947	0.02856	0.01817	0.05452	0.71573	0.01168	0.01947	0.00779	0.00389	0.00649
26	0.00987	0.00736	0.00918	0.00883	0.01063	0.00667	0.00658	0.01288	0.01944	0.02671	0.53745	0.08989	0.19577	0.01596	0.00861	0.00235	0.00352	0.01395	0.00769	0.00667
27	0.09089	0.01590	0.01765	0.01436	0.01945	0.01702	0.01163	0.22154	0.24077	0.23618	0.02414	0.02230	0.01687	0.00901	0.00709	0.00230	0.00653	0.00710	0.00759	0.01171
28	0.04854	0.00733	0.00787	0.00776	0.00863	0.00739	0.00498	0.01325	0.01290	0.02012	0.07933	0.04034	0.02678	0.42838	0.02354	0.00482	0.00558	0.00934	0.23764	0.00548
29	0.01943	0.74891	0.03809	0.01244	0.01866	0.02876	0.01244	0.02177	0.01477	0.01710	0.01011	0.01166	0.00933	0.00622	0.00466	0.00155	0.00777	0.00389	0.00311	0.00933
30	0.01140	0.00956	0.01017	0.00964	0.01241	0.00943	0.00734	0.01848	0.19490	0.02412	0.16836	0.05591	0.40996	0.01553	0.00827	0.00243	0.00419	0.01308	0.00714	0.00768
31	0.00869	0.00724	0.00759	0.00777	0.00995	0.00614	0.00572	0.01052	0.01641	0.01988	0.09404	0.15042	0.59308	0.01880	0.00867	0.00251	0.00374	0.01590	0.00680	0.00614
32	0.01373	0.01292	0.02180	0.72707	0.05006	0.01615	0.02019	0.01857	0.01453	0.01857	0.01292	0.01938	0.00969	0.00727	0.00727	0.00242	0.00969	0.00646	0.00323	0.00807
33	0.01788	0.01514	0.02181	0.51507	0.04185	0.01806	0.01829	0.21447	0.02040	0.02670	0.01427	0.01880	0.01049	0.00770	0.00727	0.00235	0.00919	0.00649	0.00444	0.00935
34	0.00898	0.00738	0.00790	0.00777	0.01005	0.00630	0.00583	0.01118	0.01748	0.02179	0.21431	0.06641	0.55423	0.01761	0.00859	0.00242	0.00362	0.01484	0.00703	0.00630
35	0.00970	0.00693	0.00940	0.01108	0.01187	0.00663	0.00821	0.01158	0.01475	0.01950	0.03960	0.54613	0.04624	0.02198	0.00950	0.00307	0.00495	0.20603	0.00673	0.00614
36	0.01705	0.05371	0.39410	0.01883	0.02685	0.01742	0.06588	0.14380	0.05957	0.02772	0.06073	0.04869	0.01618	0.00851	0.00725	0.00230	0.00919	0.00706	0.00463	0.01052
37	0.02099	0.29938	0.08066	0.10923	0.02519	0.27906	0.01533	0.02392	0.01676	0.01803	0.01109	0.01369	0.00939	0.00719	0.00678	0.00192	0.04440	0.00475	0.00336	0.00888

[dist]
# distance from previous block
# <min> <max>
0	1

[block]
# block no. 4 follows, 28 sequences, length 26
# corresponding to MSA columns:
# 362-387
name=unknown_E
#
# <colnr> <probs for GDERKNQSTAVLIFYWHMCP>
#	G	D	E	R	K	N	Q	S	T	A	V	L	I	F	Y	W	H	M	C	P
0	0.00994	0.00678	0.00811	0.00873	0.00889	0.00663	0.00526	0.01041	0.01180	0.01573	0.02919	0.30124	0.03436	0.48004	0.02684	0.00555	0.00601	0.01427	0.00526	0.00495
1	0.33710	0.02391	0.01781	0.01859	0.11250	0.33596	0.01269	0.02500	0.01671	0.02461	0.01112	0.01326	0.00906	0.00705	0.00581	0.00206	0.00946	0.00463	0.00403	0.00863
2	0.01038	0.00779	0.01168	0.01168	0.01298	0.00909	0.00909	0.01298	0.01168	0.01687	0.01947	0.02856	0.01817	0.05452	0.71573	0.01168	0.01947	0.00779	0.00389	0.00649
3	0.09313	0.58790	0.03337	0.06075	0.02056	0.06679	0.01262	0.02194	0.01487	0.01871	0.01036	0.01228	0.00922	0.00641	0.00493	0.00170	0.00801	0.00411	0.00329	0.00905
4	0.00999	0.00731	0.00937	0.00907	0.01073	0.00670	0.00672	0.01305	0.01954	0.02720	0.57170	0.12347	0.12608	0.01598	0.00864	0.00237	0.00353	0.01410	0.00776	0.00670
5	0.01546	0.01438	0.01383	0.01280	0.01438	0.12689	0.00935	0.02018	0.13713	0.01895	0.02012	0.03113	0.01943	0.28870	0.09770	0.00515	0.10505	0.00817	0.03405	0.00716
6	0.01057	0.00741	0.00972	0.01093	0.01178	0.00729	0.00826	0.01239	0.01421	0.01871	0.03463	0.26242	0.03937	0.22146	0.01728	0.00426	0.00608	0.29132	0.00608	0.00583
7	0.01097	0.00727	0.00884	0.00845	0.01021	0.00679	0.00634	0.01428	0.01901	0.02801	0.49038	0.04875	0.09881	0.01355	0.00773	0.00215	0.00344	0.01175	0.19649	0.00679
8	0.01120	0.01285	0.12511	0.01263	0.01603	0.00905	0.01217	0.01494	0.01663	0.02166	0.07382	0.06620	0.23145	0.01718	0.00903	0.00286	0.00633	0.32751	0.00617	0.00720
9	0.02715	0.03464	0.02060	0.01873	0.02247	0.71536	0.01404	0.02903	0.02060	0.01779	0.01124	0.01311	0.00936	0.00749	0.00655	0.00187	0.01311	0.00468	0.00375	0.00843
10	0.00908	0.00738	0.00804	0.00787	0.01012	0.00634	0.00590	0.01137	0.01771	0.02236	0.25132	0.06548	0.51687	0.01740	0.00859	0.00241	0.00361	0.01471	0.00711	0.00634
11	0.01808	0.01561	0.01644	0.01479	0.01890	0.01808	0.01151	0.03863	0.68606	0.03041	0.02959	0.02712	0.02219	0.00986	0.00740	0.00247	0.00575	0.00822	0.00740	0.01151
12	0.01943	0.74891	0.03809	0.01244	0.01866	0.02876	0.01244	0.02177	0.01477	0.01710	0.01011	0.01166	0.00933	0.00622	0.00466	0.00155	0.00777	0.00389	0.00311	0.00933
13	0.00911	0.00738	0.00808	0.00791	0.01014	0.00636	0.00593	0.01144	0.01779	0.02254	0.26348	0.06517	0.50459	0.01733	0.00859	0.00240	0.00360	0.01467	0.00713	0.00636
14	0.01915	0.70721	0.07730	0.01292	0.01941	0.02807	0.01328	0.02184	0.01480	0.01745	0.01028	0.01188	0.00932	0.00626	0.00480	0.00160	0.00795	0.00397	0.00311	0.00941
15	0.01943	0.74891	0.03809	0.01244	0.01866	0.02876	0.01244	0.02177	0.01477	0.01710	0.01011	0.01166	0.00933	0.00622	0.00466	0.00155	0.00777	0.00389	0.00311	0.00933
16	0.01799	0.01727	0.02950	0.04462	0.69919	0.01727	0.02231	0.02231	0.01655	0.02375	0.01367	0.01799	0.01151	0.00648	0.00720	0.00216	0.00864	0.00648	0.00360	0.01151
17	0.00859	0.00736	0.00736	0.00736	0.00982	0.00614	0.00552	0.01043	0.01657	0.01964	0.07364	0.06996	0.69624	0.01841	0.00859	0.00245	0.00368	0.01534	0.00675	0.00614
18	0.00859	0.00736	0.00736	0.00736	0.00982	0.00614	0.00552	0.01043	0.01657	0.01964	0.07364	0.06996	0.69624	0.01841	0.00859	0.00245	0.00368	0.01534	0.00675	0.00614
19	0.01951	0.01761	0.03033	0.03098	0.27185	0.04261	0.24180	0.06750	0.01852	0.09002	0.01798	0.02504	0.01482	0.00808	0.00793	0.00237	0.00958	0.06826	0.00469	0.01050
20	0.01373	0.01292	0.02180	0.72707	0.05006	0.01615	0.02019	0.01857	0.01453	0.01857	0.01292	0.01938	0.00969	0.00727	0.00727	0.00242	0.00969	0.00646	0.00323	0.00807
21	0.03010	0.01640	0.01937	0.01485	0.02057	0.01667	0.01226	0.35825	0.02756	0.37187	0.02301	0.02106	0.01515	0.00886	0.00729	0.00222	0.00710	0.00692	0.00813	0.01237
22	0.01874	0.02157	0.11134	0.06149	0.11224	0.18481	0.04003	0.06675	0.05820	0.05284	0.02269	0.13958	0.05722	0.01066	0.00750	0.00231	0.00886	0.00897	0.00496	0.00925
23	0.01866	0.14464	0.41011	0.02017	0.07157	0.11824	0.02132	0.02453	0.01648	0.07039	0.01349	0.01530	0.01003	0.00700	0.00656	0.00211	0.01015	0.00525	0.00363	0.01036
24	0.01481	0.02703	0.37427	0.02304	0.03124	0.01605	0.26241	0.02149	0.01583	0.02256	0.01706	0.10806	0.01477	0.00862	0.00782	0.00244	0.01048	0.00848	0.00376	0.00979
25	0.45382	0.01665	0.01848	0.02121	0.20451	0.06398	0.03894	0.02199	0.01419	0.02793	0.01132	0.01414	0.00920	0.00705	0.00667	0.00226	0.04956	0.00501	0.00409	0.00899

[dist]
# distance from previous block
# <min> <max>
0	1

[block]
# block no. 5 follows, 28 sequences, length 23
# corresponding to MSA columns:
# 389-411
name=unknown_F
#
# <colnr> <probs for GDERKNQSTAVLIFYWHMCP>
#	G	D	E	R	K	N	Q	S	T	A	V	L	I	F	Y	W	H	M	C	P
0	0.01278	0.04965	0.08026	0.01670	0.14649	0.01081	0.01159	0.01653	0.01766	0.02506	0.27491	0.04058	0.14745	0.01183	0.00751	0.00218	0.00539	0.01021	0.10427	0.00813
1	0.02073	0.14812	0.12003	0.01737	0.05860	0.19012	0.01484	0.10740	0.08008	0.02444	0.01418	0.01561	0.01124	0.00715	0.00629	0.00185	0.00899	0.00524	0.00441	0.14330
2	0.01150	0.00850	0.01022	0.00941	0.01043	0.00859	0.00621	0.01239	0.01177	0.01653	0.05391	0.04009	0.02472	0.51114	0.07959	0.00610	0.05806	0.00939	0.00445	0.10700
3	0.01942	0.01949	0.06577	0.01795	0.08290	0.14429	0.01335	0.18828	0.10485	0.02763	0.02333	0.21462	0.02247	0.01213	0.00767	0.00238	0.00788	0.01017	0.00586	0.00958
4	0.01750	0.21773	0.31714	0.01835	0.02624	0.01940	0.10401	0.02424	0.06229	0.06980	0.04573	0.01817	0.01368	0.00734	0.00667	0.00213	0.00916	0.00608	0.00409	0.01024
5	0.00923	0.00658	0.00866	0.00981	0.01046	0.00615	0.00664	0.01085	0.01503	0.02037	0.16645	0.56825	0.05086	0.06120	0.01068	0.00305	0.00422	0.01864	0.00686	0.00601
6	0.03150	0.01333	0.01736	0.01340	0.01898	0.01222	0.01104	0.10185	0.04938	0.60844	0.02755	0.02408	0.01758	0.00900	0.00731	0.00225	0.00636	0.00727	0.00875	0.01233
7	0.01872	0.01589	0.02261	0.39473	0.10512	0.01862	0.01814	0.22928	0.02086	0.02777	0.01428	0.01845	0.01072	0.00793	0.00810	0.00236	0.04558	0.00648	0.00456	0.00979
8	0.01506	0.01834	0.14175	0.11429	0.21267	0.01698	0.01899	0.01918	0.01389	0.02022	0.01337	0.01893	0.01148	0.01624	0.12924	0.00406	0.19622	0.00647	0.00340	0.00920
9	0.01197	0.00667	0.00968	0.00968	0.00991	0.00691	0.00658	0.01024	0.01001	0.01358	0.01513	0.02641	0.01533	0.11946	0.15370	0.55150	0.00878	0.00711	0.00344	0.00391
10	0.01458	0.03760	0.70688	0.02072	0.03146	0.01688	0.02686	0.02302	0.01535	0.02302	0.01304	0.01535	0.00921	0.00691	0.00691	0.00230	0.01074	0.00537	0.00307	0.01074
11	0.01692	0.01607	0.02049	0.09614	0.18433	0.10584	0.03411	0.02127	0.06276	0.04730	0.05078	0.07650	0.03867	0.01348	0.05469	0.00305	0.10022	0.04373	0.00470	0.00894
12	0.01570	0.20186	0.55244	0.01881	0.02850	0.01963	0.02353	0.02273	0.01521	0.02165	0.01237	0.01450	0.00924	0.00675	0.00639	0.00213	0.01006	0.00503	0.00308	0.01042
13	0.01057	0.00705	0.00793	0.00793	0.00793	0.00705	0.00440	0.01057	0.01057	0.01409	0.02290	0.04757	0.02643	0.74454	0.03700	0.00705	0.00705	0.01057	0.00440	0.00440
14	0.01207	0.00651	0.00905	0.00905	0.00905	0.00651	0.00579	0.00977	0.00977	0.01303	0.01543	0.02904	0.01639	0.22127	0.03075	0.57554	0.00651	0.00747	0.00350	0.00350
15	0.01985	0.11914	0.24354	0.11232	0.07335	0.22092	0.01928	0.06936	0.01808	0.02183	0.01249	0.01509	0.00970	0.00714	0.00662	0.00208	0.01059	0.00528	0.00362	0.00971
16	0.02044	0.65598	0.03582	0.01326	0.01915	0.11809	0.01265	0.02271	0.01553	0.01719	0.01025	0.01185	0.00933	0.00638	0.00491	0.00160	0.00847	0.00399	0.00319	0.00921
17	0.01134	0.00810	0.01129	0.01296	0.01447	0.00805	0.01107	0.01442	0.01637	0.02134	0.03869	0.16758	0.04265	0.02043	0.00994	0.00330	0.00637	0.56835	0.00670	0.00659
18	0.01710	0.01424	0.02411	0.06824	0.19057	0.01433	0.15571	0.02204	0.06561	0.10505	0.02441	0.15342	0.05351	0.01087	0.00882	0.00248	0.04451	0.01017	0.00524	0.00957
19	0.02700	0.03719	0.01994	0.04522	0.11285	0.06154	0.01314	0.13608	0.02176	0.37266	0.02495	0.02375	0.05259	0.00888	0.00723	0.00220	0.00733	0.00721	0.00711	0.01139
20	0.00884	0.00637	0.00839	0.01000	0.01051	0.00591	0.00669	0.01014	0.01404	0.01861	0.04160	0.70909	0.07779	0.02257	0.00925	0.00293	0.00419	0.02042	0.00675	0.00591
21	0.27745	0.06350	0.01824	0.01542	0.01954	0.45320	0.01195	0.02617	0.01763	0.02259	0.01082	0.01261	0.00888	0.00719	0.00579	0.00198	0.01040	0.00440	0.00396	0.00829
22	0.01071	0.00735	0.00933	0.00884	0.01055	0.00685	0.00663	0.01414	0.01988	0.02888	0.60797	0.05076	0.06209	0.01403	0.00812	0.00221	0.00342	0.01232	0.10908	0.00685

[dist]
# distance from previous block
# <min> <max>
0	9

[block]
# block no. 6 follows, 28 sequences, length 23
# corresponding to MSA columns:
# 421-443
name=unknown_G
#
# <colnr> <probs for GDERKNQSTAVLIFYWHMCP>
#	G	D	E	R	K	N	Q	S	T	A	V	L	I	F	Y	W	H	M	C	P
0	0.02689	0.01999	0.02140	0.01657	0.02226	0.02219	0.01364	0.62533	0.08501	0.04461	0.01840	0.01821	0.01313	0.00881	0.00728	0.00220	0.00782	0.00668	0.00728	0.01230
1	0.01544	0.16360	0.58841	0.01925	0.02919	0.01899	0.02430	0.02280	0.01524	0.02197	0.01252	0.01469	0.00923	0.00678	0.00651	0.00217	0.01022	0.00511	0.00308	0.01049
2	0.01045	0.00751	0.01029	0.01029	0.01111	0.00833	0.00735	0.01209	0.01127	0.01585	0.02074	0.03560	0.02123	0.30998	0.46445	0.00997	0.01487	0.00882	0.00408	0.00572
3	0.00970	0.00738	0.00899	0.00915	0.01095	0.00667	0.00695	0.01231	0.01795	0.02377	0.32854	0.14915	0.27450	0.01765	0.00883	0.00255	0.00398	0.08724	0.00727	0.00648
4	0.01666	0.09102	0.08568	0.01284	0.01913	0.08651	0.01140	0.02086	0.04237	0.02283	0.04009	0.01658	0.01306	0.00639	0.00579	0.00143	0.00690	0.00491	0.00427	0.49129
5	0.01548	0.12948	0.55249	0.02062	0.03043	0.01860	0.08947	0.02288	0.01545	0.02227	0.01282	0.01529	0.00941	0.00674	0.00678	0.00222	0.01050	0.00550	0.00314	0.01046
6	0.00888	0.00738	0.00776	0.00767	0.01000	0.00626	0.00575	0.01099	0.01725	0.02125	0.17929	0.06730	0.58958	0.01781	0.00859	0.00243	0.00364	0.01497	0.00696	0.00626
7	0.00960	0.00779	0.00979	0.00924	0.01142	0.00688	0.03319	0.01216	0.01785	0.02327	0.30255	0.12623	0.36958	0.01699	0.00865	0.00244	0.00399	0.01475	0.00710	0.00654
8	0.02091	0.23297	0.10286	0.08585	0.11064	0.02051	0.03967	0.10516	0.01823	0.12704	0.01501	0.01686	0.01140	0.00758	0.00758	0.00211	0.05479	0.00580	0.00462	0.01041
9	0.01022	0.00717	0.00924	0.00953	0.01002	0.00752	0.00633	0.01128	0.01150	0.01576	0.02470	0.15898	0.02741	0.39627	0.25421	0.00787	0.01063	0.01138	0.00464	0.00534
10	0.00859	0.00736	0.00736	0.00736	0.00982	0.00614	0.00552	0.01043	0.01657	0.01964	0.07364	0.06996	0.69624	0.01841	0.00859	0.00245	0.00368	0.01534	0.00675	0.00614
11	0.01700	0.03006	0.44895	0.02327	0.11763	0.01746	0.05344	0.12643	0.01854	0.02658	0.01500	0.04559	0.01168	0.00775	0.00718	0.00230	0.00983	0.00647	0.00399	0.01086
12	0.01768	0.01691	0.05813	0.16132	0.37130	0.01694	0.01932	0.02573	0.16022	0.05340	0.01757	0.02037	0.01364	0.00748	0.00724	0.00228	0.00821	0.00683	0.00455	0.01088
13	0.00859	0.00736	0.00736	0.00736	0.00982	0.00614	0.00552	0.01043	0.01657	0.01964	0.07364	0.06996	0.69624	0.01841	0.00859	0.00245	0.00368	0.01534	0.00675	0.00614
14	0.00981	0.01022	0.07542	0.00986	0.01262	0.00747	0.00850	0.01267	0.01698	0.02203	0.19464	0.15070	0.35823	0.01725	0.00863	0.00254	0.00461	0.06440	0.00666	0.00675
15	0.02122	0.15567	0.14471	0.02292	0.18938	0.05604	0.01734	0.13803	0.01959	0.10700	0.01551	0.01733	0.01184	0.00956	0.04070	0.00253	0.00920	0.00589	0.00473	0.01082
16	0.02442	0.03022	0.02084	0.16295	0.02809	0.57299	0.01530	0.02690	0.01936	0.01795	0.01158	0.01439	0.00943	0.00745	0.00670	0.00198	0.01241	0.00504	0.00364	0.00836
17	0.61554	0.01573	0.01459	0.01634	0.13747	0.05352	0.01079	0.02194	0.01356	0.03024	0.01082	0.01299	0.00860	0.00674	0.00509	0.00221	0.00656	0.00443	0.00430	0.00856
18	0.01030	0.00754	0.01075	0.01088	0.01188	0.00847	0.00806	0.01232	0.01166	0.01650	0.02170	0.08747	0.02200	0.17702	0.53771	0.01016	0.01603	0.00930	0.00421	0.00607
19	0.11534	0.01255	0.01620	0.01257	0.01807	0.01129	0.01038	0.03390	0.01989	0.63143	0.02667	0.02334	0.01690	0.00875	0.00701	0.00225	0.00612	0.00694	0.00851	0.01188
20	0.01038	0.00779	0.01168	0.01168	0.01298	0.00909	0.00909	0.01298	0.01168	0.01687	0.01947	0.02856	0.01817	0.05452	0.71573	0.01168	0.01947	0.00779	0.00389	0.00649
21	0.01348	0.02825	0.47981	0.01787	0.02590	0.01410	0.04965	0.02039	0.01691	0.02477	0.20671	0.02659	0.02614	0.00913	0.00745	0.00230	0.00873	0.00772	0.00450	0.00960
22	0.02735	0.01908	0.02070	0.01595	0.02155	0.02086	0.01315	0.59321	0.03222	0.09654	0.01863	0.01849	0.01310	0.00873	0.00717	0.00216	0.00764	0.00662	0.04475	0.01209

[dist]
# distance from previous block
# <min> <max>
0	1

[block]
# block no. 7 follows, 28 sequences, length 12
# corresponding to MSA columns:
# 445-456
name=unknown_H
#
# <colnr> <probs for GDERKNQSTAVLIFYWHMCP>
#	G	D	E	R	K	N	Q	S	T	A	V	L	I	F	Y	W	H	M	C	P
0	0.05361	0.21486	0.28746	0.02041	0.06443	0.01967	0.13231	0.02373	0.01593	0.08268	0.01386	0.01595	0.01040	0.00675	0.00656	0.00212	0.00948	0.00571	0.00381	0.01027
1	0.79588	0.01406	0.01068	0.00956	0.01406	0.01631	0.00787	0.02137	0.01237	0.03261	0.01012	0.01181	0.00787	0.00675	0.00450	0.00225	0.00562	0.00394	0.00450	0.00787
2	0.02763	0.02036	0.02182	0.01672	0.02254	0.02254	0.01382	0.67496	0.03418	0.04581	0.01745	0.01745	0.01236	0.00873	0.00727	0.00218	0.00800	0.00654	0.00727	0.01236
3	0.01029	0.00743	0.00972	0.00914	0.01086	0.00686	0.00686	0.01372	0.02058	0.02915	0.69536	0.05430	0.06859	0.01486	0.00857	0.00229	0.00343	0.01315	0.00800	0.00686
4	0.01038	0.00779	0.01168	0.01168	0.01298	0.00909	0.00909	0.01298	0.01168	0.01687	0.01947	0.02856	0.01817	0.05452	0.71573	0.01168	0.01947	0.00779	0.00389	0.00649
5	0.01057	0.00705	0.00793	0.00793	0.00793	0.00705	0.00440	0.01057	0.01057	0.01409	0.02290	0.04757	0.02643	0.74454	0.03700	0.00705	0.00705	0.01057	0.00440	0.00440
6	0.01943	0.74891	0.03809	0.01244	0.01866	0.02876	0.01244	0.02177	0.01477	0.01710	0.01011	0.01166	0.00933	0.00622	0.00466	0.00155	0.00777	0.00389	0.00311	0.00933
7	0.01173	0.00991	0.01047	0.00989	0.01275	0.00991	0.00754	0.01954	0.22301	0.02421	0.14265	0.05470	0.40558	0.01531	0.00822	0.00244	0.00429	0.01286	0.00712	0.00788
8	0.01833	0.17962	0.27058	0.01933	0.02684	0.06982	0.13170	0.02604	0.11072	0.05598	0.01568	0.01727	0.01182	0.00719	0.00679	0.00216	0.00962	0.00606	0.00413	0.01030
9	0.02771	0.01591	0.06879	0.05634	0.02203	0.01420	0.01303	0.13554	0.09865	0.43152	0.02492	0.02285	0.01644	0.00880	0.00728	0.00228	0.00697	0.00710	0.00776	0.01190
10	0.01057	0.00705	0.00793	0.00793	0.00793	0.00705	0.00440	0.01057	0.01057	0.01409	0.02290	0.04757	0.02643	0.74454	0.03700	0.00705	0.00705	0.01057	0.00440	0.00440
11	0.01629	0.01474	0.02330	0.41633	0.23019	0.01672	0.01936	0.09433	0.01746	0.02322	0.01658	0.02120	0.04366	0.00775	0.00731	0.00232	0.00891	0.00690	0.00397	0.00945

[dist]
# distance from previous block
# <min> <max>
0	2

[block]
# block no. 8 follows, 28 sequences, length 30
# corresponding to MSA columns:
# 459-488
name=unknown_I
#
# <colnr> <probs for GDERKNQSTAVLIFYWHMCP>
#	G	D	E	R	K	N	Q	S	T	A	V	L	I	F	Y	W	H	M	C	P
0	0.21344	0.07364	0.16408	0.05656	0.08044	0.06791	0.01535	0.09088	0.01710	0.04650	0.01292	0.01494	0.00989	0.00691	0.00603	0.00204	0.00812	0.00506	0.00429	0.10390
1	0.06127	0.01866	0.02676	0.03799	0.54744	0.09179	0.01993	0.02380	0.01703	0.06619	0.01416	0.01756	0.01150	0.00676	0.00699	0.00214	0.00880	0.00620	0.00400	0.01104
2	0.01537	0.01512	0.02125	0.01837	0.01850	0.02100	0.01525	0.01706	0.01119	0.01743	0.01050	0.01712	0.01037	0.01674	0.09043	0.00400	0.66274	0.00650	0.00325	0.00781
3	0.01597	0.01250	0.01272	0.01136	0.01389	0.08398	0.00848	0.08195	0.07610	0.07465	0.32014	0.04132	0.06009	0.13972	0.01299	0.00308	0.00591	0.01041	0.00684	0.00789
4	0.01038	0.00779	0.01168	0.01168	0.01298	0.00909	0.00909	0.01298	0.01168	0.01687	0.01947	0.02856	0.01817	0.05452	0.71573	0.01168	0.01947	0.00779	0.00389	0.00649
5	0.40215	0.01319	0.01387	0.01130	0.01638	0.01341	0.00932	0.02862	0.01672	0.37907	0.01969	0.01848	0.01309	0.00791	0.00595	0.00225	0.00591	0.00568	0.00682	0.01019
6	0.01471	0.01389	0.02307	0.42200	0.27049	0.01557	0.01951	0.01908	0.01543	0.02046	0.01902	0.02377	0.07639	0.00807	0.00737	0.00233	0.00875	0.00732	0.00370	0.00908
7	0.01088	0.00777	0.01076	0.01244	0.01375	0.00765	0.01027	0.01363	0.01592	0.02083	0.03894	0.27280	0.04364	0.02086	0.00982	0.00323	0.00598	0.46764	0.00671	0.00646
8	0.01458	0.03760	0.70688	0.02072	0.03146	0.01688	0.02686	0.02302	0.01535	0.02302	0.01304	0.01535	0.00921	0.00691	0.00691	0.00230	0.01074	0.00537	0.00307	0.01074
9	0.01516	0.01323	0.01583	0.01164	0.01742	0.01101	0.00938	0.01822	0.01466	0.02304	0.01257	0.01516	0.01064	0.00615	0.00732	0.00130	0.08159	0.00452	0.00419	0.70698
10	0.11686	0.01958	0.05614	0.01867	0.10579	0.14089	0.01357	0.11276	0.17209	0.02743	0.01999	0.07137	0.01723	0.01019	0.00772	0.02606	0.00795	0.04060	0.00543	0.00969
11	0.06898	0.01926	0.02075	0.01598	0.02171	0.02107	0.01320	0.57865	0.03173	0.10847	0.01814	0.01785	0.01266	0.00865	0.00713	0.00219	0.00770	0.00648	0.00729	0.01212
12	0.01036	0.00737	0.00947	0.00907	0.01038	0.00706	0.00649	0.01298	0.01776	0.02499	0.50005	0.05095	0.05575	0.17575	0.06675	0.00401	0.00539	0.01219	0.00692	0.00630
13	0.02565	0.02406	0.02387	0.02316	0.14260	0.30730	0.08396	0.09222	0.02090	0.16199	0.01620	0.01745	0.01197	0.00760	0.00710	0.00209	0.01032	0.00613	0.00513	0.01031
14	0.01863	0.57812	0.03232	0.01243	0.01796	0.06370	0.01173	0.02220	0.06409	0.01837	0.01825	0.01899	0.08238	0.00783	0.00538	0.00173	0.00749	0.00545	0.00384	0.00910
15	0.01459	0.02007	0.24821	0.01997	0.09385	0.01273	0.09862	0.01945	0.01607	0.07182	0.07299	0.22987	0.02600	0.01211	0.00799	0.00249	0.00794	0.01104	0.00507	0.00913
16	0.11526	0.02205	0.09226	0.01689	0.02238	0.15861	0.07688	0.14679	0.10141	0.11716	0.01779	0.01842	0.01295	0.00796	0.00681	0.00219	0.00875	0.00624	0.03892	0.01027
17	0.01496	0.01441	0.02125	0.44213	0.15514	0.06580	0.01847	0.01914	0.01552	0.01975	0.01712	0.06522	0.01549	0.00935	0.00761	0.00246	0.00914	0.07471	0.00389	0.00843
18	0.01098	0.00883	0.00998	0.00950	0.01188	0.00855	0.00717	0.01678	0.13710	0.02543	0.32059	0.07631	0.29848	0.01556	0.00839	0.00240	0.00396	0.01333	0.00738	0.00738
19	0.01147	0.00729	0.00956	0.01058	0.01165	0.00687	0.00732	0.01370	0.04329	0.08313	0.03855	0.64252	0.04416	0.02093	0.00901	0.00287	0.00447	0.01888	0.00699	0.00675
20	0.01612	0.24297	0.47757	0.01884	0.02809	0.02041	0.05704	0.02267	0.01528	0.02132	0.01228	0.01450	0.00934	0.00667	0.00634	0.00209	0.00996	0.00511	0.00311	0.01028
21	0.70169	0.01385	0.01145	0.00998	0.01461	0.01561	0.00822	0.02310	0.01341	0.11550	0.01241	0.01340	0.00912	0.00703	0.00485	0.00225	0.00569	0.00435	0.00505	0.00843
22	0.01458	0.03760	0.70688	0.02072	0.03146	0.01688	0.02686	0.02302	0.01535	0.02302	0.01304	0.01535	0.00921	0.00691	0.00691	0.00230	0.01074	0.00537	0.00307	0.01074
23	0.65740	0.06996	0.08577	0.01094	0.01622	0.01727	0.01020	0.02157	0.01286	0.03048	0.01043	0.01217	0.00812	0.00673	0.00476	0.00220	0.00632	0.00408	0.00425	0.00828
24	0.02149	0.25987	0.17676	0.01550	0.02230	0.02131	0.01557	0.16045	0.10401	0.10996	0.01699	0.01721	0.01260	0.00768	0.00636	0.00205	0.00803	0.00572	0.00522	0.01091
25	0.00914	0.00648	0.00847	0.00982	0.01029	0.00609	0.00651	0.01043	0.01405	0.01886	0.08591	0.61728	0.04730	0.09798	0.01214	0.00333	0.00446	0.01906	0.00659	0.00582
26	0.66624	0.01450	0.01185	0.01051	0.01501	0.01678	0.00857	0.04903	0.09960	0.03284	0.01290	0.01399	0.00988	0.00722	0.00498	0.00227	0.00573	0.00459	0.00498	0.00851
27	0.01214	0.02305	0.37356	0.01508	0.02145	0.01189	0.01712	0.01773	0.01653	0.02346	0.18082	0.11787	0.11556	0.01210	0.00779	0.00240	0.00738	0.01026	0.00511	0.00868
28	0.01302	0.01102	0.01350	0.01223	0.01425	0.01246	0.00959	0.01986	0.17269	0.02596	0.32840	0.04219	0.12182	0.01370	0.01136	0.00253	0.14971	0.01091	0.00674	0.00807
29	0.04711	0.01747	0.01873	0.01499	0.01966	0.01924	0.01200	0.50077	0.06570	0.03920	0.02016	0.07465	0.01690	0.08703	0.01046	0.00277	0.00742	0.00803	0.00685	0.01086

[dist]
# distance from previous block
# <min> <max>
0	1

[block]
# block no. 9 follows, 28 sequences, length 46
# corresponding to MSA columns:
# 490-535
name=unknown_J
#
# <colnr> <probs for GDERKNQSTAVLIFYWHMCP>
#	G	D	E	R	K	N	Q	S	T	A	V	L	I	F	Y	W	H	M	C	P
0	0.01936	0.11993	0.25635	0.02027	0.06985	0.22101	0.01893	0.02430	0.03999	0.02028	0.01228	0.01492	0.00993	0.00791	0.00902	0.00221	0.11512	0.00531	0.00347	0.00957
1	0.01799	0.01727	0.02950	0.04462	0.69919	0.01727	0.02231	0.02231	0.01655	0.02375	0.01367	0.01799	0.01151	0.00648	0.00720	0.00216	0.00864	0.00648	0.00360	0.01151
2	0.01640	0.01565	0.02663	0.29964	0.45663	0.01685	0.02152	0.02091	0.01580	0.02181	0.01339	0.01851	0.01083	0.00677	0.00722	0.00226	0.00903	0.00647	0.00346	0.01023
3	0.02515	0.02358	0.02077	0.01721	0.02135	0.23993	0.01376	0.34733	0.02575	0.03210	0.01468	0.01633	0.01132	0.00889	0.00927	0.00220	0.11111	0.00594	0.04309	0.01023
4	0.01864	0.01552	0.01940	0.01854	0.14621	0.01420	0.01243	0.17683	0.01994	0.02901	0.01415	0.01619	0.01129	0.00639	0.00618	0.00154	0.00662	0.00525	0.00489	0.45678
5	0.01464	0.01078	0.01388	0.04092	0.01593	0.01186	0.03139	0.13796	0.01757	0.02524	0.02542	0.17726	0.04976	0.02154	0.15315	0.00428	0.06044	0.01025	0.16994	0.00779
6	0.01943	0.74891	0.03809	0.01244	0.01866	0.02876	0.01244	0.02177	0.01477	0.01710	0.01011	0.01166	0.00933	0.00622	0.00466	0.00155	0.00777	0.00389	0.00311	0.00933
7	0.01057	0.00705	0.00793	0.00793	0.00793	0.00705	0.00440	0.01057	0.01057	0.01409	0.02290	0.04757	0.02643	0.74454	0.03700	0.00705	0.00705	0.01057	0.00440	0.00440
8	0.03166	0.01216	0.01656	0.01277	0.01823	0.01052	0.01052	0.03450	0.02080	0.67538	0.05717	0.02600	0.02016	0.00925	0.00736	0.00225	0.00607	0.00756	0.00895	0.01214
9	0.00886	0.00633	0.00843	0.01012	0.01054	0.00590	0.00675	0.01012	0.01392	0.01856	0.04006	0.73979	0.04808	0.02277	0.00928	0.00295	0.00422	0.02066	0.00675	0.00590
10	0.01263	0.00631	0.00947	0.00947	0.00947	0.00631	0.00631	0.00947	0.00947	0.01263	0.01263	0.02210	0.01263	0.02525	0.02841	0.78851	0.00631	0.00631	0.00316	0.00316
11	0.01799	0.01727	0.02950	0.04462	0.69919	0.01727	0.02231	0.02231	0.01655	0.02375	0.01367	0.01799	0.01151	0.00648	0.00720	0.00216	0.00864	0.00648	0.00360	0.01151
12	0.02082	0.01696	0.02676	0.09075	0.43416	0.01733	0.04576	0.12888	0.01974	0.10381	0.01596	0.01884	0.01222	0.00717	0.00728	0.00221	0.00849	0.00667	0.00478	0.01140
13	0.02821	0.01495	0.01802	0.01400	0.01927	0.01490	0.01149	0.28335	0.02601	0.37224	0.09764	0.02514	0.02136	0.00954	0.00743	0.00223	0.00659	0.00765	0.00821	0.01176
14	0.01799	0.01727	0.02950	0.04462	0.69919	0.01727	0.02231	0.02231	0.01655	0.02375	0.01367	0.01799	0.01151	0.00648	0.00720	0.00216	0.00864	0.00648	0.00360	0.01151
15	0.04560	0.01920	0.20004	0.01327	0.02047	0.01168	0.01335	0.01937	0.01543	0.02425	0.06086	0.01778	0.01430	0.00651	0.00598	0.00154	0.00669	0.00520	0.00424	0.49424
16	0.32957	0.13591	0.08516	0.01432	0.01941	0.26628	0.01258	0.02430	0.01594	0.02406	0.01079	0.01259	0.00875	0.00695	0.00548	0.00201	0.00910	0.00433	0.00388	0.00857
17	0.01458	0.03760	0.70688	0.02072	0.03146	0.01688	0.02686	0.02302	0.01535	0.02302	0.01304	0.01535	0.00921	0.00691	0.00691	0.00230	0.01074	0.00537	0.00307	0.01074
18	0.01507	0.01292	0.01507	0.01077	0.01723	0.00969	0.00861	0.01830	0.01507	0.02369	0.01292	0.01507	0.01077	0.00538	0.00538	0.00108	0.00538	0.00431	0.00431	0.78898
19	0.01984	0.01423	0.01578	0.01307	0.01646	0.01558	0.01012	0.36569	0.02362	0.03225	0.01957	0.02752	0.01727	0.20787	0.11347	0.00475	0.00904	0.00779	0.05699	0.00909
20	0.01263	0.00631	0.00947	0.00947	0.00947	0.00631	0.00631	0.00947	0.00947	0.01263	0.01263	0.02210	0.01263	0.02525	0.02841	0.78851	0.00631	0.00631	0.00316	0.00316
21	0.01849	0.44146	0.16844	0.01431	0.02136	0.05237	0.01493	0.04802	0.01595	0.02041	0.01144	0.01318	0.00963	0.00639	0.00540	0.00168	0.00827	0.00439	0.00347	0.12042
22	0.02763	0.02036	0.02182	0.01672	0.02254	0.02254	0.01382	0.67496	0.03418	0.04581	0.01745	0.01745	0.01236	0.00873	0.00727	0.00218	0.00800	0.00654	0.00727	0.01236
23	0.01496	0.01284	0.01541	0.01209	0.04517	0.00987	0.00910	0.01825	0.01540	0.02395	0.04586	0.01709	0.01359	0.00589	0.00561	0.00118	0.00542	0.00482	0.00446	0.71905
24	0.01263	0.00631	0.00947	0.00947	0.00947	0.00631	0.00631	0.00947	0.00947	0.01263	0.01263	0.02210	0.01263	0.02525	0.02841	0.78851	0.00631	0.00631	0.00316	0.00316
25	0.79588	0.01406	0.01068	0.00956	0.01406	0.01631	0.00787	0.02137	0.01237	0.03261	0.01012	0.01181	0.00787	0.00675	0.00450	0.00225	0.00562	0.00394	0.00450	0.00787
26	0.01935	0.01807	0.05143	0.11792	0.36510	0.08851	0.01839	0.02328	0.01694	0.09831	0.01588	0.04450	0.01297	0.00749	0.00707	0.00212	0.00862	0.00668	0.00432	0.07304
27	0.79588	0.01406	0.01068	0.00956	0.01406	0.01631	0.00787	0.02137	0.01237	0.03261	0.01012	0.01181	0.00787	0.00675	0.00450	0.00225	0.00562	0.00394	0.00450	0.00787
28	0.01373	0.01292	0.02180	0.72707	0.05006	0.01615	0.02019	0.01857	0.01453	0.01857	0.01292	0.01938	0.00969	0.00727	0.00727	0.00242	0.00969	0.00646	0.00323	0.00807
29	0.01507	0.01292	0.01507	0.01077	0.01723	0.00969	0.00861	0.01830	0.01507	0.02369	0.01292	0.01507	0.01077	0.00538	0.00538	0.00108	0.00538	0.00431	0.00431	0.78898
30	0.79588	0.01406	0.01068	0.00956	0.01406	0.01631	0.00787	0.02137	0.01237	0.03261	0.01012	0.01181	0.00787	0.00675	0.00450	0.00225	0.00562	0.00394	0.00450	0.00787
31	0.01263	0.00631	0.00947	0.00947	0.00947	0.00631	0.00631	0.00947	0.00947	0.01263	0.01263	0.02210	0.01263	0.02525	0.02841	0.78851	0.00631	0.00631	0.00316	0.00316
32	0.01590	0.01590	0.02226	0.01908	0.01908	0.02226	0.01590	0.01749	0.01113	0.01749	0.00954	0.01590	0.00954	0.01272	0.02385	0.00318	0.73123	0.00636	0.00318	0.00795
33	0.00859	0.00736	0.00736	0.00736	0.00982	0.00614	0.00552	0.01043	0.01657	0.01964	0.07364	0.06996	0.69624	0.01841	0.00859	0.00245	0.00368	0.01534	0.00675	0.00614
34	0.01458	0.03760	0.70688	0.02072	0.03146	0.01688	0.02686	0.02302	0.01535	0.02302	0.01304	0.01535	0.00921	0.00691	0.00691	0.00230	0.01074	0.00537	0.00307	0.01074
35	0.01355	0.00678	0.00678	0.00678	0.00847	0.00678	0.00508	0.01694	0.01524	0.02710	0.02371	0.02710	0.01863	0.00847	0.00508	0.00169	0.00339	0.00678	0.78489	0.00678
36	0.02763	0.02036	0.02182	0.01672	0.02254	0.02254	0.01382	0.67496	0.03418	0.04581	0.01745	0.01745	0.01236	0.00873	0.00727	0.00218	0.00800	0.00654	0.00727	0.01236
37	0.02572	0.01216	0.01552	0.01265	0.01727	0.01152	0.01018	0.03226	0.15657	0.44783	0.14623	0.03043	0.02776	0.01021	0.00755	0.00230	0.00561	0.00852	0.00849	0.01122
38	0.01171	0.00837	0.01171	0.01339	0.01506	0.00837	0.01171	0.01506	0.01673	0.02175	0.03849	0.08199	0.04183	0.02008	0.01004	0.00335	0.00669	0.65027	0.00669	0.00669
39	0.02892	0.01306	0.01633	0.01275	0.01784	0.01234	0.01046	0.15251	0.02250	0.48283	0.02586	0.02372	0.01703	0.00887	0.00698	0.00216	0.00612	0.00709	0.12108	0.01156
40	0.02548	0.09198	0.02267	0.01603	0.02164	0.02253	0.01335	0.52062	0.12397	0.04080	0.01843	0.01824	0.01344	0.00864	0.00703	0.00216	0.00766	0.00652	0.00688	0.01194
41	0.02365	0.05793	0.01915	0.01561	0.01939	0.29760	0.01231	0.14157	0.06888	0.07329	0.01657	0.01796	0.01283	0.00849	0.00787	0.00206	0.06702	0.00586	0.12260	0.00938
42	0.01157	0.00888	0.00974	0.00934	0.01194	0.00840	0.00705	0.01672	0.12698	0.05571	0.15188	0.11332	0.40862	0.01639	0.00839	0.00246	0.00415	0.01390	0.00715	0.00740
43	0.00943	0.00657	0.00827	0.00939	0.00967	0.00628	0.00597	0.01027	0.01281	0.01707	0.03436	0.50988	0.04089	0.26250	0.01848	0.00431	0.00516	0.01731	0.00597	0.00541
44	0.62334	0.01579	0.06719	0.01062	0.01590	0.01542	0.00950	0.02107	0.01299	0.03059	0.01075	0.01255	0.00839	0.00657	0.00482	0.00209	0.00600	0.00410	0.00436	0.11796
45	0.01632	0.07087	0.01982	0.02271	0.25588	0.06745	0.01275	0.06280	0.01541	0.02022	0.01738	0.02961	0.01755	0.31909	0.01957	0.00416	0.00819	0.00788	0.00417	0.00816

[dist]
# distance from previous block
# <min> <max>
0	2

[block]
# block no. 10 follows, 28 sequences, length 90
# corresponding to MSA columns:
# 538-616,665-675
name=unknown_K
#
