[name]
unknown

[dist]
# distance from previous block
# <min> <max>
3	302

[block]
# block no. 0 follows, 27 sequences, length 34
# corresponding to MSA columns:
# 378-411
name=unknown_A
#
# <colnr> <probs for GDERKNQSTAVLIFYWHMCP>
#	G	D	E	R	K	N	Q	S	T	A	V	L	I	F	Y	W	H	M	C	P
0	0.05706	0.01316	0.01532	0.01512	0.07710	0.04404	0.01074	0.06510	0.09138	0.14599	0.11058	0.06802	0.11900	0.01394	0.04030	0.00277	0.00672	0.03576	0.00671	0.06119
1	0.11965	0.09406	0.17044	0.02667	0.27502	0.01810	0.01874	0.04562	0.04716	0.04591	0.01428	0.01674	0.01122	0.00696	0.00656	0.00213	0.00834	0.00573	0.00415	0.06254
2	0.03993	0.07220	0.09474	0.04629	0.07521	0.01443	0.01299	0.09945	0.07224	0.07171	0.12832	0.09398	0.12447	0.01193	0.00767	0.00236	0.00654	0.01002	0.00615	0.00938
3	0.01814	0.01894	0.12574	0.02286	0.19105	0.01623	0.01637	0.10625	0.17493	0.04814	0.12290	0.02585	0.02322	0.00912	0.00749	0.00227	0.00732	0.00783	0.00585	0.04950
4	0.05605	0.01336	0.01706	0.01629	0.09234	0.01288	0.03039	0.10296	0.07539	0.07803	0.14834	0.09752	0.02778	0.01043	0.00734	0.00210	0.00602	0.00901	0.00628	0.19043
5	0.07124	0.01853	0.11759	0.12181	0.11242	0.01606	0.06712	0.09430	0.07396	0.09218	0.06514	0.02169	0.01662	0.00809	0.00723	0.00225	0.00815	0.00699	0.00526	0.07335
6	0.05288	0.01460	0.01501	0.05571	0.01832	0.08272	0.01044	0.09619	0.14152	0.06797	0.22700	0.03427	0.05717	0.04469	0.00901	0.00249	0.00639	0.00920	0.00673	0.04768
7	0.01978	0.01631	0.01962	0.05368	0.19483	0.08036	0.01399	0.05562	0.12902	0.10713	0.02538	0.02610	0.08684	0.00902	0.00719	0.00214	0.00732	0.00758	0.04149	0.09660
8	0.02234	0.01739	0.02360	0.02935	0.33911	0.06317	0.01696	0.07676	0.11130	0.15934	0.05069	0.02236	0.01719	0.00824	0.00743	0.00225	0.00793	0.00723	0.00580	0.01156
9	0.01745	0.05508	0.25195	0.12183	0.28370	0.01758	0.02235	0.02418	0.05661	0.05696	0.01524	0.01829	0.01162	0.00719	0.00717	0.00229	0.00934	0.00627	0.00393	0.01098
10	0.06774	0.01619	0.06322	0.21796	0.23794	0.01502	0.01749	0.02054	0.01555	0.02334	0.01325	0.01733	0.01064	0.00656	0.00664	0.00198	0.00809	0.00574	0.00381	0.23097
11	0.01611	0.01440	0.02394	0.33035	0.25515	0.01576	0.04699	0.02136	0.04653	0.04815	0.07147	0.04337	0.01756	0.00839	0.00763	0.00239	0.00865	0.00779	0.00436	0.00964
12	0.01884	0.04887	0.12622	0.07536	0.28917	0.17757	0.01912	0.02316	0.01797	0.02280	0.09418	0.02113	0.01769	0.00799	0.00724	0.00217	0.00961	0.00674	0.00413	0.01002
13	0.01561	0.13117	0.02339	0.05984	0.28324	0.01589	0.01501	0.02025	0.05765	0.02416	0.17859	0.05162	0.07324	0.01017	0.00744	0.00221	0.00682	0.00895	0.00519	0.00956
14	0.04027	0.05469	0.01375	0.01130	0.01454	0.01095	0.00900	0.01870	0.09092	0.05233	0.10387	0.08779	0.10478	0.05410	0.08731	0.00362	0.00709	0.09206	0.00604	0.13688
15	0.01473	0.01353	0.06674	0.09696	0.21357	0.01194	0.01461	0.01866	0.01793	0.06954	0.22802	0.09049	0.08906	0.01183	0.00806	0.00238	0.00652	0.01055	0.00586	0.00903
16	0.01559	0.01448	0.02053	0.02783	0.34956	0.05492	0.01515	0.01856	0.01666	0.02250	0.07751	0.08836	0.11703	0.01169	0.00912	0.05444	0.00718	0.00938	0.00479	0.06472
17	0.01773	0.01579	0.01549	0.01398	0.01782	0.06559	0.01081	0.08000	0.43598	0.02883	0.03651	0.06309	0.14272	0.01194	0.00778	0.00247	0.00614	0.00985	0.00713	0.01036
18	0.01524	0.08893	0.65322	0.02055	0.03119	0.01811	0.02637	0.02342	0.01563	0.02308	0.01311	0.01540	0.00941	0.00700	0.00689	0.00230	0.01075	0.00538	0.00314	0.01087
19	0.01674	0.28974	0.27960	0.01577	0.02300	0.02018	0.01757	0.06408	0.01700	0.02240	0.02086	0.02643	0.07604	0.00936	0.00672	0.00218	0.00859	0.06987	0.00416	0.00970
20	0.01849	0.15956	0.01987	0.01381	0.01733	0.22589	0.01102	0.02271	0.09965	0.01981	0.02973	0.03163	0.17681	0.06316	0.01034	0.00254	0.05619	0.00825	0.00492	0.00828
21	0.01042	0.00746	0.00942	0.00968	0.01062	0.00746	0.00679	0.01205	0.01400	0.01888	0.12698	0.12850	0.10001	0.29184	0.15491	0.00616	0.00842	0.06495	0.00563	0.00581
22	0.01489	0.03840	0.70064	0.02116	0.03213	0.01724	0.02743	0.02351	0.01567	0.02351	0.01332	0.01567	0.00940	0.00705	0.00705	0.00235	0.01097	0.00549	0.00313	0.01097
23	0.01539	0.01319	0.01539	0.01100	0.01759	0.00990	0.00880	0.01869	0.01539	0.02419	0.01319	0.01539	0.01100	0.00550	0.00550	0.00110	0.00550	0.00440	0.00440	0.78449
24	0.00885	0.00724	0.00781	0.00827	0.01022	0.00620	0.00597	0.01057	0.01620	0.01976	0.06613	0.24682	0.52026	0.01998	0.00896	0.00264	0.00390	0.01711	0.00689	0.00620
25	0.02660	0.13744	0.02361	0.01820	0.02239	0.61131	0.01411	0.02858	0.02018	0.01807	0.01131	0.01317	0.00956	0.00746	0.00642	0.00187	0.01260	0.00466	0.00373	0.00874
26	0.01516	0.01424	0.02342	0.54373	0.17281	0.01685	0.02044	0.02107	0.05962	0.02079	0.01448	0.02005	0.01111	0.00744	0.00742	0.00243	0.00942	0.00672	0.00366	0.00916
27	0.01289	0.00645	0.00967	0.00967	0.00967	0.00645	0.00645	0.00967	0.00967	0.01289	0.01289	0.02257	0.01289	0.02579	0.02901	0.78401	0.00645	0.00645	0.00322	0.00322
28	0.01289	0.00645	0.00967	0.00967	0.00967	0.00645	0.00645	0.00967	0.00967	0.01289	0.01289	0.02257	0.01289	0.02579	0.02901	0.78401	0.00645	0.00645	0.00322	0.00322
29	0.01489	0.03840	0.70064	0.02116	0.03213	0.01724	0.02743	0.02351	0.01567	0.02351	0.01332	0.01567	0.00940	0.00705	0.00705	0.00235	0.01097	0.00549	0.00313	0.01097
30	0.06428	0.05159	0.10391	0.24362	0.26768	0.01834	0.02038	0.06762	0.01682	0.02410	0.01335	0.01768	0.01055	0.00738	0.00785	0.00233	0.04240	0.00620	0.00378	0.01015
31	0.01311	0.01067	0.01212	0.01051	0.01423	0.00970	0.00824	0.04968	0.09201	0.02591	0.18147	0.04665	0.23253	0.01320	0.00781	0.00215	0.00480	0.04911	0.00662	0.20951
32	0.01820	0.38771	0.13740	0.01385	0.02040	0.02137	0.01396	0.02300	0.06305	0.05195	0.01557	0.06301	0.01372	0.00787	0.00588	0.00183	0.00760	0.00590	0.00419	0.12353
33	0.05383	0.18615	0.05163	0.07937	0.18815	0.07327	0.01632	0.06391	0.01785	0.13157	0.01512	0.01719	0.01167	0.00770	0.00772	0.00216	0.05542	0.00585	0.00465	0.01049

[dist]
# distance from previous block
# <min> <max>
1	12

[block]
# block no. 1 follows, 27 sequences, length 80
# corresponding to MSA columns:
# 429-508
name=unknown_B
#
# <colnr> <probs for GDERKNQSTAVLIFYWHMCP>
#	G	D	E	R	K	N	Q	S	T	A	V	L	I	F	Y	W	H	M	C	P
0	0.11120	0.01675	0.02539	0.02245	0.10822	0.01714	0.19726	0.15527	0.07910	0.02974	0.01958	0.11258	0.01719	0.00946	0.00765	0.00239	0.00835	0.00888	0.00538	0.04602
1	0.15489	0.21559	0.17433	0.01546	0.02230	0.02212	0.01552	0.21278	0.05136	0.03078	0.01411	0.01523	0.01076	0.00752	0.00615	0.00211	0.00820	0.00531	0.00486	0.01060
2	0.01763	0.01486	0.04865	0.01795	0.12669	0.01397	0.01250	0.15994	0.08480	0.05763	0.08933	0.07410	0.14294	0.01147	0.00767	0.00226	0.00632	0.00970	0.02958	0.07201
3	0.01670	0.01790	0.03464	0.07106	0.07157	0.01917	0.38644	0.02138	0.01544	0.02165	0.01368	0.01934	0.01115	0.01041	0.04516	0.00312	0.20039	0.00787	0.00360	0.00935
4	0.01289	0.00645	0.00967	0.00967	0.00967	0.00645	0.00645	0.00967	0.00967	0.01289	0.01289	0.02257	0.01289	0.02579	0.02901	0.78401	0.00645	0.00645	0.00322	0.00322
5	0.01940	0.12377	0.16255	0.07749	0.10967	0.10013	0.01810	0.08953	0.11645	0.02472	0.01540	0.01761	0.01209	0.00816	0.00842	0.00228	0.07335	0.00607	0.00439	0.01040
6	0.01061	0.00795	0.01193	0.01193	0.01326	0.00928	0.00928	0.01326	0.01193	0.01723	0.01988	0.02916	0.01856	0.05568	0.70968	0.01193	0.01988	0.00795	0.00398	0.00663
7	0.00918	0.00656	0.00877	0.01049	0.01098	0.00615	0.00713	0.01057	0.01435	0.01910	0.04084	0.70414	0.04880	0.02313	0.00951	0.00303	0.00442	0.04989	0.00689	0.00607
8	0.01489	0.03840	0.70064	0.02116	0.03213	0.01724	0.02743	0.02351	0.01567	0.02351	0.01332	0.01567	0.00940	0.00705	0.00705	0.00235	0.01097	0.00549	0.00313	0.01097
9	0.01624	0.01624	0.02274	0.01949	0.01949	0.02274	0.01624	0.01787	0.01137	0.01787	0.00975	0.01624	0.00975	0.01299	0.02436	0.00325	0.72552	0.00650	0.00325	0.00812
10	0.02265	0.02613	0.02538	0.19263	0.03259	0.36532	0.12877	0.07720	0.02003	0.02163	0.01302	0.01646	0.01018	0.00745	0.00729	0.00218	0.01196	0.00607	0.00397	0.00908
11	0.79154	0.01436	0.01091	0.00976	0.01436	0.01665	0.00804	0.02182	0.01263	0.03331	0.01034	0.01206	0.00804	0.00689	0.00459	0.00230	0.00574	0.00402	0.00459	0.00804
12	0.01032	0.00746	0.00995	0.01106	0.01232	0.00709	0.00852	0.01284	0.01682	0.02249	0.18567	0.33082	0.08816	0.02031	0.00953	0.00297	0.00494	0.22504	0.00716	0.00653
13	0.01076	0.00873	0.01170	0.01176	0.01419	0.00806	0.04721	0.01361	0.01703	0.02128	0.05503	0.07414	0.34999	0.01886	0.00946	0.00293	0.00570	0.30611	0.00668	0.00675
14	0.01080	0.00720	0.00810	0.00810	0.00810	0.00720	0.00450	0.01080	0.01080	0.01439	0.02339	0.04858	0.02699	0.73910	0.03779	0.00720	0.00720	0.01080	0.00450	0.00450
15	0.02624	0.01523	0.01826	0.01491	0.01971	0.01616	0.01209	0.12835	0.24230	0.32528	0.02635	0.02427	0.01827	0.00975	0.00884	0.00244	0.06410	0.00758	0.00791	0.01198
16	0.01536	0.01467	0.05550	0.01159	0.01844	0.01033	0.00989	0.01897	0.01541	0.02415	0.01320	0.01541	0.01090	0.00559	0.00559	0.00117	0.00582	0.00446	0.00432	0.73921
17	0.01640	0.02040	0.21637	0.01496	0.02244	0.01227	0.04197	0.02123	0.01597	0.07768	0.01622	0.05854	0.01336	0.00732	0.00648	0.00173	0.00739	0.00612	0.00453	0.41862
18	0.01062	0.00789	0.01162	0.01162	0.01284	0.00911	0.00890	0.01306	0.01184	0.01701	0.02017	0.03072	0.01923	0.11047	0.65582	0.01155	0.01887	0.00818	0.00402	0.00646
19	0.01386	0.01815	0.17180	0.04251	0.10272	0.01308	0.14063	0.01918	0.01849	0.02625	0.30938	0.03437	0.03660	0.01041	0.00817	0.00236	0.00771	0.00976	0.00553	0.00906
20	0.01726	0.01335	0.01956	0.01518	0.03988	0.01114	0.11186	0.02104	0.01749	0.11137	0.13267	0.02441	0.02224	0.00780	0.00688	0.00172	0.00645	0.00710	0.00554	0.40704
21	0.01624	0.01624	0.02274	0.01949	0.01949	0.02274	0.01624	0.01787	0.01137	0.01787	0.00975	0.01624	0.00975	0.01299	0.02436	0.00325	0.72552	0.00650	0.00325	0.00812
22	0.34809	0.02329	0.01742	0.01638	0.05110	0.29117	0.01225	0.05452	0.01708	0.02614	0.01125	0.01353	0.00918	0.00782	0.00745	0.00222	0.07340	0.00479	0.00426	0.00866
23	0.01066	0.00882	0.01056	0.01149	0.06043	0.00812	0.00789	0.01439	0.05795	0.02378	0.23478	0.06112	0.40273	0.01647	0.00866	0.00248	0.00432	0.04107	0.00705	0.00722
24	0.01745	0.01449	0.01867	0.01348	0.02006	0.01195	0.06873	0.07983	0.01761	0.05195	0.01440	0.01641	0.01145	0.00602	0.00605	0.00138	0.00641	0.00512	0.00480	0.61374
25	0.00916	0.00737	0.00821	0.00871	0.01066	0.00643	0.00648	0.01109	0.01649	0.02035	0.08815	0.21844	0.47254	0.01979	0.00905	0.00269	0.00412	0.06707	0.00694	0.00629
26	0.01386	0.01300	0.04651	0.07760	0.20632	0.01239	0.01367	0.01896	0.08726	0.02254	0.08531	0.08029	0.11443	0.11861	0.01245	0.00318	0.00692	0.05276	0.00537	0.00858
27	0.01089	0.00811	0.01130	0.01108	0.01210	0.00913	0.00823	0.01300	0.01279	0.01819	0.10409	0.03625	0.02652	0.20250	0.43981	0.00927	0.04667	0.00921	0.00459	0.00626
28	0.02083	0.11881	0.02852	0.03283	0.39047	0.19639	0.01888	0.02416	0.01738	0.02140	0.01258	0.01611	0.01078	0.00724	0.00788	0.00211	0.05378	0.00579	0.00362	0.01043
29	0.62381	0.01684	0.01332	0.01152	0.01626	0.06830	0.00939	0.11705	0.01651	0.03417	0.01152	0.01300	0.00882	0.00724	0.00516	0.00226	0.00666	0.00447	0.00495	0.00875
30	0.01472	0.02600	0.36181	0.04320	0.11701	0.04172	0.03906	0.02020	0.01596	0.02212	0.04530	0.02628	0.11179	0.01050	0.00921	0.06501	0.00911	0.00758	0.00399	0.00943
31	0.01670	0.01928	0.14748	0.14343	0.15170	0.01604	0.01767	0.07543	0.12628	0.02661	0.07750	0.02258	0.01802	0.00822	0.00725	0.00221	0.00799	0.00705	0.00494	0.10362
32	0.00971	0.00750	0.00893	0.00920	0.01107	0.00672	0.00697	0.01219	0.01781	0.02316	0.25701	0.16594	0.32881	0.01853	0.00904	0.00263	0.00411	0.08685	0.00728	0.00653
33	0.01885	0.02141	0.12529	0.02346	0.08912	0.06083	0.20724	0.08224	0.05794	0.05162	0.04682	0.02018	0.01460	0.00782	0.00862	0.00227	0.05417	0.00717	0.00467	0.09568
34	0.00904	0.00646	0.00861	0.01034	0.01077	0.00603	0.00689	0.01034	0.01421	0.01895	0.04092	0.73426	0.04910	0.02326	0.00948	0.00301	0.00431	0.02110	0.00689	0.00603
35	0.01891	0.01907	0.01700	0.01365	0.01918	0.18219	0.01063	0.02476	0.12531	0.02384	0.01556	0.01691	0.01255	0.00677	0.00613	0.00153	0.00749	0.00514	0.00477	0.46859
36	0.01740	0.01693	0.07743	0.01274	0.01952	0.04485	0.01112	0.05834	0.01706	0.05167	0.01403	0.01585	0.01117	0.00608	0.00588	0.00136	0.00655	0.00477	0.00462	0.60261
37	0.01641	0.14154	0.33071	0.02327	0.14963	0.04191	0.02112	0.02180	0.01547	0.02163	0.01479	0.07317	0.01308	0.00873	0.00852	0.00232	0.07541	0.00678	0.00358	0.01015
38	0.02533	0.01148	0.01482	0.01233	0.01669	0.01041	0.00979	0.05907	0.04787	0.44058	0.03592	0.15944	0.09736	0.01283	0.00798	0.00246	0.00574	0.01085	0.00836	0.01069
39	0.01489	0.03840	0.70064	0.02116	0.03213	0.01724	0.02743	0.02351	0.01567	0.02351	0.01332	0.01567	0.00940	0.00705	0.00705	0.00235	0.01097	0.00549	0.00313	0.01097
40	0.01489	0.03840	0.70064	0.02116	0.03213	0.01724	0.02743	0.02351	0.01567	0.02351	0.01332	0.01567	0.00940	0.00705	0.00705	0.00235	0.01097	0.00549	0.00313	0.01097
41	0.00945	0.00735	0.00859	0.00870	0.01055	0.00649	0.00637	0.01181	0.01790	0.02336	0.29085	0.18882	0.34653	0.01832	0.00890	0.00254	0.00377	0.01587	0.00736	0.00649
42	0.03148	0.01223	0.01664	0.01290	0.01832	0.01060	0.01060	0.03440	0.02123	0.64437	0.08217	0.02769	0.02252	0.00967	0.00757	0.00230	0.00609	0.00794	0.00911	0.01218
43	0.02166	0.01994	0.01843	0.01610	0.02054	0.13143	0.01258	0.14680	0.46078	0.03169	0.02502	0.02366	0.01879	0.00948	0.00739	0.00237	0.00749	0.00751	0.00693	0.01139
44	0.01096	0.00791	0.01102	0.01142	0.01251	0.00861	0.00876	0.01316	0.01285	0.01770	0.02519	0.04636	0.02613	0.21062	0.38838	0.00884	0.01385	0.15478	0.00476	0.00617
45	0.01289	0.00645	0.00967	0.00967	0.00967	0.00645	0.00645	0.00967	0.00967	0.01289	0.01289	0.02257	0.01289	0.02579	0.02901	0.78401	0.00645	0.00645	0.00322	0.00322
46	0.02295	0.01127	0.01308	0.01082	0.01464	0.01107	0.00868	0.13650	0.02085	0.25874	0.02483	0.02515	0.01770	0.00888	0.00635	0.00201	0.00525	0.00706	0.38434	0.00985
47	0.14566	0.01683	0.02640	0.02006	0.02572	0.01709	0.26092	0.14386	0.05928	0.08454	0.07714	0.02506	0.01876	0.00871	0.00773	0.00243	0.00868	0.03530	0.00575	0.01009
48	0.01802	0.01241	0.01461	0.01277	0.01618	0.01279	0.01025	0.20806	0.06262	0.08647	0.25966	0.07350	0.07158	0.01378	0.00842	0.00249	0.00571	0.09369	0.00771	0.00928
49	0.01023	0.00851	0.01102	0.01370	0.10003	0.00775	0.00854	0.01229	0.01598	0.02029	0.05401	0.29619	0.35569	0.01881	0.00888	0.00267	0.00472	0.03728	0.00647	0.00692
50	0.43349	0.18125	0.12991	0.01301	0.01897	0.07509	0.01272	0.02281	0.01434	0.02700	0.01091	0.01272	0.00871	0.00686	0.00520	0.00212	0.00769	0.00431	0.00398	0.00889
51	0.02209	0.01775	0.01883	0.01584	0.02068	0.02016	0.01263	0.27286	0.44007	0.03690	0.02561	0.02403	0.01893	0.00964	0.00751	0.00241	0.00673	0.00776	0.00751	0.01208
52	0.02026	0.37072	0.18801	0.01607	0.02293	0.18356	0.01629	0.02404	0.01663	0.01944	0.01146	0.01334	0.00959	0.00677	0.00579	0.00181	0.00977	0.00454	0.00339	0.05558
53	0.01124	0.00758	0.01123	0.01123	0.01228	0.00856	0.00849	0.01262	0.01157	0.01668	0.01851	0.02765	0.01732	0.04722	0.53141	0.18231	0.01627	0.00758	0.03435	0.00589
54	0.02116	0.02059	0.25446	0.01470	0.02122	0.01265	0.01548	0.05671	0.01887	0.25230	0.07508	0.02442	0.01922	0.00881	0.00700	0.00221	0.00728	0.00711	0.15018	0.01054
55	0.01962	0.02228	0.10455	0.01929	0.02491	0.11441	0.12747	0.06356	0.36269	0.02785	0.02236	0.02246	0.01679	0.00866	0.00758	0.00240	0.00879	0.00752	0.00584	0.01096
56	0.02125	0.01856	0.02784	0.03725	0.49728	0.01921	0.02025	0.21114	0.02216	0.03083	0.01509	0.01821	0.01201	0.00729	0.00737	0.00221	0.00863	0.00663	0.00477	0.01201
57	0.01706	0.15501	0.37905	0.01726	0.02596	0.01853	0.01978	0.07469	0.04238	0.02473	0.01378	0.01559	0.01048	0.00691	0.00642	0.00199	0.00902	0.00523	0.00389	0.15225
58	0.01348	0.01237	0.01897	0.16826	0.26694	0.01257	0.01507	0.01704	0.01682	0.02214	0.08938	0.04024	0.25365	0.01174	0.00798	0.00238	0.00684	0.01033	0.00509	0.00873
59	0.01074	0.00742	0.00922	0.00922	0.00960	0.00781	0.00589	0.01151	0.01113	0.01522	0.02237	0.04291	0.02453	0.53960	0.23392	0.00858	0.01090	0.00997	0.00435	0.00512
60	0.01349	0.01121	0.01382	0.12796	0.08776	0.04163	0.01075	0.04417	0.01809	0.02452	0.16101	0.04220	0.21822	0.01236	0.00764	0.00227	0.00579	0.01047	0.13888	0.00778
61	0.01662	0.02184	0.16227	0.11062	0.21351	0.10613	0.07097	0.02128	0.01676	0.02207	0.04400	0.12379	0.01849	0.00968	0.00769	0.00238	0.00941	0.00870	0.00419	0.00960
62	0.02773	0.03538	0.02104	0.01913	0.02295	0.70930	0.01434	0.02964	0.02104	0.01817	0.01148	0.01339	0.00956	0.00765	0.00669	0.00191	0.01339	0.00478	0.00383	0.00861
63	0.01182	0.00753	0.00885	0.00856	0.00914	0.00734	0.00524	0.01257	0.01307	0.04979	0.13901	0.04866	0.03404	0.57868	0.03130	0.00612	0.00651	0.01109	0.00536	0.00532
64	0.01333	0.00867	0.01321	0.07675	0.10405	0.00896	0.00951	0.01244	0.01130	0.01522	0.01501	0.02660	0.01510	0.15416	0.02586	0.46676	0.00721	0.00729	0.00353	0.00504
65	0.06862	0.02100	0.09969	0.07450	0.34549	0.07047	0.08032	0.07550	0.01838	0.05484	0.01450	0.01780	0.01130	0.00707	0.00724	0.00225	0.00945	0.00643	0.00421	0.01093
66	0.02398	0.01298	0.01581	0.01324	0.01773	0.01299	0.01055	0.03356	0.26115	0.34010	0.14286	0.03134	0.02881	0.01054	0.00772	0.00238	0.00567	0.00883	0.00842	0.01135
67	0.01080	0.00720	0.00810	0.00810	0.00810	0.00720	0.00450	0.01080	0.01080	0.01439	0.02339	0.04858	0.02699	0.73910	0.03779	0.00720	0.00720	0.01080	0.00450	0.00450
68	0.01219	0.00889	0.01115	0.01222	0.05206	0.00838	0.00851	0.01591	0.06751	0.06502	0.12839	0.24140	0.24939	0.01773	0.00883	0.00267	0.00477	0.07043	0.00705	0.00749
69	0.14027	0.02032	0.02001	0.13358	0.10887	0.17640	0.01470	0.17802	0.02096	0.02879	0.01442	0.01724	0.01123	0.00920	0.02813	0.00247	0.00944	0.00587	0.05043	0.00966
70	0.02235	0.02003	0.02229	0.02437	0.20137	0.12042	0.01592	0.24481	0.10537	0.03163	0.01996	0.02646	0.01680	0.00965	0.00765	0.00235	0.00867	0.08309	0.00583	0.01100
71	0.00944	0.00689	0.00824	0.00913	0.00991	0.00639	0.00599	0.01053	0.01392	0.01801	0.04394	0.40924	0.18507	0.20852	0.01669	0.00399	0.00494	0.01722	0.00627	0.00568
72	0.01553	0.06672	0.21857	0.01409	0.02196	0.01329	0.01453	0.02033	0.01546	0.02357	0.01305	0.01526	0.01043	0.00601	0.00591	0.00150	0.00726	0.00469	0.00395	0.50788
73	0.01672	0.01657	0.05336	0.06093	0.45745	0.01558	0.01900	0.02202	0.05579	0.02472	0.07681	0.02418	0.04660	0.00806	0.00739	0.00218	0.00783	0.00748	0.00446	0.07289
74	0.25052	0.37056	0.07527	0.01274	0.01844	0.04897	0.01216	0.05169	0.01549	0.02412	0.01273	0.05484	0.01153	0.00772	0.00535	0.00198	0.00751	0.00525	0.00404	0.00909
75	0.01919	0.08460	0.02377	0.01881	0.02024	0.18057	0.01550	0.02095	0.01391	0.01790	0.01019	0.01521	0.00968	0.01119	0.01859	0.00280	0.49930	0.00588	0.00337	0.00836
76	0.01260	0.01092	0.01459	0.03662	0.10385	0.00961	0.03119	0.01553	0.01666	0.02279	0.12967	0.04276	0.25047	0.05725	0.00949	0.00236	0.00554	0.01039	0.00563	0.21207
77	0.00886	0.00720	0.00785	0.00837	0.01025	0.00620	0.00602	0.01056	0.01610	0.01972	0.06487	0.27120	0.49670	0.02014	0.00899	0.00266	0.00393	0.01731	0.00689	0.00620
78	0.01274	0.01112	0.01760	0.35248	0.07058	0.01313	0.01502	0.01619	0.01410	0.01892	0.04156	0.11655	0.01999	0.07717	0.13600	0.00462	0.04127	0.00927	0.00416	0.00753
79	0.01922	0.02003	0.04723	0.15620	0.19316	0.13693	0.07532	0.09441	0.05944	0.02521	0.05863	0.02269	0.04190	0.00839	0.00753	0.00228	0.00944	0.00734	0.00467	0.00996

[dist]
# distance from previous block
# <min> <max>
1	54

[block]
# block no. 2 follows, 27 sequences, length 21
# corresponding to MSA columns:
# 563-583
name=unknown_C
#
# <colnr> <probs for GDERKNQSTAVLIFYWHMCP>
#	G	D	E	R	K	N	Q	S	T	A	V	L	I	F	Y	W	H	M	C	P
0	0.12846	0.05567	0.10678	0.06426	0.19669	0.17536	0.09036	0.02494	0.04728	0.02372	0.01347	0.01643	0.01070	0.00709	0.00684	0.00220	0.00998	0.00590	0.00392	0.00994
1	0.01059	0.00679	0.00859	0.00921	0.00936	0.00663	0.00574	0.01041	0.01179	0.01572	0.02753	0.28733	0.03205	0.34229	0.02597	0.16051	0.00602	0.01360	0.00510	0.00479
2	0.01984	0.07855	0.22392	0.02467	0.20213	0.01806	0.01940	0.11221	0.07731	0.09231	0.01810	0.04961	0.01423	0.00831	0.00720	0.00228	0.00860	0.00696	0.00500	0.01131
3	0.01808	0.22206	0.02333	0.01830	0.15019	0.01695	0.01216	0.06417	0.01674	0.08699	0.04884	0.10481	0.02147	0.15009	0.01278	0.00310	0.00723	0.00867	0.00504	0.00902
4	0.01532	0.00791	0.00878	0.00816	0.01061	0.00737	0.00626	0.01840	0.01715	0.12169	0.09695	0.03835	0.15274	0.01129	0.00654	0.00202	0.00393	0.00929	0.44966	0.00761
5	0.02024	0.57946	0.11093	0.01442	0.02099	0.10969	0.01455	0.02326	0.01587	0.01823	0.01080	0.01251	0.00952	0.00659	0.00525	0.00171	0.00893	0.00424	0.00325	0.00958
6	0.01080	0.00720	0.00810	0.00810	0.00810	0.00720	0.00450	0.01080	0.01080	0.01439	0.02339	0.04858	0.02699	0.73910	0.03779	0.00720	0.00720	0.01080	0.00450	0.00450
7	0.10854	0.10407	0.02099	0.01620	0.04939	0.01974	0.01307	0.32084	0.07008	0.03495	0.02090	0.02985	0.01818	0.01059	0.00734	0.00241	0.00748	0.12854	0.00633	0.01053
8	0.01725	0.07836	0.04734	0.01263	0.03510	0.01188	0.01019	0.02156	0.07105	0.14441	0.03185	0.14126	0.13063	0.01172	0.00725	0.00210	0.00576	0.00986	0.00614	0.20366
9	0.00877	0.00752	0.00752	0.00752	0.01003	0.00627	0.00564	0.01065	0.01692	0.02005	0.07520	0.07144	0.68978	0.01880	0.00877	0.00251	0.00376	0.01567	0.00689	0.00627
10	0.01970	0.01672	0.02805	0.09658	0.56538	0.01679	0.02128	0.02398	0.01722	0.09934	0.01562	0.01926	0.01235	0.00697	0.00737	0.00224	0.00863	0.00671	0.00426	0.01157
11	0.01988	0.10902	0.32608	0.02041	0.02851	0.10619	0.12063	0.04701	0.03959	0.09112	0.01533	0.01708	0.01117	0.00730	0.00709	0.00223	0.01046	0.00607	0.00422	0.01061
12	0.01331	0.01193	0.01711	0.01555	0.01624	0.01573	0.01262	0.01547	0.01166	0.01754	0.01502	0.02297	0.01433	0.03521	0.38112	0.00777	0.35818	0.00726	0.00363	0.00734
13	0.00932	0.00657	0.00853	0.00999	0.01035	0.00621	0.00652	0.01041	0.01368	0.01824	0.03820	0.62786	0.04567	0.13433	0.01387	0.00366	0.00476	0.01950	0.00652	0.00579
14	0.01596	0.26556	0.26983	0.01523	0.02219	0.01940	0.01671	0.02277	0.09056	0.02274	0.09379	0.02473	0.07347	0.00902	0.00667	0.00213	0.00797	0.00702	0.00451	0.00975
15	0.02141	0.16425	0.11239	0.04898	0.19997	0.10474	0.04451	0.02543	0.01759	0.13428	0.01659	0.02040	0.01318	0.00783	0.00693	0.00216	0.00917	0.03506	0.00458	0.01055
16	0.01428	0.02542	0.35312	0.10065	0.07647	0.01524	0.11210	0.02045	0.01564	0.02221	0.01890	0.15516	0.01752	0.01007	0.00782	0.00250	0.00964	0.00915	0.00400	0.00963
17	0.01666	0.01589	0.02703	0.31200	0.43978	0.01719	0.02193	0.02128	0.01609	0.02217	0.01366	0.01893	0.01102	0.00693	0.00738	0.00231	0.00924	0.00661	0.00353	0.01037
18	0.01611	0.09198	0.46804	0.02089	0.02999	0.01745	0.12063	0.02309	0.01605	0.05204	0.01591	0.06579	0.01281	0.00808	0.00730	0.00235	0.01029	0.00701	0.00375	0.01044
19	0.01820	0.01859	0.15281	0.13002	0.26479	0.01466	0.01918	0.02281	0.01670	0.13323	0.02003	0.11979	0.01737	0.00958	0.00762	0.00240	0.00835	0.00857	0.00487	0.01043
20	0.01865	0.01926	0.10376	0.09608	0.51978	0.01704	0.02231	0.02347	0.01690	0.07001	0.01488	0.01866	0.01180	0.00691	0.00733	0.00225	0.00898	0.00655	0.00396	0.01144

[dist]
# distance from previous block
# <min> <max>
0	8

[block]
# block no. 3 follows, 27 sequences, length 79
# corresponding to MSA columns:
# 592-670
name=unknown_D
#
# <colnr> <probs for GDERKNQSTAVLIFYWHMCP>
#	G	D	E	R	K	N	Q	S	T	A	V	L	I	F	Y	W	H	M	C	P
0	0.02071	0.02797	0.18091	0.02960	0.25399	0.22234	0.08027	0.05414	0.01871	0.02326	0.01335	0.01641	0.01057	0.00709	0.00722	0.00218	0.01097	0.00602	0.00377	0.01053
1	0.01517	0.09441	0.15491	0.14333	0.09692	0.01551	0.01721	0.06519	0.01705	0.02291	0.02250	0.13190	0.02230	0.01213	0.00792	0.00258	0.00826	0.13598	0.00481	0.00901
2	0.02272	0.02252	0.01975	0.01695	0.02134	0.23310	0.03736	0.16149	0.27208	0.02988	0.06852	0.02295	0.01952	0.00931	0.00739	0.00226	0.00875	0.00730	0.00627	0.01055
3	0.01754	0.01667	0.02829	0.06915	0.61912	0.01676	0.02156	0.02174	0.01663	0.02367	0.01587	0.06974	0.01436	0.00784	0.00750	0.00227	0.00854	0.00765	0.00389	0.01121
4	0.01621	0.03655	0.65166	0.02059	0.03119	0.01679	0.02624	0.02442	0.01607	0.07185	0.01447	0.01636	0.01005	0.00721	0.00708	0.00235	0.01064	0.00563	0.00357	0.01109
5	0.01544	0.02584	0.39855	0.01744	0.02462	0.01396	0.04835	0.02117	0.01494	0.08335	0.01745	0.02413	0.01452	0.13760	0.10651	0.00446	0.01117	0.00705	0.00406	0.00940
6	0.01562	0.01429	0.02389	0.09769	0.42758	0.01500	0.01849	0.01954	0.01521	0.02164	0.01569	0.02178	0.01365	0.02156	0.22030	0.00518	0.01227	0.00702	0.00373	0.00988
7	0.01574	0.08168	0.38486	0.02637	0.20355	0.01727	0.04854	0.02202	0.01589	0.02285	0.01588	0.08256	0.01377	0.00835	0.00725	0.00232	0.00963	0.00724	0.00365	0.01058
8	0.02216	0.01748	0.17263	0.01468	0.02067	0.01154	0.04300	0.02631	0.01877	0.33821	0.07426	0.07836	0.10660	0.01112	0.00781	0.00240	0.00702	0.00941	0.00705	0.01052
9	0.01415	0.09402	0.14314	0.02150	0.13500	0.01440	0.11140	0.01826	0.01595	0.02191	0.06632	0.26001	0.02733	0.01275	0.00804	0.00249	0.00780	0.01175	0.00491	0.00890
10	0.01845	0.01734	0.03067	0.10476	0.52216	0.01741	0.10541	0.02309	0.01697	0.05043	0.01464	0.01899	0.01179	0.00674	0.00754	0.00227	0.00930	0.00692	0.00387	0.01124
11	0.01743	0.02230	0.18428	0.11355	0.25507	0.01747	0.20663	0.02332	0.01673	0.05006	0.01464	0.01867	0.01113	0.00681	0.00770	0.00236	0.01039	0.00700	0.00375	0.01071
12	0.01647	0.01982	0.22554	0.01701	0.02304	0.01285	0.11650	0.02121	0.01679	0.13284	0.03149	0.11538	0.14515	0.01171	0.00852	0.00248	0.03207	0.01021	0.03154	0.00938
13	0.01719	0.10996	0.02670	0.20945	0.32341	0.01862	0.01885	0.02377	0.10904	0.02315	0.03827	0.02045	0.01448	0.00756	0.00711	0.00224	0.00839	0.00675	0.00421	0.01041
14	0.10143	0.01351	0.01578	0.01531	0.06519	0.04384	0.01112	0.10359	0.04365	0.23074	0.02764	0.20200	0.02520	0.01297	0.00782	0.00253	0.00651	0.05429	0.00707	0.00984
15	0.01646	0.09904	0.26310	0.02818	0.23019	0.01791	0.12212	0.02232	0.01677	0.02373	0.07578	0.02045	0.01601	0.00747	0.00733	0.00225	0.00956	0.00691	0.00386	0.01055
16	0.01779	0.01893	0.13136	0.14032	0.22564	0.01588	0.11099	0.05134	0.01738	0.08578	0.01848	0.09874	0.01583	0.00896	0.00777	0.00241	0.00909	0.00843	0.00458	0.01031
17	0.08689	0.03454	0.59355	0.01961	0.02966	0.01678	0.02459	0.02418	0.01576	0.06803	0.01408	0.01596	0.00986	0.00718	0.00686	0.00234	0.01019	0.00548	0.00366	0.01081
18	0.08984	0.01244	0.01524	0.01353	0.01629	0.01381	0.01067	0.13974	0.01826	0.13086	0.02418	0.20780	0.02322	0.02073	0.12466	0.00418	0.10901	0.01052	0.00615	0.00887
19	0.01521	0.01351	0.01841	0.21721	0.07503	0.01234	0.01318	0.01906	0.01534	0.02270	0.01325	0.01687	0.01073	0.00613	0.00618	0.00157	0.00699	0.00519	0.00403	0.50706
20	0.01068	0.00764	0.01034	0.01034	0.01111	0.00841	0.00729	0.01223	0.01146	0.01605	0.02134	0.03724	0.02207	0.34009	0.43007	0.00996	0.01460	0.00914	0.00419	0.00574
21	0.06874	0.01669	0.01514	0.01369	0.01733	0.15378	0.01074	0.02789	0.19229	0.13090	0.12096	0.03451	0.05690	0.01127	0.00757	0.00237	0.00703	0.06674	0.03601	0.00946
22	0.01062	0.00790	0.01167	0.01167	0.01290	0.00914	0.00895	0.01309	0.01185	0.01704	0.02013	0.03051	0.01914	0.10305	0.66311	0.01160	0.01901	0.00815	0.00401	0.00648
23	0.03151	0.01211	0.01628	0.01263	0.01800	0.01054	0.01038	0.03444	0.02072	0.63611	0.02882	0.02549	0.01844	0.00914	0.00726	0.00224	0.00605	0.00742	0.08031	0.01211
24	0.00904	0.00646	0.00861	0.01034	0.01077	0.00603	0.00689	0.01034	0.01421	0.01895	0.04092	0.73426	0.04910	0.02326	0.00948	0.00301	0.00431	0.02110	0.00689	0.00603
25	0.01104	0.00839	0.01111	0.01028	0.01187	0.00846	0.00786	0.01436	0.02012	0.02867	0.62624	0.05184	0.06448	0.01498	0.01020	0.00242	0.07010	0.01279	0.00772	0.00711
26	0.01985	0.74357	0.03890	0.01270	0.01905	0.02937	0.01270	0.02223	0.01508	0.01747	0.01032	0.01191	0.00953	0.00635	0.00476	0.00159	0.00794	0.00397	0.00318	0.00953
27	0.08545	0.00937	0.01035	0.01011	0.01081	0.05788	0.00686	0.01240	0.01093	0.01539	0.01419	0.02499	0.01440	0.13392	0.02653	0.53479	0.00700	0.00678	0.00359	0.00425
28	0.00889	0.00752	0.00768	0.00764	0.01010	0.00632	0.00573	0.01088	0.01719	0.02069	0.11565	0.07039	0.64894	0.01856	0.00877	0.00250	0.00374	0.01552	0.00698	0.00632
29	0.01466	0.01385	0.02343	0.62122	0.14613	0.01666	0.02094	0.01953	0.01515	0.01975	0.01331	0.01958	0.01017	0.00730	0.00741	0.00243	0.00974	0.00660	0.00335	0.00877
30	0.01489	0.03840	0.70064	0.02116	0.03213	0.01724	0.02743	0.02351	0.01567	0.02351	0.01332	0.01567	0.00940	0.00705	0.00705	0.00235	0.01097	0.00549	0.00313	0.01097
31	0.01837	0.01764	0.03013	0.04557	0.69279	0.01764	0.02278	0.02278	0.01690	0.02425	0.01396	0.01837	0.01176	0.00661	0.00735	0.00220	0.00882	0.00661	0.00367	0.01176
32	0.01018	0.00758	0.00947	0.00899	0.01089	0.00686	0.00674	0.01337	0.02023	0.02792	0.57206	0.05850	0.18802	0.01587	0.00876	0.00237	0.00355	0.01385	0.00793	0.00686
33	0.34427	0.01720	0.01691	0.01362	0.01892	0.01910	0.01122	0.31941	0.04789	0.10069	0.01623	0.01648	0.01162	0.00814	0.00626	0.00227	0.00691	0.00572	0.00642	0.01070
34	0.08276	0.02533	0.02104	0.01726	0.02238	0.25765	0.01376	0.40305	0.02856	0.03602	0.01511	0.01589	0.01125	0.00833	0.00697	0.00212	0.00978	0.00584	0.00599	0.01092
35	0.02033	0.02254	0.01619	0.01499	0.01765	0.35567	0.01093	0.02479	0.12016	0.01912	0.01825	0.02617	0.01694	0.20144	0.07970	0.00430	0.01122	0.00719	0.00459	0.00785
36	0.01630	0.01552	0.02638	0.36755	0.38702	0.01709	0.02175	0.02096	0.01592	0.02173	0.01360	0.01905	0.01087	0.00700	0.00738	0.00233	0.00933	0.00661	0.00350	0.01009
37	0.01664	0.00894	0.01168	0.01091	0.01367	0.00804	0.00855	0.01934	0.01880	0.21431	0.21495	0.16794	0.14000	0.01610	0.00872	0.00261	0.00492	0.09770	0.00787	0.00830
38	0.01489	0.03840	0.70064	0.02116	0.03213	0.01724	0.02743	0.02351	0.01567	0.02351	0.01332	0.01567	0.00940	0.00705	0.00705	0.00235	0.01097	0.00549	0.00313	0.01097
39	0.01494	0.01268	0.01489	0.01084	0.01699	0.00963	0.00863	0.01826	0.01591	0.02471	0.07552	0.01909	0.01644	0.00639	0.00580	0.00121	0.00531	0.00523	0.00475	0.71277
40	0.01539	0.01319	0.01539	0.01100	0.01759	0.00990	0.00880	0.01869	0.01539	0.02419	0.01319	0.01539	0.01100	0.00550	0.00550	0.00110	0.00550	0.00440	0.00440	0.78449
41	0.79154	0.01436	0.01091	0.00976	0.01436	0.01665	0.00804	0.02182	0.01263	0.03331	0.01034	0.01206	0.00804	0.00689	0.00459	0.00230	0.00574	0.00402	0.00459	0.00804
42	0.00904	0.00646	0.00861	0.01034	0.01077	0.00603	0.00689	0.01034	0.01421	0.01895	0.04092	0.73426	0.04910	0.02326	0.00948	0.00301	0.00431	0.02110	0.00689	0.00603
43	0.01080	0.00720	0.00810	0.00810	0.00810	0.00720	0.00450	0.01080	0.01080	0.01439	0.02339	0.04858	0.02699	0.73910	0.03779	0.00720	0.00720	0.01080	0.00450	0.00450
44	0.01579	0.01500	0.02546	0.44679	0.31178	0.01696	0.02150	0.02052	0.01568	0.02111	0.01351	0.01922	0.01065	0.00709	0.00739	0.00236	0.00946	0.00660	0.00345	0.00967
45	0.79154	0.01436	0.01091	0.00976	0.01436	0.01665	0.00804	0.02182	0.01263	0.03331	0.01034	0.01206	0.00804	0.00689	0.00459	0.00230	0.00574	0.00402	0.00459	0.00804
46	0.01402	0.01319	0.02227	0.72126	0.05113	0.01649	0.02062	0.01897	0.01484	0.01897	0.01319	0.01979	0.00990	0.00742	0.00742	0.00247	0.00990	0.00660	0.00330	0.00825
47	0.79154	0.01436	0.01091	0.00976	0.01436	0.01665	0.00804	0.02182	0.01263	0.03331	0.01034	0.01206	0.00804	0.00689	0.00459	0.00230	0.00574	0.00402	0.00459	0.00804
48	0.01312	0.02872	0.49082	0.01788	0.02565	0.01384	0.02120	0.01952	0.01523	0.02213	0.02169	0.23354	0.02144	0.01197	0.00779	0.00255	0.00895	0.01022	0.00427	0.00947
49	0.01624	0.01624	0.02274	0.01949	0.01949	0.02274	0.01624	0.01787	0.01137	0.01787	0.00975	0.01624	0.00975	0.01299	0.02436	0.00325	0.72552	0.00650	0.00325	0.00812
50	0.01539	0.01319	0.01539	0.01100	0.01759	0.00990	0.00880	0.01869	0.01539	0.02419	0.01319	0.01539	0.01100	0.00550	0.00550	0.00110	0.00550	0.00440	0.00440	0.78449
51	0.01837	0.01764	0.03013	0.04557	0.69279	0.01764	0.02278	0.02278	0.01690	0.02425	0.01396	0.01837	0.01176	0.00661	0.00735	0.00220	0.00882	0.00661	0.00367	0.01176
52	0.01866	0.01894	0.03665	0.02694	0.03356	0.01846	0.48377	0.12084	0.04374	0.02737	0.01823	0.02584	0.01478	0.00811	0.00865	0.00255	0.01110	0.06692	0.00473	0.01018
53	0.79154	0.01436	0.01091	0.00976	0.01436	0.01665	0.00804	0.02182	0.01263	0.03331	0.01034	0.01206	0.00804	0.00689	0.00459	0.00230	0.00574	0.00402	0.00459	0.00804
54	0.01004	0.00717	0.00976	0.01148	0.01235	0.00689	0.00863	0.01206	0.01520	0.02007	0.04036	0.51142	0.04692	0.02232	0.00974	0.00315	0.00517	0.23407	0.00687	0.00631
55	0.00931	0.00650	0.00865	0.01018	0.01066	0.00607	0.00681	0.01030	0.01399	0.01856	0.04023	0.65764	0.07126	0.02327	0.01085	0.05897	0.00444	0.01984	0.00663	0.00584
56	0.01837	0.01764	0.03013	0.04557	0.69279	0.01764	0.02278	0.02278	0.01690	0.02425	0.01396	0.01837	0.01176	0.00661	0.00735	0.00220	0.00882	0.00661	0.00367	0.01176
57	0.04709	0.01455	0.02328	0.29777	0.19071	0.01579	0.06405	0.06482	0.01738	0.08793	0.01744	0.06535	0.01421	0.00845	0.00744	0.00238	0.00861	0.00768	0.03536	0.00971
58	0.01402	0.01319	0.02227	0.72126	0.05113	0.01649	0.02062	0.01897	0.01484	0.01897	0.01319	0.01979	0.00990	0.00742	0.00742	0.00247	0.00990	0.00660	0.00330	0.00825
59	0.00995	0.00805	0.00899	0.00922	0.01156	0.00726	0.00728	0.01301	0.04232	0.02180	0.12283	0.07081	0.47621	0.01848	0.00903	0.00268	0.00444	0.14240	0.00702	0.00666
60	0.01049	0.00715	0.00810	0.00826	0.00848	0.00702	0.00480	0.01074	0.01155	0.01522	0.02872	0.11346	0.07653	0.62145	0.03309	0.00648	0.00668	0.01210	0.00489	0.00477
61	0.01797	0.01472	0.01678	0.01222	0.01868	0.01253	0.00986	0.14915	0.01931	0.02873	0.01412	0.01588	0.01132	0.00618	0.00589	0.00133	0.00603	0.00486	0.00501	0.62942
62	0.06461	0.09264	0.32028	0.02103	0.11117	0.04088	0.01985	0.02296	0.06268	0.02297	0.01483	0.01805	0.01182	0.01387	0.10109	0.00357	0.03794	0.00595	0.00376	0.01005
63	0.02010	0.52268	0.15309	0.01478	0.02189	0.02639	0.01548	0.10898	0.01784	0.02246	0.01185	0.01336	0.00992	0.00682	0.00552	0.00181	0.00850	0.00460	0.00374	0.01020
64	0.01051	0.00759	0.00992	0.00934	0.01109	0.00700	0.00700	0.01401	0.02101	0.02977	0.68888	0.05545	0.07005	0.01518	0.00876	0.00233	0.00350	0.01343	0.00817	0.00700
65	0.01187	0.00946	0.01116	0.01185	0.06052	0.00916	0.00813	0.01738	0.11608	0.02553	0.23934	0.05244	0.29888	0.01464	0.00816	0.00236	0.00433	0.01248	0.07847	0.00775
66	0.00897	0.00674	0.00833	0.00960	0.01057	0.00609	0.00656	0.01042	0.01492	0.01924	0.04990	0.56058	0.21697	0.02209	0.00929	0.00288	0.00416	0.01968	0.00689	0.00609
67	0.02773	0.03538	0.02104	0.01913	0.02295	0.70930	0.01434	0.02964	0.02104	0.01817	0.01148	0.01339	0.00956	0.00765	0.00669	0.00191	0.01339	0.00478	0.00383	0.00861
68	0.00925	0.00707	0.00852	0.00929	0.01070	0.00634	0.00662	0.01114	0.01626	0.02101	0.14614	0.37686	0.28284	0.02040	0.00914	0.00275	0.00408	0.03824	0.00707	0.00628
69	0.03033	0.01741	0.02019	0.01548	0.02134	0.01801	0.01279	0.40631	0.02925	0.31650	0.02257	0.02091	0.01501	0.00903	0.00744	0.00226	0.00740	0.00701	0.00816	0.01263
70	0.01686	0.02667	0.32166	0.03495	0.40555	0.01747	0.02480	0.02310	0.01637	0.02393	0.01368	0.01720	0.01074	0.00681	0.00722	0.00227	0.00975	0.00612	0.00344	0.01142
71	0.01928	0.59752	0.03429	0.01307	0.01888	0.02685	0.01242	0.02472	0.12385	0.01968	0.01393	0.01512	0.01201	0.00876	0.03089	0.00212	0.00804	0.00484	0.00392	0.00979
72	0.03331	0.01263	0.01723	0.01321	0.01895	0.01091	0.01091	0.03618	0.02125	0.69794	0.02929	0.02527	0.01838	0.00919	0.00747	0.00230	0.00632	0.00747	0.00919	0.01263
73	0.01539	0.01319	0.01539	0.01100	0.01759	0.00990	0.00880	0.01869	0.01539	0.02419	0.01319	0.01539	0.01100	0.00550	0.00550	0.00110	0.00550	0.00440	0.00440	0.78449
74	0.01209	0.00794	0.01043	0.00961	0.01164	0.00728	0.00728	0.01555	0.02103	0.07609	0.64315	0.05336	0.06646	0.01476	0.00867	0.00233	0.00370	0.01301	0.00824	0.00739
75	0.01539	0.01319	0.01539	0.01100	0.01759	0.00990	0.00880	0.01869	0.01539	0.02419	0.01319	0.01539	0.01100	0.00550	0.00550	0.00110	0.00550	0.00440	0.00440	0.78449
76	0.01646	0.01569	0.02668	0.34182	0.41146	0.01714	0.02183	0.02111	0.01600	0.02194	0.01363	0.01900	0.01094	0.00697	0.00738	0.00232	0.00929	0.00661	0.00351	0.01022
77	0.01186	0.00774	0.01020	0.00981	0.01159	0.00710	0.00726	0.01490	0.01974	0.07560	0.51826	0.18250	0.06236	0.01629	0.00880	0.00246	0.00386	0.01446	0.00800	0.00722
78	0.01989	0.04840	0.06025	0.01362	0.01895	0.01473	0.01173	0.17715	0.06487	0.11316	0.02282	0.02404	0.06274	0.01590	0.11505	0.00348	0.00881	0.00700	0.00592	0.19147

[dist]
# distance from previous block
# <min> <max>
1	4

[block]
# block no. 4 follows, 27 sequences, length 23
# corresponding to MSA columns:
# 675-697
name=unknown_E
#
# <colnr> <probs for GDERKNQSTAVLIFYWHMCP>
#	G	D	E	R	K	N	Q	S	T	A	V	L	I	F	Y	W	H	M	C	P
0	0.01786	0.08946	0.10793	0.05785	0.07772	0.12790	0.04464	0.04253	0.01725	0.02343	0.01779	0.02041	0.04040	0.00768	0.00638	0.00190	0.00818	0.00613	0.16216	0.12240
1	0.79154	0.01436	0.01091	0.00976	0.01436	0.01665	0.00804	0.02182	0.01263	0.03331	0.01034	0.01206	0.00804	0.00689	0.00459	0.00230	0.00574	0.00402	0.00459	0.00804
2	0.01559	0.01528	0.02148	0.01861	0.01877	0.02118	0.01543	0.01733	0.01143	0.01779	0.01092	0.01774	0.01077	0.01794	0.10385	0.00426	0.64368	0.00667	0.00333	0.00795
3	0.06056	0.01380	0.01394	0.01168	0.01566	0.08454	0.00930	0.09420	0.02010	0.27118	0.02338	0.02353	0.01660	0.00868	0.00638	0.00203	0.00614	0.00673	0.30176	0.00982
4	0.01289	0.00645	0.00967	0.00967	0.00967	0.00645	0.00645	0.00967	0.00967	0.01289	0.01289	0.02257	0.01289	0.02579	0.02901	0.78401	0.00645	0.00645	0.00322	0.00322
5	0.17900	0.01888	0.02347	0.03025	0.36742	0.09755	0.01713	0.07707	0.01833	0.08209	0.01450	0.01703	0.01136	0.00719	0.00673	0.00220	0.00847	0.00595	0.00463	0.01078
6	0.01985	0.74357	0.03890	0.01270	0.01905	0.02937	0.01270	0.02223	0.01508	0.01747	0.01032	0.01191	0.00953	0.00635	0.00476	0.00159	0.00794	0.00397	0.00318	0.00953
7	0.01015	0.00814	0.00913	0.00878	0.01110	0.00741	0.00661	0.01401	0.06480	0.02472	0.31844	0.06197	0.39441	0.01674	0.00868	0.00244	0.00380	0.01426	0.00745	0.00695
8	0.01069	0.00751	0.00969	0.00962	0.01030	0.00792	0.00651	0.01205	0.01239	0.01720	0.09931	0.04239	0.02895	0.40933	0.27609	0.00834	0.01133	0.01008	0.00474	0.00556
9	0.01624	0.01624	0.02274	0.01949	0.01949	0.02274	0.01624	0.01787	0.01137	0.01787	0.00975	0.01624	0.00975	0.01299	0.02436	0.00325	0.72552	0.00650	0.00325	0.00812
10	0.01927	0.66178	0.11565	0.01368	0.02057	0.02797	0.01441	0.02238	0.01515	0.01817	0.01067	0.01235	0.00951	0.00643	0.00503	0.00168	0.00829	0.00415	0.00317	0.00969
11	0.02710	0.03180	0.02091	0.01833	0.02265	0.56086	0.01399	0.12954	0.02290	0.02302	0.01257	0.01420	0.01013	0.00772	0.00674	0.00192	0.01211	0.00506	0.00443	0.05403
12	0.02400	0.01975	0.02301	0.02281	0.15870	0.04980	0.01565	0.37574	0.12846	0.03691	0.01821	0.01918	0.01370	0.00881	0.00838	0.00231	0.04957	0.00684	0.00629	0.01189
13	0.01034	0.00746	0.00977	0.00946	0.01105	0.00689	0.00699	0.01358	0.02023	0.02851	0.61373	0.13418	0.06762	0.01611	0.00884	0.00241	0.00360	0.01432	0.00802	0.00689
14	0.01846	0.01595	0.01679	0.01511	0.01930	0.01846	0.01175	0.03945	0.67938	0.03105	0.03022	0.02770	0.02266	0.01007	0.00755	0.00252	0.00588	0.00839	0.00755	0.01175
15	0.01289	0.00645	0.00967	0.00967	0.00967	0.00645	0.00645	0.00967	0.00967	0.01289	0.01289	0.02257	0.01289	0.02579	0.02901	0.78401	0.00645	0.00645	0.00322	0.00322
16	0.00904	0.00646	0.00861	0.01034	0.01077	0.00603	0.00689	0.01034	0.01421	0.01895	0.04092	0.73426	0.04910	0.02326	0.00948	0.00301	0.00431	0.02110	0.00689	0.00603
17	0.03223	0.01272	0.01698	0.01309	0.01867	0.01125	0.01079	0.06202	0.02157	0.64068	0.02858	0.02506	0.01816	0.00915	0.00736	0.00227	0.00627	0.00741	0.04335	0.01238
18	0.01064	0.00780	0.01115	0.01115	0.01220	0.00885	0.00830	0.01275	0.01170	0.01665	0.02060	0.03312	0.02028	0.19501	0.57270	0.01097	0.01730	0.00853	0.00408	0.00619
19	0.01061	0.00795	0.01193	0.01193	0.01326	0.00928	0.00928	0.01326	0.01193	0.01723	0.01988	0.02916	0.01856	0.05568	0.70968	0.01193	0.01988	0.00795	0.00398	0.00663
20	0.01615	0.01537	0.02612	0.39008	0.36563	0.01705	0.02168	0.02084	0.01585	0.02156	0.01357	0.01910	0.01081	0.00703	0.00739	0.00234	0.00937	0.00661	0.00348	0.00997
21	0.01985	0.74357	0.03890	0.01270	0.01905	0.02937	0.01270	0.02223	0.01508	0.01747	0.01032	0.01191	0.00953	0.00635	0.00476	0.00159	0.00794	0.00397	0.00318	0.00953
22	0.02514	0.01921	0.02056	0.01629	0.02182	0.02125	0.01326	0.47814	0.19731	0.04173	0.02075	0.02021	0.01509	0.00904	0.00737	0.00225	0.00746	0.00701	0.00732	0.04878

[dist]
# distance from previous block
# <min> <max>
0	1

[block]
# block no. 5 follows, 27 sequences, length 48
