[name]
unknown

[dist]
# distance from previous block
# <min> <max>
0	4

[block]
# block no. 0 follows, 29 sequences, length 97
# corresponding to MSA columns:
# 4-100
name=unknown_A
#
# <colnr> <probs for GDERKNQSTAVLIFYWHMCP>
#	G	D	E	R	K	N	Q	S	T	A	V	L	I	F	Y	W	H	M	C	P
0	0.01067	0.00794	0.01035	0.01156	0.01340	0.00762	0.00988	0.01356	0.01635	0.02076	0.04675	0.07722	0.21481	0.01924	0.00946	0.00305	0.00578	0.48859	0.00657	0.00641
1	0.01904	0.75404	0.03731	0.01218	0.01828	0.02818	0.01218	0.02132	0.01447	0.01675	0.00990	0.01142	0.00914	0.00609	0.00457	0.00152	0.00761	0.00381	0.00305	0.00914
2	0.01051	0.00767	0.01021	0.01006	0.01068	0.00858	0.00707	0.01182	0.01091	0.01528	0.02019	0.03611	0.02119	0.37763	0.36755	0.00892	0.04730	0.00884	0.00402	0.00547
3	0.01655	0.02097	0.10912	0.02904	0.03658	0.01786	0.61413	0.02278	0.01663	0.02278	0.01424	0.01879	0.01063	0.00608	0.00824	0.00239	0.01186	0.00809	0.00354	0.00970
4	0.02404	0.02967	0.02056	0.01843	0.02124	0.55878	0.01418	0.02581	0.01803	0.01736	0.01062	0.01348	0.00921	0.00853	0.01036	0.00213	0.18092	0.00497	0.00354	0.00815
5	0.01345	0.01266	0.02136	0.73264	0.04904	0.01582	0.01978	0.01819	0.01424	0.01819	0.01266	0.01898	0.00949	0.00712	0.00712	0.00237	0.00949	0.00633	0.00316	0.00791
6	0.12663	0.00955	0.04106	0.00952	0.01200	0.00852	0.00774	0.01495	0.01874	0.02879	0.56893	0.04535	0.05583	0.01304	0.00774	0.00223	0.00400	0.01121	0.00712	0.00703
7	0.77316	0.01371	0.01068	0.00948	0.01392	0.01578	0.00781	0.02141	0.01241	0.05570	0.01055	0.01201	0.00806	0.00669	0.00450	0.00220	0.00553	0.00397	0.00456	0.00787
8	0.01558	0.01558	0.02181	0.01869	0.01869	0.02181	0.01558	0.01714	0.01091	0.01714	0.00935	0.01558	0.00935	0.01246	0.02337	0.00312	0.73672	0.00623	0.00312	0.00779
9	0.01762	0.01692	0.02890	0.04371	0.70533	0.01692	0.02185	0.02185	0.01621	0.02326	0.01339	0.01762	0.01128	0.00634	0.00705	0.00211	0.00846	0.00634	0.00352	0.01128
10	0.01678	0.01456	0.01591	0.01445	0.01784	0.01705	0.01123	0.03379	0.57935	0.02777	0.02823	0.08596	0.02284	0.01095	0.00873	0.00251	0.06574	0.00892	0.00685	0.01052
11	0.80005	0.01377	0.01047	0.00936	0.01377	0.01597	0.00771	0.02093	0.01212	0.03195	0.00991	0.01157	0.00771	0.00661	0.00441	0.00220	0.00551	0.00386	0.00441	0.00771
12	0.07980	0.01952	0.02063	0.01590	0.02152	0.02167	0.01314	0.63652	0.03202	0.04399	0.01661	0.01672	0.01181	0.00842	0.00694	0.00214	0.00768	0.00624	0.00694	0.01181
13	0.80005	0.01377	0.01047	0.00936	0.01377	0.01597	0.00771	0.02093	0.01212	0.03195	0.00991	0.01157	0.00771	0.00661	0.00441	0.00220	0.00551	0.00386	0.00441	0.00771
14	0.16528	0.01163	0.01443	0.01217	0.01670	0.01100	0.01017	0.02825	0.01810	0.45110	0.02676	0.03319	0.02052	0.01059	0.00720	0.00242	0.00606	0.13663	0.00757	0.01022
15	0.01360	0.01142	0.01352	0.01043	0.01562	0.00878	0.00809	0.01639	0.01455	0.02224	0.01776	0.15496	0.01756	0.00854	0.00601	0.00141	0.00505	0.00729	0.00468	0.64211
16	0.02841	0.01248	0.01869	0.01451	0.01983	0.01103	0.08012	0.03155	0.01963	0.57261	0.02759	0.02910	0.01916	0.00956	0.00755	0.00233	0.00673	0.06974	0.00805	0.01132
17	0.02236	0.01761	0.01872	0.01543	0.02029	0.01988	0.01240	0.35792	0.36481	0.03729	0.02307	0.02186	0.01695	0.00911	0.00718	0.00228	0.00673	0.00724	0.00718	0.01169
18	0.02390	0.01578	0.07550	0.15798	0.02565	0.01466	0.01406	0.19449	0.02115	0.28563	0.01960	0.02038	0.01343	0.00957	0.00884	0.06857	0.00758	0.00656	0.00629	0.01039
19	0.01675	0.02210	0.17322	0.02629	0.03337	0.01781	0.45745	0.02264	0.01600	0.04821	0.01409	0.01820	0.01056	0.00690	0.00952	0.00244	0.08360	0.00751	0.00363	0.00970
20	0.01799	0.59598	0.18619	0.01397	0.02104	0.02561	0.01530	0.02159	0.01459	0.01803	0.01053	0.01222	0.00911	0.00624	0.00505	0.00168	0.00826	0.00413	0.00304	0.00944
21	0.00947	0.00707	0.00844	0.00867	0.01034	0.00634	0.00645	0.01121	0.01615	0.02079	0.20640	0.15439	0.34379	0.01858	0.01046	0.07751	0.00411	0.06733	0.00656	0.00591
22	0.02974	0.02068	0.01809	0.01496	0.01978	0.28014	0.01183	0.05645	0.02079	0.42298	0.02121	0.01965	0.01422	0.00824	0.00688	0.00206	0.00869	0.00616	0.00680	0.01065
23	0.01717	0.01274	0.01928	0.01561	0.01955	0.03793	0.17185	0.06516	0.01786	0.15855	0.03470	0.21738	0.15436	0.01332	0.00817	0.00245	0.00692	0.01221	0.00624	0.00855
24	0.01504	0.10668	0.50095	0.01913	0.02703	0.01882	0.02264	0.02131	0.01413	0.02084	0.01178	0.01477	0.00910	0.00787	0.00995	0.00236	0.15945	0.00531	0.00303	0.00982
25	0.01548	0.01603	0.02260	0.58665	0.04452	0.11285	0.06391	0.01991	0.01523	0.01840	0.01255	0.01816	0.00954	0.00707	0.00711	0.00230	0.01012	0.00623	0.00326	0.00807
26	0.01480	0.01404	0.02380	0.50918	0.26191	0.01618	0.02045	0.01938	0.01488	0.01984	0.01290	0.01854	0.01007	0.00687	0.00710	0.00229	0.00916	0.00633	0.00328	0.00900
27	0.01518	0.15657	0.57344	0.01931	0.02896	0.01855	0.04925	0.02235	0.01501	0.02159	0.01236	0.01459	0.00911	0.00662	0.00646	0.00214	0.01009	0.00514	0.00304	0.01026
28	0.01345	0.01266	0.02136	0.73264	0.04904	0.01582	0.01978	0.01819	0.01424	0.01819	0.01266	0.01898	0.00949	0.00712	0.00712	0.00237	0.00949	0.00633	0.00316	0.00791
29	0.00891	0.00636	0.00853	0.01018	0.01069	0.00598	0.00701	0.01031	0.01386	0.01844	0.03912	0.69033	0.04659	0.02209	0.00915	0.00292	0.00433	0.07274	0.00661	0.00585
30	0.01444	0.01367	0.02315	0.56876	0.20515	0.01608	0.02027	0.01906	0.01471	0.01940	0.01283	0.01866	0.00992	0.00693	0.00710	0.00231	0.00925	0.00633	0.00325	0.00871
31	0.01484	0.01470	0.02678	0.47394	0.15923	0.01645	0.15209	0.01974	0.01509	0.01999	0.01313	0.01880	0.01006	0.00676	0.00736	0.00233	0.00982	0.00675	0.00331	0.00883
32	0.00868	0.00620	0.00826	0.00991	0.01033	0.00578	0.00661	0.00991	0.01363	0.01818	0.03925	0.74510	0.04710	0.02231	0.00909	0.00289	0.00413	0.02024	0.00661	0.00578
33	0.03195	0.01212	0.01652	0.01267	0.01818	0.01047	0.01047	0.03470	0.02038	0.71026	0.02809	0.02424	0.01763	0.00881	0.00716	0.00220	0.00606	0.00716	0.00881	0.01212
34	0.00891	0.00636	0.00853	0.01018	0.01069	0.00598	0.00701	0.01031	0.01386	0.01844	0.03912	0.69033	0.04659	0.02209	0.00915	0.00292	0.00433	0.07274	0.00661	0.00585
35	0.01428	0.03683	0.71286	0.02030	0.03082	0.01654	0.02631	0.02255	0.01503	0.02255	0.01278	0.01503	0.00902	0.00677	0.00677	0.00226	0.01052	0.00526	0.00301	0.01052
36	0.02084	0.01970	0.01768	0.01554	0.01973	0.15905	0.01210	0.12910	0.46265	0.02950	0.02367	0.02245	0.01783	0.00904	0.00706	0.00226	0.00740	0.00712	0.00651	0.01079
37	0.00918	0.00713	0.00762	0.00756	0.00916	0.00636	0.00521	0.01059	0.01484	0.01852	0.12082	0.06028	0.43147	0.24104	0.01691	0.00376	0.00459	0.01338	0.00604	0.00557
38	0.01904	0.75404	0.03731	0.01218	0.01828	0.02818	0.01218	0.02132	0.01447	0.01675	0.00990	0.01142	0.00914	0.00609	0.00457	0.00152	0.00761	0.00381	0.00305	0.00914
39	0.00861	0.00644	0.00801	0.00927	0.01016	0.00584	0.00632	0.00999	0.01425	0.01843	0.04707	0.58417	0.20298	0.02129	0.00893	0.00278	0.00401	0.01900	0.00661	0.00584
40	0.13125	0.02162	0.01852	0.01553	0.02021	0.19301	0.01234	0.30078	0.15907	0.03330	0.01698	0.01718	0.01271	0.00821	0.00660	0.00213	0.00831	0.00594	0.00592	0.01039
41	0.01762	0.01692	0.02890	0.04371	0.70533	0.01692	0.02185	0.02185	0.01621	0.02326	0.01339	0.01762	0.01128	0.00634	0.00705	0.00211	0.00846	0.00634	0.00352	0.01128
42	0.01904	0.75404	0.03731	0.01218	0.01828	0.02818	0.01218	0.02132	0.01447	0.01675	0.00990	0.01142	0.00914	0.00609	0.00457	0.00152	0.00761	0.00381	0.00305	0.00914
43	0.01477	0.01266	0.01477	0.01055	0.01687	0.00949	0.00844	0.01793	0.01477	0.02320	0.01266	0.01477	0.01055	0.00527	0.00527	0.00105	0.00527	0.00422	0.00422	0.79328
44	0.01017	0.00763	0.01144	0.01144	0.01272	0.00890	0.00890	0.01272	0.01144	0.01653	0.01907	0.02797	0.01780	0.05340	0.72153	0.01144	0.01907	0.00763	0.00381	0.00636
45	0.00960	0.00702	0.00820	0.00838	0.00929	0.00682	0.00554	0.01061	0.01253	0.01622	0.03785	0.12742	0.21813	0.36183	0.12453	0.00585	0.00743	0.01237	0.00515	0.00525
46	0.01339	0.01122	0.01749	0.01759	0.07433	0.01143	0.10308	0.06141	0.03783	0.02253	0.03006	0.23652	0.03214	0.01603	0.00951	0.00285	0.03722	0.25181	0.00583	0.00773
47	0.01691	0.01619	0.02762	0.16092	0.59368	0.01673	0.02150	0.02123	0.01588	0.02240	0.01327	0.01786	0.01098	0.00648	0.00706	0.00216	0.00864	0.00634	0.00346	0.01071
48	0.02660	0.03394	0.02018	0.01834	0.02201	0.72116	0.01376	0.02843	0.02018	0.01743	0.01101	0.01284	0.00917	0.00734	0.00642	0.00183	0.01284	0.00459	0.00367	0.00825
49	0.01778	0.01925	0.02148	0.01862	0.01936	0.16170	0.01521	0.01940	0.01276	0.01719	0.00968	0.01503	0.00931	0.01144	0.01998	0.00286	0.59193	0.00590	0.00323	0.00788
50	0.01011	0.00692	0.00907	0.00980	0.01096	0.00639	0.00704	0.01216	0.01602	0.04748	0.22115	0.43932	0.09453	0.01922	0.00883	0.00268	0.00412	0.06082	0.00702	0.00635
51	0.80005	0.01377	0.01047	0.00936	0.01377	0.01597	0.00771	0.02093	0.01212	0.03195	0.00991	0.01157	0.00771	0.00661	0.00441	0.00220	0.00551	0.00386	0.00441	0.00771
52	0.01557	0.01632	0.03207	0.02536	0.05747	0.01662	0.41028	0.02023	0.01574	0.02160	0.01820	0.03077	0.01662	0.00980	0.01107	0.00268	0.12893	0.13778	0.00411	0.00877
53	0.00964	0.00706	0.00866	0.00874	0.00988	0.00679	0.00607	0.01136	0.01460	0.01957	0.20461	0.14612	0.17513	0.22344	0.11227	0.00488	0.00661	0.01292	0.00591	0.00574
54	0.01428	0.03683	0.71286	0.02030	0.03082	0.01654	0.02631	0.02255	0.01503	0.02255	0.01278	0.01503	0.00902	0.00677	0.00677	0.00226	0.01052	0.00526	0.00301	0.01052
55	0.01327	0.00664	0.00664	0.00664	0.00830	0.00664	0.00498	0.01659	0.01493	0.02655	0.02323	0.02655	0.01825	0.00830	0.00498	0.00166	0.00332	0.00664	0.78928	0.00664
56	0.01444	0.01367	0.02315	0.56876	0.20515	0.01608	0.02027	0.01906	0.01471	0.01940	0.01283	0.01866	0.00992	0.00693	0.00710	0.00231	0.00925	0.00633	0.00325	0.00871
57	0.00868	0.00620	0.00826	0.00991	0.01033	0.00578	0.00661	0.00991	0.01363	0.01818	0.03925	0.74510	0.04710	0.02231	0.00909	0.00289	0.00413	0.02024	0.00661	0.00578
58	0.01327	0.00664	0.00664	0.00664	0.00830	0.00664	0.00498	0.01659	0.01493	0.02655	0.02323	0.02655	0.01825	0.00830	0.00498	0.00166	0.00332	0.00664	0.78928	0.00664
59	0.01134	0.00819	0.01016	0.01085	0.01203	0.00814	0.00761	0.10710	0.01650	0.02204	0.03604	0.63977	0.04203	0.02032	0.00880	0.00278	0.00467	0.01824	0.00668	0.00670
60	0.01771	0.01530	0.01610	0.01449	0.01852	0.01771	0.01127	0.03784	0.69247	0.02979	0.02898	0.02657	0.02174	0.00966	0.00725	0.00242	0.00564	0.00805	0.00725	0.01127
61	0.00872	0.00671	0.00798	0.00875	0.01008	0.00597	0.00615	0.01041	0.01535	0.01969	0.12238	0.40575	0.30689	0.01981	0.00875	0.00263	0.00384	0.01741	0.00674	0.00597
62	0.01558	0.01558	0.02181	0.01869	0.01869	0.02181	0.01558	0.01714	0.01091	0.01714	0.00935	0.01558	0.00935	0.01246	0.02337	0.00312	0.73672	0.00623	0.00312	0.00779
63	0.02093	0.01725	0.01609	0.01396	0.01804	0.15507	0.01084	0.04996	0.27226	0.14585	0.08778	0.05455	0.02265	0.00964	0.00709	0.00214	0.00691	0.00780	0.00658	0.07461
64	0.02486	0.02873	0.01948	0.01737	0.02132	0.50689	0.01324	0.09845	0.15666	0.02277	0.01525	0.01604	0.01200	0.00793	0.00666	0.00198	0.01087	0.00547	0.00475	0.00926
65	0.01494	0.13534	0.62007	0.01918	0.02910	0.01814	0.02437	0.02238	0.01496	0.02175	0.01238	0.01454	0.00904	0.00667	0.00646	0.00215	0.01012	0.00506	0.00301	0.01033
66	0.33191	0.01535	0.01575	0.01260	0.01774	0.01646	0.01040	0.24282	0.02146	0.22431	0.01733	0.01691	0.01191	0.00786	0.00607	0.00218	0.00643	0.00562	0.00653	0.01039
67	0.02703	0.02110	0.02127	0.01655	0.02208	0.07968	0.01355	0.62778	0.03238	0.04262	0.01659	0.01675	0.01187	0.00845	0.00707	0.00211	0.00825	0.00626	0.00684	0.01179
68	0.01017	0.00763	0.01144	0.01144	0.01272	0.00890	0.00890	0.01272	0.01144	0.01653	0.01907	0.02797	0.01780	0.05340	0.72153	0.01144	0.01907	0.00763	0.00381	0.00636
69	0.00868	0.00620	0.00826	0.00991	0.01033	0.00578	0.00661	0.00991	0.01363	0.01818	0.03925	0.74510	0.04710	0.02231	0.00909	0.00289	0.00413	0.02024	0.00661	0.00578
70	0.02438	0.01635	0.01774	0.01400	0.01881	0.01771	0.01144	0.46043	0.05592	0.10373	0.01986	0.02006	0.01426	0.00857	0.00670	0.00206	0.00667	0.00660	0.16374	0.01098
71	0.01558	0.01558	0.02181	0.01869	0.01869	0.02181	0.01558	0.01714	0.01091	0.01714	0.00935	0.01558	0.00935	0.01246	0.02337	0.00312	0.73672	0.00623	0.00312	0.00779
72	0.01771	0.01530	0.01610	0.01449	0.01852	0.01771	0.01127	0.03784	0.69247	0.02979	0.02898	0.02657	0.02174	0.00966	0.00725	0.00242	0.00564	0.00805	0.00725	0.01127
73	0.01681	0.01921	0.04202	0.03001	0.03721	0.01801	0.67947	0.02281	0.01681	0.02281	0.01441	0.01921	0.01080	0.00600	0.00840	0.00240	0.01200	0.00840	0.00360	0.00960
74	0.76374	0.01369	0.01075	0.00952	0.01398	0.01571	0.00784	0.02158	0.01251	0.06401	0.01077	0.01217	0.00818	0.00671	0.00454	0.00220	0.00553	0.00401	0.00461	0.00792
75	0.01463	0.01387	0.02350	0.53702	0.23539	0.01613	0.02037	0.01923	0.01480	0.01963	0.01287	0.01860	0.01000	0.00690	0.00710	0.00230	0.00920	0.00633	0.00327	0.00887
76	0.01743	0.01672	0.02855	0.07627	0.67431	0.01687	0.02176	0.02168	0.01612	0.02302	0.01336	0.01769	0.01119	0.00638	0.00705	0.00213	0.00851	0.00634	0.00351	0.01112
77	0.01558	0.01558	0.02181	0.01869	0.01869	0.02181	0.01558	0.01714	0.01091	0.01714	0.00935	0.01558	0.00935	0.01246	0.02337	0.00312	0.73672	0.00623	0.00312	0.00779
78	0.01681	0.01921	0.04202	0.03001	0.03721	0.01801	0.67947	0.02281	0.01681	0.02281	0.01441	0.01921	0.01080	0.00600	0.00840	0.00240	0.01200	0.00840	0.00360	0.00960
79	0.01486	0.01231	0.01378	0.01332	0.01646	0.01363	0.01072	0.02800	0.41829	0.02613	0.03610	0.04714	0.09832	0.01355	0.00815	0.00267	0.00570	0.20458	0.00697	0.00930
80	0.02569	0.03242	0.02031	0.01837	0.02174	0.66355	0.01391	0.02750	0.01941	0.01740	0.01087	0.01307	0.00919	0.00776	0.00782	0.00194	0.07248	0.00472	0.00362	0.00822
81	0.00868	0.00620	0.00826	0.00991	0.01033	0.00578	0.00661	0.00991	0.01363	0.01818	0.03925	0.74510	0.04710	0.02231	0.00909	0.00289	0.00413	0.02024	0.00661	0.00578
82	0.05928	0.01516	0.01702	0.01342	0.01862	0.07111	0.01094	0.14891	0.02220	0.47449	0.02608	0.02362	0.04793	0.00899	0.00705	0.00217	0.00680	0.00706	0.00781	0.01134
83	0.01349	0.01300	0.02359	0.45366	0.03970	0.01493	0.14964	0.01807	0.01422	0.01880	0.01424	0.02075	0.01135	0.01578	0.14451	0.00412	0.01183	0.00699	0.00338	0.00795
84	0.01345	0.01266	0.02136	0.73264	0.04904	0.01582	0.01978	0.01819	0.01424	0.01819	0.01266	0.01898	0.00949	0.00712	0.00712	0.00237	0.00949	0.00633	0.00316	0.00791
85	0.02206	0.01040	0.01467	0.01461	0.08051	0.00936	0.01013	0.02440	0.01751	0.39154	0.03078	0.28768	0.02782	0.01352	0.00786	0.00245	0.00558	0.01188	0.00750	0.00972
86	0.02299	0.01392	0.08097	0.01315	0.01773	0.01140	0.01132	0.12014	0.01986	0.35328	0.02820	0.22591	0.02433	0.01239	0.00766	0.00239	0.00620	0.01057	0.00740	0.01018
87	0.01762	0.01692	0.02890	0.04371	0.70533	0.01692	0.02185	0.02185	0.01621	0.02326	0.01339	0.01762	0.01128	0.00634	0.00705	0.00211	0.00846	0.00634	0.00352	0.01128
88	0.01449	0.06886	0.68269	0.01993	0.03026	0.01706	0.02568	0.02250	0.01501	0.02229	0.01265	0.01487	0.00903	0.00674	0.00667	0.00222	0.01039	0.00520	0.00301	0.01046
89	0.01751	0.09268	0.05668	0.03732	0.49675	0.01823	0.13390	0.02199	0.01610	0.02250	0.01319	0.01717	0.01090	0.00628	0.00702	0.00211	0.00906	0.00640	0.00347	0.01075
90	0.02204	0.01885	0.01886	0.13712	0.09326	0.22528	0.01407	0.05583	0.01890	0.17298	0.04968	0.05213	0.01809	0.00949	0.00727	0.00223	0.00884	0.06046	0.00540	0.00924
91	0.05423	0.18377	0.28311	0.01590	0.02259	0.14373	0.01678	0.02238	0.04128	0.02074	0.01619	0.06193	0.03781	0.00815	0.00628	0.00202	0.00900	0.00613	0.00377	0.04420
92	0.02066	0.01491	0.01899	0.04492	0.09551	0.08639	0.06733	0.08603	0.04121	0.19914	0.02497	0.15630	0.02249	0.01164	0.00779	0.00241	0.00751	0.07608	0.00621	0.00952
93	0.04950	0.01245	0.01524	0.01293	0.01617	0.03857	0.06391	0.07773	0.10562	0.10801	0.08165	0.03568	0.05436	0.18685	0.03611	0.00366	0.00714	0.05099	0.00594	0.03749
94	0.04942	0.01236	0.01414	0.01244	0.01573	0.01331	0.00989	0.12141	0.20595	0.08198	0.23664	0.03775	0.06476	0.01198	0.00827	0.00238	0.03163	0.05356	0.00719	0.00922
95	0.05402	0.01468	0.01707	0.04730	0.05171	0.08612	0.03560	0.08831	0.06579	0.22658	0.11203	0.05801	0.02513	0.01067	0.00751	0.00232	0.00699	0.07380	0.00670	0.00965
96	0.01647	0.01370	0.01899	0.05313	0.22450	0.01263	0.01328	0.07349	0.01705	0.05278	0.01998	0.05664	0.06098	0.00822	0.00666	0.00182	0.00653	0.02723	0.00474	0.31119

[dist]
# distance from previous block
# <min> <max>
4	9

[block]
# block no. 1 follows, 29 sequences, length 23
# corresponding to MSA columns:
# 111-133
name=unknown_B
#
# <colnr> <probs for GDERKNQSTAVLIFYWHMCP>
#	G	D	E	R	K	N	Q	S	T	A	V	L	I	F	Y	W	H	M	C	P
0	0.08556	0.01552	0.05144	0.06710	0.02211	0.05686	0.09229	0.06180	0.03617	0.11853	0.08671	0.02662	0.01983	0.00881	0.00699	0.00209	0.00733	0.06403	0.00544	0.16476
1	0.01777	0.01881	0.15737	0.16101	0.11925	0.04749	0.04015	0.05016	0.01652	0.11871	0.01824	0.02229	0.03901	0.07019	0.00942	0.00254	0.00847	0.00674	0.00450	0.07135
2	0.07315	0.01457	0.02154	0.12161	0.20968	0.01531	0.06403	0.05942	0.07418	0.02497	0.06937	0.02325	0.01715	0.00827	0.00787	0.00219	0.04684	0.03479	0.00461	0.10719
3	0.08647	0.01526	0.05104	0.01948	0.17465	0.01395	0.01306	0.06187	0.11966	0.08461	0.06676	0.02067	0.01690	0.00754	0.00647	0.00191	0.00640	0.00631	0.00530	0.22171
4	0.01838	0.07856	0.02407	0.15117	0.23594	0.01640	0.04783	0.10255	0.01765	0.07386	0.01499	0.01922	0.01211	0.05161	0.00847	0.00229	0.00800	0.00627	0.00439	0.10622
5	0.04064	0.01186	0.01369	0.07351	0.01806	0.01250	0.01003	0.06693	0.21832	0.13303	0.03672	0.03740	0.18700	0.01159	0.00738	0.00234	0.00555	0.04049	0.06376	0.00920
6	0.01097	0.00848	0.01054	0.00956	0.01225	0.00731	0.00733	0.01392	0.01763	0.02491	0.37069	0.11665	0.10849	0.01387	0.00785	0.00212	0.00413	0.05807	0.00667	0.18857
7	0.01604	0.01522	0.02542	0.30430	0.42259	0.01654	0.02055	0.02123	0.04811	0.02165	0.01387	0.01857	0.01110	0.00680	0.00709	0.00223	0.00872	0.00642	0.00357	0.01000
8	0.00842	0.00721	0.00721	0.00721	0.00962	0.00601	0.00541	0.01022	0.01623	0.01924	0.07213	0.06853	0.70244	0.01803	0.00842	0.00240	0.00361	0.01503	0.00661	0.00601
9	0.80005	0.01377	0.01047	0.00936	0.01377	0.01597	0.00771	0.02093	0.01212	0.03195	0.00991	0.01157	0.00771	0.00661	0.00441	0.00220	0.00551	0.00386	0.00441	0.00771
10	0.01456	0.01417	0.02489	0.43314	0.20364	0.01575	0.10197	0.01916	0.01516	0.02006	0.01675	0.02177	0.05319	0.00747	0.00734	0.00232	0.00919	0.00713	0.00352	0.00882
11	0.01477	0.01266	0.01477	0.01055	0.01687	0.00949	0.00844	0.01793	0.01477	0.02320	0.01266	0.01477	0.01055	0.00527	0.00527	0.00105	0.00527	0.00422	0.00422	0.79328
12	0.52178	0.01448	0.01630	0.08690	0.19714	0.01621	0.01254	0.02091	0.01339	0.02838	0.01108	0.01385	0.00881	0.00659	0.00535	0.00220	0.00665	0.00474	0.00406	0.00866
13	0.01017	0.00763	0.01144	0.01144	0.01272	0.00890	0.00890	0.01272	0.01144	0.01653	0.01907	0.02797	0.01780	0.05340	0.72153	0.01144	0.01907	0.00763	0.00381	0.00636
14	0.01561	0.16104	0.02734	0.40616	0.17539	0.01863	0.05972	0.01984	0.01484	0.01922	0.01237	0.01722	0.00987	0.00669	0.00668	0.00215	0.00907	0.00596	0.00324	0.00894
15	0.00959	0.00726	0.00884	0.00845	0.01034	0.00651	0.00633	0.01249	0.01900	0.02582	0.51659	0.05770	0.25389	0.01558	0.00840	0.00229	0.00343	0.01351	0.00748	0.00651
16	0.02024	0.01655	0.01753	0.01500	0.01948	0.01889	0.01188	0.21214	0.51404	0.03387	0.02576	0.02400	0.01913	0.00936	0.00721	0.00234	0.00623	0.00761	0.00721	0.01150
17	0.01732	0.01660	0.02835	0.09455	0.65690	0.01684	0.02170	0.02158	0.01607	0.02289	0.01334	0.01772	0.01115	0.00640	0.00705	0.00213	0.00854	0.00634	0.00350	0.01103
18	0.01132	0.00913	0.01252	0.01263	0.01354	0.01033	0.01004	0.01362	0.01506	0.02086	0.16335	0.25590	0.04069	0.01777	0.01245	0.00292	0.17352	0.19166	0.00603	0.00665
19	0.01419	0.01324	0.02237	0.52519	0.13165	0.01583	0.04235	0.01822	0.01407	0.01860	0.01259	0.01876	0.00995	0.00841	0.00948	0.05155	0.05581	0.00639	0.00322	0.00811
20	0.01932	0.43605	0.14539	0.01437	0.02040	0.16216	0.01435	0.02260	0.01573	0.01858	0.01157	0.01341	0.00979	0.00661	0.00534	0.00172	0.00883	0.00441	0.06037	0.00901
21	0.07827	0.01678	0.07828	0.01876	0.15523	0.01400	0.01336	0.12069	0.01773	0.02715	0.01328	0.01546	0.01058	0.00622	0.00597	0.00162	0.00677	0.00504	0.00443	0.39038
22	0.01842	0.06700	0.23482	0.12922	0.16290	0.01786	0.01960	0.16460	0.01948	0.05313	0.03634	0.01794	0.01241	0.00741	0.00689	0.00217	0.00880	0.00611	0.00440	0.01048

[dist]
# distance from previous block
# <min> <max>
1	3

[block]
# block no. 2 follows, 29 sequences, length 14
# corresponding to MSA columns:
# 137-150
name=unknown_C
#
# <colnr> <probs for GDERKNQSTAVLIFYWHMCP>
#	G	D	E	R	K	N	Q	S	T	A	V	L	I	F	Y	W	H	M	C	P
0	0.01731	0.01694	0.03235	0.06922	0.08652	0.01660	0.40803	0.02474	0.11631	0.06738	0.02040	0.02317	0.05066	0.00748	0.00797	0.00237	0.00979	0.00834	0.00460	0.00985
1	0.01546	0.01549	0.01632	0.05957	0.12932	0.16996	0.01195	0.01788	0.01478	0.01840	0.01836	0.11503	0.01829	0.09403	0.18585	0.00485	0.01115	0.00827	0.00414	0.07087
2	0.31713	0.01092	0.01093	0.00940	0.01321	0.01128	0.00759	0.02344	0.01543	0.22485	0.01957	0.02020	0.01407	0.00780	0.00539	0.00202	0.00494	0.00573	0.26748	0.00862
3	0.00876	0.00670	0.00805	0.00882	0.01011	0.00599	0.00619	0.01048	0.01541	0.01989	0.13639	0.41272	0.28530	0.01977	0.00876	0.00263	0.00384	0.01742	0.00677	0.00599
4	0.00963	0.00729	0.01058	0.07977	0.01484	0.00779	0.00864	0.01164	0.01296	0.01763	0.02997	0.43623	0.03372	0.03122	0.24655	0.00569	0.00963	0.01470	0.00535	0.00618
5	0.01281	0.00716	0.00797	0.00771	0.00865	0.00705	0.00496	0.01414	0.01260	0.06524	0.02309	0.03822	0.02271	0.44562	0.02356	0.00479	0.00562	0.00887	0.27358	0.00564
6	0.01505	0.02984	0.48409	0.08490	0.20171	0.01657	0.02465	0.02202	0.01526	0.02237	0.01292	0.01601	0.00963	0.00669	0.00687	0.00223	0.00992	0.00562	0.00315	0.01050
7	0.00934	0.00692	0.00792	0.00818	0.00928	0.00636	0.00547	0.01065	0.01429	0.01849	0.13551	0.19470	0.25809	0.26249	0.01783	0.00398	0.00478	0.01422	0.00601	0.00550
8	0.01763	0.11650	0.22154	0.01674	0.02181	0.07695	0.01659	0.12227	0.01681	0.02270	0.01326	0.01780	0.01131	0.06146	0.05841	0.00320	0.16612	0.00591	0.00387	0.00913
9	0.01030	0.00712	0.00888	0.00888	0.00927	0.00751	0.00571	0.01107	0.01069	0.01463	0.02142	0.04094	0.02343	0.53839	0.24425	0.00828	0.01060	0.00953	0.00416	0.00493
10	0.01651	0.01613	0.02162	0.01811	0.08716	0.07078	0.13344	0.02088	0.04348	0.02293	0.01358	0.01618	0.01101	0.00586	0.00619	0.00152	0.00745	0.00538	0.00412	0.47767
11	0.01740	0.21861	0.43400	0.01793	0.02627	0.12856	0.02078	0.02315	0.01569	0.02028	0.01177	0.01378	0.00907	0.00668	0.00615	0.00200	0.01014	0.00479	0.00312	0.00982
12	0.01021	0.00844	0.00857	0.00809	0.01081	0.00755	0.00619	0.07464	0.01789	0.02170	0.06685	0.06359	0.63621	0.01712	0.00829	0.00238	0.00401	0.01420	0.00666	0.00660
13	0.01638	0.04744	0.09643	0.02139	0.17174	0.06099	0.05526	0.12201	0.01863	0.02495	0.07330	0.21301	0.02472	0.01165	0.00762	0.00232	0.00752	0.01034	0.00518	0.00912

[dist]
# distance from previous block
# <min> <max>
0	15

[block]
# block no. 3 follows, 29 sequences, length 16
# corresponding to MSA columns:
# 166-181
name=unknown_D
#
# <colnr> <probs for GDERKNQSTAVLIFYWHMCP>
#	G	D	E	R	K	N	Q	S	T	A	V	L	I	F	Y	W	H	M	C	P
0	0.24536	0.01354	0.01469	0.01259	0.01638	0.01525	0.01019	0.05891	0.16955	0.17260	0.01963	0.02012	0.01454	0.01115	0.04668	0.00282	0.08959	0.00627	0.05060	0.00954
1	0.01543	0.01348	0.02139	0.06948	0.40306	0.01355	0.01624	0.01994	0.05485	0.04688	0.09953	0.11330	0.06201	0.01019	0.00755	0.00227	0.00689	0.00939	0.00494	0.00964
2	0.01684	0.01259	0.01498	0.01080	0.01703	0.00961	0.00868	0.01996	0.01544	0.10624	0.01452	0.01591	0.01140	0.00570	0.00550	0.00119	0.00537	0.00457	0.00477	0.69888
3	0.10414	0.01320	0.01980	0.26388	0.21136	0.01488	0.01602	0.05593	0.01496	0.02217	0.01435	0.02034	0.01206	0.04227	0.14132	0.00413	0.01036	0.00644	0.00379	0.00861
4	0.01236	0.01056	0.01451	0.01328	0.01370	0.01344	0.01026	0.01380	0.01093	0.01601	0.01617	0.02828	0.01672	0.23142	0.25489	0.00689	0.29891	0.00784	0.00368	0.00635
5	0.01345	0.01266	0.02136	0.73264	0.04904	0.01582	0.01978	0.01819	0.01424	0.01819	0.01266	0.01898	0.00949	0.00712	0.00712	0.00237	0.00949	0.00633	0.00316	0.00791
6	0.00974	0.00692	0.00777	0.00790	0.00855	0.00659	0.00489	0.01041	0.01241	0.01608	0.06428	0.11984	0.18174	0.48306	0.02616	0.00530	0.00574	0.01248	0.00521	0.00494
7	0.01147	0.00820	0.01147	0.01311	0.01475	0.00820	0.01147	0.01475	0.01639	0.02131	0.03770	0.08032	0.04098	0.01967	0.00984	0.00328	0.00656	0.65741	0.00656	0.00656
8	0.02707	0.01995	0.02137	0.01638	0.02208	0.02208	0.01353	0.68159	0.03348	0.04488	0.01710	0.01710	0.01211	0.00855	0.00712	0.00214	0.00784	0.00641	0.00712	0.01211
9	0.02573	0.01317	0.01560	0.01241	0.01704	0.01312	0.01011	0.20685	0.05563	0.34222	0.02405	0.02293	0.01647	0.00867	0.00666	0.00207	0.00591	0.00688	0.18364	0.01084
10	0.01115	0.00662	0.00836	0.00836	0.00836	0.00662	0.00505	0.00993	0.00993	0.01324	0.01846	0.03675	0.02055	0.46372	0.03292	0.31696	0.00662	0.00871	0.00383	0.00383
11	0.01428	0.03683	0.71286	0.02030	0.03082	0.01654	0.02631	0.02255	0.01503	0.02255	0.01278	0.01503	0.00902	0.00677	0.00677	0.00226	0.01052	0.00526	0.00301	0.01052
12	0.01681	0.01921	0.04202	0.03001	0.03721	0.01801	0.67947	0.02281	0.01681	0.02281	0.01441	0.01921	0.01080	0.00600	0.00840	0.00240	0.01200	0.00840	0.00360	0.00960
13	0.01633	0.01560	0.02657	0.25654	0.50258	0.01658	0.02121	0.02072	0.01560	0.02170	0.01317	0.01804	0.01073	0.00658	0.00707	0.00219	0.00878	0.00634	0.00341	0.01024
14	0.01009	0.00793	0.01002	0.01089	0.04847	0.00726	0.00786	0.01289	0.01778	0.02343	0.30693	0.06190	0.30329	0.01634	0.00858	0.00248	0.00429	0.12599	0.00691	0.00667
15	0.01486	0.12351	0.63122	0.01932	0.02930	0.01794	0.02460	0.02240	0.01497	0.02185	0.01243	0.01460	0.00903	0.00668	0.00650	0.00217	0.01017	0.00509	0.00301	0.01036

[dist]
# distance from previous block
# <min> <max>
0	1

[block]
# block no. 4 follows, 29 sequences, length 31
# corresponding to MSA columns:
# 183-213
name=unknown_E
#
# <colnr> <probs for GDERKNQSTAVLIFYWHMCP>
#	G	D	E	R	K	N	Q	S	T	A	V	L	I	F	Y	W	H	M	C	P
0	0.01539	0.01353	0.01771	0.01853	0.17283	0.01198	0.01172	0.02084	0.10167	0.02373	0.01667	0.06517	0.01456	0.00720	0.00618	0.00159	0.00597	0.00625	0.00461	0.46387
1	0.01596	0.01283	0.01497	0.01097	0.01708	0.01019	0.00877	0.02042	0.06773	0.06245	0.01479	0.01622	0.01182	0.00581	0.00553	0.00123	0.00535	0.00468	0.00471	0.68850
2	0.02032	0.63171	0.03440	0.01323	0.01891	0.14590	0.01245	0.02253	0.01544	0.01687	0.01009	0.01166	0.00914	0.00630	0.00488	0.00158	0.00850	0.00394	0.00315	0.00899
3	0.13606	0.01495	0.01750	0.01695	0.12455	0.01466	0.01157	0.12211	0.11012	0.02871	0.01526	0.01669	0.01200	0.00674	0.00597	0.00174	0.00624	0.00535	0.00499	0.32784
4	0.02162	0.08431	0.02486	0.09832	0.29705	0.23601	0.01711	0.02483	0.01754	0.09231	0.01382	0.01643	0.01093	0.00697	0.00666	0.00201	0.00960	0.00566	0.00405	0.00991
5	0.01022	0.00743	0.01046	0.01046	0.01139	0.00837	0.00767	0.01208	0.01115	0.01580	0.01997	0.03296	0.01997	0.23994	0.53796	0.01023	0.01581	0.00836	0.00395	0.00581
6	0.01681	0.01921	0.04202	0.03001	0.03721	0.01801	0.67947	0.02281	0.01681	0.02281	0.01441	0.01921	0.01080	0.00600	0.00840	0.00240	0.01200	0.00840	0.00360	0.00960
7	0.01024	0.00735	0.01002	0.01002	0.01079	0.00813	0.00712	0.01180	0.01102	0.01547	0.02038	0.03521	0.02094	0.32378	0.45545	0.00968	0.01435	0.00869	0.00401	0.00556
8	0.00905	0.00649	0.00860	0.00966	0.01041	0.00603	0.00664	0.01086	0.01538	0.02096	0.21686	0.55955	0.05248	0.02023	0.00890	0.00272	0.00392	0.01827	0.00694	0.00603
9	0.00914	0.00653	0.00816	0.00912	0.00971	0.00613	0.00600	0.01031	0.01362	0.01808	0.08970	0.47505	0.09988	0.18637	0.01514	0.00371	0.00466	0.01698	0.00618	0.00554
10	0.01016	0.00701	0.00813	0.00800	0.00854	0.00680	0.00493	0.01105	0.01297	0.01751	0.17979	0.04954	0.07995	0.53463	0.02809	0.00555	0.00588	0.01124	0.00527	0.00497
11	0.20620	0.01249	0.01515	0.01192	0.01718	0.01172	0.00984	0.03158	0.01851	0.55638	0.02397	0.02136	0.01538	0.00831	0.00654	0.00220	0.00593	0.00641	0.00781	0.01112
12	0.03195	0.01212	0.01652	0.01267	0.01818	0.01047	0.01047	0.03470	0.02038	0.71026	0.02809	0.02424	0.01763	0.00881	0.00716	0.00220	0.00606	0.00716	0.00881	0.01212
13	0.01596	0.13632	0.44230	0.02183	0.05847	0.04051	0.14281	0.02257	0.01549	0.02163	0.01263	0.01531	0.00946	0.00653	0.00675	0.00216	0.01036	0.00565	0.00316	0.01012
14	0.01477	0.01266	0.01477	0.01055	0.01687	0.00949	0.00844	0.01793	0.01477	0.02320	0.01266	0.01477	0.01055	0.00527	0.00527	0.00105	0.00527	0.00422	0.00422	0.79328
15	0.01017	0.00763	0.01144	0.01144	0.01272	0.00890	0.00890	0.01272	0.01144	0.01653	0.01907	0.02797	0.01780	0.05340	0.72153	0.01144	0.01907	0.00763	0.00381	0.00636
16	0.01826	0.09170	0.45748	0.01909	0.02727	0.22384	0.02154	0.02418	0.01650	0.02060	0.01204	0.01411	0.00907	0.00688	0.00649	0.00207	0.01098	0.00495	0.00320	0.00975
17	0.01801	0.01516	0.01612	0.01429	0.01830	0.01736	0.01116	0.09127	0.59171	0.03100	0.07240	0.02752	0.02392	0.00989	0.00731	0.00238	0.00567	0.00823	0.00727	0.01104
18	0.00891	0.00723	0.00790	0.00774	0.00992	0.00622	0.00580	0.01118	0.01741	0.02203	0.26091	0.06393	0.51193	0.01699	0.00841	0.00236	0.00353	0.01438	0.00698	0.00622
19	0.24825	0.01258	0.01482	0.01174	0.01694	0.01202	0.00969	0.03082	0.01805	0.51925	0.02297	0.02067	0.01483	0.00819	0.00639	0.00220	0.00590	0.00623	0.00757	0.01088
20	0.00998	0.00700	0.00787	0.00781	0.00843	0.00672	0.00479	0.01069	0.01253	0.01648	0.11001	0.05124	0.15038	0.53501	0.02809	0.00557	0.00591	0.01147	0.00513	0.00489
21	0.01635	0.01562	0.02660	0.25351	0.50547	0.01658	0.02122	0.02074	0.01561	0.02172	0.01317	0.01804	0.01073	0.00658	0.00707	0.00219	0.00877	0.00634	0.00341	0.01025
22	0.00893	0.00723	0.00793	0.00775	0.00993	0.00623	0.00581	0.01121	0.01744	0.02212	0.26666	0.06379	0.50612	0.01696	0.00841	0.00235	0.00353	0.01436	0.00699	0.00623
23	0.01477	0.01266	0.01477	0.01055	0.01687	0.00949	0.00844	0.01793	0.01477	0.02320	0.01266	0.01477	0.01055	0.00527	0.00527	0.00105	0.00527	0.00422	0.00422	0.79328
24	0.02597	0.03082	0.02000	0.01781	0.02175	0.58290	0.01354	0.10729	0.07400	0.02167	0.01313	0.01442	0.01050	0.00766	0.00657	0.00192	0.01168	0.00507	0.00436	0.00895
25	0.01167	0.00878	0.01177	0.01372	0.06645	0.00884	0.00946	0.01588	0.09329	0.03907	0.03589	0.37361	0.07277	0.02055	0.05584	0.00337	0.00612	0.13938	0.00631	0.00722
26	0.01539	0.20415	0.55526	0.01840	0.02789	0.01925	0.02301	0.02226	0.01490	0.02120	0.01211	0.01419	0.00905	0.00661	0.00625	0.00208	0.00984	0.00492	0.00302	0.01020
27	0.00872	0.00705	0.00775	0.00794	0.00990	0.00608	0.00582	0.01066	0.01640	0.02050	0.16383	0.18109	0.49294	0.01822	0.00853	0.00246	0.00366	0.01558	0.00680	0.00608
28	0.01678	0.45266	0.15695	0.01320	0.01935	0.06173	0.01375	0.02007	0.01520	0.01829	0.02107	0.02188	0.12689	0.00832	0.00574	0.00183	0.00777	0.00603	0.00368	0.00881
29	0.01706	0.09761	0.13395	0.21025	0.20031	0.07247	0.07592	0.04051	0.04481	0.02154	0.01341	0.01705	0.01050	0.00683	0.00684	0.00216	0.00946	0.00602	0.00358	0.00971
30	0.11114	0.09086	0.02589	0.02014	0.06863	0.11374	0.16413	0.13445	0.12070	0.02706	0.01535	0.01721	0.01190	0.00754	0.00748	0.00219	0.04068	0.00630	0.00476	0.00986

[dist]
# distance from previous block
# <min> <max>
0	2

[block]
# block no. 5 follows, 29 sequences, length 20
# corresponding to MSA columns:
# 216-235
name=unknown_F
#
# <colnr> <probs for GDERKNQSTAVLIFYWHMCP>
#	G	D	E	R	K	N	Q	S	T	A	V	L	I	F	Y	W	H	M	C	P
0	0.01814	0.12307	0.02748	0.18695	0.37299	0.01898	0.01892	0.10663	0.01777	0.02401	0.01321	0.01696	0.01068	0.00676	0.00672	0.00209	0.00848	0.00598	0.00384	0.01034
1	0.01079	0.00839	0.01046	0.01069	0.01167	0.00902	0.00771	0.01382	0.07498	0.01831	0.03324	0.27300	0.10173	0.18865	0.08441	0.00458	0.07079	0.05593	0.00557	0.00626
2	0.01233	0.01118	0.01970	0.01654	0.01907	0.01189	0.18445	0.01537	0.01319	0.01840	0.02031	0.09786	0.02012	0.09881	0.29960	0.00663	0.07696	0.04632	0.00417	0.00709
3	0.01721	0.01204	0.01404	0.01211	0.01534	0.01276	0.00948	0.17881	0.12806	0.08924	0.18768	0.03466	0.07310	0.06618	0.11286	0.00389	0.00756	0.00927	0.00677	0.00895
4	0.01738	0.01583	0.01888	0.01940	0.11650	0.12012	0.01355	0.01961	0.01398	0.07862	0.01487	0.02092	0.01327	0.06230	0.18245	0.00488	0.24860	0.00665	0.00399	0.00821
5	0.01216	0.00626	0.00912	0.00912	0.00912	0.00626	0.00599	0.00939	0.00939	0.01252	0.01342	0.02424	0.01377	0.10013	0.02870	0.71110	0.00626	0.00662	0.00322	0.00322
6	0.01747	0.59919	0.07702	0.01207	0.01757	0.02434	0.01196	0.01981	0.01391	0.01670	0.01190	0.01675	0.01155	0.11378	0.00930	0.00235	0.00770	0.00485	0.00323	0.00853
7	0.01950	0.13430	0.28936	0.01733	0.05138	0.05771	0.01762	0.10899	0.01824	0.10050	0.01451	0.01573	0.01069	0.00695	0.00633	0.00194	0.00863	0.00528	0.00440	0.11060
8	0.01793	0.09325	0.23372	0.02566	0.24875	0.03763	0.01943	0.02589	0.13734	0.06730	0.01654	0.01814	0.01261	0.00723	0.00675	0.00215	0.00847	0.00608	0.00433	0.01081
9	0.01636	0.01500	0.02460	0.21855	0.34965	0.01592	0.05638	0.08261	0.01708	0.02339	0.01654	0.10049	0.01492	0.00855	0.00738	0.00229	0.00838	0.00804	0.00413	0.00975
10	0.01607	0.01488	0.02492	0.10379	0.51351	0.01518	0.01971	0.02018	0.01606	0.02241	0.01787	0.02948	0.01666	0.00891	0.00758	0.00236	0.00820	0.12809	0.00406	0.01007
11	0.00989	0.00843	0.01251	0.01142	0.01363	0.00762	0.09357	0.01233	0.01611	0.02101	0.16625	0.29286	0.27249	0.01732	0.00864	0.00254	0.00483	0.01558	0.00644	0.00653
12	0.01022	0.00745	0.01053	0.01053	0.01148	0.00840	0.00776	0.01213	0.01117	0.01585	0.01991	0.03261	0.01981	0.22661	0.55108	0.01031	0.01605	0.00831	0.00394	0.00585
13	0.01487	0.01074	0.01340	0.01205	0.01430	0.01174	0.00944	0.02024	0.13237	0.11267	0.20648	0.10625	0.13935	0.01386	0.01094	0.00252	0.14283	0.01109	0.00666	0.00820
14	0.00966	0.00712	0.00893	0.00971	0.01099	0.00665	0.00726	0.01169	0.01550	0.02028	0.14630	0.26650	0.18668	0.09523	0.01184	0.00319	0.00475	0.16516	0.00655	0.00600
15	0.01681	0.01921	0.04202	0.03001	0.03721	0.01801	0.67947	0.02281	0.01681	0.02281	0.01441	0.01921	0.01080	0.00600	0.00840	0.00240	0.01200	0.00840	0.00360	0.00960
16	0.00907	0.00702	0.00804	0.00819	0.00983	0.00624	0.00585	0.01101	0.01623	0.02093	0.22379	0.18084	0.35952	0.08778	0.01119	0.00288	0.00395	0.01494	0.00671	0.00599
17	0.01206	0.01054	0.01567	0.01407	0.01499	0.01237	0.06941	0.01371	0.01206	0.01706	0.02152	0.20632	0.02377	0.18819	0.11346	0.00496	0.22792	0.01104	0.00440	0.00647
18	0.00982	0.00668	0.00792	0.00845	0.00858	0.00655	0.00504	0.01022	0.01139	0.01519	0.02776	0.26790	0.03261	0.51928	0.02764	0.00563	0.00603	0.01349	0.00504	0.00478
19	0.01783	0.01663	0.02428	0.17341	0.17885	0.06288	0.11809	0.13920	0.04631	0.02532	0.01789	0.09258	0.01579	0.00907	0.00754	0.00233	0.00879	0.02899	0.00467	0.00957

[dist]
# distance from previous block
# <min> <max>
0	27

# created by:
# /home/berkeley/.conda/envs/busco_data_prod/bin/msa2prfl.pl pipeline/OGs_align_augustus/5794/69153.fs
