[name]
unknown

[dist]
# distance from previous block
# <min> <max>
4	157

[block]
# block no. 0 follows, 24 sequences, length 86
# corresponding to MSA columns:
# 272-333,336-359
name=unknown_A
#
# <colnr> <probs for GDERKNQSTAVLIFYWHMCP>
#	G	D	E	R	K	N	Q	S	T	A	V	L	I	F	Y	W	H	M	C	P
0	0.11422	0.08308	0.10120	0.23194	0.03368	0.13737	0.06341	0.02464	0.01744	0.05359	0.01481	0.01847	0.01130	0.00783	0.00708	0.00236	0.01024	0.00621	0.05156	0.00958
1	0.02056	0.07450	0.01787	0.01364	0.01801	0.04948	0.01086	0.07214	0.18715	0.12903	0.09918	0.09389	0.07489	0.01218	0.00792	0.00240	0.00641	0.01009	0.03345	0.06632
2	0.01922	0.10652	0.10357	0.01414	0.01955	0.07694	0.01292	0.11819	0.06087	0.05550	0.03520	0.03488	0.19164	0.01159	0.00757	0.00229	0.00752	0.00911	0.07152	0.04125
3	0.25355	0.15296	0.09999	0.01514	0.02109	0.07726	0.03927	0.05238	0.04572	0.05570	0.01671	0.07313	0.01446	0.00903	0.00651	0.00230	0.00825	0.00675	0.00501	0.04479
4	0.02403	0.01324	0.01632	0.01351	0.01756	0.01323	0.01067	0.14665	0.02215	0.25389	0.06640	0.08928	0.02482	0.07530	0.04642	0.00343	0.03945	0.00957	0.06977	0.04431
5	0.01620	0.06429	0.19749	0.06693	0.04798	0.01497	0.01638	0.02348	0.10141	0.05329	0.07089	0.14678	0.02534	0.01166	0.00787	0.00247	0.00771	0.00994	0.03939	0.07553
6	0.04993	0.01888	0.05706	0.01430	0.01865	0.12689	0.01155	0.10002	0.08531	0.02664	0.02835	0.12188	0.09080	0.08084	0.01093	0.00283	0.00787	0.00993	0.00593	0.13140
7	0.02091	0.05147	0.05467	0.20223	0.02994	0.13018	0.01572	0.15211	0.02256	0.05501	0.10740	0.02770	0.04476	0.04045	0.00929	0.00263	0.00933	0.00813	0.00568	0.00982
8	0.10709	0.14235	0.04139	0.04288	0.04152	0.06570	0.01215	0.06824	0.09067	0.02610	0.02924	0.05925	0.12834	0.01538	0.06605	0.00325	0.00860	0.00874	0.03367	0.00938
9	0.13378	0.01480	0.07350	0.01329	0.01733	0.01324	0.01137	0.08146	0.09241	0.05182	0.08244	0.18931	0.05938	0.01438	0.00815	0.00267	0.00626	0.05450	0.03812	0.04179
10	0.04895	0.02515	0.16467	0.02100	0.10545	0.14695	0.01713	0.06934	0.01983	0.13358	0.01789	0.02135	0.01397	0.06946	0.01016	0.00269	0.00975	0.00662	0.00527	0.09077
11	0.11363	0.02067	0.11607	0.02551	0.16527	0.05094	0.12879	0.02444	0.07230	0.02673	0.01965	0.09950	0.01739	0.00956	0.00776	0.00249	0.00905	0.00871	0.03860	0.04296
12	0.11812	0.02006	0.09135	0.01751	0.07980	0.07191	0.01389	0.07998	0.01845	0.02827	0.01453	0.01727	0.01175	0.01023	0.04903	0.00250	0.00881	0.00548	0.00473	0.33631
13	0.01806	0.01696	0.02005	0.12943	0.15361	0.10093	0.01543	0.08137	0.06058	0.02695	0.11636	0.03882	0.11248	0.01209	0.00847	0.00256	0.00828	0.06194	0.00593	0.00969
14	0.01908	0.01684	0.02453	0.25401	0.21715	0.01804	0.01893	0.11170	0.07491	0.02804	0.01659	0.02042	0.01291	0.00783	0.00760	0.00230	0.00889	0.00687	0.00483	0.12852
15	0.01498	0.01409	0.02378	0.70226	0.05462	0.01762	0.02202	0.02026	0.01586	0.02026	0.01409	0.02114	0.01057	0.00793	0.00793	0.00264	0.01057	0.00705	0.00352	0.00881
16	0.00960	0.00715	0.00895	0.01039	0.01133	0.00650	0.00707	0.01112	0.01581	0.02050	0.05164	0.57749	0.18597	0.02381	0.00996	0.00310	0.00447	0.02128	0.00736	0.00650
17	0.01039	0.00832	0.00946	0.00986	0.01226	0.00738	0.00786	0.01297	0.01850	0.02290	0.12125	0.07817	0.45975	0.02021	0.00977	0.00291	0.00482	0.16885	0.00747	0.00692
18	0.00937	0.00803	0.00803	0.00803	0.01071	0.00669	0.00602	0.01138	0.01807	0.02142	0.08033	0.07632	0.66863	0.02008	0.00937	0.00268	0.00402	0.01674	0.00736	0.00669
19	0.01941	0.17860	0.25499	0.01960	0.02591	0.04644	0.02037	0.08696	0.01752	0.02427	0.01281	0.01622	0.01054	0.00952	0.01263	0.00260	0.22120	0.00595	0.00389	0.01056
20	0.01778	0.01696	0.02886	0.30780	0.42713	0.01836	0.02342	0.02272	0.01718	0.02367	0.01459	0.02023	0.01177	0.00741	0.00788	0.00247	0.00988	0.00706	0.00377	0.01107
21	0.01038	0.00767	0.00971	0.01005	0.01155	0.00699	0.00721	0.01302	0.01920	0.02610	0.35597	0.29442	0.15871	0.01987	0.00963	0.00278	0.00409	0.01761	0.00803	0.00699
22	0.01176	0.01407	0.13185	0.01194	0.01574	0.00933	0.01120	0.01619	0.02066	0.02880	0.44776	0.05445	0.16532	0.01530	0.00903	0.00253	0.00524	0.01321	0.00752	0.00812
23	0.00966	0.00690	0.00920	0.01104	0.01150	0.00644	0.00736	0.01104	0.01518	0.02024	0.04371	0.71614	0.05245	0.02484	0.01012	0.00322	0.00460	0.02254	0.00736	0.00644
24	0.01679	0.03398	0.46030	0.14038	0.03566	0.08281	0.02547	0.02422	0.01689	0.02330	0.01445	0.01817	0.01076	0.01090	0.05009	0.00313	0.01236	0.00616	0.00351	0.01068
25	0.02962	0.03779	0.02247	0.02043	0.02451	0.68948	0.01532	0.03166	0.02247	0.01941	0.01226	0.01430	0.01021	0.00817	0.00715	0.00204	0.01430	0.00511	0.00409	0.00919
26	0.01153	0.00769	0.00865	0.00865	0.00865	0.00769	0.00480	0.01153	0.01153	0.01538	0.02499	0.05189	0.02883	0.72131	0.04036	0.00769	0.00769	0.01153	0.00480	0.00480
27	0.01963	0.01884	0.03219	0.04867	0.67185	0.01884	0.02434	0.02434	0.01806	0.02591	0.01492	0.01963	0.01256	0.00707	0.00785	0.00236	0.00942	0.00707	0.00393	0.01256
28	0.03014	0.02221	0.02380	0.01825	0.02459	0.02459	0.01507	0.64541	0.03728	0.04998	0.01904	0.01904	0.01349	0.00952	0.00793	0.00238	0.00873	0.00714	0.00793	0.01349
29	0.01133	0.00850	0.01274	0.01274	0.01416	0.00991	0.00991	0.01416	0.01274	0.01841	0.02124	0.03115	0.01982	0.05947	0.68989	0.01274	0.02124	0.00850	0.00425	0.00708
30	0.54963	0.01581	0.01396	0.01190	0.01685	0.01780	0.00975	0.13041	0.01877	0.06627	0.06992	0.01856	0.01563	0.00860	0.00595	0.00244	0.00640	0.00581	0.00598	0.00955
31	0.65791	0.01589	0.01489	0.01646	0.11880	0.01796	0.01107	0.02347	0.01421	0.03405	0.01165	0.01394	0.00921	0.00731	0.00537	0.00244	0.00665	0.00473	0.00475	0.00921
32	0.01859	0.01804	0.04335	0.02625	0.24037	0.06564	0.01614	0.05054	0.19978	0.02930	0.14946	0.03199	0.05502	0.01061	0.00821	0.00247	0.00761	0.00924	0.00631	0.01109
33	0.01916	0.01784	0.02742	0.10960	0.42918	0.01895	0.02089	0.02873	0.19141	0.02728	0.01954	0.02249	0.01551	0.00816	0.00792	0.00248	0.00869	0.00758	0.00501	0.01216
34	0.01336	0.01072	0.01225	0.01141	0.01420	0.01093	0.00869	0.02225	0.20820	0.03018	0.36626	0.05386	0.17591	0.01537	0.00898	0.00259	0.00454	0.01323	0.00827	0.00882
35	0.00953	0.00804	0.00825	0.00820	0.01081	0.00676	0.00615	0.01169	0.01845	0.02232	0.13096	0.07484	0.61745	0.01975	0.00937	0.00266	0.00399	0.01653	0.00748	0.00676
36	0.77733	0.01534	0.01166	0.01043	0.01534	0.01779	0.00859	0.02331	0.01350	0.03558	0.01104	0.01288	0.00859	0.00736	0.00491	0.00245	0.00613	0.00429	0.00491	0.00859
37	0.01644	0.01409	0.01644	0.01175	0.01879	0.01057	0.00940	0.01997	0.01644	0.02584	0.01409	0.01644	0.01175	0.00587	0.00587	0.00117	0.00587	0.00470	0.00470	0.76979
38	0.01152	0.00774	0.00890	0.00890	0.00899	0.00783	0.00512	0.01170	0.01161	0.01556	0.02475	0.05060	0.02827	0.68007	0.08084	0.00800	0.00853	0.01134	0.00477	0.00495
39	0.01604	0.01543	0.02179	0.01907	0.01938	0.02117	0.01574	0.01802	0.01227	0.01894	0.01276	0.02034	0.01245	0.02376	0.16988	0.00548	0.55824	0.00728	0.00364	0.00833
40	0.01935	0.01843	0.03083	0.04549	0.61556	0.01813	0.02305	0.02396	0.01792	0.02590	0.01485	0.01935	0.01249	0.00696	0.00768	0.00225	0.00911	0.00686	0.00399	0.07783
41	0.01950	0.01720	0.02633	0.36357	0.23539	0.01942	0.02129	0.15011	0.02093	0.02808	0.01536	0.02025	0.01177	0.00799	0.00791	0.00250	0.00984	0.00707	0.00455	0.01091
42	0.01153	0.00769	0.00865	0.00865	0.00865	0.00769	0.00480	0.01153	0.01153	0.01538	0.02499	0.05189	0.02883	0.72131	0.04036	0.00769	0.00769	0.01153	0.00480	0.00480
43	0.02198	0.01816	0.01920	0.01659	0.02148	0.02078	0.01310	0.17286	0.52312	0.03681	0.02941	0.02730	0.02188	0.01049	0.00804	0.00262	0.00681	0.00857	0.00804	0.01275
44	0.02747	0.01456	0.01687	0.01345	0.01836	0.01468	0.01094	0.23506	0.02573	0.27173	0.02556	0.02512	0.01779	0.00954	0.00722	0.00225	0.00648	0.00752	0.23803	0.01164
45	0.00953	0.00804	0.00825	0.00820	0.01081	0.00676	0.00615	0.01169	0.01845	0.02232	0.13096	0.07484	0.61745	0.01975	0.00937	0.00266	0.00399	0.01653	0.00748	0.00676
46	0.01101	0.00810	0.01031	0.00976	0.01172	0.00739	0.00732	0.01456	0.02195	0.03062	0.60104	0.06117	0.14218	0.01665	0.00935	0.00251	0.00377	0.01461	0.00857	0.00739
47	0.77733	0.01534	0.01166	0.01043	0.01534	0.01779	0.00859	0.02331	0.01350	0.03558	0.01104	0.01288	0.00859	0.00736	0.00491	0.00245	0.00613	0.00429	0.00491	0.00859
48	0.01644	0.01409	0.01644	0.01175	0.01879	0.01057	0.00940	0.01997	0.01644	0.02584	0.01409	0.01644	0.01175	0.00587	0.00587	0.00117	0.00587	0.00470	0.00470	0.76979
49	0.02962	0.03779	0.02247	0.02043	0.02451	0.68948	0.01532	0.03166	0.02247	0.01941	0.01226	0.01430	0.01021	0.00817	0.00715	0.00204	0.01430	0.00511	0.00409	0.00919
50	0.77733	0.01534	0.01166	0.01043	0.01534	0.01779	0.00859	0.02331	0.01350	0.03558	0.01104	0.01288	0.00859	0.00736	0.00491	0.00245	0.00613	0.00429	0.00491	0.00859
51	0.03061	0.02146	0.02333	0.01789	0.02422	0.02348	0.01478	0.59311	0.03603	0.10405	0.02009	0.01972	0.01402	0.00954	0.00794	0.00239	0.00856	0.00721	0.00809	0.01349
52	0.77733	0.01534	0.01166	0.01043	0.01534	0.01779	0.00859	0.02331	0.01350	0.03558	0.01104	0.01288	0.00859	0.00736	0.00491	0.00245	0.00613	0.00429	0.00491	0.00859
53	0.01963	0.01884	0.03219	0.04867	0.67185	0.01884	0.02434	0.02434	0.01806	0.02591	0.01492	0.01963	0.01256	0.00707	0.00785	0.00236	0.00942	0.00707	0.00393	0.01256
54	0.03014	0.02221	0.02380	0.01825	0.02459	0.02459	0.01507	0.64541	0.03728	0.04998	0.01904	0.01904	0.01349	0.00952	0.00793	0.00238	0.00873	0.00714	0.00793	0.01349
55	0.02962	0.03779	0.02247	0.02043	0.02451	0.68948	0.01532	0.03166	0.02247	0.01941	0.01226	0.01430	0.01021	0.00817	0.00715	0.00204	0.01430	0.00511	0.00409	0.00919
56	0.01082	0.00809	0.01004	0.00956	0.01160	0.00731	0.00717	0.01419	0.02150	0.02955	0.54039	0.06294	0.20350	0.01705	0.00936	0.00253	0.00380	0.01486	0.00843	0.00731
57	0.00937	0.00803	0.00803	0.00803	0.01071	0.00669	0.00602	0.01138	0.01807	0.02142	0.08033	0.07632	0.66863	0.02008	0.00937	0.00268	0.00402	0.01674	0.00736	0.00669
58	0.02120	0.72609	0.04155	0.01357	0.02035	0.03138	0.01357	0.02374	0.01611	0.01866	0.01102	0.01272	0.01018	0.00678	0.00509	0.00170	0.00848	0.00424	0.00339	0.01018
59	0.03558	0.01350	0.01840	0.01411	0.02024	0.01166	0.01166	0.03865	0.02270	0.67734	0.03128	0.02699	0.01963	0.00981	0.00797	0.00245	0.00675	0.00797	0.00981	0.01350
60	0.01278	0.00913	0.01278	0.01460	0.01643	0.00913	0.01278	0.01643	0.01825	0.02373	0.04199	0.08945	0.04564	0.02191	0.01095	0.00365	0.00730	0.61847	0.00730	0.00730
61	0.00966	0.00690	0.00920	0.01104	0.01150	0.00644	0.00736	0.01104	0.01518	0.02024	0.04371	0.71614	0.05245	0.02484	0.01012	0.00322	0.00460	0.02254	0.00736	0.00644
62	0.01153	0.00769	0.00865	0.00865	0.00865	0.00769	0.00480	0.01153	0.01153	0.01538	0.02499	0.05189	0.02883	0.72131	0.04036	0.00769	0.00769	0.01153	0.00480	0.00480
63	0.01122	0.00811	0.01060	0.00998	0.01185	0.00748	0.00748	0.01496	0.02245	0.03180	0.66766	0.05923	0.07482	0.01621	0.00935	0.00249	0.00374	0.01434	0.00873	0.00748
64	0.01153	0.00769	0.00865	0.00865	0.00865	0.00769	0.00480	0.01153	0.01153	0.01538	0.02499	0.05189	0.02883	0.72131	0.04036	0.00769	0.00769	0.01153	0.00480	0.00480
65	0.77733	0.01534	0.01166	0.01043	0.01534	0.01779	0.00859	0.02331	0.01350	0.03558	0.01104	0.01288	0.00859	0.00736	0.00491	0.00245	0.00613	0.00429	0.00491	0.00859
66	0.01518	0.01334	0.02119	0.27995	0.21946	0.01466	0.01695	0.01854	0.01506	0.02028	0.01797	0.03096	0.01725	0.24579	0.01873	0.00424	0.00927	0.00855	0.00407	0.00857
67	0.06269	0.01438	0.02340	0.63011	0.07959	0.01768	0.02129	0.02063	0.01581	0.02147	0.01394	0.02056	0.01054	0.00785	0.00774	0.00262	0.01024	0.00688	0.00363	0.00896
68	0.03558	0.01350	0.01840	0.01411	0.02024	0.01166	0.01166	0.03865	0.02270	0.67734	0.03128	0.02699	0.01963	0.00981	0.00797	0.00245	0.00675	0.00797	0.00981	0.01350
69	0.01792	0.01750	0.03124	0.14138	0.42270	0.01778	0.12003	0.02275	0.01758	0.02449	0.01745	0.08017	0.01562	0.00867	0.00830	0.00252	0.00980	0.00876	0.00417	0.01117
70	0.01863	0.02001	0.03900	0.03413	0.17381	0.02066	0.38025	0.02387	0.01722	0.02421	0.01464	0.02018	0.01181	0.00825	0.01246	0.00277	0.15517	0.00836	0.00388	0.01068
71	0.01104	0.00857	0.01036	0.01126	0.01352	0.00789	0.00934	0.01386	0.01816	0.02256	0.06150	0.08276	0.36272	0.02098	0.01015	0.00316	0.00563	0.31221	0.00733	0.00699
72	0.01498	0.01409	0.02378	0.70226	0.05462	0.01762	0.02202	0.02026	0.01586	0.02026	0.01409	0.02114	0.01057	0.00793	0.00793	0.00264	0.01057	0.00705	0.00352	0.00881
73	0.01296	0.01152	0.02042	0.01711	0.01973	0.01093	0.19915	0.01554	0.01517	0.02036	0.02978	0.30905	0.03321	0.22555	0.01884	0.00438	0.00817	0.01529	0.00559	0.00725
74	0.05341	0.14372	0.02828	0.02742	0.22164	0.30456	0.01752	0.06993	0.02075	0.02398	0.01329	0.01594	0.01109	0.00767	0.00699	0.00212	0.01116	0.00567	0.00422	0.01066
75	0.02182	0.02301	0.03005	0.04246	0.52949	0.16632	0.02235	0.02595	0.01903	0.02448	0.01433	0.01846	0.01204	0.00731	0.00770	0.00229	0.01049	0.00663	0.00396	0.01182
76	0.01030	0.00751	0.00970	0.01033	0.01158	0.00691	0.00730	0.01274	0.01852	0.02526	0.31245	0.38138	0.11508	0.02076	0.00973	0.00286	0.00418	0.01855	0.00794	0.00691
77	0.02543	0.01745	0.01917	0.01522	0.02024	0.01877	0.01238	0.42370	0.03125	0.08345	0.12295	0.02729	0.02446	0.01055	0.00784	0.00233	0.00714	0.00836	0.11030	0.01172
78	0.01823	0.34223	0.39942	0.01863	0.02818	0.02411	0.02238	0.02451	0.01647	0.02227	0.01282	0.01497	0.01010	0.00720	0.00646	0.00215	0.01030	0.00515	0.00337	0.01104
79	0.00966	0.00690	0.00920	0.01104	0.01150	0.00644	0.00736	0.01104	0.01518	0.02024	0.04371	0.71614	0.05245	0.02484	0.01012	0.00322	0.00460	0.02254	0.00736	0.00644
80	0.00947	0.00804	0.00816	0.00813	0.01077	0.00673	0.00610	0.01156	0.01830	0.02195	0.11035	0.07544	0.63828	0.01989	0.00937	0.00267	0.00400	0.01661	0.00743	0.00673
81	0.01735	0.01735	0.02429	0.02082	0.02082	0.02429	0.01735	0.01908	0.01214	0.01908	0.01041	0.01735	0.01041	0.01388	0.02602	0.00347	0.70680	0.00694	0.00347	0.00867
82	0.02841	0.03434	0.02270	0.07900	0.02712	0.57148	0.01588	0.08614	0.02324	0.02224	0.01303	0.01532	0.01054	0.00827	0.00729	0.00213	0.01348	0.00546	0.00438	0.00955
83	0.03014	0.02221	0.02380	0.01825	0.02459	0.02459	0.01507	0.64541	0.03728	0.04998	0.01904	0.01904	0.01349	0.00952	0.00793	0.00238	0.00873	0.00714	0.00793	0.01349
84	0.02339	0.01873	0.03079	0.03792	0.41790	0.04272	0.10584	0.02791	0.01933	0.16885	0.01857	0.02129	0.01395	0.00766	0.00806	0.00241	0.00956	0.00751	0.00524	0.01238
85	0.08789	0.01308	0.01802	0.01507	0.01882	0.01388	0.04364	0.05274	0.01764	0.25665	0.02253	0.02632	0.01741	0.05229	0.22488	0.00600	0.08884	0.00787	0.00638	0.01006

[dist]
# distance from previous block
# <min> <max>
4	11

[block]
# block no. 1 follows, 24 sequences, length 16
# corresponding to MSA columns:
# 428-443
name=unknown_B
#
# <colnr> <probs for GDERKNQSTAVLIFYWHMCP>
#	G	D	E	R	K	N	Q	S	T	A	V	L	I	F	Y	W	H	M	C	P
0	0.02065	0.01666	0.02261	0.02323	0.15847	0.01783	0.05313	0.24201	0.05385	0.03196	0.01980	0.02632	0.01689	0.10748	0.14796	0.00513	0.01140	0.00817	0.00573	0.01072
1	0.02428	0.01332	0.01666	0.01486	0.01927	0.01338	0.01225	0.03337	0.21378	0.29586	0.03464	0.04558	0.02843	0.01355	0.00885	0.00287	0.00676	0.18229	0.00857	0.01144
2	0.01935	0.02131	0.12799	0.24841	0.26658	0.01936	0.02279	0.12841	0.02041	0.02806	0.01525	0.01957	0.01169	0.00783	0.00784	0.00248	0.01002	0.00689	0.00439	0.01139
3	0.01122	0.00811	0.01060	0.00998	0.01185	0.00748	0.00748	0.01496	0.02245	0.03180	0.66766	0.05923	0.07482	0.01621	0.00935	0.00249	0.00374	0.01434	0.00873	0.00748
4	0.02989	0.01927	0.02157	0.01690	0.02291	0.02066	0.01384	0.40360	0.12843	0.20214	0.02408	0.02261	0.01664	0.00978	0.00796	0.00245	0.00786	0.00762	0.00842	0.01335
5	0.01020	0.00807	0.00918	0.00890	0.01122	0.00705	0.00668	0.01298	0.02003	0.02606	0.34296	0.06868	0.40311	0.01835	0.00936	0.00260	0.00389	0.01566	0.00797	0.00705
6	0.01525	0.01358	0.02059	0.01745	0.01894	0.01657	0.09149	0.01778	0.01354	0.02050	0.01719	0.02710	0.01633	0.12853	0.14107	0.00545	0.30373	0.00828	0.09875	0.00790
7	0.01153	0.00769	0.00865	0.00865	0.00865	0.00769	0.00480	0.01153	0.01153	0.01538	0.02499	0.05189	0.02883	0.72131	0.04036	0.00769	0.00769	0.01153	0.00480	0.00480
8	0.01635	0.01418	0.02416	0.11152	0.20013	0.01426	0.13741	0.02100	0.01767	0.02597	0.04587	0.03021	0.05777	0.00934	0.00776	0.00238	0.00814	0.02972	0.21659	0.00956
9	0.01756	0.12008	0.42807	0.01979	0.02901	0.02037	0.02297	0.02938	0.18368	0.02641	0.01853	0.01959	0.01375	0.00828	0.00737	0.00246	0.00990	0.00647	0.00458	0.01174
10	0.00960	0.00804	0.00835	0.00828	0.01085	0.00679	0.00621	0.01183	0.01862	0.02271	0.15347	0.07419	0.59469	0.01960	0.00937	0.00265	0.00398	0.01644	0.00753	0.00679
11	0.01436	0.05486	0.01393	0.01151	0.01458	0.01236	0.00889	0.09616	0.09912	0.02609	0.07552	0.13936	0.28253	0.05376	0.05771	0.00359	0.00661	0.01364	0.00700	0.00843
12	0.01987	0.55446	0.20156	0.01583	0.02385	0.02813	0.01751	0.02409	0.01627	0.02027	0.01183	0.01373	0.01014	0.00697	0.00570	0.00190	0.00929	0.00465	0.00338	0.01056
13	0.11404	0.01927	0.06054	0.08061	0.09383	0.09979	0.03678	0.06531	0.01834	0.02622	0.04255	0.02533	0.08036	0.01268	0.05037	0.00299	0.05959	0.00750	0.00487	0.09904
14	0.06783	0.34663	0.06959	0.01485	0.02059	0.04820	0.01386	0.02326	0.04271	0.02201	0.01303	0.01572	0.01136	0.01005	0.03717	0.00245	0.09572	0.00517	0.00397	0.13584
15	0.21559	0.11356	0.09118	0.01430	0.02125	0.01673	0.05129	0.02339	0.01620	0.06802	0.01410	0.01602	0.01105	0.00685	0.00604	0.00189	0.00743	0.00515	0.00471	0.29524

[dist]
# distance from previous block
# <min> <max>
0	46

[block]
# block no. 2 follows, 24 sequences, length 20
# corresponding to MSA columns:
# 500-518,522
name=unknown_C
#
# <colnr> <probs for GDERKNQSTAVLIFYWHMCP>
#	G	D	E	R	K	N	Q	S	T	A	V	L	I	F	Y	W	H	M	C	P
0	0.06716	0.12506	0.18485	0.01596	0.02300	0.04056	0.01590	0.07287	0.10130	0.07346	0.07465	0.02205	0.01866	0.00867	0.00704	0.00218	0.00813	0.00671	0.00555	0.12624
1	0.01366	0.01177	0.01288	0.01198	0.01426	0.07069	0.00884	0.01580	0.01430	0.01914	0.02464	0.03561	0.06836	0.19807	0.32202	0.00809	0.01383	0.00894	0.00466	0.12244
2	0.01727	0.15374	0.30096	0.04897	0.07180	0.06870	0.02017	0.02280	0.01706	0.02285	0.01983	0.07152	0.05457	0.00936	0.00728	0.00228	0.00966	0.00747	0.00411	0.06958
3	0.01290	0.01338	0.07563	0.01647	0.07433	0.01097	0.05798	0.01781	0.05174	0.02635	0.25927	0.10004	0.16604	0.01830	0.05996	0.00337	0.00723	0.01296	0.00673	0.00854
4	0.01494	0.11917	0.06853	0.01224	0.01633	0.01404	0.01080	0.07503	0.06109	0.02897	0.30312	0.04696	0.17058	0.01397	0.00837	0.00242	0.00573	0.01167	0.00713	0.00891
5	0.08565	0.02182	0.20122	0.01511	0.02273	0.01420	0.01517	0.06980	0.01779	0.02799	0.01643	0.06803	0.01412	0.00815	0.00672	0.00191	0.00766	0.00649	0.00479	0.37422
6	0.34414	0.04899	0.01625	0.01299	0.01806	0.13889	0.01033	0.04186	0.01681	0.02883	0.01469	0.06679	0.01315	0.00850	0.00604	0.00209	0.00763	0.00599	0.00492	0.19308
7	0.02637	0.07505	0.07605	0.01964	0.02598	0.02425	0.06518	0.44818	0.03046	0.04110	0.01707	0.01843	0.01259	0.00934	0.00944	0.00246	0.07240	0.00698	0.00655	0.01246
8	0.04473	0.19101	0.26953	0.02110	0.02904	0.07272	0.11249	0.07057	0.01837	0.02496	0.01357	0.01641	0.01062	0.00792	0.00860	0.00238	0.06519	0.00607	0.00391	0.01082
9	0.01084	0.00768	0.00902	0.00961	0.01030	0.00735	0.00627	0.01180	0.01402	0.01820	0.03983	0.21483	0.14024	0.38522	0.02576	0.00549	0.00633	0.06548	0.00603	0.00571
10	0.01276	0.00991	0.01182	0.01102	0.01351	0.00989	0.00836	0.02011	0.15097	0.03099	0.47726	0.05500	0.12658	0.01551	0.00909	0.00255	0.00428	0.01350	0.00845	0.00843
11	0.00969	0.00805	0.00847	0.00837	0.01091	0.00683	0.00628	0.01200	0.01883	0.02321	0.18127	0.07338	0.56658	0.01942	0.00937	0.00265	0.00397	0.01632	0.00760	0.00683
12	0.02752	0.02083	0.02438	0.02286	0.12972	0.02272	0.01621	0.46095	0.09846	0.06499	0.02015	0.02050	0.01466	0.00926	0.00793	0.00241	0.00852	0.00735	0.00735	0.01324
13	0.01498	0.01409	0.02378	0.70226	0.05462	0.01762	0.02202	0.02026	0.01586	0.02026	0.01409	0.02114	0.01057	0.00793	0.00793	0.00264	0.01057	0.00705	0.00352	0.00881
14	0.01590	0.04102	0.68023	0.02260	0.03432	0.01842	0.02930	0.02511	0.01674	0.02511	0.01423	0.01674	0.01005	0.00753	0.00753	0.00251	0.01172	0.00586	0.00335	0.01172
15	0.02180	0.01031	0.01361	0.01149	0.01516	0.00923	0.00907	0.02525	0.02204	0.30365	0.34319	0.04304	0.04678	0.01290	0.00844	0.00242	0.00500	0.01105	0.07555	0.01001
16	0.02017	0.01817	0.02095	0.01763	0.02133	0.07719	0.07526	0.13420	0.22264	0.02898	0.02364	0.06318	0.02062	0.12693	0.01542	0.00351	0.08449	0.00925	0.00622	0.01023
17	0.02194	0.01424	0.02127	0.20657	0.10227	0.01471	0.04221	0.07687	0.02034	0.20690	0.02828	0.03369	0.07651	0.01080	0.00831	0.00260	0.00824	0.06193	0.03170	0.01063
18	0.06154	0.42634	0.08946	0.01498	0.02139	0.09961	0.01444	0.02583	0.01729	0.09541	0.01440	0.01604	0.01177	0.01066	0.04852	0.00262	0.00989	0.00517	0.00433	0.01031
19	0.09537	0.03084	0.02195	0.01885	0.02373	0.41800	0.01465	0.22714	0.02642	0.03060	0.01432	0.01569	0.01112	0.00853	0.00720	0.00219	0.01180	0.00569	0.00539	0.01051

[dist]
# distance from previous block
# <min> <max>
0	1

[block]
# block no. 3 follows, 24 sequences, length 49
# corresponding to MSA columns:
# 525-573
name=unknown_D
#
# <colnr> <probs for GDERKNQSTAVLIFYWHMCP>
#	G	D	E	R	K	N	Q	S	T	A	V	L	I	F	Y	W	H	M	C	P
0	0.02249	0.02049	0.03208	0.02418	0.03075	0.02136	0.28307	0.22012	0.19387	0.03500	0.02127	0.02284	0.01571	0.00864	0.00858	0.00259	0.01006	0.00857	0.00629	0.01204
1	0.02626	0.02028	0.02161	0.01746	0.02311	0.02278	0.01413	0.42037	0.26865	0.04371	0.02398	0.02297	0.01748	0.00998	0.00798	0.00250	0.00781	0.00782	0.00798	0.01314
2	0.01792	0.02097	0.12667	0.20608	0.42454	0.01848	0.02450	0.02345	0.01732	0.02440	0.01461	0.01957	0.01169	0.00735	0.00782	0.00245	0.01005	0.00688	0.00374	0.01151
3	0.01133	0.00850	0.01274	0.01274	0.01416	0.00991	0.00991	0.01416	0.01274	0.01841	0.02124	0.03115	0.01982	0.05947	0.68989	0.01274	0.02124	0.00850	0.00425	0.00708
4	0.01442	0.01250	0.02029	0.44402	0.07825	0.01501	0.01791	0.01897	0.01536	0.02105	0.01684	0.02408	0.01367	0.01955	0.16048	0.00481	0.01225	0.00740	0.07462	0.00851
5	0.00971	0.00782	0.00865	0.00893	0.01104	0.00676	0.00651	0.01185	0.01814	0.02273	0.16047	0.20251	0.45617	0.02046	0.00952	0.00276	0.00409	0.01755	0.00757	0.00676
6	0.02821	0.15297	0.02566	0.01928	0.02382	0.57936	0.01503	0.03034	0.02141	0.01928	0.01205	0.01404	0.01021	0.00794	0.00681	0.00198	0.01333	0.00496	0.00397	0.00936
7	0.54578	0.10463	0.07500	0.01287	0.01852	0.08637	0.01167	0.02435	0.01499	0.03103	0.01144	0.01334	0.00907	0.00739	0.00538	0.00233	0.00772	0.00451	0.00451	0.00911
8	0.01914	0.01819	0.02984	0.16163	0.29657	0.01954	0.11349	0.06315	0.11001	0.02690	0.01743	0.02145	0.01372	0.00819	0.00905	0.00256	0.04536	0.00767	0.00467	0.01143
9	0.01528	0.01285	0.01544	0.09027	0.04509	0.03455	0.01154	0.05210	0.17879	0.02925	0.26051	0.12793	0.06562	0.01427	0.00878	0.00263	0.00604	0.01243	0.00740	0.00926
10	0.02663	0.01451	0.01734	0.01386	0.01873	0.01447	0.01123	0.22499	0.02664	0.27581	0.15649	0.03131	0.02900	0.01096	0.00798	0.00237	0.00644	0.00894	0.09069	0.01161
11	0.02244	0.01956	0.02658	0.02092	0.02679	0.02119	0.16589	0.20932	0.32683	0.03606	0.02459	0.02461	0.01822	0.00942	0.00834	0.00260	0.00869	0.00854	0.00705	0.01237
12	0.01656	0.01721	0.03512	0.02795	0.07071	0.01669	0.40554	0.02198	0.01730	0.02371	0.01955	0.02981	0.01694	0.01995	0.16187	0.00500	0.01433	0.06572	0.00437	0.00968
13	0.01898	0.01815	0.03148	0.14102	0.43665	0.01861	0.10260	0.05258	0.01872	0.02602	0.01645	0.02344	0.01384	0.00798	0.00821	0.00250	0.00996	0.03702	0.00423	0.01155
14	0.01813	0.20789	0.31809	0.02375	0.03305	0.02221	0.21985	0.02486	0.01721	0.02357	0.01399	0.01720	0.01071	0.00708	0.00749	0.00236	0.01142	0.00656	0.00357	0.01100
15	0.01085	0.00809	0.01008	0.00959	0.01162	0.00732	0.00719	0.01424	0.02157	0.02971	0.54949	0.06267	0.19430	0.01699	0.00936	0.00253	0.00380	0.01482	0.00845	0.00732
16	0.01862	0.01425	0.01564	0.01352	0.01696	0.01543	0.01029	0.19186	0.19614	0.03326	0.16211	0.03963	0.06253	0.15681	0.01494	0.00358	0.00659	0.01048	0.00747	0.00990
17	0.05785	0.17444	0.18680	0.02409	0.14030	0.24262	0.01963	0.02677	0.01859	0.02254	0.01290	0.01545	0.01051	0.00750	0.00684	0.00216	0.01124	0.00542	0.00378	0.01057
18	0.01752	0.01019	0.01293	0.01258	0.01494	0.00981	0.00921	0.09741	0.01952	0.15727	0.03805	0.48764	0.04083	0.01984	0.00941	0.00296	0.00556	0.01763	0.00793	0.00877
19	0.00966	0.00690	0.00920	0.01104	0.01150	0.00644	0.00736	0.01104	0.01518	0.02024	0.04371	0.71614	0.05245	0.02484	0.01012	0.00322	0.00460	0.02254	0.00736	0.00644
20	0.01955	0.01776	0.02554	0.03431	0.39227	0.04878	0.01888	0.10297	0.05099	0.02776	0.02036	0.11087	0.01884	0.01381	0.05878	0.00324	0.00966	0.00919	0.00512	0.01132
21	0.05840	0.06084	0.02586	0.07944	0.13746	0.02072	0.06521	0.27188	0.02510	0.05692	0.01758	0.02002	0.01328	0.00862	0.00813	0.00237	0.03300	0.00703	0.07656	0.01156
22	0.01756	0.01634	0.02508	0.07596	0.42956	0.04312	0.01875	0.02103	0.01639	0.02257	0.01734	0.02743	0.01640	0.17481	0.04154	0.00400	0.00974	0.00808	0.00412	0.01019
23	0.73187	0.01546	0.01241	0.01105	0.01566	0.01818	0.00911	0.02306	0.01341	0.03459	0.01100	0.01315	0.00870	0.00775	0.00617	0.00251	0.04805	0.00445	0.00482	0.00859
24	0.01303	0.01025	0.01223	0.01265	0.01504	0.01045	0.01005	0.02022	0.16136	0.02561	0.10612	0.16393	0.17154	0.01894	0.00971	0.00307	0.00567	0.21427	0.00763	0.00824
25	0.02163	0.69093	0.04058	0.01392	0.02057	0.06499	0.01366	0.02415	0.01644	0.01870	0.01109	0.01280	0.01018	0.00686	0.00519	0.00171	0.00878	0.00428	0.00343	0.01013
26	0.00966	0.00690	0.00920	0.01104	0.01150	0.00644	0.00736	0.01104	0.01518	0.02024	0.04371	0.71614	0.05245	0.02484	0.01012	0.00322	0.00460	0.02254	0.00736	0.00644
27	0.01726	0.08939	0.21214	0.07360	0.02900	0.05224	0.11170	0.06808	0.01765	0.02392	0.01634	0.02135	0.01330	0.02159	0.19205	0.00520	0.01406	0.00709	0.00409	0.00994
28	0.02573	0.03131	0.02305	0.02055	0.02334	0.47855	0.01596	0.02768	0.01920	0.01930	0.01167	0.01527	0.01028	0.00998	0.01313	0.00250	0.23389	0.00569	0.00389	0.00903
29	0.02962	0.03779	0.02247	0.02043	0.02451	0.68948	0.01532	0.03166	0.02247	0.01941	0.01226	0.01430	0.01021	0.00817	0.00715	0.00204	0.01430	0.00511	0.00409	0.00919
30	0.01498	0.01409	0.02378	0.70226	0.05462	0.01762	0.02202	0.02026	0.01586	0.02026	0.01409	0.02114	0.01057	0.00793	0.00793	0.00264	0.01057	0.00705	0.00352	0.00881
31	0.01153	0.00769	0.00865	0.00865	0.00865	0.00769	0.00480	0.01153	0.01153	0.01538	0.02499	0.05189	0.02883	0.72131	0.04036	0.00769	0.00769	0.01153	0.00480	0.00480
32	0.00966	0.00690	0.00920	0.01104	0.01150	0.00644	0.00736	0.01104	0.01518	0.02024	0.04371	0.71614	0.05245	0.02484	0.01012	0.00322	0.00460	0.02254	0.00736	0.00644
33	0.00937	0.00803	0.00803	0.00803	0.01071	0.00669	0.00602	0.01138	0.01807	0.02142	0.08033	0.07632	0.66863	0.02008	0.00937	0.00268	0.00402	0.01674	0.00736	0.00669
34	0.00966	0.00690	0.00920	0.01104	0.01150	0.00644	0.00736	0.01104	0.01518	0.02024	0.04371	0.71614	0.05245	0.02484	0.01012	0.00322	0.00460	0.02254	0.00736	0.00644
35	0.01872	0.02139	0.04679	0.03342	0.04144	0.02005	0.64305	0.02540	0.01872	0.02540	0.01604	0.02139	0.01203	0.00668	0.00936	0.00267	0.01337	0.00936	0.00401	0.01070
36	0.77733	0.01534	0.01166	0.01043	0.01534	0.01779	0.00859	0.02331	0.01350	0.03558	0.01104	0.01288	0.00859	0.00736	0.00491	0.00245	0.00613	0.00429	0.00491	0.00859
37	0.01590	0.04102	0.68023	0.02260	0.03432	0.01842	0.02930	0.02511	0.01674	0.02511	0.01423	0.01674	0.01005	0.00753	0.00753	0.00251	0.01172	0.00586	0.00335	0.01172
38	0.01122	0.00811	0.01060	0.00998	0.01185	0.00748	0.00748	0.01496	0.02245	0.03180	0.66766	0.05923	0.07482	0.01621	0.00935	0.00249	0.00374	0.01434	0.00873	0.00748
39	0.01590	0.04102	0.68023	0.02260	0.03432	0.01842	0.02930	0.02511	0.01674	0.02511	0.01423	0.01674	0.01005	0.00753	0.00753	0.00251	0.01172	0.00586	0.00335	0.01172
40	0.01768	0.01889	0.03908	0.02876	0.03537	0.01788	0.50101	0.05296	0.01900	0.02569	0.02104	0.14321	0.01920	0.01001	0.00942	0.00276	0.01160	0.01156	0.00479	0.01008
41	0.00954	0.00804	0.00827	0.00821	0.01082	0.00677	0.00616	0.01171	0.01848	0.02239	0.13500	0.07473	0.61336	0.01972	0.00937	0.00266	0.00399	0.01651	0.00749	0.00677
42	0.03354	0.01676	0.02042	0.01566	0.02187	0.01650	0.01293	0.26577	0.02816	0.44251	0.02670	0.02401	0.01733	0.00970	0.00796	0.00243	0.00749	0.00766	0.00911	0.01349
43	0.01652	0.01788	0.03769	0.02800	0.03420	0.01676	0.48916	0.02193	0.01786	0.02415	0.02274	0.18957	0.02182	0.01108	0.00954	0.00281	0.01125	0.01255	0.00482	0.00967
44	0.01249	0.00892	0.01245	0.01427	0.01597	0.00888	0.01227	0.01593	0.01797	0.02341	0.04215	0.14778	0.04627	0.02218	0.01088	0.00361	0.00705	0.56301	0.00731	0.00722
45	0.02141	0.02104	0.02885	0.03931	0.47914	0.10258	0.02109	0.07358	0.01997	0.02697	0.01483	0.01862	0.01226	0.00729	0.00759	0.00221	0.00965	0.00661	0.00433	0.08269
46	0.01822	0.01404	0.01663	0.01197	0.01893	0.01067	0.00961	0.02171	0.01703	0.08648	0.01569	0.01743	0.01248	0.00624	0.00607	0.00129	0.00595	0.00500	0.00517	0.69940
47	0.01963	0.01884	0.03219	0.04867	0.67185	0.01884	0.02434	0.02434	0.01806	0.02591	0.01492	0.01963	0.01256	0.00707	0.00785	0.00236	0.00942	0.00707	0.00393	0.01256
48	0.29946	0.01527	0.01669	0.01333	0.01905	0.01551	0.01100	0.11124	0.02129	0.36771	0.02249	0.02093	0.01490	0.00890	0.00688	0.00244	0.00678	0.00655	0.00782	0.01174

[dist]
# distance from previous block
# <min> <max>
0	1

[block]
# block no. 4 follows, 24 sequences, length 198
# corresponding to MSA columns:
# 575,576,590-683,698-711,727,753,768-792,799-853,861-866
name=unknown_E
#
# <colnr> <probs for GDERKNQSTAVLIFYWHMCP>
#	G	D	E	R	K	N	Q	S	T	A	V	L	I	F	Y	W	H	M	C	P
0	0.02214	0.02687	0.08501	0.14692	0.24991	0.26309	0.02069	0.02700	0.04158	0.02275	0.01435	0.01803	0.01155	0.00779	0.00759	0.00232	0.01149	0.00631	0.00401	0.01061
1	0.01957	0.01569	0.02119	0.02250	0.19830	0.01392	0.01403	0.07483	0.01944	0.07601	0.05361	0.02077	0.01632	0.00739	0.00694	0.00177	0.00703	0.00635	0.00537	0.39895
2	0.02403	0.21807	0.19109	0.01907	0.02587	0.31969	0.01833	0.05624	0.02006	0.02204	0.01274	0.01471	0.01031	0.00771	0.00674	0.00208	0.01188	0.00516	0.00390	0.01028
3	0.01624	0.03902	0.62193	0.02495	0.09168	0.01845	0.02885	0.02504	0.01686	0.02518	0.01429	0.01700	0.01027	0.00749	0.00756	0.00250	0.01151	0.00597	0.00340	0.01180
4	0.01754	0.18516	0.45682	0.01982	0.02954	0.02137	0.02374	0.02703	0.09993	0.02477	0.01589	0.01755	0.01191	0.00779	0.00708	0.00236	0.01032	0.00592	0.00397	0.01150
5	0.77733	0.01534	0.01166	0.01043	0.01534	0.01779	0.00859	0.02331	0.01350	0.03558	0.01104	0.01288	0.00859	0.00736	0.00491	0.00245	0.00613	0.00429	0.00491	0.00859
6	0.00966	0.00690	0.00920	0.01104	0.01150	0.00644	0.00736	0.01104	0.01518	0.02024	0.04371	0.71614	0.05245	0.02484	0.01012	0.00322	0.00460	0.02254	0.00736	0.00644
7	0.00966	0.00690	0.00920	0.01104	0.01150	0.00644	0.00736	0.01104	0.01518	0.02024	0.04371	0.71614	0.05245	0.02484	0.01012	0.00322	0.00460	0.02254	0.00736	0.00644
8	0.01590	0.04102	0.68023	0.02260	0.03432	0.01842	0.02930	0.02511	0.01674	0.02511	0.01423	0.01674	0.01005	0.00753	0.00753	0.00251	0.01172	0.00586	0.00335	0.01172
9	0.01135	0.00842	0.01238	0.01238	0.01366	0.00971	0.00945	0.01392	0.01264	0.01814	0.02158	0.03302	0.02063	0.11902	0.63145	0.01229	0.02002	0.00877	0.00430	0.00688
10	0.00960	0.00713	0.00896	0.01043	0.01134	0.00649	0.00709	0.01111	0.01577	0.02048	0.05118	0.58562	0.17815	0.02387	0.00997	0.00311	0.00448	0.02136	0.00736	0.00649
11	0.01590	0.04102	0.68023	0.02260	0.03432	0.01842	0.02930	0.02511	0.01674	0.02511	0.01423	0.01674	0.01005	0.00753	0.00753	0.00251	0.01172	0.00586	0.00335	0.01172
12	0.02051	0.63700	0.12460	0.01474	0.02217	0.02969	0.01561	0.02392	0.01619	0.01950	0.01144	0.01324	0.01016	0.00688	0.00541	0.00180	0.00890	0.00445	0.00339	0.01038
13	0.00952	0.00789	0.00833	0.00854	0.01088	0.00671	0.00628	0.01154	0.01795	0.02187	0.10937	0.15853	0.55433	0.02048	0.00947	0.00274	0.00408	0.01735	0.00744	0.00671
14	0.00970	0.00805	0.00849	0.00838	0.01091	0.00683	0.00628	0.01201	0.01885	0.02325	0.18407	0.07330	0.56375	0.01940	0.00937	0.00265	0.00397	0.01631	0.00760	0.00683
15	0.77733	0.01534	0.01166	0.01043	0.01534	0.01779	0.00859	0.02331	0.01350	0.03558	0.01104	0.01288	0.00859	0.00736	0.00491	0.00245	0.00613	0.00429	0.00491	0.00859
16	0.02318	0.01875	0.01987	0.01684	0.02194	0.02134	0.01339	0.24202	0.45201	0.03874	0.02789	0.02609	0.02065	0.01035	0.00802	0.00259	0.00709	0.00836	0.00802	0.01286
17	0.02905	0.03410	0.02332	0.02193	0.06682	0.54100	0.01587	0.12779	0.02451	0.02464	0.01350	0.01539	0.01088	0.00831	0.00732	0.00212	0.01310	0.00556	0.00468	0.01009
18	0.05244	0.01729	0.03185	0.25339	0.12141	0.01811	0.25646	0.04370	0.01817	0.02551	0.04583	0.02266	0.01472	0.00781	0.00831	0.00257	0.01066	0.00816	0.03091	0.01004
19	0.01099	0.00804	0.01143	0.01183	0.01285	0.00886	0.00868	0.01313	0.01312	0.01842	0.02667	0.18456	0.02818	0.13849	0.45532	0.00999	0.01581	0.01198	0.00501	0.00664
20	0.00974	0.00761	0.00884	0.00945	0.01117	0.00671	0.00674	0.01175	0.01759	0.02243	0.14886	0.31733	0.35084	0.02135	0.00965	0.00286	0.00420	0.01861	0.00755	0.00671
21	0.01717	0.17533	0.34495	0.01741	0.02668	0.01872	0.01996	0.02326	0.01652	0.02399	0.01352	0.01581	0.01059	0.00687	0.00652	0.00193	0.00926	0.00517	0.00377	0.24255
22	0.04740	0.23621	0.09832	0.01759	0.02495	0.02081	0.11171	0.07937	0.01919	0.10376	0.01585	0.01747	0.01212	0.00729	0.00674	0.00201	0.00880	0.00599	0.00495	0.15946
23	0.00937	0.00803	0.00803	0.00803	0.01071	0.00669	0.00602	0.01138	0.01807	0.02142	0.08033	0.07632	0.66863	0.02008	0.00937	0.00268	0.00402	0.01674	0.00736	0.00669
24	0.02266	0.03067	0.18946	0.08236	0.11436	0.25584	0.10190	0.02775	0.01947	0.06037	0.01483	0.01781	0.01128	0.00775	0.00773	0.00235	0.01217	0.00642	0.00416	0.01066
25	0.04971	0.02782	0.27272	0.07038	0.24004	0.04177	0.08889	0.06767	0.01880	0.02707	0.01477	0.01833	0.01128	0.00747	0.00776	0.00246	0.01074	0.00668	0.00402	0.01163
26	0.02878	0.01656	0.02139	0.01848	0.06375	0.01756	0.01422	0.19982	0.02416	0.32098	0.02299	0.02305	0.01604	0.01305	0.05004	0.00318	0.11849	0.00755	0.00759	0.01230
27	0.01712	0.01806	0.08522	0.02112	0.02637	0.01606	0.22758	0.09845	0.09802	0.02746	0.02645	0.22016	0.02568	0.04151	0.01033	0.00298	0.00906	0.01256	0.00591	0.00991
28	0.01597	0.05131	0.32510	0.05280	0.16314	0.01676	0.02243	0.02311	0.04960	0.02457	0.02245	0.09044	0.04286	0.01072	0.00812	0.00262	0.00952	0.05317	0.00453	0.01076
29	0.02038	0.12024	0.28256	0.02238	0.09424	0.09324	0.04975	0.02599	0.01782	0.08245	0.01599	0.01841	0.01211	0.00808	0.00812	0.00234	0.04575	0.00622	0.06299	0.01095
30	0.01128	0.00871	0.01219	0.01260	0.01337	0.00982	0.00927	0.01319	0.01362	0.01904	0.02980	0.31907	0.03316	0.08586	0.28888	0.00741	0.08594	0.01445	0.00551	0.00682
31	0.01737	0.06275	0.55433	0.02140	0.03194	0.01941	0.02629	0.06713	0.07571	0.02723	0.01605	0.01790	0.01155	0.00793	0.00752	0.00249	0.01092	0.00616	0.00407	0.01185
32	0.01968	0.02735	0.29545	0.07534	0.15087	0.01791	0.15754	0.02646	0.01812	0.10980	0.01695	0.01990	0.01221	0.00759	0.00807	0.00252	0.01093	0.00719	0.00445	0.01168
33	0.08561	0.01279	0.01418	0.01314	0.01600	0.01353	0.00998	0.21223	0.02194	0.03076	0.03230	0.28417	0.05857	0.09557	0.01236	0.00340	0.00657	0.06112	0.00703	0.00875
34	0.01922	0.02542	0.15000	0.02323	0.02961	0.16078	0.25472	0.02450	0.01857	0.02414	0.01866	0.08257	0.01599	0.00913	0.00812	0.00245	0.01122	0.00873	0.10320	0.00975
35	0.01730	0.17157	0.47377	0.02225	0.03253	0.02115	0.10605	0.02488	0.01688	0.02390	0.01384	0.01657	0.01033	0.00728	0.00730	0.00237	0.01130	0.00600	0.00344	0.01129
36	0.01579	0.08118	0.07182	0.02116	0.02643	0.04338	0.26630	0.02031	0.01823	0.02412	0.11419	0.17714	0.05960	0.01265	0.00893	0.00264	0.00921	0.01236	0.00544	0.00911
37	0.01239	0.00988	0.01495	0.16071	0.02255	0.01161	0.01226	0.01572	0.01458	0.02062	0.07907	0.07565	0.02455	0.03827	0.38185	0.00819	0.04392	0.00952	0.03619	0.00753
38	0.01813	0.01999	0.04057	0.09127	0.03882	0.02062	0.47167	0.02377	0.01725	0.02377	0.01483	0.02062	0.01160	0.00812	0.01231	0.00282	0.14113	0.00870	0.00387	0.01015
39	0.01645	0.12905	0.49383	0.02144	0.03159	0.01956	0.08164	0.02408	0.01692	0.02404	0.01819	0.02043	0.05233	0.00816	0.00749	0.00243	0.01094	0.00666	0.00367	0.01110
40	0.01871	0.01828	0.02612	0.14318	0.37508	0.07790	0.02001	0.02371	0.05395	0.02342	0.01652	0.02320	0.01435	0.07452	0.03343	0.00325	0.03208	0.00745	0.00419	0.01065
41	0.01640	0.01082	0.01482	0.01682	0.11517	0.01049	0.01030	0.04985	0.01811	0.10893	0.14661	0.18611	0.03789	0.20174	0.01722	0.00399	0.00650	0.01304	0.00675	0.00843
42	0.02892	0.09798	0.02434	0.01957	0.02415	0.55620	0.01514	0.09933	0.02355	0.02275	0.01290	0.01469	0.01058	0.00820	0.00705	0.00205	0.01316	0.00526	0.00445	0.00976
43	0.01486	0.01387	0.02326	0.62381	0.08323	0.01695	0.02118	0.01987	0.01592	0.02055	0.01607	0.06648	0.01341	0.00899	0.00807	0.00267	0.01012	0.00806	0.00379	0.00885
44	0.01720	0.00967	0.01223	0.01197	0.01435	0.00948	0.00895	0.02160	0.08372	0.16132	0.03530	0.30392	0.03499	0.04674	0.05447	0.00364	0.00647	0.04905	0.10621	0.00872
45	0.01714	0.06211	0.02711	0.23035	0.34832	0.01768	0.02083	0.02163	0.01731	0.02334	0.02057	0.02977	0.04868	0.00951	0.00809	0.00255	0.00920	0.07103	0.00430	0.01047
46	0.01506	0.01037	0.01359	0.01232	0.01438	0.01089	0.00960	0.01781	0.01910	0.11051	0.30345	0.12125	0.14680	0.01649	0.01234	0.00278	0.13406	0.01341	0.00754	0.00825
47	0.02597	0.01326	0.01659	0.01376	0.01838	0.01282	0.01096	0.09113	0.11359	0.34668	0.14884	0.09454	0.03283	0.01245	0.00843	0.00256	0.00612	0.01052	0.00896	0.01162
48	0.11619	0.02328	0.16920	0.02481	0.08709	0.06117	0.21505	0.02331	0.01670	0.02503	0.01561	0.02047	0.01252	0.01683	0.13374	0.00440	0.01323	0.00730	0.00403	0.01004
49	0.02505	0.02524	0.02600	0.03197	0.31184	0.27161	0.01869	0.05692	0.02096	0.08582	0.01667	0.04314	0.01381	0.00849	0.00768	0.00228	0.01081	0.00697	0.00485	0.01120
50	0.01612	0.06883	0.65430	0.02223	0.03375	0.01894	0.02866	0.02506	0.01672	0.02485	0.01410	0.01658	0.01005	0.00750	0.00743	0.00248	0.01159	0.00579	0.00335	0.01166
51	0.01014	0.00750	0.00948	0.01017	0.01149	0.00684	0.00718	0.01244	0.01815	0.02438	0.26268	0.38371	0.16450	0.02109	0.00973	0.00288	0.00421	0.01876	0.00783	0.00684
52	0.01985	0.11957	0.18427	0.02956	0.23092	0.12538	0.08604	0.02496	0.01826	0.02343	0.01771	0.02065	0.04899	0.00802	0.00755	0.00231	0.01071	0.00690	0.00395	0.01099
53	0.02199	0.29494	0.15389	0.01925	0.02650	0.12268	0.09851	0.05593	0.06577	0.04837	0.01515	0.01689	0.01194	0.00765	0.00686	0.00216	0.01036	0.00595	0.00436	0.01084
54	0.01030	0.00736	0.00994	0.01178	0.01252	0.00699	0.00848	0.01215	0.01582	0.02096	0.04335	0.58696	0.05104	0.02424	0.01029	0.00331	0.00516	0.14538	0.00735	0.00662
55	0.01811	0.02065	0.20226	0.02280	0.15737	0.01404	0.01807	0.05133	0.01860	0.11507	0.02899	0.18159	0.06600	0.01311	0.00852	0.00268	0.00814	0.03623	0.00589	0.01053
56	0.32923	0.05631	0.12316	0.01460	0.02072	0.04058	0.03306	0.06530	0.05399	0.05570	0.01652	0.04931	0.01339	0.00857	0.00639	0.00235	0.00768	0.00631	0.03172	0.06511
57	0.09888	0.01504	0.01691	0.01252	0.01918	0.01292	0.01012	0.08877	0.01893	0.08905	0.01588	0.01731	0.01232	0.00678	0.00618	0.00155	0.00628	0.00522	0.00553	0.54061
58	0.01727	0.01629	0.02499	0.08124	0.39544	0.04996	0.01910	0.02140	0.01738	0.02410	0.07481	0.02550	0.01947	0.01927	0.15457	0.00460	0.01178	0.00793	0.00441	0.01049
59	0.02085	0.10707	0.09567	0.13640	0.20700	0.19637	0.01994	0.02497	0.01805	0.02178	0.01369	0.01781	0.01134	0.01017	0.03939	0.00278	0.03646	0.00615	0.00378	0.01032
60	0.01712	0.09450	0.43711	0.02158	0.07087	0.01764	0.02369	0.02410	0.01721	0.06174	0.01942	0.05747	0.01669	0.00996	0.00786	0.00258	0.01017	0.07489	0.00439	0.01100
61	0.03399	0.01314	0.01789	0.01384	0.01969	0.01138	0.01138	0.03710	0.02268	0.63516	0.07287	0.02910	0.02324	0.01023	0.00806	0.00246	0.00655	0.00839	0.00974	0.01310
62	0.01661	0.20514	0.06814	0.08012	0.09032	0.05223	0.06548	0.02048	0.01831	0.02333	0.13972	0.03417	0.13320	0.01093	0.00771	0.00230	0.00808	0.00924	0.00515	0.00933
63	0.01693	0.02339	0.25979	0.12051	0.15601	0.01581	0.02148	0.02274	0.01653	0.07355	0.01814	0.04951	0.01486	0.01796	0.13376	0.00441	0.01220	0.00758	0.00431	0.01054
64	0.01141	0.00818	0.01114	0.01114	0.01200	0.00904	0.00791	0.01313	0.01227	0.01722	0.02271	0.03927	0.02335	0.31864	0.43555	0.01076	0.01593	0.00968	0.00447	0.00619
65	0.01082	0.00744	0.00917	0.01012	0.01098	0.00707	0.00692	0.01249	0.01548	0.02117	0.08395	0.37004	0.09656	0.17196	0.01615	0.00399	0.00526	0.05899	0.07509	0.00633
