[name]
unknown

[dist]
# distance from previous block
# <min> <max>
0	37

[block]
# block no. 0 follows, 32 sequences, length 39
# corresponding to MSA columns:
# 37-75
name=unknown_A
#
# <colnr> <probs for GDERKNQSTAVLIFYWHMCP>
#	G	D	E	R	K	N	Q	S	T	A	V	L	I	F	Y	W	H	M	C	P
0	0.07904	0.01507	0.11580	0.01348	0.01736	0.03415	0.01262	0.16329	0.01850	0.02559	0.02733	0.04614	0.07155	0.01309	0.00770	0.00254	0.00688	0.31635	0.00557	0.00794
1	0.02059	0.01444	0.01792	0.10134	0.09685	0.01556	0.01259	0.29282	0.08768	0.12222	0.07222	0.02139	0.01701	0.00822	0.00666	0.00204	0.00656	0.00675	0.06713	0.01001
2	0.08195	0.20705	0.33928	0.01520	0.02211	0.05243	0.01688	0.07536	0.03637	0.02204	0.01357	0.06442	0.01148	0.00745	0.00586	0.00197	0.00821	0.00562	0.00365	0.00911
3	0.01036	0.00872	0.00927	0.00974	0.01130	0.05654	0.00737	0.01280	0.03598	0.01907	0.11587	0.21778	0.22149	0.07452	0.01022	0.00282	0.00499	0.15917	0.00601	0.00597
4	0.01683	0.01578	0.01972	0.18916	0.13752	0.13801	0.06684	0.02157	0.07442	0.07419	0.02081	0.02853	0.05472	0.00913	0.00712	0.00223	0.00826	0.10221	0.00452	0.00843
5	0.00976	0.00651	0.00732	0.00732	0.00732	0.00651	0.00407	0.00976	0.00976	0.01301	0.02114	0.04391	0.02439	0.76419	0.03415	0.00651	0.00651	0.00976	0.00407	0.00407
6	0.01279	0.00692	0.00769	0.00864	0.05665	0.00692	0.00578	0.01597	0.01415	0.02480	0.02126	0.02444	0.01675	0.00769	0.00482	0.00159	0.00346	0.00624	0.74689	0.00655
7	0.06909	0.07323	0.09441	0.01394	0.07957	0.01249	0.01127	0.01918	0.05274	0.02224	0.01248	0.01435	0.01015	0.00559	0.00527	0.00138	0.00598	0.00441	0.00388	0.48835
8	0.01416	0.19028	0.53128	0.01691	0.02534	0.01745	0.02081	0.02037	0.01382	0.01969	0.01186	0.01427	0.00909	0.00924	0.05591	0.00257	0.00988	0.00482	0.00289	0.00937
9	0.01337	0.00801	0.00713	0.00701	0.00870	0.05622	0.00526	0.01640	0.01441	0.02443	0.02110	0.02413	0.01661	0.00776	0.00478	0.00157	0.00374	0.00612	0.74690	0.00636
10	0.02397	0.03021	0.01911	0.08168	0.02299	0.67360	0.01346	0.02594	0.01852	0.01649	0.01051	0.01261	0.00867	0.00690	0.00611	0.00177	0.01182	0.00447	0.00342	0.00775
11	0.02506	0.03198	0.01901	0.01729	0.02074	0.73725	0.01296	0.02679	0.01901	0.01642	0.01037	0.01210	0.00864	0.00691	0.00605	0.00173	0.01210	0.00432	0.00346	0.00778
12	0.00861	0.00669	0.00792	0.00855	0.01012	0.00600	0.00645	0.01052	0.01497	0.01895	0.11154	0.25546	0.36566	0.01806	0.00832	0.00251	0.00397	0.12364	0.00632	0.00575
13	0.00832	0.00594	0.00795	0.00951	0.00996	0.00558	0.00648	0.00960	0.01299	0.01729	0.03690	0.72162	0.04406	0.02088	0.00860	0.00275	0.00402	0.05581	0.00623	0.00549
14	0.01097	0.00882	0.01483	0.01301	0.01516	0.00932	0.12561	0.01393	0.01228	0.01806	0.01925	0.08125	0.01783	0.03433	0.45154	0.00738	0.01362	0.00810	0.11821	0.00651
15	0.02073	0.01171	0.01461	0.01078	0.01642	0.00933	0.00876	0.02355	0.01614	0.31883	0.01805	0.01767	0.01275	0.00637	0.00572	0.00145	0.00528	0.00514	0.00580	0.47090
16	0.01484	0.01624	0.08719	0.29815	0.37454	0.01559	0.05806	0.01943	0.01453	0.02008	0.01237	0.01695	0.00980	0.00626	0.00671	0.00211	0.00869	0.00599	0.00316	0.00931
17	0.01766	0.02570	0.41481	0.01687	0.02472	0.01495	0.04185	0.09769	0.07048	0.13134	0.01590	0.01665	0.01113	0.00694	0.00646	0.00204	0.00835	0.00558	0.00449	0.06639
18	0.01804	0.65594	0.03176	0.01150	0.01676	0.07698	0.01107	0.02024	0.01406	0.01654	0.01037	0.01195	0.00927	0.00599	0.00446	0.00147	0.00723	0.00385	0.06415	0.00837
19	0.01561	0.01389	0.01825	0.14193	0.17872	0.03923	0.01379	0.07276	0.16480	0.03870	0.02413	0.04367	0.11153	0.00933	0.00805	0.00219	0.06385	0.00770	0.00485	0.02704
20	0.01583	0.02102	0.23697	0.14381	0.15948	0.03951	0.13542	0.02140	0.03250	0.07391	0.01488	0.04874	0.01171	0.00709	0.00687	0.00215	0.00902	0.00660	0.00372	0.00936
21	0.01795	0.01595	0.02156	0.29441	0.24580	0.09396	0.01701	0.07411	0.04978	0.08355	0.01431	0.01750	0.01085	0.00686	0.00663	0.00208	0.00841	0.00594	0.00408	0.00927
22	0.01590	0.01655	0.02573	0.22605	0.28051	0.09536	0.14843	0.01990	0.01507	0.01958	0.01338	0.05043	0.01136	0.00703	0.00728	0.00214	0.02632	0.00676	0.00338	0.00884
23	0.01546	0.01628	0.03265	0.06488	0.22726	0.01577	0.41423	0.02036	0.01553	0.02128	0.01516	0.02274	0.01275	0.00693	0.00762	0.00226	0.00981	0.06626	0.00360	0.00917
24	0.00816	0.00591	0.00771	0.00915	0.00968	0.00547	0.00614	0.00936	0.01303	0.01721	0.03937	0.70626	0.09639	0.02071	0.00852	0.00269	0.00385	0.01870	0.00623	0.00547
25	0.01171	0.01017	0.01631	0.11488	0.15434	0.01025	0.06700	0.01479	0.01486	0.01988	0.09879	0.14925	0.09795	0.04885	0.00913	0.00263	0.00639	0.14061	0.00502	0.00719
26	0.00955	0.00670	0.00867	0.00880	0.00929	0.00712	0.00588	0.01056	0.01042	0.01434	0.02134	0.10038	0.02328	0.42971	0.29696	0.00778	0.01060	0.00961	0.00408	0.00491
27	0.01180	0.00787	0.00948	0.00930	0.01100	0.00763	0.00666	0.01561	0.10131	0.08785	0.17090	0.25460	0.13139	0.12925	0.01185	0.00300	0.00443	0.01301	0.00640	0.00666
28	0.01251	0.00625	0.00625	0.00625	0.00782	0.00625	0.00469	0.01563	0.01407	0.02502	0.02189	0.02502	0.01720	0.00782	0.00469	0.00156	0.00313	0.00625	0.80144	0.00625
29	0.01283	0.01214	0.02016	0.69205	0.04402	0.01534	0.01833	0.01707	0.01318	0.01707	0.01169	0.01764	0.00893	0.00709	0.00788	0.00229	0.06592	0.00596	0.00298	0.00745
30	0.01827	0.01950	0.02669	0.08121	0.02760	0.17494	0.30226	0.09651	0.07877	0.02221	0.01480	0.01914	0.01188	0.06501	0.00920	0.00244	0.00996	0.00687	0.00409	0.00865
31	0.01251	0.00625	0.00625	0.00625	0.00782	0.00625	0.00469	0.01563	0.01407	0.02502	0.02189	0.02502	0.01720	0.00782	0.00469	0.00156	0.00313	0.00625	0.80144	0.00625
32	0.01857	0.55439	0.14132	0.01304	0.01926	0.06323	0.01352	0.02161	0.01444	0.07121	0.01113	0.01230	0.00921	0.00610	0.00491	0.00161	0.00777	0.00409	0.00331	0.00898
33	0.01105	0.00796	0.01033	0.00992	0.01104	0.00879	0.00718	0.07179	0.01224	0.01699	0.01897	0.03191	0.01910	0.30906	0.41456	0.00844	0.01282	0.00803	0.00404	0.00576
34	0.01435	0.01070	0.01233	0.01065	0.01315	0.01129	0.00820	0.22006	0.01997	0.02703	0.23313	0.03790	0.12762	0.12855	0.06687	0.00345	0.03159	0.00963	0.00608	0.00744
35	0.07839	0.01592	0.02099	0.32226	0.07093	0.07086	0.07545	0.16425	0.07150	0.02488	0.01386	0.01704	0.01041	0.00702	0.00658	0.00213	0.00844	0.00598	0.00425	0.00886
36	0.08181	0.00958	0.01165	0.06733	0.01457	0.04937	0.00882	0.01355	0.01209	0.01757	0.08002	0.02679	0.04849	0.06465	0.31943	0.10567	0.05150	0.00725	0.00394	0.00593
37	0.02181	0.01246	0.01681	0.01415	0.05544	0.01153	0.04772	0.13198	0.01944	0.31362	0.08289	0.07894	0.02031	0.00893	0.00676	0.00195	0.00593	0.00765	0.00659	0.13510
38	0.01697	0.46371	0.08883	0.01628	0.09715	0.04114	0.05079	0.02008	0.01417	0.01805	0.01052	0.01254	0.00909	0.00575	0.00507	0.00155	0.00756	0.00427	0.00311	0.11337

[dist]
# distance from previous block
# <min> <max>
2	4

[block]
# block no. 1 follows, 32 sequences, length 14
# corresponding to MSA columns:
# 80-93
name=unknown_B
#
# <colnr> <probs for GDERKNQSTAVLIFYWHMCP>
#	G	D	E	R	K	N	Q	S	T	A	V	L	I	F	Y	W	H	M	C	P
0	0.01751	0.10063	0.23161	0.05903	0.04098	0.04975	0.13713	0.09295	0.03972	0.08841	0.04493	0.03875	0.01368	0.00739	0.00665	0.00207	0.00862	0.00646	0.00432	0.00944
1	0.01786	0.21579	0.27061	0.01926	0.08037	0.08163	0.10739	0.02257	0.01527	0.09030	0.01290	0.01470	0.00975	0.00633	0.00608	0.00192	0.00902	0.00520	0.00356	0.00949
2	0.02306	0.02864	0.01931	0.01735	0.02014	0.59876	0.01330	0.02474	0.01733	0.01637	0.01007	0.01260	0.00867	0.00785	0.00914	0.00196	0.15505	0.00462	0.00336	0.00769
3	0.01127	0.00766	0.00808	0.00780	0.00972	0.00762	0.00576	0.01598	0.11432	0.02260	0.11014	0.04028	0.21259	0.08698	0.00917	0.00241	0.00386	0.00956	0.30769	0.00651
4	0.01051	0.00714	0.00898	0.00836	0.01030	0.00643	0.00632	0.01337	0.01832	0.06963	0.55339	0.05109	0.18290	0.01399	0.00784	0.00214	0.00337	0.01217	0.00723	0.00653
5	0.01790	0.17172	0.22303	0.01519	0.02058	0.18387	0.01512	0.02161	0.01492	0.07822	0.01315	0.01571	0.01057	0.01372	0.12234	0.00330	0.04183	0.00508	0.00358	0.00856
6	0.01536	0.01218	0.01809	0.42916	0.06230	0.01440	0.01520	0.05378	0.08464	0.07727	0.01577	0.01945	0.01179	0.00751	0.00736	0.00217	0.04901	0.00622	0.09008	0.00828
7	0.01163	0.01015	0.01250	0.01135	0.01425	0.01028	0.06281	0.01932	0.24190	0.02167	0.04534	0.11491	0.32718	0.01399	0.00771	0.00236	0.00488	0.05400	0.00620	0.00756
8	0.02191	0.07186	0.01826	0.01475	0.01877	0.28022	0.01165	0.09018	0.24342	0.10263	0.01911	0.02028	0.01481	0.00826	0.00645	0.00200	0.00819	0.03236	0.00546	0.00943
9	0.00964	0.00691	0.00938	0.00932	0.01014	0.00752	0.00665	0.01126	0.01124	0.01581	0.08939	0.03495	0.02414	0.29897	0.41577	0.00840	0.01243	0.00859	0.00414	0.00534
10	0.02266	0.06401	0.02226	0.01809	0.02179	0.50105	0.08691	0.07050	0.01835	0.01867	0.01089	0.01322	0.00901	0.00730	0.00788	0.00192	0.08877	0.00495	0.00359	0.00816
11	0.00939	0.00680	0.00908	0.00924	0.01003	0.00729	0.00653	0.01083	0.01096	0.01507	0.02431	0.10826	0.06980	0.27855	0.38486	0.00800	0.01182	0.00970	0.00419	0.00528
12	0.01733	0.04301	0.09845	0.09656	0.18077	0.10729	0.06712	0.05980	0.01632	0.06898	0.05077	0.02035	0.05227	0.00803	0.00825	0.00212	0.08297	0.00653	0.00410	0.00896
13	0.24487	0.01556	0.01651	0.10635	0.02130	0.01746	0.01152	0.33271	0.07354	0.03344	0.01427	0.01541	0.01052	0.00727	0.00590	0.00202	0.00667	0.00535	0.00537	0.05394

[dist]
# distance from previous block
# <min> <max>
4	20

[block]
# block no. 2 follows, 32 sequences, length 39
# corresponding to MSA columns:
# 116-154
name=unknown_C
#
# <colnr> <probs for GDERKNQSTAVLIFYWHMCP>
#	G	D	E	R	K	N	Q	S	T	A	V	L	I	F	Y	W	H	M	C	P
0	0.00945	0.00705	0.00954	0.04516	0.01219	0.00731	0.00750	0.01143	0.01296	0.01747	0.10326	0.16981	0.10611	0.14341	0.23194	0.00564	0.00889	0.08013	0.00506	0.00569
1	0.00868	0.00683	0.00784	0.00759	0.00953	0.00599	0.00569	0.01109	0.01708	0.02235	0.38137	0.05761	0.40358	0.01542	0.00792	0.00219	0.00329	0.01319	0.00679	0.00599
2	0.02241	0.01556	0.01781	0.01427	0.01827	0.04089	0.01169	0.31873	0.04102	0.16653	0.01712	0.01807	0.01258	0.01094	0.05066	0.00261	0.13061	0.00610	0.03358	0.05056
3	0.01575	0.01350	0.01798	0.06592	0.06328	0.01216	0.06477	0.12091	0.01686	0.02452	0.01388	0.01801	0.01154	0.00633	0.00590	0.00150	0.00636	0.03745	0.00434	0.47906
4	0.20075	0.18988	0.18327	0.01364	0.01892	0.07754	0.04435	0.01918	0.01377	0.02107	0.01513	0.11538	0.01450	0.00872	0.00585	0.00205	0.00747	0.03668	0.00383	0.00801
5	0.00999	0.00762	0.00938	0.00999	0.01133	0.00764	0.00725	0.01462	0.12955	0.02091	0.15550	0.42925	0.07771	0.01739	0.00818	0.00255	0.00414	0.06395	0.00653	0.00652
6	0.01730	0.01258	0.01648	0.01681	0.13200	0.01332	0.01145	0.13836	0.05398	0.11554	0.15253	0.02804	0.08085	0.00997	0.00889	0.00214	0.10332	0.00793	0.04188	0.03662
7	0.01771	0.07821	0.02899	0.07209	0.35116	0.13624	0.17724	0.02159	0.01579	0.02016	0.01217	0.01582	0.00994	0.00608	0.00666	0.00198	0.00943	0.00597	0.00331	0.00945
8	0.01794	0.76823	0.03516	0.01148	0.01722	0.02655	0.01148	0.02009	0.01363	0.01579	0.00933	0.01076	0.00861	0.00574	0.00431	0.00144	0.00718	0.00359	0.00287	0.00861
9	0.01391	0.01193	0.01391	0.00994	0.01590	0.00894	0.00795	0.01690	0.01391	0.02186	0.01193	0.01391	0.00994	0.00497	0.00497	0.00099	0.00497	0.00398	0.00398	0.80521
10	0.01933	0.01382	0.01525	0.01332	0.01739	0.01535	0.01047	0.03507	0.57427	0.16556	0.02715	0.02460	0.01972	0.00895	0.00681	0.00224	0.00539	0.00742	0.00712	0.01078
11	0.00818	0.00584	0.00779	0.00934	0.00973	0.00545	0.00623	0.00934	0.01285	0.01713	0.03698	0.75981	0.04438	0.02102	0.00856	0.00273	0.00389	0.01908	0.00623	0.00545
12	0.70327	0.01283	0.01041	0.00898	0.01337	0.01422	0.00736	0.01934	0.01176	0.02899	0.00969	0.01131	0.00763	0.00606	0.00426	0.00193	0.00516	0.00368	0.00413	0.11562
13	0.01267	0.01193	0.02013	0.74806	0.04621	0.01491	0.01863	0.01714	0.01342	0.01714	0.01193	0.01789	0.00894	0.00671	0.00671	0.00224	0.00894	0.00596	0.00298	0.00745
14	0.01415	0.01265	0.06891	0.01178	0.01520	0.01183	0.00988	0.02462	0.32335	0.06681	0.31880	0.03467	0.03745	0.01080	0.00725	0.00218	0.00479	0.00926	0.00683	0.00879
15	0.01480	0.07753	0.07389	0.17273	0.05085	0.01463	0.01297	0.10610	0.08033	0.02175	0.01662	0.07196	0.01492	0.09044	0.04300	0.00290	0.03276	0.00701	0.00429	0.09053
16	0.01792	0.37743	0.12142	0.08142	0.02280	0.05635	0.04924	0.07417	0.01541	0.04719	0.01136	0.01352	0.00926	0.00675	0.00682	0.00185	0.07000	0.00475	0.00345	0.00889
17	0.01166	0.00583	0.00874	0.00874	0.00874	0.00583	0.00583	0.00874	0.00874	0.01166	0.01166	0.02040	0.01166	0.02331	0.02622	0.80478	0.00583	0.00583	0.00291	0.00291
18	0.01450	0.05242	0.01904	0.25011	0.11652	0.08400	0.03444	0.04587	0.01549	0.01965	0.04580	0.02580	0.13933	0.00876	0.00728	0.00204	0.03691	0.00727	0.00405	0.07073
19	0.01251	0.00625	0.00625	0.00625	0.00782	0.00625	0.00469	0.01563	0.01407	0.02502	0.02189	0.02502	0.01720	0.00782	0.00469	0.00156	0.00313	0.00625	0.80144	0.00625
20	0.01456	0.04613	0.01771	0.16347	0.13822	0.01174	0.01226	0.01774	0.01421	0.06087	0.01568	0.10219	0.01418	0.00758	0.00609	0.00169	0.00628	0.00660	0.00413	0.33867
21	0.12066	0.01537	0.02193	0.20696	0.14302	0.08855	0.13720	0.02028	0.01480	0.06897	0.01553	0.01898	0.03996	0.00938	0.04816	0.00260	0.00910	0.00631	0.00385	0.00839
22	0.01251	0.00625	0.00625	0.00625	0.00782	0.00625	0.00469	0.01563	0.01407	0.02502	0.02189	0.02502	0.01720	0.00782	0.00469	0.00156	0.00313	0.00625	0.80144	0.00625
23	0.54985	0.04850	0.01535	0.06827	0.03950	0.04611	0.06364	0.02091	0.05222	0.02685	0.01104	0.01302	0.00860	0.00638	0.00496	0.00207	0.00643	0.00447	0.00404	0.00780
24	0.16497	0.05351	0.01775	0.01557	0.05653	0.15543	0.01183	0.07344	0.01436	0.02120	0.01103	0.01500	0.00968	0.02842	0.01255	0.04875	0.24201	0.00518	0.03518	0.00760
25	0.01791	0.05596	0.01971	0.04268	0.06011	0.28327	0.09133	0.04445	0.07486	0.01996	0.05701	0.14665	0.01999	0.00998	0.00695	0.00209	0.00864	0.02596	0.00455	0.00795
26	0.28941	0.01863	0.19906	0.01949	0.17547	0.01433	0.04590	0.01946	0.01417	0.02521	0.10391	0.01847	0.01581	0.00717	0.00594	0.00208	0.00703	0.00580	0.00402	0.00865
27	0.11195	0.01123	0.01433	0.01122	0.01605	0.01017	0.00923	0.03015	0.01803	0.60478	0.02434	0.02172	0.01566	0.00805	0.00633	0.00204	0.00548	0.00638	0.06226	0.01062
28	0.01093	0.00746	0.00953	0.00889	0.01076	0.00700	0.00670	0.01472	0.05380	0.06666	0.58689	0.08000	0.08352	0.01363	0.00782	0.00215	0.00346	0.01199	0.00731	0.00678
29	0.00973	0.00660	0.00779	0.00779	0.00795	0.00676	0.00465	0.01006	0.00990	0.01336	0.02071	0.04153	0.02336	0.66726	0.12967	0.00709	0.00806	0.00941	0.00400	0.00433
30	0.00947	0.00650	0.00793	0.00819	0.00844	0.00662	0.00509	0.01003	0.01043	0.01409	0.02327	0.15958	0.02652	0.53088	0.13873	0.00654	0.00785	0.01090	0.00435	0.00459
31	0.01584	0.01810	0.03959	0.02828	0.03507	0.01697	0.69796	0.02149	0.01584	0.02149	0.01357	0.01810	0.01018	0.00566	0.00792	0.00226	0.01131	0.00792	0.00339	0.00905
32	0.00818	0.00584	0.00779	0.00934	0.00973	0.00545	0.00623	0.00934	0.01285	0.01713	0.03698	0.75981	0.04438	0.02102	0.00856	0.00273	0.00389	0.01908	0.00623	0.00545
33	0.01447	0.01226	0.01421	0.01020	0.01614	0.00952	0.00818	0.04996	0.01477	0.02285	0.01213	0.01402	0.01001	0.00512	0.00505	0.00104	0.00509	0.00408	0.00411	0.76679
34	0.01346	0.03471	0.72942	0.01912	0.02904	0.01558	0.02479	0.02125	0.01417	0.02125	0.01204	0.01417	0.00850	0.00637	0.00637	0.00212	0.00992	0.00496	0.00283	0.00992
35	0.01345	0.01303	0.02055	0.67073	0.08981	0.04526	0.01853	0.01778	0.01377	0.01743	0.01191	0.01756	0.00904	0.00667	0.00668	0.00220	0.00901	0.00590	0.00302	0.00768
36	0.01017	0.00704	0.00881	0.00830	0.01017	0.00634	0.00625	0.01293	0.01801	0.06039	0.52271	0.07643	0.19855	0.01439	0.00788	0.00216	0.00337	0.01253	0.00715	0.00642
37	0.04711	0.01356	0.01490	0.01225	0.01644	0.05457	0.00985	0.14960	0.12769	0.30421	0.02225	0.02145	0.01562	0.01032	0.04361	0.00245	0.00659	0.00647	0.11106	0.01000
38	0.01677	0.28322	0.23476	0.01427	0.02037	0.01906	0.01503	0.14700	0.01658	0.02215	0.01248	0.01502	0.01016	0.01218	0.08581	0.04847	0.00912	0.00497	0.00366	0.00892

[dist]
# distance from previous block
# <min> <max>
0	1

[block]
# block no. 3 follows, 32 sequences, length 9
# corresponding to MSA columns:
# 156-164
name=unknown_D
#
# <colnr> <probs for GDERKNQSTAVLIFYWHMCP>
#	G	D	E	R	K	N	Q	S	T	A	V	L	I	F	Y	W	H	M	C	P
0	0.02605	0.01196	0.01545	0.01167	0.01705	0.01028	0.00958	0.06763	0.01868	0.52244	0.02247	0.02036	0.01475	0.00751	0.00633	0.00182	0.00563	0.00606	0.00720	0.19706
1	0.01081	0.00772	0.01081	0.01236	0.01390	0.00772	0.01081	0.01390	0.01545	0.02008	0.03553	0.07569	0.03862	0.01854	0.00927	0.00309	0.00618	0.67717	0.00618	0.00618
2	0.01891	0.01232	0.01483	0.01396	0.04672	0.01303	0.01070	0.02981	0.36199	0.20697	0.05743	0.03323	0.02378	0.01046	0.00723	0.00233	0.00557	0.11382	0.00698	0.00994
3	0.00818	0.00584	0.00779	0.00934	0.00973	0.00545	0.00623	0.00934	0.01285	0.01713	0.03698	0.75981	0.04438	0.02102	0.00856	0.00273	0.00389	0.01908	0.00623	0.00545
4	0.00913	0.00684	0.00846	0.00806	0.00980	0.00618	0.00604	0.01195	0.01813	0.02485	0.56659	0.05350	0.21680	0.01448	0.00792	0.00215	0.00322	0.01261	0.00712	0.00618
5	0.00967	0.00686	0.00910	0.00910	0.00971	0.00747	0.00628	0.01090	0.01028	0.01433	0.01951	0.03490	0.02048	0.39775	0.39525	0.00870	0.01239	0.00844	0.00382	0.00505
6	0.00928	0.00677	0.00872	0.00839	0.00993	0.00621	0.00623	0.01218	0.01824	0.02551	0.61846	0.10699	0.10891	0.01453	0.00797	0.00217	0.00324	0.01283	0.00721	0.00621
7	0.01251	0.00625	0.00625	0.00625	0.00782	0.00625	0.00469	0.01563	0.01407	0.02502	0.02189	0.02502	0.01720	0.00782	0.00469	0.00156	0.00313	0.00625	0.80144	0.00625
8	0.01603	0.01073	0.01234	0.01158	0.03901	0.01123	0.00861	0.05004	0.25891	0.11667	0.14541	0.03120	0.07603	0.00993	0.00663	0.00205	0.00458	0.00833	0.17194	0.00876

[dist]
# distance from previous block
# <min> <max>
1	3

[block]
# block no. 4 follows, 32 sequences, length 13
# corresponding to MSA columns:
# 168-180
name=unknown_E
#
# <colnr> <probs for GDERKNQSTAVLIFYWHMCP>
#	G	D	E	R	K	N	Q	S	T	A	V	L	I	F	Y	W	H	M	C	P
0	0.01251	0.00625	0.00625	0.00625	0.00782	0.00625	0.00469	0.01563	0.01407	0.02502	0.02189	0.02502	0.01720	0.00782	0.00469	0.00156	0.00313	0.00625	0.80144	0.00625
1	0.53763	0.01554	0.05970	0.01178	0.01626	0.04272	0.04572	0.02127	0.07406	0.02725	0.01147	0.01313	0.00893	0.00672	0.00578	0.00209	0.04502	0.00445	0.00417	0.04631
2	0.01455	0.01288	0.08161	0.03836	0.06225	0.03898	0.01194	0.01737	0.01283	0.11457	0.01683	0.02288	0.01449	0.07099	0.34235	0.00639	0.10241	0.00668	0.00408	0.00758
3	0.01365	0.00800	0.01095	0.01021	0.01140	0.00848	0.00750	0.09469	0.01250	0.04861	0.01446	0.02149	0.01314	0.02759	0.20238	0.47073	0.00907	0.00624	0.00379	0.00511
4	0.01431	0.02120	0.30947	0.01723	0.08890	0.01355	0.01640	0.10730	0.05814	0.02615	0.22801	0.02619	0.02641	0.00894	0.00694	0.00210	0.00708	0.00753	0.00500	0.00913
5	0.01486	0.01427	0.02124	0.03021	0.47766	0.05502	0.01591	0.01828	0.01607	0.02186	0.12820	0.02785	0.11262	0.00868	0.00697	0.00203	0.00687	0.00791	0.00434	0.00915
6	0.05019	0.02278	0.25255	0.05644	0.03270	0.01636	0.42736	0.02115	0.01501	0.02161	0.01284	0.01654	0.00947	0.00595	0.00722	0.00221	0.01050	0.00672	0.00323	0.00917
7	0.21615	0.12807	0.04672	0.01201	0.01627	0.01458	0.07287	0.07330	0.04879	0.05184	0.02600	0.09758	0.15048	0.01002	0.00622	0.00210	0.00599	0.00815	0.00494	0.00792
8	0.01705	0.05733	0.02325	0.05136	0.19848	0.01473	0.11840	0.04822	0.01565	0.10983	0.06022	0.01976	0.01479	0.01057	0.06201	0.00268	0.08177	0.00653	0.00436	0.08302
9	0.01901	0.24742	0.18460	0.01414	0.01973	0.07884	0.01408	0.05032	0.04322	0.14252	0.01566	0.05182	0.01276	0.02992	0.00756	0.00208	0.04695	0.00582	0.00437	0.00917
10	0.05486	0.12838	0.08503	0.01476	0.01933	0.06738	0.06729	0.06911	0.05936	0.13117	0.03520	0.05008	0.01549	0.00882	0.00806	0.00211	0.08639	0.04498	0.00486	0.04733
11	0.09723	0.28673	0.05385	0.04729	0.02047	0.10785	0.07537	0.10289	0.03777	0.04074	0.01268	0.01564	0.01058	0.05567	0.00740	0.00212	0.00804	0.00515	0.00393	0.00860
12	0.12174	0.16007	0.13384	0.01681	0.10682	0.05704	0.03459	0.01992	0.01436	0.07595	0.03128	0.04950	0.01467	0.01228	0.07984	0.00290	0.00855	0.04726	0.00408	0.00849

[dist]
# distance from previous block
# <min> <max>
1	240

# created by:
# /home/berkeley/.conda/envs/busco_data_prod/bin/msa2prfl.pl pipeline/OGs_align_augustus/5794/69175.fs
