[name]
unknown

[dist]
# distance from previous block
# <min> <max>
3	166

[block]
# block no. 0 follows, 28 sequences, length 22
# corresponding to MSA columns:
# 181-202
name=unknown_A
#
# <colnr> <probs for GDERKNQSTAVLIFYWHMCP>
#	G	D	E	R	K	N	Q	S	T	A	V	L	I	F	Y	W	H	M	C	P
0	0.01327	0.01060	0.01459	0.01750	0.15434	0.01045	0.01070	0.08987	0.01887	0.02580	0.21733	0.25773	0.09949	0.01521	0.00836	0.00247	0.00530	0.01355	0.00651	0.00809
1	0.01795	0.02100	0.18396	0.01712	0.07037	0.10407	0.03108	0.06923	0.04501	0.09335	0.02861	0.05165	0.14221	0.01155	0.02782	0.00251	0.00830	0.00837	0.05645	0.00939
2	0.04477	0.05161	0.06349	0.01028	0.01364	0.01024	0.00885	0.07266	0.01818	0.02409	0.15004	0.10970	0.34416	0.01540	0.00806	0.00241	0.00501	0.03359	0.00642	0.00740
3	0.01532	0.00919	0.01120	0.00988	0.01260	0.00844	0.00744	0.05315	0.01848	0.13833	0.25542	0.09358	0.10548	0.09828	0.01115	0.00276	0.00479	0.01113	0.06713	0.06625
4	0.01889	0.01032	0.01280	0.01110	0.01408	0.01008	0.00837	0.02415	0.12880	0.24439	0.19262	0.03788	0.03321	0.18256	0.03528	0.00368	0.00602	0.00968	0.00727	0.00884
5	0.11029	0.05718	0.01839	0.01381	0.01905	0.13043	0.01129	0.08147	0.02059	0.43151	0.02196	0.02018	0.01459	0.00834	0.00674	0.00214	0.00751	0.00627	0.00720	0.01108
6	0.01957	0.01903	0.01619	0.01434	0.01800	0.22216	0.01130	0.15307	0.04994	0.02705	0.13941	0.03546	0.07583	0.01148	0.00762	0.00222	0.00795	0.09618	0.00601	0.06716
7	0.02057	0.01417	0.03743	0.10839	0.07472	0.01433	0.01310	0.03045	0.26333	0.21831	0.08177	0.02802	0.04369	0.00962	0.00746	0.00236	0.00649	0.00815	0.00692	0.01073
8	0.01418	0.01327	0.05250	0.01306	0.03885	0.01119	0.01016	0.02078	0.15337	0.02342	0.02245	0.16487	0.02140	0.03853	0.03365	0.00245	0.00620	0.00888	0.00533	0.34547
9	0.01853	0.16466	0.12521	0.03395	0.07778	0.13984	0.03165	0.07674	0.05430	0.02139	0.01558	0.02216	0.01406	0.15967	0.01276	0.00306	0.00914	0.00649	0.00413	0.00891
10	0.22551	0.02016	0.01885	0.18713	0.10568	0.22413	0.01470	0.04139	0.01668	0.02361	0.01329	0.01872	0.01116	0.00785	0.00647	0.00223	0.00930	0.04050	0.00407	0.00858
11	0.57603	0.01433	0.01423	0.01571	0.12829	0.01597	0.01048	0.02243	0.04188	0.05414	0.03961	0.01563	0.01186	0.00724	0.00533	0.00224	0.00606	0.00502	0.00477	0.00875
12	0.01265	0.00796	0.00919	0.00891	0.01144	0.00684	0.00666	0.01452	0.01668	0.13331	0.05861	0.21290	0.43779	0.01782	0.00853	0.00253	0.00422	0.01520	0.00712	0.00712
13	0.66805	0.01511	0.01254	0.01075	0.01547	0.01734	0.00886	0.13012	0.01600	0.03481	0.01134	0.01275	0.00862	0.00708	0.00496	0.00224	0.00602	0.00437	0.00496	0.00862
14	0.01881	0.01881	0.01871	0.02166	0.19303	0.21680	0.01343	0.04484	0.01812	0.04657	0.07270	0.04686	0.09607	0.05491	0.00979	0.00249	0.03734	0.02282	0.03753	0.00870
15	0.04732	0.06443	0.08895	0.05009	0.22450	0.16226	0.01662	0.03908	0.03648	0.05032	0.01489	0.01846	0.01223	0.01501	0.12470	0.00369	0.01125	0.00605	0.00405	0.00963
16	0.39109	0.02028	0.01366	0.01246	0.01635	0.26359	0.00968	0.02228	0.01600	0.02517	0.02109	0.02195	0.12294	0.00895	0.00591	0.00215	0.00797	0.00610	0.00460	0.00778
17	0.18252	0.11395	0.02721	0.06106	0.19818	0.07465	0.14325	0.02368	0.04102	0.04965	0.01358	0.01645	0.01074	0.00678	0.00653	0.00216	0.00881	0.00596	0.00408	0.00974
18	0.00904	0.00671	0.00845	0.00944	0.01046	0.00611	0.00653	0.01078	0.01553	0.02052	0.15545	0.49909	0.17404	0.02063	0.00903	0.00275	0.00398	0.01841	0.00696	0.00611
19	0.01557	0.01337	0.01530	0.01144	0.01751	0.01109	0.00909	0.02168	0.12672	0.02480	0.01569	0.01708	0.01267	0.00613	0.00572	0.00131	0.00544	0.00496	0.00482	0.65961
20	0.01504	0.01103	0.01132	0.01101	0.01163	0.12429	0.00760	0.01272	0.01132	0.01349	0.01239	0.02060	0.01208	0.02230	0.02477	0.65762	0.00744	0.00604	0.00325	0.00403
21	0.06229	0.01586	0.02007	0.08863	0.14549	0.01573	0.01372	0.20567	0.02073	0.05077	0.01467	0.01681	0.01131	0.00690	0.00644	0.00182	0.00717	0.00562	0.00507	0.28523

[dist]
# distance from previous block
# <min> <max>
0	5

[block]
# block no. 1 follows, 28 sequences, length 12
# corresponding to MSA columns:
# 208-219
name=unknown_B
#
# <colnr> <probs for GDERKNQSTAVLIFYWHMCP>
#	G	D	E	R	K	N	Q	S	T	A	V	L	I	F	Y	W	H	M	C	P
0	0.01169	0.01136	0.00989	0.00997	0.01206	0.11663	0.00726	0.01352	0.01687	0.01986	0.10658	0.22640	0.37653	0.01750	0.00844	0.00247	0.00526	0.01482	0.00638	0.00649
1	0.01806	0.01456	0.02032	0.08647	0.23766	0.01486	0.01482	0.13332	0.06836	0.06480	0.02301	0.11896	0.05472	0.01006	0.00741	0.00223	0.00708	0.00884	0.00545	0.08901
2	0.01562	0.01637	0.13411	0.14402	0.04647	0.01359	0.07945	0.02157	0.06995	0.07960	0.10391	0.02763	0.05720	0.00939	0.00811	0.00231	0.04340	0.00804	0.11027	0.00899
3	0.01820	0.64890	0.03426	0.01199	0.01760	0.02581	0.01169	0.02068	0.01555	0.01873	0.10254	0.01741	0.01732	0.00738	0.00519	0.00165	0.00719	0.00514	0.00377	0.00900
4	0.01024	0.00713	0.00901	0.00973	0.01040	0.00693	0.00676	0.01168	0.01403	0.01884	0.12150	0.25845	0.04130	0.30145	0.02008	0.00452	0.00566	0.13070	0.00600	0.00559
5	0.12113	0.01674	0.05531	0.14996	0.24483	0.05343	0.10119	0.02036	0.01551	0.02290	0.01671	0.11772	0.01551	0.00895	0.00726	0.00236	0.00860	0.00823	0.00409	0.00922
6	0.01259	0.00999	0.01278	0.01174	0.01252	0.01172	0.00871	0.04333	0.01268	0.01744	0.02479	0.03643	0.10956	0.27170	0.12258	0.06999	0.19176	0.00922	0.00437	0.00609
7	0.01013	0.00695	0.00850	0.00924	0.00956	0.00682	0.00596	0.01091	0.01234	0.01639	0.03021	0.27798	0.03519	0.42957	0.02500	0.00530	0.00608	0.08330	0.00542	0.00514
8	0.01738	0.01711	0.10668	0.07581	0.09752	0.01510	0.04312	0.21119	0.02073	0.02824	0.02612	0.02995	0.12470	0.08942	0.01057	0.00277	0.00763	0.00835	0.05830	0.00934
9	0.01998	0.04892	0.04380	0.26106	0.07799	0.05237	0.01654	0.12397	0.01847	0.11583	0.01548	0.01869	0.01157	0.00842	0.00935	0.00236	0.10931	0.00635	0.02988	0.00966
10	0.10372	0.00831	0.00960	0.00934	0.01153	0.00789	0.00697	0.01475	0.01733	0.07501	0.29475	0.20562	0.17653	0.01597	0.00816	0.00246	0.00412	0.01377	0.00713	0.00703
11	0.01808	0.01561	0.01644	0.01479	0.01890	0.01808	0.01151	0.03863	0.68606	0.03041	0.02959	0.02712	0.02219	0.00986	0.00740	0.00247	0.00575	0.00822	0.00740	0.01151

[dist]
# distance from previous block
# <min> <max>
0	50

[block]
# block no. 2 follows, 28 sequences, length 19
# corresponding to MSA columns:
# 334-352
name=unknown_C
#
# <colnr> <probs for GDERKNQSTAVLIFYWHMCP>
#	G	D	E	R	K	N	Q	S	T	A	V	L	I	F	Y	W	H	M	C	P
0	0.07739	0.08568	0.01793	0.03507	0.04677	0.04791	0.03588	0.07442	0.03857	0.02516	0.05397	0.02389	0.05910	0.04056	0.00822	0.00210	0.03478	0.00672	0.10279	0.18310
1	0.11662	0.09134	0.11291	0.09218	0.21286	0.10307	0.01737	0.08271	0.03776	0.02529	0.03381	0.01712	0.01223	0.00730	0.00656	0.00214	0.00879	0.00580	0.00416	0.00998
2	0.01370	0.01060	0.01602	0.18043	0.14524	0.01092	0.01293	0.01666	0.01567	0.07300	0.05743	0.21105	0.11573	0.04576	0.00942	0.00274	0.00657	0.04269	0.00549	0.00796
3	0.01563	0.01670	0.05942	0.08031	0.16626	0.01517	0.28625	0.02038	0.01631	0.02281	0.07284	0.02384	0.01707	0.06663	0.01010	0.00260	0.00941	0.00798	0.00409	0.08620
4	0.02720	0.03327	0.02072	0.01853	0.02248	0.64852	0.01402	0.09134	0.02191	0.02049	0.01184	0.01353	0.00965	0.00761	0.00662	0.00190	0.01262	0.00486	0.00409	0.00881
5	0.05740	0.00984	0.01250	0.01054	0.01415	0.00885	0.00836	0.02289	0.01976	0.31507	0.29801	0.04172	0.12585	0.01244	0.00784	0.00229	0.00474	0.01051	0.00809	0.00916
6	0.00992	0.00732	0.00927	0.00898	0.01069	0.00667	0.00666	0.01294	0.01943	0.02688	0.55011	0.11677	0.15526	0.01606	0.00864	0.00237	0.00353	0.01412	0.00772	0.00667
7	0.00940	0.00735	0.00851	0.00831	0.01034	0.00647	0.00620	0.01196	0.01834	0.02405	0.36340	0.09042	0.37541	0.01693	0.00861	0.00240	0.00359	0.01453	0.00734	0.00647
8	0.01084	0.00781	0.01008	0.01116	0.01252	0.00761	0.00897	0.01313	0.01523	0.01963	0.04038	0.11491	0.13333	0.17247	0.01546	0.00397	0.00618	0.38402	0.00622	0.00608
9	0.79588	0.01406	0.01068	0.00956	0.01406	0.01631	0.00787	0.02137	0.01237	0.03261	0.01012	0.01181	0.00787	0.00675	0.00450	0.00225	0.00562	0.00394	0.00450	0.00787
10	0.01414	0.01335	0.02256	0.66029	0.11358	0.01626	0.02039	0.01894	0.01473	0.01908	0.01299	0.01924	0.00987	0.00719	0.00726	0.00240	0.00959	0.00646	0.00327	0.00841
11	0.01961	0.01813	0.02626	0.10806	0.46941	0.07510	0.01980	0.06273	0.05069	0.05765	0.01513	0.01847	0.01204	0.00706	0.00717	0.00218	0.00882	0.00646	0.00424	0.01100
12	0.01999	0.01657	0.01751	0.01518	0.01963	0.01897	0.01197	0.16609	0.55548	0.03349	0.02716	0.02518	0.02022	0.00963	0.00737	0.00241	0.00620	0.00788	0.00737	0.01168
13	0.01196	0.00675	0.01013	0.01013	0.01051	0.00714	0.00714	0.01051	0.01013	0.01389	0.01466	0.02402	0.01427	0.03395	0.23272	0.55760	0.01022	0.00675	0.00338	0.00415
14	0.01662	0.31034	0.36351	0.01641	0.02435	0.05124	0.01901	0.02182	0.01522	0.02002	0.01458	0.01721	0.03680	0.03582	0.00726	0.00218	0.00928	0.00536	0.00331	0.00967
15	0.10133	0.01955	0.02051	0.01595	0.02157	0.02175	0.01314	0.58454	0.06011	0.04388	0.01727	0.01732	0.01235	0.00858	0.00701	0.00220	0.00767	0.00636	0.00701	0.01189
16	0.00911	0.00712	0.00832	0.00909	0.01072	0.00634	0.00672	0.01098	0.01580	0.01982	0.07813	0.30366	0.37346	0.02001	0.00900	0.00273	0.00421	0.09185	0.00678	0.00614
17	0.10726	0.01333	0.01548	0.01278	0.06029	0.01095	0.00940	0.01892	0.01485	0.02474	0.01264	0.01487	0.01047	0.00561	0.00539	0.00128	0.00562	0.00440	0.00428	0.64742
18	0.01613	0.01615	0.07419	0.16888	0.15841	0.01477	0.05040	0.08418	0.04972	0.02491	0.04630	0.07345	0.01660	0.00840	0.00712	0.00210	0.00779	0.00750	0.00460	0.16839

[dist]
# distance from previous block
# <min> <max>
0	2

[block]
# block no. 3 follows, 28 sequences, length 20
# corresponding to MSA columns:
# 355-374
name=unknown_D
#
# <colnr> <probs for GDERKNQSTAVLIFYWHMCP>
#	G	D	E	R	K	N	Q	S	T	A	V	L	I	F	Y	W	H	M	C	P
0	0.01614	0.01381	0.02134	0.24284	0.26715	0.01486	0.01683	0.07864	0.01689	0.04211	0.02010	0.06961	0.05267	0.08369	0.01046	0.00281	0.00812	0.00829	0.00443	0.00919
1	0.01519	0.01626	0.10430	0.01229	0.01916	0.01112	0.01114	0.02013	0.05531	0.02400	0.01393	0.01583	0.01125	0.00585	0.00570	0.00132	0.00610	0.00468	0.00433	0.64211
2	0.01032	0.10206	0.01223	0.01029	0.01143	0.00892	0.00734	0.01165	0.01383	0.01810	0.03517	0.60429	0.04178	0.06409	0.01035	0.00302	0.00485	0.01789	0.00614	0.00626
3	0.01873	0.01636	0.02509	0.03251	0.42880	0.01622	0.03521	0.10620	0.03885	0.04523	0.06208	0.02058	0.01595	0.00738	0.00713	0.00206	0.00776	0.00682	0.00472	0.10231
4	0.05251	0.22303	0.06518	0.07092	0.02306	0.37127	0.01415	0.02499	0.01765	0.01903	0.01177	0.01401	0.00979	0.00712	0.00597	0.00186	0.01048	0.00473	0.04381	0.00867
5	0.01373	0.01292	0.02180	0.72707	0.05006	0.01615	0.02019	0.01857	0.01453	0.01857	0.01292	0.01938	0.00969	0.00727	0.00727	0.00242	0.00969	0.00646	0.00323	0.00807
6	0.01131	0.01003	0.01337	0.07095	0.14938	0.00964	0.01036	0.01468	0.04718	0.02076	0.05176	0.11991	0.41294	0.01523	0.00823	0.00244	0.00527	0.01310	0.00589	0.00757
7	0.02089	0.02418	0.01663	0.01531	0.01847	0.42435	0.01156	0.06168	0.01922	0.01971	0.02475	0.06488	0.12833	0.01630	0.09848	0.00331	0.01155	0.00787	0.00465	0.00789
8	0.01161	0.00770	0.00891	0.00840	0.01062	0.00685	0.00628	0.01412	0.01783	0.07612	0.28178	0.05570	0.32078	0.05877	0.00986	0.00258	0.00396	0.01288	0.07842	0.00683
9	0.00997	0.00742	0.00927	0.00881	0.01066	0.00672	0.00661	0.01310	0.01982	0.02736	0.57865	0.05724	0.18641	0.01553	0.00858	0.00232	0.00348	0.01356	0.00777	0.00672
10	0.00909	0.00698	0.00833	0.00884	0.01034	0.00622	0.00631	0.01109	0.01650	0.02147	0.20784	0.32250	0.29983	0.01924	0.00885	0.00261	0.00383	0.01686	0.00705	0.00622
11	0.02676	0.01993	0.02132	0.01655	0.02221	0.02213	0.01360	0.61674	0.09382	0.04440	0.01856	0.01834	0.01326	0.00883	0.00728	0.00221	0.00779	0.00670	0.00728	0.01228
12	0.06646	0.01648	0.02244	0.30603	0.14744	0.01871	0.01745	0.26212	0.02201	0.03036	0.01456	0.01798	0.01088	0.00764	0.00709	0.00228	0.00864	0.00634	0.00486	0.01023
13	0.02125	0.07497	0.02114	0.01744	0.05756	0.06564	0.01339	0.21278	0.30925	0.03135	0.02077	0.02077	0.01586	0.00918	0.00859	0.00233	0.07355	0.00692	0.00620	0.01105
14	0.01066	0.00736	0.00949	0.01000	0.01130	0.00664	0.00690	0.01233	0.01486	0.04668	0.11686	0.50737	0.04436	0.07545	0.01090	0.00299	0.00452	0.01694	0.00659	0.07780
15	0.01792	0.08283	0.02517	0.06576	0.29692	0.01729	0.05238	0.11234	0.06733	0.02576	0.01816	0.10423	0.01641	0.00892	0.00721	0.00219	0.00778	0.00805	0.00475	0.05861
16	0.01700	0.13232	0.34019	0.02206	0.11513	0.03967	0.07774	0.02274	0.01621	0.06272	0.04153	0.05112	0.01433	0.00787	0.00695	0.00220	0.00938	0.00669	0.00393	0.01020
17	0.01497	0.09890	0.24470	0.01409	0.01970	0.01409	0.01464	0.02169	0.10248	0.06395	0.10757	0.09360	0.07110	0.03461	0.00817	0.00243	0.00699	0.00899	0.04822	0.00912
18	0.12587	0.25045	0.06268	0.05700	0.05178	0.01831	0.03317	0.02093	0.05458	0.02241	0.01520	0.08110	0.01388	0.00797	0.00589	0.00189	0.00703	0.00628	0.00417	0.15941
19	0.29786	0.03779	0.01283	0.01109	0.01442	0.09326	0.00866	0.05782	0.01700	0.04855	0.14771	0.13017	0.07339	0.01165	0.00673	0.00230	0.00597	0.00921	0.00581	0.00780

[dist]
# distance from previous block
# <min> <max>
14	79

[block]
# block no. 4 follows, 28 sequences, length 10
# corresponding to MSA columns:
# 488-497
name=unknown_E
#
# <colnr> <probs for GDERKNQSTAVLIFYWHMCP>
#	G	D	E	R	K	N	Q	S	T	A	V	L	I	F	Y	W	H	M	C	P
0	0.05018	0.17437	0.08016	0.05596	0.13958	0.08446	0.04127	0.07278	0.01715	0.02270	0.01934	0.09307	0.05631	0.00941	0.00725	0.00216	0.02937	0.00765	0.02761	0.00921
1	0.01368	0.19187	0.09359	0.08521	0.01944	0.04792	0.01201	0.01673	0.01572	0.01987	0.09535	0.16796	0.12084	0.03333	0.00820	0.00243	0.00680	0.03631	0.00502	0.00772
2	0.02202	0.02153	0.04958	0.05944	0.17313	0.15826	0.01582	0.23361	0.05474	0.02948	0.01601	0.04360	0.01297	0.00814	0.00703	0.00209	0.00891	0.00653	0.00512	0.07202
3	0.01066	0.00797	0.01033	0.01015	0.01151	0.00844	0.00766	0.01307	0.01506	0.02133	0.18613	0.12560	0.14147	0.05561	0.20080	0.00512	0.06538	0.01166	0.08554	0.00651
4	0.01841	0.11490	0.21257	0.01620	0.02178	0.11479	0.01605	0.08847	0.01718	0.06385	0.01527	0.01866	0.01234	0.01926	0.18302	0.00449	0.04328	0.00597	0.00417	0.00933
5	0.05184	0.01969	0.02935	0.03202	0.31737	0.09609	0.18497	0.06284	0.08653	0.02530	0.01536	0.01850	0.01214	0.00699	0.00739	0.00224	0.00960	0.00689	0.00427	0.01063
6	0.00953	0.00728	0.00756	0.00749	0.00974	0.00632	0.00562	0.01179	0.01685	0.02188	0.14039	0.06170	0.52029	0.01650	0.00807	0.00232	0.00361	0.01380	0.12294	0.00632
7	0.01051	0.00720	0.00870	0.00864	0.00903	0.00734	0.00539	0.01129	0.01185	0.01619	0.09701	0.04541	0.02984	0.55798	0.13769	0.00723	0.00855	0.01043	0.00473	0.00500
8	0.00914	0.00739	0.00813	0.00794	0.01016	0.00637	0.00596	0.01150	0.01788	0.02274	0.27638	0.06485	0.49157	0.01725	0.00859	0.00240	0.00360	0.01463	0.00716	0.00637
9	0.01267	0.00833	0.00949	0.00932	0.01157	0.00798	0.00706	0.01701	0.08522	0.07002	0.12678	0.14990	0.22889	0.01506	0.00781	0.00238	0.00421	0.04606	0.17291	0.00733

[dist]
# distance from previous block
# <min> <max>
0	11

[block]
# block no. 5 follows, 28 sequences, length 11
# corresponding to MSA columns:
# 509-519
name=unknown_F
#
# <colnr> <probs for GDERKNQSTAVLIFYWHMCP>
#	G	D	E	R	K	N	Q	S	T	A	V	L	I	F	Y	W	H	M	C	P
0	0.79588	0.01406	0.01068	0.00956	0.01406	0.01631	0.00787	0.02137	0.01237	0.03261	0.01012	0.01181	0.00787	0.00675	0.00450	0.00225	0.00562	0.00394	0.00450	0.00787
1	0.79588	0.01406	0.01068	0.00956	0.01406	0.01631	0.00787	0.02137	0.01237	0.03261	0.01012	0.01181	0.00787	0.00675	0.00450	0.00225	0.00562	0.00394	0.00450	0.00787
2	0.02708	0.01817	0.12727	0.01508	0.02130	0.01466	0.01397	0.19867	0.02286	0.38215	0.02270	0.02159	0.01514	0.01141	0.05106	0.00282	0.00820	0.00683	0.00729	0.01175
3	0.15345	0.05722	0.04668	0.01592	0.02074	0.01744	0.10922	0.21662	0.02015	0.07721	0.01650	0.02112	0.01344	0.09680	0.05875	0.00345	0.03367	0.00681	0.00530	0.00951
4	0.00919	0.00706	0.00842	0.00878	0.01037	0.00628	0.00632	0.01134	0.01696	0.02220	0.25313	0.27663	0.29971	0.01870	0.00880	0.00256	0.00377	0.01635	0.00713	0.00628
5	0.01040	0.00773	0.01137	0.01137	0.01256	0.00891	0.00869	0.01278	0.01159	0.01664	0.01976	0.03016	0.01887	0.11255	0.65865	0.01129	0.01843	0.00802	0.00394	0.00631
6	0.02030	0.01912	0.08800	0.21108	0.26524	0.09472	0.01910	0.02458	0.01716	0.14725	0.01591	0.01880	0.01177	0.00730	0.00714	0.00223	0.00916	0.00632	0.00447	0.01036
7	0.01804	0.08376	0.47658	0.01810	0.02687	0.01597	0.02164	0.02460	0.01641	0.14779	0.01766	0.02193	0.01334	0.00825	0.00705	0.00232	0.00937	0.05524	0.00444	0.01063
8	0.02320	0.01116	0.01408	0.01150	0.01540	0.01046	0.00911	0.09879	0.02095	0.35123	0.18768	0.03309	0.03031	0.06869	0.00977	0.00258	0.00554	0.00885	0.07773	0.00990
9	0.00960	0.00738	0.00970	0.01072	0.01149	0.00747	0.00770	0.01115	0.01413	0.01874	0.04108	0.52916	0.12637	0.02255	0.03879	0.00328	0.06086	0.05731	0.00636	0.00616
10	0.02124	0.18067	0.20713	0.02029	0.08546	0.12874	0.06132	0.10826	0.01915	0.08124	0.01419	0.01580	0.01073	0.00717	0.00659	0.00205	0.00966	0.00557	0.00431	0.01043

[dist]
# distance from previous block
# <min> <max>
0	1

[block]
# block no. 6 follows, 28 sequences, length 14
# corresponding to MSA columns:
# 521-534
name=unknown_G
#
# <colnr> <probs for GDERKNQSTAVLIFYWHMCP>
#	G	D	E	R	K	N	Q	S	T	A	V	L	I	F	Y	W	H	M	C	P
0	0.01868	0.05559	0.01887	0.11222	0.09164	0.09537	0.01334	0.04175	0.01676	0.13802	0.02287	0.19878	0.02206	0.01238	0.00931	0.00249	0.08033	0.03527	0.00544	0.00882
1	0.22806	0.10059	0.02234	0.04257	0.07053	0.18336	0.08264	0.05187	0.05582	0.02506	0.01287	0.01501	0.01028	0.00696	0.00608	0.00203	0.00879	0.00526	0.00424	0.06564
2	0.01101	0.00833	0.00958	0.00952	0.01136	0.00789	0.00689	0.07772	0.01770	0.02305	0.15349	0.27595	0.26998	0.07045	0.01072	0.00289	0.00449	0.01547	0.00683	0.00668
3	0.01514	0.00873	0.01071	0.00973	0.01240	0.00807	0.00746	0.01900	0.05762	0.16100	0.29510	0.09634	0.15933	0.01391	0.00793	0.00230	0.00421	0.01195	0.09106	0.00802
4	0.06514	0.41037	0.11327	0.01831	0.11135	0.05251	0.01545	0.09686	0.01739	0.02291	0.01182	0.01368	0.00987	0.00671	0.00564	0.00185	0.00837	0.00475	0.00375	0.01001
5	0.01608	0.01454	0.02197	0.08144	0.24571	0.01599	0.05392	0.04338	0.12430	0.02362	0.02060	0.02410	0.05387	0.01378	0.08464	0.00337	0.09152	0.00754	0.04999	0.00964
6	0.00909	0.00732	0.00817	0.00863	0.01063	0.00641	0.00654	0.01109	0.01633	0.02012	0.08961	0.17848	0.48483	0.01917	0.00888	0.00264	0.00413	0.09493	0.00679	0.00620
7	0.01019	0.00774	0.01122	0.01122	0.01264	0.00877	0.00871	0.01271	0.01220	0.01717	0.02524	0.03297	0.09039	0.05067	0.64042	0.01070	0.01779	0.00859	0.00420	0.00645
8	0.00958	0.00678	0.00843	0.00908	0.01002	0.00625	0.00619	0.01065	0.01454	0.01908	0.12989	0.34912	0.18660	0.10051	0.01412	0.08687	0.00453	0.01586	0.00627	0.00562
9	0.01808	0.01561	0.01644	0.01479	0.01890	0.01808	0.01151	0.03863	0.68606	0.03041	0.02959	0.02712	0.02219	0.00986	0.00740	0.00247	0.00575	0.00822	0.00740	0.01151
10	0.01373	0.01292	0.02180	0.72707	0.05006	0.01615	0.02019	0.01857	0.01453	0.01857	0.01292	0.01938	0.00969	0.00727	0.00727	0.00242	0.00969	0.00646	0.00323	0.00807
11	0.00960	0.00722	0.00889	0.00886	0.01054	0.00651	0.00650	0.01224	0.01838	0.02485	0.42092	0.17894	0.22562	0.01716	0.00870	0.00245	0.00363	0.01503	0.00746	0.00651
12	0.17429	0.02113	0.01629	0.01406	0.01833	0.28572	0.01100	0.05850	0.01915	0.20574	0.01729	0.01765	0.01251	0.00791	0.00624	0.00204	0.00856	0.00555	0.08865	0.00938
13	0.09979	0.01631	0.02018	0.17625	0.24120	0.10815	0.01583	0.02129	0.04746	0.02267	0.01732	0.10483	0.01577	0.00905	0.00698	0.00227	0.00816	0.00777	0.04971	0.00902

[dist]
# distance from previous block
# <min> <max>
2	8

[block]
# block no. 7 follows, 28 sequences, length 8
# corresponding to MSA columns:
# 544-551
name=unknown_H
#
# <colnr> <probs for GDERKNQSTAVLIFYWHMCP>
#	G	D	E	R	K	N	Q	S	T	A	V	L	I	F	Y	W	H	M	C	P
0	0.01833	0.02211	0.25392	0.01965	0.11936	0.01408	0.01736	0.02486	0.07192	0.13099	0.01693	0.01810	0.01242	0.00700	0.00663	0.00195	0.00783	0.00578	0.00478	0.22601
1	0.08657	0.00979	0.01068	0.00993	0.01253	0.01014	0.00762	0.02215	0.12060	0.12002	0.02532	0.03363	0.02148	0.12608	0.01120	0.00294	0.00523	0.06599	0.29007	0.00802
2	0.01897	0.68053	0.10238	0.01323	0.01989	0.02762	0.01382	0.02189	0.01483	0.01767	0.01039	0.01201	0.00932	0.00628	0.00488	0.00163	0.00806	0.00403	0.00311	0.00946
3	0.01428	0.01075	0.01311	0.05707	0.01639	0.01133	0.00945	0.05368	0.19898	0.05650	0.37952	0.07690	0.04653	0.01290	0.00810	0.00237	0.00483	0.01122	0.00748	0.00863
4	0.01116	0.00847	0.01085	0.01056	0.01082	0.00962	0.00726	0.01199	0.01126	0.01563	0.02240	0.12603	0.02515	0.42868	0.14031	0.00667	0.12251	0.01072	0.00442	0.00548
5	0.01064	0.00730	0.00881	0.00887	0.00948	0.00716	0.00586	0.01186	0.01370	0.01861	0.18586	0.05326	0.03836	0.48380	0.02699	0.00547	0.00614	0.08705	0.00554	0.00526
6	0.01601	0.12882	0.01880	0.01136	0.01759	0.01338	0.00945	0.02052	0.07032	0.02321	0.01385	0.01553	0.01148	0.00588	0.00544	0.00127	0.00579	0.00456	0.00437	0.60236
7	0.05631	0.13502	0.12052	0.01840	0.10756	0.01696	0.03555	0.13064	0.01853	0.06131	0.01836	0.12974	0.01679	0.00945	0.00681	0.00211	0.00748	0.00789	0.00496	0.09559

[dist]
# distance from previous block
# <min> <max>
3	95

[block]
# block no. 8 follows, 28 sequences, length 14
# corresponding to MSA columns:
# 675-688
name=unknown_I
#
# <colnr> <probs for GDERKNQSTAVLIFYWHMCP>
#	G	D	E	R	K	N	Q	S	T	A	V	L	I	F	Y	W	H	M	C	P
0	0.15887	0.10789	0.02050	0.01583	0.05323	0.06070	0.06433	0.10958	0.15715	0.02726	0.02053	0.06133	0.03957	0.06228	0.00884	0.00258	0.00734	0.00751	0.00533	0.00936
1	0.01050	0.00732	0.00931	0.00931	0.00979	0.00780	0.00613	0.01146	0.01098	0.01512	0.02164	0.04057	0.02339	0.49049	0.28689	0.00875	0.01162	0.00955	0.00422	0.00517
2	0.01509	0.01958	0.20969	0.10196	0.14955	0.01441	0.03617	0.02158	0.07652	0.04661	0.09882	0.08706	0.02206	0.00976	0.00792	0.00236	0.02817	0.00847	0.03465	0.00956
3	0.01114	0.00878	0.01018	0.00927	0.01236	0.00739	0.00717	0.01377	0.01649	0.02270	0.14377	0.11220	0.26308	0.01442	0.00773	0.00215	0.00439	0.06931	0.05420	0.20951
4	0.01415	0.01157	0.01261	0.01166	0.01469	0.01229	0.00892	0.07056	0.29135	0.02736	0.14934	0.11901	0.19882	0.01412	0.00808	0.00247	0.00486	0.01202	0.00726	0.00887
5	0.29640	0.01370	0.01399	0.01200	0.01574	0.01534	0.00955	0.20576	0.01855	0.05431	0.01625	0.02137	0.01374	0.09880	0.16004	0.00476	0.00942	0.00635	0.00531	0.00864
6	0.00930	0.00742	0.00840	0.00860	0.01068	0.00652	0.00659	0.01158	0.01717	0.02164	0.18714	0.11683	0.45243	0.01823	0.00881	0.00256	0.00402	0.08878	0.00698	0.00632
7	0.02763	0.02036	0.02182	0.01672	0.02254	0.02254	0.01382	0.67496	0.03418	0.04581	0.01745	0.01745	0.01236	0.00873	0.00727	0.00218	0.00800	0.00654	0.00727	0.01236
8	0.01855	0.09840	0.14544	0.07120	0.22083	0.01890	0.11686	0.12819	0.01890	0.02611	0.01386	0.01693	0.01079	0.00682	0.00699	0.00212	0.00920	0.00620	0.00409	0.05962
9	0.01749	0.01452	0.01567	0.01391	0.01773	0.01639	0.01085	0.09132	0.50329	0.03156	0.15258	0.03131	0.02995	0.01069	0.00760	0.00241	0.00552	0.00899	0.00750	0.01072
10	0.01124	0.00843	0.01161	0.07603	0.05580	0.00899	0.00832	0.01290	0.01248	0.01714	0.08126	0.03907	0.02574	0.39454	0.19940	0.00706	0.01016	0.00949	0.00445	0.00592
11	0.15744	0.01585	0.01542	0.01290	0.01708	0.07186	0.01035	0.23918	0.05602	0.09433	0.06742	0.02194	0.01764	0.01110	0.04250	0.00261	0.00728	0.00667	0.12274	0.00969
12	0.05979	0.07344	0.09580	0.03973	0.02148	0.11695	0.01412	0.16992	0.13779	0.02813	0.01696	0.01858	0.01317	0.01015	0.03272	0.00255	0.07379	0.00616	0.05885	0.00990
13	0.10737	0.17132	0.05281	0.02087	0.14351	0.22757	0.03715	0.02323	0.01651	0.02107	0.01289	0.04840	0.01153	0.00773	0.00688	0.00201	0.03700	0.00573	0.00379	0.04266

[dist]
# distance from previous block
# <min> <max>
0	3

[block]
# block no. 9 follows, 28 sequences, length 18
# corresponding to MSA columns:
# 692-709
name=unknown_J
#
# <colnr> <probs for GDERKNQSTAVLIFYWHMCP>
#	G	D	E	R	K	N	Q	S	T	A	V	L	I	F	Y	W	H	M	C	P
0	0.17284	0.23621	0.04696	0.06380	0.04511	0.13932	0.01183	0.02130	0.01503	0.02151	0.01319	0.01763	0.01160	0.07588	0.00838	0.00239	0.00808	0.00526	0.07544	0.00824
1	0.01243	0.01009	0.01114	0.01048	0.01319	0.01046	0.00801	0.02089	0.23694	0.02543	0.19102	0.04758	0.25748	0.01691	0.05777	0.00304	0.00540	0.01160	0.04203	0.00811
2	0.05648	0.01607	0.01742	0.01396	0.01929	0.01673	0.01121	0.22009	0.25267	0.06420	0.02061	0.02023	0.01538	0.00815	0.00668	0.00199	0.00633	0.00644	0.00647	0.21959
3	0.01020	0.00728	0.00979	0.01007	0.01075	0.00782	0.00701	0.01164	0.01165	0.01615	0.02411	0.15267	0.02609	0.29875	0.35390	0.00857	0.01246	0.01092	0.00455	0.00564
4	0.01943	0.74891	0.03809	0.01244	0.01866	0.02876	0.01244	0.02177	0.01477	0.01710	0.01011	0.01166	0.00933	0.00622	0.00466	0.00155	0.00777	0.00389	0.00311	0.00933
5	0.01052	0.00712	0.00828	0.00816	0.00850	0.00701	0.00488	0.01118	0.01251	0.01702	0.15350	0.04888	0.03461	0.60283	0.03148	0.00612	0.00634	0.01107	0.00510	0.00488
6	0.01191	0.00787	0.01033	0.01002	0.01199	0.00728	0.00781	0.01509	0.01943	0.07439	0.47618	0.08841	0.09883	0.01585	0.00875	0.00249	0.00419	0.11430	0.00773	0.00713
7	0.01094	0.00909	0.00979	0.00945	0.01201	0.00883	0.00712	0.01706	0.16215	0.02346	0.16388	0.10339	0.40330	0.01627	0.00838	0.00246	0.00413	0.01380	0.00710	0.00740
8	0.00990	0.00723	0.01022	0.01078	0.01165	0.00783	0.00783	0.01179	0.01230	0.01714	0.02660	0.26430	0.02887	0.11635	0.41247	0.00833	0.01316	0.01231	0.00489	0.00608
9	0.01678	0.05383	0.38743	0.06776	0.02757	0.01697	0.02043	0.15415	0.01967	0.02762	0.07807	0.02364	0.01737	0.00883	0.00727	0.00232	0.00908	0.04638	0.00462	0.01023
10	0.01650	0.01608	0.02516	0.26796	0.40414	0.05385	0.02019	0.02067	0.01594	0.02138	0.01493	0.06300	0.01306	0.00781	0.00731	0.00228	0.00895	0.00726	0.00368	0.00986
11	0.04293	0.01548	0.06034	0.14593	0.26873	0.01487	0.08576	0.02080	0.05484	0.02468	0.16599	0.02662	0.02420	0.00866	0.00756	0.00229	0.00788	0.00813	0.00474	0.00955
12	0.15750	0.18509	0.13139	0.08326	0.06187	0.08660	0.04002	0.06095	0.01666	0.02397	0.04134	0.01892	0.04877	0.00779	0.00623	0.00209	0.00840	0.00591	0.00411	0.00914
13	0.06784	0.01816	0.09388	0.02290	0.13451	0.03936	0.17406	0.08808	0.04151	0.06741	0.05954	0.09662	0.01922	0.00927	0.00756	0.00233	0.00842	0.00867	0.03086	0.00979
14	0.01729	0.07047	0.13258	0.06505	0.15262	0.05865	0.04106	0.04151	0.05591	0.07311	0.02492	0.05558	0.11220	0.00967	0.00782	0.00225	0.03296	0.00805	0.00479	0.03349
15	0.01975	0.11275	0.06720	0.04616	0.05748	0.14715	0.03813	0.04918	0.06175	0.10893	0.10760	0.06314	0.04757	0.00969	0.00711	0.00213	0.00797	0.00793	0.00547	0.03290
16	0.01760	0.14577	0.19765	0.01489	0.02078	0.04279	0.03953	0.04496	0.05872	0.11374	0.04871	0.10080	0.10281	0.01066	0.00718	0.00225	0.00756	0.00879	0.00534	0.00949
17	0.07386	0.03583	0.11186	0.01682	0.05723	0.09055	0.05927	0.10112	0.04494	0.08940	0.06038	0.02464	0.04339	0.03298	0.00793	0.00228	0.00791	0.02537	0.03302	0.08120

[dist]
# distance from previous block
# <min> <max>
14	78

[block]
# block no. 10 follows, 28 sequences, length 13
# corresponding to MSA columns:
# 819-831
name=unknown_K
#
# <colnr> <probs for GDERKNQSTAVLIFYWHMCP>
#	G	D	E	R	K	N	Q	S	T	A	V	L	I	F	Y	W	H	M	C	P
0	0.01519	0.05337	0.17469	0.01838	0.06897	0.04367	0.06825	0.02138	0.09904	0.02265	0.12251	0.02729	0.02264	0.10183	0.01325	0.00298	0.10236	0.00796	0.00468	0.00889
1	0.09143	0.01561	0.03799	0.01850	0.11766	0.04693	0.06407	0.01919	0.01484	0.02269	0.01714	0.02095	0.05962	0.04195	0.01002	0.00218	0.10199	0.00631	0.00414	0.28681
2	0.01711	0.03625	0.04136	0.14362	0.17314	0.06424	0.05298	0.06836	0.03565	0.04724	0.03965	0.11500	0.01889	0.00972	0.00741	0.00224	0.00805	0.02900	0.00480	0.08529
3	0.01546	0.10791	0.11958	0.03998	0.06951	0.03857	0.05426	0.01927	0.01508	0.02109	0.01856	0.02128	0.07709	0.01021	0.04092	0.00237	0.07904	0.00634	0.00395	0.23955
4	0.09080	0.06536	0.10775	0.02155	0.15574	0.05803	0.09156	0.01901	0.01535	0.02194	0.02236	0.19910	0.05308	0.01143	0.00803	0.00241	0.03320	0.01003	0.00453	0.00874
5	0.01040	0.00833	0.01157	0.01079	0.01267	0.00781	0.05521	0.01241	0.01450	0.01936	0.09706	0.21787	0.17877	0.15118	0.11013	0.00456	0.00727	0.01346	0.00569	0.05095
6	0.01503	0.01327	0.02158	0.09692	0.22610	0.01355	0.09443	0.06594	0.01746	0.02433	0.10008	0.09300	0.05989	0.01382	0.06513	0.00307	0.00843	0.00942	0.04954	0.00898
7	0.02432	0.01436	0.01554	0.01251	0.01726	0.06873	0.01006	0.14001	0.02161	0.31492	0.03299	0.03104	0.15271	0.01044	0.00726	0.00214	0.00638	0.00834	0.04203	0.06734
8	0.01410	0.00910	0.01151	0.01100	0.01298	0.00970	0.00840	0.01895	0.09947	0.08914	0.11184	0.15603	0.03005	0.02297	0.17327	0.00454	0.04225	0.01049	0.15646	0.00776
9	0.01739	0.01675	0.01788	0.01621	0.08444	0.10487	0.01155	0.02269	0.10313	0.02336	0.01471	0.01673	0.01206	0.00687	0.00728	0.00162	0.05817	0.00522	0.00449	0.45460
10	0.04182	0.02118	0.08712	0.03877	0.07054	0.10101	0.01502	0.24957	0.05216	0.06023	0.01540	0.01698	0.01166	0.00815	0.00840	0.00213	0.07639	0.00594	0.00531	0.11222
11	0.01198	0.00756	0.00894	0.00881	0.01087	0.00676	0.00652	0.01432	0.01706	0.08879	0.18559	0.20568	0.26640	0.01643	0.00816	0.00241	0.00395	0.01417	0.10867	0.00692
12	0.01507	0.01371	0.02036	0.11823	0.27215	0.01488	0.01571	0.02162	0.14120	0.02270	0.02485	0.15130	0.06396	0.01132	0.00886	0.00248	0.05725	0.00989	0.00500	0.00947

[dist]
# distance from previous block
# <min> <max>
0	1

[block]
# block no. 11 follows, 28 sequences, length 43
# corresponding to MSA columns:
# 833-875
name=unknown_L
#
# <colnr> <probs for GDERKNQSTAVLIFYWHMCP>
#	G	D	E	R	K	N	Q	S	T	A	V	L	I	F	Y	W	H	M	C	P
0	0.13972	0.00829	0.00905	0.00907	0.01089	0.00835	0.00658	0.01302	0.01462	0.02201	0.14402	0.17172	0.19052	0.12679	0.09013	0.00417	0.00629	0.01254	0.00592	0.00628
1	0.01512	0.10401	0.06670	0.49357	0.14416	0.01789	0.01998	0.01980	0.01492	0.01946	0.01270	0.01799	0.00990	0.00700	0.00692	0.00227	0.00936	0.00609	0.00326	0.00891
2	0.07047	0.04595	0.11109	0.04949	0.20837	0.08124	0.05617	0.02021	0.01484	0.02109	0.01439	0.02011	0.01253	0.05377	0.14658	0.00431	0.05022	0.00647	0.00366	0.00904
3	0.01745	0.01647	0.02085	0.01729	0.01925	0.04238	0.01428	0.09306	0.01478	0.02186	0.01111	0.01584	0.01008	0.01076	0.01805	0.00264	0.49357	0.00595	0.00387	0.15043
4	0.01506	0.06288	0.35463	0.01863	0.02695	0.01537	0.11491	0.02114	0.01528	0.02253	0.01352	0.01657	0.01046	0.00946	0.05263	0.00258	0.01002	0.00565	0.00353	0.20821
5	0.01458	0.03760	0.70688	0.02072	0.03146	0.01688	0.02686	0.02302	0.01535	0.02302	0.01304	0.01535	0.00921	0.00691	0.00691	0.00230	0.01074	0.00537	0.00307	0.01074
6	0.01058	0.00703	0.00854	0.00888	0.00972	0.00711	0.00603	0.01212	0.01277	0.01834	0.02960	0.18072	0.07788	0.27102	0.16151	0.00585	0.00809	0.01170	0.14681	0.00569
7	0.01716	0.01961	0.04289	0.03064	0.03799	0.01838	0.67279	0.02328	0.01716	0.02328	0.01471	0.01961	0.01103	0.00613	0.00858	0.00245	0.01225	0.00858	0.00368	0.00980
8	0.01038	0.00779	0.01168	0.01168	0.01298	0.00909	0.00909	0.01298	0.01168	0.01687	0.01947	0.02856	0.01817	0.05452	0.71573	0.01168	0.01947	0.00779	0.00389	0.00649
9	0.00886	0.00633	0.00843	0.01012	0.01054	0.00590	0.00675	0.01012	0.01392	0.01856	0.04006	0.73979	0.04808	0.02277	0.00928	0.00295	0.00422	0.02066	0.00675	0.00590
10	0.04212	0.57722	0.09317	0.01379	0.02011	0.09043	0.01375	0.04338	0.01591	0.01904	0.01070	0.01230	0.00938	0.00649	0.00511	0.00169	0.00847	0.00418	0.00334	0.00942
11	0.00952	0.00727	0.00839	0.00914	0.01072	0.00665	0.00663	0.01198	0.03976	0.02012	0.05311	0.34468	0.32352	0.01948	0.00874	0.00268	0.00416	0.05801	0.04915	0.00631
12	0.00906	0.00706	0.00826	0.00887	0.01047	0.00626	0.00644	0.01098	0.01615	0.02058	0.13943	0.30515	0.35388	0.01958	0.00891	0.00265	0.00399	0.04919	0.00691	0.00617
13	0.02765	0.01325	0.01754	0.01498	0.05294	0.01275	0.01155	0.13792	0.02143	0.45507	0.02464	0.02377	0.01675	0.01577	0.11537	0.00367	0.00864	0.00721	0.00766	0.01143
14	0.01830	0.45575	0.07263	0.10908	0.02708	0.05001	0.13431	0.02197	0.01542	0.01876	0.01151	0.01436	0.00968	0.00642	0.00591	0.00188	0.00920	0.00518	0.00325	0.00930
15	0.00900	0.00738	0.00794	0.00780	0.01007	0.00631	0.00585	0.01123	0.01755	0.02196	0.22516	0.06614	0.54328	0.01754	0.00859	0.00241	0.00362	0.01481	0.00706	0.00631
16	0.00886	0.00691	0.00796	0.00866	0.01011	0.00611	0.00607	0.01047	0.01542	0.01945	0.08897	0.35512	0.36211	0.04692	0.00993	0.00283	0.00402	0.01733	0.00673	0.00601
17	0.01988	0.02441	0.11546	0.02168	0.02738	0.21057	0.22861	0.09907	0.01969	0.02399	0.01753	0.05044	0.01541	0.00914	0.00784	0.00236	0.01086	0.08184	0.00450	0.00934
18	0.02450	0.02822	0.02077	0.01945	0.05856	0.46070	0.01429	0.08702	0.11158	0.02233	0.01429	0.01592	0.01151	0.00832	0.00825	0.00211	0.07279	0.00557	0.00450	0.00933
19	0.75431	0.01397	0.01102	0.00974	0.01430	0.01600	0.00803	0.02213	0.01283	0.06920	0.01113	0.01251	0.00842	0.00687	0.00465	0.00225	0.00565	0.00412	0.00474	0.00812
20	0.02232	0.01746	0.04187	0.03204	0.01899	0.15772	0.01176	0.05226	0.08834	0.22578	0.15712	0.02766	0.02580	0.01244	0.04656	0.00275	0.03491	0.00791	0.00662	0.00970
21	0.01436	0.01545	0.10269	0.02220	0.19908	0.01363	0.03823	0.03545	0.06111	0.02103	0.01929	0.08098	0.01851	0.15056	0.13180	0.00480	0.04930	0.00859	0.00431	0.00862
22	0.01570	0.01978	0.15051	0.14442	0.18178	0.04289	0.15488	0.02096	0.01631	0.02206	0.01808	0.02957	0.01614	0.00914	0.00793	0.00249	0.00976	0.12413	0.00403	0.00945
23	0.09291	0.15894	0.18321	0.01687	0.05840	0.01717	0.03916	0.06083	0.03502	0.04629	0.01813	0.02744	0.01618	0.00923	0.00681	0.00223	0.00798	0.12246	0.00459	0.07615
24	0.02245	0.47025	0.03127	0.01489	0.02015	0.29663	0.01306	0.02460	0.01704	0.01737	0.01055	0.01223	0.00934	0.00672	0.00540	0.00168	0.00986	0.00420	0.00336	0.00898
25	0.01373	0.01292	0.02180	0.72707	0.05006	0.01615	0.02019	0.01857	0.01453	0.01857	0.01292	0.01938	0.00969	0.00727	0.00727	0.00242	0.00969	0.00646	0.00323	0.00807
26	0.01808	0.01561	0.01644	0.01479	0.01890	0.01808	0.01151	0.03863	0.68606	0.03041	0.02959	0.02712	0.02219	0.00986	0.00740	0.00247	0.00575	0.00822	0.00740	0.01151
27	0.65566	0.01501	0.01318	0.01256	0.05684	0.01712	0.00947	0.10039	0.01526	0.03367	0.01122	0.01287	0.00864	0.00697	0.00500	0.00224	0.00609	0.00441	0.00478	0.00864
28	0.10509	0.00846	0.00957	0.00901	0.01128	0.00819	0.00685	0.01473	0.03858	0.02771	0.46909	0.05147	0.18474	0.01444	0.00805	0.00232	0.00381	0.01232	0.00731	0.00698
29	0.40216	0.13454	0.04033	0.01248	0.01757	0.11176	0.01076	0.06660	0.01638	0.10985	0.01308	0.01400	0.00986	0.00717	0.00540	0.00209	0.00736	0.00465	0.00485	0.00911
30	0.01631	0.01175	0.01338	0.01163	0.01521	0.01202	0.00905	0.04658	0.25839	0.08125	0.22427	0.03324	0.03355	0.01054	0.00723	0.00213	0.00485	0.00892	0.09608	0.10361
31	0.01033	0.00757	0.01028	0.01129	0.03595	0.00756	0.00798	0.01187	0.01379	0.01828	0.05777	0.18912	0.17533	0.04962	0.20716	0.10025	0.00898	0.06543	0.00538	0.00604
32	0.02709	0.02079	0.10355	0.01642	0.02279	0.01940	0.01474	0.46357	0.02913	0.17959	0.01925	0.01871	0.01315	0.00856	0.00724	0.00221	0.00795	0.00656	0.00712	0.01217
33	0.01495	0.01349	0.02235	0.03016	0.39846	0.01317	0.05582	0.01787	0.01574	0.02160	0.04950	0.06787	0.12978	0.01190	0.01024	0.09728	0.00732	0.00907	0.00440	0.00903
34	0.01095	0.00776	0.00960	0.09481	0.01302	0.00815	0.00631	0.01154	0.01105	0.01464	0.02170	0.04416	0.02440	0.65547	0.03341	0.00649	0.00737	0.01007	0.00426	0.00485
35	0.70139	0.01392	0.01203	0.09624	0.01841	0.01629	0.00936	0.02103	0.01263	0.03092	0.01046	0.01272	0.00809	0.00681	0.00483	0.00227	0.00611	0.00424	0.00435	0.00790
36	0.01470	0.01211	0.04344	0.12776	0.05960	0.01251	0.07391	0.01831	0.01414	0.07971	0.01806	0.02398	0.01499	0.02732	0.30225	0.00621	0.05704	0.00727	0.07859	0.00811
37	0.01679	0.01464	0.02257	0.01961	0.04910	0.01525	0.17469	0.12503	0.12387	0.02706	0.02611	0.07668	0.02463	0.01263	0.00913	0.00273	0.03148	0.21277	0.00592	0.00929
38	0.01279	0.00885	0.01206	0.01312	0.01484	0.00898	0.01119	0.05460	0.01692	0.02212	0.03408	0.07082	0.03651	0.02001	0.01209	0.09813	0.00673	0.53324	0.00630	0.00661
39	0.01455	0.01478	0.04957	0.52929	0.12612	0.01706	0.02019	0.01908	0.01441	0.01926	0.01261	0.01863	0.00988	0.00781	0.00925	0.00248	0.09677	0.00641	0.00326	0.00859
40	0.01053	0.00721	0.00876	0.00876	0.00905	0.00750	0.00544	0.01111	0.01082	0.01471	0.02214	0.04335	0.02459	0.59138	0.18765	0.00808	0.00980	0.00995	0.00429	0.00487
41	0.02200	0.36306	0.02744	0.01384	0.01901	0.13656	0.01215	0.18347	0.02056	0.02550	0.01375	0.01519	0.01121	0.00732	0.00567	0.00178	0.00817	0.00502	0.09869	0.00962
42	0.01183	0.00713	0.00957	0.01058	0.01167	0.00657	0.00740	0.01336	0.01485	0.10151	0.03863	0.62962	0.04422	0.02101	0.00907	0.00288	0.00454	0.04182	0.00702	0.00671

[dist]
# distance from previous block
# <min> <max>
1	11

[block]
# block no. 12 follows, 28 sequences, length 32
# corresponding to MSA columns:
# 887-918
name=unknown_M
#
# <colnr> <probs for GDERKNQSTAVLIFYWHMCP>
#	G	D	E	R	K	N	Q	S	T	A	V	L	I	F	Y	W	H	M	C	P
0	0.28113	0.02489	0.31352	0.05193	0.09028	0.01683	0.07921	0.02221	0.01458	0.02618	0.01226	0.01497	0.00916	0.00676	0.00628	0.00229	0.00889	0.00533	0.00367	0.00963
1	0.02442	0.01726	0.01924	0.01529	0.02022	0.01890	0.01248	0.47719	0.06308	0.08891	0.06132	0.02207	0.01745	0.01452	0.08993	0.00331	0.00880	0.00724	0.00706	0.01129
2	0.01002	0.00714	0.00777	0.00777	0.00845	0.00679	0.00472	0.01053	0.01224	0.01564	0.03702	0.05380	0.21281	0.54248	0.02909	0.00577	0.00611	0.01190	0.00506	0.00489
3	0.01507	0.01292	0.01507	0.01077	0.01723	0.00969	0.00861	0.01830	0.01507	0.02369	0.01292	0.01507	0.01077	0.00538	0.00538	0.00108	0.00538	0.00431	0.00431	0.78898
4	0.00933	0.00653	0.00829	0.00951	0.00982	0.00622	0.00610	0.01025	0.01299	0.01731	0.03529	0.54717	0.04205	0.22361	0.01699	0.00409	0.00500	0.01786	0.00610	0.00549
5	0.01142	0.00891	0.01066	0.01142	0.01287	0.00929	0.00807	0.01805	0.20095	0.02185	0.03715	0.54148	0.04087	0.01918	0.00875	0.00282	0.00464	0.01720	0.00693	0.00746
6	0.01846	0.21966	0.02246	0.01414	0.01883	0.02105	0.01176	0.03393	0.49927	0.02671	0.02417	0.02282	0.01861	0.00885	0.00664	0.00221	0.00632	0.00701	0.00620	0.01090
7	0.01651	0.01363	0.01490	0.01334	0.01689	0.01524	0.01036	0.07129	0.46031	0.03102	0.21409	0.03408	0.03449	0.01118	0.00772	0.00240	0.00525	0.00949	0.00756	0.01027
8	0.01799	0.01727	0.02950	0.04462	0.69919	0.01727	0.02231	0.02231	0.01655	0.02375	0.01367	0.01799	0.01151	0.00648	0.00720	0.00216	0.00864	0.00648	0.00360	0.01151
9	0.01740	0.01652	0.02367	0.19642	0.32804	0.04667	0.01845	0.02625	0.20255	0.02413	0.01782	0.02065	0.01396	0.00765	0.00724	0.00229	0.00827	0.00688	0.00457	0.01057
10	0.01111	0.00886	0.01296	0.20901	0.02174	0.00936	0.01056	0.01474	0.01828	0.02522	0.44474	0.10810	0.05030	0.01348	0.00828	0.00239	0.00524	0.01198	0.00656	0.00711
11	0.01511	0.00819	0.00999	0.00918	0.01041	0.00792	0.00597	0.01584	0.01275	0.15683	0.02390	0.04176	0.02421	0.55283	0.06996	0.00632	0.00758	0.00974	0.00532	0.00617
12	0.01013	0.00660	0.00878	0.00964	0.01024	0.00625	0.00659	0.01038	0.01323	0.01745	0.06630	0.38056	0.10178	0.06325	0.01594	0.21515	0.00496	0.04189	0.00570	0.00518
13	0.02014	0.01395	0.02253	0.34268	0.21791	0.01493	0.01812	0.02428	0.01683	0.21077	0.01751	0.02049	0.01250	0.00753	0.00726	0.00230	0.00843	0.00670	0.00493	0.01021
14	0.41872	0.01450	0.01547	0.21030	0.02529	0.01686	0.01218	0.12759	0.01674	0.03033	0.01478	0.01730	0.03814	0.00771	0.00590	0.00229	0.00706	0.00555	0.00470	0.00859
15	0.01043	0.00722	0.00783	0.00768	0.00972	0.00651	0.00576	0.01313	0.01728	0.02428	0.22755	0.05380	0.33828	0.01469	0.00761	0.00220	0.00353	0.01237	0.22362	0.00651
16	0.01201	0.00737	0.00831	0.00815	0.00994	0.00680	0.00587	0.01425	0.01593	0.06478	0.13440	0.11606	0.21853	0.11705	0.01159	0.00290	0.00425	0.01200	0.22326	0.00654
17	0.01434	0.03073	0.51625	0.21727	0.03664	0.01668	0.02500	0.02178	0.01512	0.02178	0.01301	0.01647	0.00934	0.00701	0.00701	0.00234	0.01045	0.00567	0.00311	0.01000
18	0.23199	0.03105	0.51315	0.01761	0.02662	0.01672	0.02157	0.02256	0.01452	0.02569	0.01223	0.01436	0.00884	0.00686	0.00624	0.00229	0.00932	0.00497	0.00347	0.00994
19	0.01547	0.00801	0.01078	0.01090	0.01277	0.00723	0.00784	0.01716	0.01583	0.20935	0.03690	0.54082	0.03971	0.01894	0.00873	0.00276	0.00476	0.01695	0.00737	0.00770
20	0.01422	0.01054	0.01219	0.01170	0.01406	0.01074	0.00883	0.19550	0.02019	0.02654	0.03939	0.38104	0.14825	0.01794	0.00865	0.00268	0.00534	0.05750	0.00689	0.00779
