[name]
unknown

[dist]
# distance from previous block
# <min> <max>
0	17

[block]
# block no. 0 follows, 27 sequences, length 165
# corresponding to MSA columns:
# 19-50,52-184
name=unknown_A
#
# <colnr> <probs for GDERKNQSTAVLIFYWHMCP>
#	G	D	E	R	K	N	Q	S	T	A	V	L	I	F	Y	W	H	M	C	P
0	0.01914	0.01754	0.09102	0.01445	0.01928	0.08409	0.01274	0.10875	0.04498	0.10933	0.04628	0.09595	0.04415	0.01191	0.00776	0.00233	0.00740	0.11970	0.00616	0.13705
1	0.12382	0.01688	0.13518	0.12008	0.02338	0.01401	0.01389	0.06265	0.08667	0.05435	0.18979	0.02984	0.05341	0.01008	0.00730	0.00233	0.00682	0.00829	0.00580	0.03542
2	0.12486	0.01943	0.04963	0.04931	0.16649	0.06476	0.01519	0.22707	0.06411	0.03235	0.01541	0.01719	0.01181	0.00758	0.00674	0.00210	0.00804	0.00596	0.00529	0.10670
3	0.01815	0.01839	0.03091	0.06149	0.44192	0.04474	0.13324	0.02243	0.01636	0.02291	0.01346	0.01823	0.01126	0.00747	0.00985	0.00239	0.10555	0.00690	0.00362	0.01073
4	0.02210	0.01628	0.02346	0.01851	0.02302	0.01762	0.13673	0.13522	0.14616	0.17113	0.04413	0.04664	0.01816	0.01008	0.01076	0.00256	0.13201	0.00825	0.00641	0.01077
5	0.04578	0.37859	0.14519	0.01500	0.02129	0.11323	0.01490	0.04936	0.06155	0.02202	0.05825	0.01697	0.01453	0.00760	0.00596	0.00192	0.00867	0.00538	0.00410	0.00971
6	0.01217	0.01093	0.01091	0.01140	0.01288	0.10050	0.00803	0.01401	0.01624	0.02082	0.13376	0.48886	0.04457	0.01881	0.00874	0.00264	0.00548	0.01669	0.00652	0.05605
7	0.49039	0.11215	0.05825	0.01072	0.01545	0.01653	0.00964	0.02036	0.01458	0.02949	0.11374	0.02119	0.04611	0.00856	0.00556	0.00222	0.00595	0.00599	0.00494	0.00820
8	0.01985	0.74357	0.03890	0.01270	0.01905	0.02937	0.01270	0.02223	0.01508	0.01747	0.01032	0.01191	0.00953	0.00635	0.00476	0.00159	0.00794	0.00397	0.00318	0.00953
9	0.01320	0.00686	0.00715	0.00738	0.00893	0.00680	0.00542	0.01637	0.01539	0.02651	0.02645	0.12220	0.02305	0.01060	0.00576	0.00190	0.00357	0.00882	0.67685	0.00680
10	0.01402	0.01319	0.02227	0.72126	0.05113	0.01649	0.02062	0.01897	0.01484	0.01897	0.01319	0.01979	0.00990	0.00742	0.00742	0.00247	0.00990	0.00660	0.00330	0.00825
11	0.01080	0.00720	0.00810	0.00810	0.00810	0.00720	0.00450	0.01080	0.01080	0.01439	0.02339	0.04858	0.02699	0.73910	0.03779	0.00720	0.00720	0.01080	0.00450	0.00450
12	0.01061	0.00795	0.01193	0.01193	0.01326	0.00928	0.00928	0.01326	0.01193	0.01723	0.01988	0.02916	0.01856	0.05568	0.70968	0.01193	0.01988	0.00795	0.00398	0.00663
13	0.01489	0.03840	0.70064	0.02116	0.03213	0.01724	0.02743	0.02351	0.01567	0.02351	0.01332	0.01567	0.00940	0.00705	0.00705	0.00235	0.01097	0.00549	0.00313	0.01097
14	0.02005	0.02395	0.11557	0.07253	0.13313	0.14901	0.28346	0.02519	0.01794	0.06533	0.01477	0.01830	0.01115	0.00693	0.00778	0.00231	0.01137	0.00706	0.00400	0.01018
15	0.01784	0.01709	0.02916	0.12911	0.61345	0.01750	0.02252	0.02231	0.01665	0.02360	0.01387	0.01855	0.01153	0.00671	0.00736	0.00224	0.00895	0.00661	0.00363	0.01132
16	0.01076	0.00732	0.00874	0.00874	0.00896	0.00755	0.00530	0.01121	0.01099	0.01487	0.02280	0.04533	0.02558	0.62484	0.15012	0.00799	0.00932	0.01032	0.00441	0.00485
17	0.01539	0.01319	0.01539	0.01100	0.01759	0.00990	0.00880	0.01869	0.01539	0.02419	0.01319	0.01539	0.01100	0.00550	0.00550	0.00110	0.00550	0.00440	0.00440	0.78449
18	0.01785	0.12071	0.39072	0.02291	0.07850	0.08825	0.10890	0.04613	0.01714	0.02312	0.01320	0.01583	0.00997	0.00695	0.00700	0.00222	0.01079	0.00579	0.00348	0.01054
19	0.01340	0.01091	0.01316	0.01032	0.01494	0.00872	0.00806	0.01678	0.01769	0.02647	0.28905	0.03175	0.03510	0.00945	0.00683	0.00160	0.00468	0.00808	0.00594	0.46707
20	0.12075	0.26356	0.39373	0.01689	0.02551	0.02109	0.02006	0.02287	0.01507	0.02287	0.01195	0.01397	0.00926	0.00680	0.00598	0.00210	0.00929	0.00480	0.00334	0.01011
21	0.01792	0.46911	0.29645	0.01599	0.02414	0.02465	0.01843	0.02273	0.01531	0.01982	0.01149	0.01337	0.00948	0.00662	0.00565	0.00188	0.00912	0.00456	0.00316	0.01009
22	0.00957	0.00675	0.00869	0.00978	0.01030	0.00638	0.00645	0.01092	0.01447	0.01953	0.12426	0.51313	0.04770	0.15823	0.01476	0.00372	0.00475	0.01812	0.00661	0.00587
23	0.01005	0.00743	0.00939	0.00920	0.01089	0.00676	0.00678	0.01301	0.01948	0.02685	0.50934	0.14898	0.16071	0.01681	0.00886	0.00245	0.00365	0.01479	0.00781	0.00676
24	0.01271	0.01008	0.01622	0.01603	0.01851	0.00991	0.09943	0.01650	0.01715	0.02243	0.03606	0.07522	0.03852	0.01860	0.01005	0.00330	0.00760	0.55801	0.00642	0.00726
25	0.01422	0.00869	0.01129	0.01015	0.01260	0.00806	0.00778	0.01836	0.04867	0.12878	0.56356	0.04982	0.06041	0.01408	0.00851	0.00234	0.00402	0.01233	0.00830	0.00804
26	0.01755	0.01679	0.02864	0.17399	0.57084	0.01742	0.02237	0.02206	0.01651	0.02325	0.01382	0.01864	0.01141	0.00677	0.00736	0.00226	0.00902	0.00661	0.00360	0.01109
27	0.01051	0.00759	0.00992	0.00934	0.01109	0.00700	0.00700	0.01401	0.02101	0.02977	0.68888	0.05545	0.07005	0.01518	0.00876	0.00233	0.00350	0.01343	0.00817	0.00700
28	0.02514	0.03220	0.06600	0.02428	0.15084	0.53382	0.01678	0.02795	0.01991	0.01966	0.01207	0.01448	0.00997	0.00742	0.00684	0.00200	0.01237	0.00517	0.00375	0.00936
29	0.01674	0.01331	0.02162	0.58190	0.04481	0.01614	0.01904	0.02120	0.01548	0.10972	0.01513	0.02030	0.01102	0.00801	0.00851	0.00250	0.05494	0.00671	0.00408	0.00883
30	0.00877	0.00752	0.00752	0.00752	0.01003	0.00627	0.00564	0.01065	0.01692	0.02005	0.07520	0.07144	0.68978	0.01880	0.00877	0.00251	0.00376	0.01567	0.00689	0.00627
31	0.01820	0.02849	0.39830	0.02038	0.02896	0.01690	0.10781	0.02814	0.14275	0.10837	0.01873	0.01973	0.01328	0.00778	0.00743	0.00240	0.00963	0.00672	0.00481	0.01120
32	0.02220	0.36329	0.15736	0.01466	0.02147	0.04468	0.01497	0.04751	0.01773	0.17739	0.04221	0.01767	0.01403	0.00762	0.00614	0.00196	0.00816	0.00556	0.00492	0.01049
33	0.01281	0.01179	0.02137	0.01742	0.02100	0.01105	0.23038	0.01685	0.01814	0.02465	0.24393	0.13269	0.08289	0.01420	0.00907	0.00265	0.00717	0.10788	0.00624	0.00783
34	0.79154	0.01436	0.01091	0.00976	0.01436	0.01665	0.00804	0.02182	0.01263	0.03331	0.01034	0.01206	0.00804	0.00689	0.00459	0.00230	0.00574	0.00402	0.00459	0.00804
35	0.02560	0.01093	0.01476	0.01190	0.01629	0.00959	0.00959	0.02868	0.02117	0.47205	0.25227	0.03547	0.03584	0.01121	0.00790	0.00231	0.00537	0.00948	0.00884	0.01073
36	0.01064	0.00781	0.01120	0.01120	0.01228	0.00888	0.00837	0.01279	0.01172	0.01669	0.02055	0.03285	0.02016	0.18557	0.58198	0.01103	0.01747	0.00849	0.00408	0.00622
37	0.11499	0.00849	0.01006	0.00940	0.01153	0.00830	0.00714	0.01505	0.01989	0.03024	0.59811	0.04965	0.06175	0.01407	0.00820	0.00233	0.00380	0.01217	0.00769	0.00714
38	0.02692	0.02015	0.02154	0.01682	0.02252	0.02241	0.01379	0.58395	0.12112	0.04468	0.01948	0.01914	0.01397	0.00907	0.00744	0.00227	0.00786	0.00691	0.00744	0.01251
39	0.00900	0.00662	0.00845	0.00991	0.01066	0.00607	0.00670	0.01038	0.01462	0.01912	0.04609	0.63428	0.14574	0.02259	0.00937	0.00294	0.00422	0.02028	0.00689	0.00607
40	0.00904	0.00646	0.00861	0.01034	0.01077	0.00603	0.00689	0.01034	0.01421	0.01895	0.04092	0.73426	0.04910	0.02326	0.00948	0.00301	0.00431	0.02110	0.00689	0.00603
41	0.01489	0.03840	0.70064	0.02116	0.03213	0.01724	0.02743	0.02351	0.01567	0.02351	0.01332	0.01567	0.00940	0.00705	0.00705	0.00235	0.01097	0.00549	0.00313	0.01097
42	0.01061	0.00795	0.01193	0.01193	0.01326	0.00928	0.00928	0.01326	0.01193	0.01723	0.01988	0.02916	0.01856	0.05568	0.70968	0.01193	0.01988	0.00795	0.00398	0.00663
43	0.02538	0.24699	0.02638	0.01721	0.02179	0.50614	0.01385	0.02743	0.01926	0.01796	0.01113	0.01295	0.00955	0.00726	0.00612	0.00182	0.01176	0.00454	0.00363	0.00888
44	0.02238	0.43907	0.07693	0.01560	0.02135	0.27537	0.01429	0.02501	0.01728	0.01813	0.01094	0.01270	0.00953	0.00687	0.00562	0.00176	0.01012	0.00437	0.00341	0.00929
45	0.01166	0.00964	0.01415	0.25127	0.02583	0.01046	0.01301	0.01502	0.01591	0.02027	0.03752	0.14681	0.15546	0.01613	0.00891	0.00287	0.00695	0.22537	0.00566	0.00710
46	0.01506	0.03723	0.65885	0.02180	0.03255	0.01734	0.06804	0.02353	0.01579	0.02353	0.01343	0.01595	0.00952	0.00700	0.00716	0.00236	0.01107	0.00569	0.00317	0.01091
47	0.79154	0.01436	0.01091	0.00976	0.01436	0.01665	0.00804	0.02182	0.01263	0.03331	0.01034	0.01206	0.00804	0.00689	0.00459	0.00230	0.00574	0.00402	0.00459	0.00804
48	0.01098	0.00784	0.01083	0.01254	0.01382	0.00769	0.01025	0.01368	0.01612	0.02111	0.03985	0.30366	0.04488	0.02144	0.00999	0.00328	0.00598	0.43264	0.00685	0.00656
49	0.00877	0.00752	0.00752	0.00752	0.01003	0.00627	0.00564	0.01065	0.01692	0.02005	0.07520	0.07144	0.68978	0.01880	0.00877	0.00251	0.00376	0.01567	0.00689	0.00627
50	0.00904	0.00646	0.00861	0.01034	0.01077	0.00603	0.00689	0.01034	0.01421	0.01895	0.04092	0.73426	0.04910	0.02326	0.00948	0.00301	0.00431	0.02110	0.00689	0.00603
51	0.01183	0.00906	0.01326	0.01681	0.10444	0.00891	0.01170	0.01467	0.01609	0.02138	0.03646	0.29491	0.04074	0.01958	0.00960	0.00312	0.00625	0.34753	0.00643	0.00722
52	0.02816	0.02270	0.02212	0.01735	0.02301	0.11271	0.01414	0.58461	0.03309	0.04305	0.01699	0.01724	0.01222	0.00875	0.00733	0.00219	0.00885	0.00644	0.00696	0.01210
53	0.01489	0.03840	0.70064	0.02116	0.03213	0.01724	0.02743	0.02351	0.01567	0.02351	0.01332	0.01567	0.00940	0.00705	0.00705	0.00235	0.01097	0.00549	0.00313	0.01097
54	0.00904	0.00646	0.00861	0.01034	0.01077	0.00603	0.00689	0.01034	0.01421	0.01895	0.04092	0.73426	0.04910	0.02326	0.00948	0.00301	0.00431	0.02110	0.00689	0.00603
55	0.02822	0.02079	0.02228	0.01708	0.02302	0.02302	0.01411	0.66804	0.03490	0.04679	0.01782	0.01782	0.01262	0.00891	0.00743	0.00223	0.00817	0.00668	0.00743	0.01262
56	0.01837	0.01764	0.03013	0.04557	0.69279	0.01764	0.02278	0.02278	0.01690	0.02425	0.01396	0.01837	0.01176	0.00661	0.00735	0.00220	0.00882	0.00661	0.00367	0.01176
57	0.01380	0.01284	0.02148	0.67597	0.04858	0.01589	0.01975	0.01865	0.01524	0.01965	0.05618	0.02206	0.01372	0.00792	0.00751	0.00247	0.00949	0.00703	0.00361	0.00817
58	0.01402	0.01319	0.02227	0.72126	0.05113	0.01649	0.02062	0.01897	0.01484	0.01897	0.01319	0.01979	0.00990	0.00742	0.00742	0.00247	0.00990	0.00660	0.00330	0.00825
59	0.01035	0.00751	0.00928	0.00928	0.01021	0.00772	0.00633	0.01160	0.01234	0.01643	0.03205	0.04636	0.15011	0.37116	0.25942	0.00791	0.01083	0.01076	0.00478	0.00555
60	0.01402	0.01319	0.02227	0.72126	0.05113	0.01649	0.02062	0.01897	0.01484	0.01897	0.01319	0.01979	0.00990	0.00742	0.00742	0.00247	0.00990	0.00660	0.00330	0.00825
61	0.02822	0.02079	0.02228	0.01708	0.02302	0.02302	0.01411	0.66804	0.03490	0.04679	0.01782	0.01782	0.01262	0.00891	0.00743	0.00223	0.00817	0.00668	0.00743	0.01262
62	0.00992	0.00757	0.00911	0.00872	0.01073	0.00676	0.00654	0.01287	0.01963	0.02649	0.48141	0.06086	0.27956	0.01640	0.00876	0.00239	0.00359	0.01418	0.00774	0.00676
63	0.02773	0.03538	0.02104	0.01913	0.02295	0.70930	0.01434	0.02964	0.02104	0.01817	0.01148	0.01339	0.00956	0.00765	0.00669	0.00191	0.01339	0.00478	0.00383	0.00861
64	0.01810	0.01736	0.02963	0.08855	0.65197	0.01757	0.02265	0.02254	0.01677	0.02392	0.01391	0.01846	0.01164	0.00667	0.00735	0.00222	0.00889	0.00661	0.00365	0.01154
65	0.00904	0.00646	0.00861	0.01034	0.01077	0.00603	0.00689	0.01034	0.01421	0.01895	0.04092	0.73426	0.04910	0.02326	0.00948	0.00301	0.00431	0.02110	0.00689	0.00603
66	0.01120	0.00914	0.01009	0.00958	0.01215	0.00883	0.00726	0.01726	0.14421	0.02543	0.27412	0.05772	0.35348	0.01592	0.00854	0.00245	0.00408	0.01353	0.00745	0.00756
67	0.01607	0.01529	0.02598	0.40244	0.35389	0.01703	0.02164	0.02077	0.01582	0.02146	0.01356	0.01912	0.01078	0.00704	0.00739	0.00235	0.00939	0.00661	0.00348	0.00990
68	0.01028	0.00758	0.00961	0.00910	0.01095	0.00691	0.00683	0.01357	0.02048	0.02850	0.60868	0.05754	0.15104	0.01565	0.00876	0.00236	0.00354	0.01372	0.00801	0.00691
69	0.79154	0.01436	0.01091	0.00976	0.01436	0.01665	0.00804	0.02182	0.01263	0.03331	0.01034	0.01206	0.00804	0.00689	0.00459	0.00230	0.00574	0.00402	0.00459	0.00804
70	0.01402	0.01319	0.02227	0.72126	0.05113	0.01649	0.02062	0.01897	0.01484	0.01897	0.01319	0.01979	0.00990	0.00742	0.00742	0.00247	0.00990	0.00660	0.00330	0.00825
71	0.01397	0.01303	0.01831	0.06104	0.01872	0.01706	0.01351	0.01599	0.01342	0.01973	0.10674	0.15818	0.02530	0.01488	0.01837	0.00303	0.44633	0.01021	0.00460	0.00758
72	0.01489	0.03840	0.70064	0.02116	0.03213	0.01724	0.02743	0.02351	0.01567	0.02351	0.01332	0.01567	0.00940	0.00705	0.00705	0.00235	0.01097	0.00549	0.00313	0.01097
73	0.01095	0.00750	0.00952	0.00902	0.01076	0.00699	0.00676	0.01445	0.02029	0.02949	0.59996	0.05174	0.06322	0.01430	0.00828	0.00225	0.00350	0.01256	0.11146	0.00699
74	0.01140	0.00779	0.01021	0.00949	0.01140	0.00716	0.00716	0.01488	0.02102	0.05601	0.66298	0.05427	0.06802	0.01494	0.00871	0.00233	0.00361	0.01319	0.00821	0.00723
75	0.01026	0.00734	0.00994	0.01122	0.01231	0.00702	0.00854	0.01265	0.01643	0.02206	0.16355	0.39640	0.05103	0.02084	0.00959	0.00302	0.00497	0.21924	0.00712	0.00647
76	0.01051	0.00759	0.00992	0.00934	0.01109	0.00700	0.00700	0.01401	0.02101	0.02977	0.68888	0.05545	0.07005	0.01518	0.00876	0.00233	0.00350	0.01343	0.00817	0.00700
77	0.00924	0.00661	0.00879	0.01020	0.01081	0.00616	0.00691	0.01083	0.01512	0.02040	0.12760	0.64345	0.05190	0.02218	0.00938	0.00292	0.00420	0.02008	0.00706	0.00616
78	0.01402	0.01319	0.02227	0.72126	0.05113	0.01649	0.02062	0.01897	0.01484	0.01897	0.01319	0.01979	0.00990	0.00742	0.00742	0.00247	0.00990	0.00660	0.00330	0.00825
79	0.01051	0.00759	0.00992	0.00934	0.01109	0.00700	0.00700	0.01401	0.02101	0.02977	0.68888	0.05545	0.07005	0.01518	0.00876	0.00233	0.00350	0.01343	0.00817	0.00700
80	0.01985	0.74357	0.03890	0.01270	0.01905	0.02937	0.01270	0.02223	0.01508	0.01747	0.01032	0.01191	0.00953	0.00635	0.00476	0.00159	0.00794	0.00397	0.00318	0.00953
81	0.02078	0.01637	0.02007	0.01860	0.12135	0.05691	0.03795	0.12108	0.01987	0.11722	0.01857	0.01979	0.03892	0.00737	0.00666	0.00176	0.00721	0.00613	0.00543	0.33796
82	0.01702	0.01978	0.11309	0.02271	0.14782	0.11820	0.11332	0.02138	0.01856	0.05069	0.19888	0.07593	0.02959	0.01031	0.00795	0.00232	0.00851	0.00936	0.00529	0.00928
83	0.01837	0.01764	0.03013	0.04557	0.69279	0.01764	0.02278	0.02278	0.01690	0.02425	0.01396	0.01837	0.01176	0.00661	0.00735	0.00220	0.00882	0.00661	0.00367	0.01176
84	0.79154	0.01436	0.01091	0.00976	0.01436	0.01665	0.00804	0.02182	0.01263	0.03331	0.01034	0.01206	0.00804	0.00689	0.00459	0.00230	0.00574	0.00402	0.00459	0.00804
85	0.01061	0.00795	0.01193	0.01193	0.01326	0.00928	0.00928	0.01326	0.01193	0.01723	0.01988	0.02916	0.01856	0.05568	0.70968	0.01193	0.01988	0.00795	0.00398	0.00663
86	0.00877	0.00752	0.00752	0.00752	0.01003	0.00627	0.00564	0.01065	0.01692	0.02005	0.07520	0.07144	0.68978	0.01880	0.00877	0.00251	0.00376	0.01567	0.00689	0.00627
87	0.01985	0.74357	0.03890	0.01270	0.01905	0.02937	0.01270	0.02223	0.01508	0.01747	0.01032	0.01191	0.00953	0.00635	0.00476	0.00159	0.00794	0.00397	0.00318	0.00953
88	0.00904	0.00646	0.00861	0.01034	0.01077	0.00603	0.00689	0.01034	0.01421	0.01895	0.04092	0.73426	0.04910	0.02326	0.00948	0.00301	0.00431	0.02110	0.00689	0.00603
89	0.02822	0.02079	0.02228	0.01708	0.02302	0.02302	0.01411	0.66804	0.03490	0.04679	0.01782	0.01782	0.01262	0.00891	0.00743	0.00223	0.00817	0.00668	0.00743	0.01262
90	0.01837	0.01764	0.03013	0.04557	0.69279	0.01764	0.02278	0.02278	0.01690	0.02425	0.01396	0.01837	0.01176	0.00661	0.00735	0.00220	0.00882	0.00661	0.00367	0.01176
91	0.01477	0.01396	0.02362	0.60521	0.16133	0.01669	0.02099	0.01962	0.01520	0.01988	0.01333	0.01955	0.01022	0.00728	0.00741	0.00243	0.00971	0.00660	0.00336	0.00885
92	0.01402	0.01319	0.02227	0.72126	0.05113	0.01649	0.02062	0.01897	0.01484	0.01897	0.01319	0.01979	0.00990	0.00742	0.00742	0.00247	0.00990	0.00660	0.00330	0.00825
93	0.01051	0.00759	0.00992	0.00934	0.01109	0.00700	0.00700	0.01401	0.02101	0.02977	0.68888	0.05545	0.07005	0.01518	0.00876	0.00233	0.00350	0.01343	0.00817	0.00700
94	0.02685	0.02293	0.02133	0.01721	0.02252	0.15286	0.01385	0.46456	0.11649	0.03929	0.01824	0.01827	0.01335	0.00882	0.00730	0.00221	0.00886	0.00655	0.00676	0.01175
95	0.01454	0.01229	0.01449	0.01091	0.01668	0.00938	0.00854	0.01757	0.01524	0.02349	0.01690	0.11156	0.01609	0.00787	0.00603	0.00136	0.00534	0.00663	0.00473	0.68035
96	0.01561	0.06296	0.57352	0.02451	0.13127	0.01778	0.02615	0.02335	0.01584	0.02338	0.01330	0.01593	0.00976	0.00696	0.00701	0.00230	0.01053	0.00560	0.00322	0.01103
97	0.01985	0.74357	0.03890	0.01270	0.01905	0.02937	0.01270	0.02223	0.01508	0.01747	0.01032	0.01191	0.00953	0.00635	0.00476	0.00159	0.00794	0.00397	0.00318	0.00953
98	0.00910	0.00753	0.00798	0.00787	0.01023	0.00641	0.00590	0.01129	0.01770	0.02190	0.19184	0.06841	0.57200	0.01811	0.00877	0.00247	0.00371	0.01524	0.00714	0.00641
99	0.01429	0.01423	0.14209	0.01269	0.01677	0.00959	0.01213	0.01826	0.01817	0.11421	0.20402	0.09230	0.15041	0.01496	0.00859	0.00261	0.00603	0.13356	0.00680	0.00830
100	0.01648	0.01549	0.02609	0.14092	0.50653	0.01592	0.02034	0.02055	0.01624	0.02276	0.01746	0.11435	0.01648	0.00896	0.00764	0.00235	0.00838	0.00855	0.00405	0.01047
101	0.01384	0.00692	0.00692	0.00692	0.00865	0.00692	0.00519	0.01730	0.01557	0.02768	0.02422	0.02768	0.01903	0.00865	0.00519	0.00173	0.00346	0.00692	0.78031	0.00692
102	0.01489	0.03840	0.70064	0.02116	0.03213	0.01724	0.02743	0.02351	0.01567	0.02351	0.01332	0.01567	0.00940	0.00705	0.00705	0.00235	0.01097	0.00549	0.00313	0.01097
103	0.01555	0.13273	0.61212	0.02003	0.03038	0.01886	0.02546	0.02334	0.01559	0.02270	0.01292	0.01517	0.00942	0.00696	0.00675	0.00225	0.01057	0.00528	0.00314	0.01078
104	0.01660	0.01595	0.02639	0.26701	0.37721	0.01803	0.02107	0.02077	0.01538	0.02153	0.01307	0.01853	0.01083	0.00785	0.00994	0.00245	0.11728	0.00659	0.00348	0.01004
105	0.01074	0.00741	0.00919	0.00919	0.00957	0.00779	0.00586	0.01150	0.01112	0.01521	0.02239	0.04303	0.02458	0.54374	0.22985	0.00855	0.01082	0.00998	0.00435	0.00511
106	0.02700	0.01988	0.02141	0.01665	0.02224	0.02194	0.01365	0.62620	0.03359	0.04502	0.01929	0.06340	0.01495	0.00982	0.00756	0.00228	0.00792	0.00760	0.00739	0.01221
107	0.01837	0.01764	0.03013	0.04557	0.69279	0.01764	0.02278	0.02278	0.01690	0.02425	0.01396	0.01837	0.01176	0.00661	0.00735	0.00220	0.00882	0.00661	0.00367	0.01176
108	0.02581	0.01737	0.01964	0.01591	0.02102	0.01864	0.01327	0.45918	0.02969	0.12952	0.02345	0.03135	0.01912	0.01115	0.00797	0.00246	0.00767	0.12769	0.00755	0.01153
109	0.01837	0.01764	0.03013	0.04557	0.69279	0.01764	0.02278	0.02278	0.01690	0.02425	0.01396	0.01837	0.01176	0.00661	0.00735	0.00220	0.00882	0.00661	0.00367	0.01176
110	0.01819	0.01745	0.02980	0.07392	0.66587	0.01759	0.02269	0.02262	0.01682	0.02403	0.01393	0.01843	0.01168	0.00665	0.00735	0.00222	0.00886	0.00661	0.00366	0.01161
111	0.01051	0.00759	0.00992	0.00934	0.01109	0.00700	0.00700	0.01401	0.02101	0.02977	0.68888	0.05545	0.07005	0.01518	0.00876	0.00233	0.00350	0.01343	0.00817	0.00700
112	0.01534	0.01517	0.02350	0.01963	0.02089	0.01965	0.10182	0.01778	0.01230	0.01854	0.01238	0.01920	0.01162	0.02020	0.15253	0.00480	0.49602	0.00708	0.00345	0.00809
113	0.01752	0.02003	0.04380	0.03129	0.03880	0.01877	0.66583	0.02378	0.01752	0.02378	0.01502	0.02003	0.01126	0.00626	0.00876	0.00250	0.01252	0.00876	0.00375	0.01001
114	0.01846	0.01595	0.01679	0.01511	0.01930	0.01846	0.01175	0.03945	0.67938	0.03105	0.03022	0.02770	0.02266	0.01007	0.00755	0.00252	0.00588	0.00839	0.00755	0.01175
115	0.01016	0.00757	0.00945	0.00898	0.01088	0.00686	0.00674	0.01335	0.02021	0.02785	0.56774	0.05861	0.19238	0.01589	0.00876	0.00237	0.00355	0.01387	0.00792	0.00686
116	0.01489	0.01461	0.02219	0.67659	0.04934	0.06057	0.02022	0.01965	0.01524	0.01892	0.01309	0.01938	0.00987	0.00744	0.00738	0.00244	0.01012	0.00648	0.00333	0.00827
117	0.01624	0.01624	0.02274	0.01949	0.01949	0.02274	0.01624	0.01787	0.01137	0.01787	0.00975	0.01624	0.00975	0.01299	0.02436	0.00325	0.72552	0.00650	0.00325	0.00812
118	0.01178	0.00802	0.00943	0.00881	0.01130	0.00701	0.00670	0.01443	0.01903	0.08722	0.32748	0.06046	0.36820	0.01639	0.00864	0.00242	0.00389	0.01397	0.00764	0.00717
119	0.03331	0.01263	0.01723	0.01321	0.01895	0.01091	0.01091	0.03618	0.02125	0.69794	0.02929	0.02527	0.01838	0.00919	0.00747	0.00230	0.00632	0.00747	0.00919	0.01263
120	0.01963	0.01904	0.04025	0.02887	0.03614	0.01772	0.57822	0.02544	0.01802	0.11396	0.01693	0.02073	0.01222	0.00665	0.00859	0.00248	0.01169	0.00859	0.00448	0.01036
121	0.01794	0.01696	0.02755	0.11014	0.53751	0.01763	0.02109	0.02462	0.10532	0.02463	0.01606	0.01976	0.01303	0.00716	0.00738	0.00227	0.00853	0.00685	0.00416	0.01140
122	0.01599	0.02046	0.14951	0.01826	0.02059	0.06329	0.01668	0.01874	0.01273	0.01849	0.01236	0.02028	0.01198	0.10866	0.02174	0.00352	0.44831	0.00677	0.00343	0.00821
123	0.51686	0.06945	0.01575	0.01269	0.01718	0.21961	0.01019	0.02413	0.01525	0.02783	0.01067	0.01244	0.00858	0.00708	0.00522	0.00214	0.00812	0.00424	0.00427	0.00830
124	0.01008	0.00781	0.00939	0.01003	0.01204	0.00712	0.00806	0.01262	0.01723	0.02175	0.12519	0.11818	0.35767	0.01931	0.00933	0.00284	0.00483	0.23298	0.00701	0.00653
125	0.02236	0.01807	0.02207	0.02221	0.17327	0.01891	0.01483	0.31784	0.12476	0.03551	0.01804	0.01903	0.01367	0.00799	0.00710	0.00208	0.00752	0.00654	0.00609	0.14212
126	0.01051	0.00759	0.00992	0.00934	0.01109	0.00700	0.00700	0.01401	0.02101	0.02977	0.68888	0.05545	0.07005	0.01518	0.00876	0.00233	0.00350	0.01343	0.00817	0.00700
127	0.01550	0.12559	0.61882	0.02011	0.03051	0.01874	0.02561	0.02335	0.01560	0.02276	0.01295	0.01521	0.00942	0.00697	0.00677	0.00226	0.01060	0.00530	0.00314	0.01079
128	0.01558	0.14991	0.50209	0.11344	0.03254	0.01912	0.02412	0.02269	0.01547	0.02192	0.01282	0.01561	0.00949	0.00699	0.00673	0.00224	0.01033	0.00539	0.00316	0.01037
129	0.00904	0.00646	0.00861	0.01034	0.01077	0.00603	0.00689	0.01034	0.01421	0.01895	0.04092	0.73426	0.04910	0.02326	0.00948	0.00301	0.00431	0.02110	0.00689	0.00603
130	0.02782	0.03261	0.02127	0.01874	0.02296	0.57887	0.01430	0.15098	0.02367	0.02361	0.01268	0.01423	0.01014	0.00789	0.00683	0.00197	0.01240	0.00514	0.00451	0.00937
131	0.01435	0.02047	0.21612	0.44859	0.08636	0.01638	0.02212	0.02019	0.01530	0.02066	0.01572	0.02055	0.03657	0.00771	0.00736	0.00242	0.00989	0.00664	0.00342	0.00918
132	0.01710	0.01514	0.06457	0.02287	0.23004	0.01364	0.01449	0.12425	0.01995	0.06951	0.07613	0.12686	0.14955	0.01229	0.00800	0.00240	0.00678	0.01072	0.00594	0.00978
133	0.01303	0.00758	0.00883	0.00869	0.01069	0.00699	0.00645	0.01573	0.01709	0.08431	0.16143	0.17556	0.16657	0.01469	0.00758	0.00229	0.00394	0.01260	0.26880	0.00714
134	0.00962	0.00807	0.00843	0.00825	0.01076	0.00714	0.00621	0.01293	0.05961	0.02205	0.15443	0.06652	0.56444	0.01776	0.00869	0.00248	0.00386	0.01490	0.00711	0.00671
135	0.01289	0.00645	0.00967	0.00967	0.00967	0.00645	0.00645	0.00967	0.00967	0.01289	0.01289	0.02257	0.01289	0.02579	0.02901	0.78401	0.00645	0.00645	0.00322	0.00322
136	0.01539	0.01319	0.01539	0.01100	0.01759	0.00990	0.00880	0.01869	0.01539	0.02419	0.01319	0.01539	0.01100	0.00550	0.00550	0.00110	0.00550	0.00440	0.00440	0.78449
137	0.00904	0.00646	0.00861	0.01034	0.01077	0.00603	0.00689	0.01034	0.01421	0.01895	0.04092	0.73426	0.04910	0.02326	0.00948	0.00301	0.00431	0.02110	0.00689	0.00603
138	0.01260	0.01114	0.01825	0.01596	0.01786	0.01311	0.09843	0.01554	0.01257	0.01823	0.01731	0.02549	0.01591	0.04095	0.48567	0.00902	0.15301	0.00778	0.00381	0.00736
139	0.01688	0.01669	0.02889	0.19724	0.34212	0.01838	0.10750	0.02120	0.01558	0.02188	0.01322	0.01857	0.01092	0.00782	0.01041	0.00248	0.12973	0.00688	0.00353	0.01009
140	0.01805	0.01622	0.02603	0.22164	0.41010	0.01736	0.02044	0.04540	0.08160	0.04701	0.01599	0.01988	0.01257	0.00733	0.00740	0.00231	0.00871	0.00681	0.00426	0.01088
141	0.01061	0.00795	0.01193	0.01193	0.01326	0.00928	0.00928	0.01326	0.01193	0.01723	0.01988	0.02916	0.01856	0.05568	0.70968	0.01193	0.01988	0.00795	0.00398	0.00663
142	0.42554	0.01431	0.01406	0.01162	0.01620	0.01548	0.00949	0.02095	0.03625	0.02840	0.01181	0.01417	0.00967	0.00739	0.00761	0.00207	0.10196	0.00462	0.00446	0.24395
143	0.01782	0.01783	0.02259	0.01930	0.01996	0.06874	0.01597	0.06239	0.01360	0.01983	0.01040	0.01616	0.00993	0.01236	0.02204	0.00309	0.62957	0.00639	0.00357	0.00846
144	0.03026	0.01196	0.01625	0.01269	0.01790	0.01039	0.01039	0.03321	0.02122	0.60855	0.11752	0.02931	0.02529	0.00999	0.00764	0.00230	0.00594	0.00826	0.00905	0.01188
145	0.00916	0.00651	0.00858	0.01019	0.01060	0.00610	0.00674	0.01037	0.01400	0.01866	0.03980	0.69064	0.04769	0.06880	0.01128	0.00328	0.00449	0.02045	0.00674	0.00593
146	0.01985	0.74357	0.03890	0.01270	0.01905	0.02937	0.01270	0.02223	0.01508	0.01747	0.01032	0.01191	0.00953	0.00635	0.00476	0.00159	0.00794	0.00397	0.00318	0.00953
147	0.03331	0.01263	0.01723	0.01321	0.01895	0.01091	0.01091	0.03618	0.02125	0.69794	0.02929	0.02527	0.01838	0.00919	0.00747	0.00230	0.00632	0.00747	0.00919	0.01263
148	0.00939	0.00664	0.00868	0.01017	0.01059	0.00628	0.00677	0.01060	0.01387	0.01847	0.03851	0.61706	0.04589	0.11891	0.01329	0.00359	0.00479	0.04408	0.00657	0.00586
149	0.01837	0.01764	0.03013	0.04557	0.69279	0.01764	0.02278	0.02278	0.01690	0.02425	0.01396	0.01837	0.01176	0.00661	0.00735	0.00220	0.00882	0.00661	0.00367	0.01176
150	0.01489	0.03840	0.70064	0.02116	0.03213	0.01724	0.02743	0.02351	0.01567	0.02351	0.01332	0.01567	0.00940	0.00705	0.00705	0.00235	0.01097	0.00549	0.00313	0.01097
151	0.03331	0.01263	0.01723	0.01321	0.01895	0.01091	0.01091	0.03618	0.02125	0.69794	0.02929	0.02527	0.01838	0.00919	0.00747	0.00230	0.00632	0.00747	0.00919	0.01263
152	0.03012	0.01334	0.01713	0.01362	0.01903	0.01253	0.01109	0.03688	0.16239	0.55492	0.02949	0.02579	0.01930	0.00938	0.00748	0.00234	0.00622	0.00766	0.00884	0.01244
153	0.01359	0.00949	0.01300	0.01201	0.01479	0.00882	0.05041	0.03814	0.01887	0.08964	0.19723	0.08909	0.22384	0.01651	0.00900	0.00269	0.00546	0.17258	0.00722	0.00764
154	0.02604	0.03264	0.02119	0.10594	0.02643	0.62364	0.01512	0.02832	0.02027	0.01827	0.01169	0.01418	0.00960	0.00762	0.00678	0.00198	0.01296	0.00501	0.00376	0.00856
155	0.01757	0.01643	0.01861	0.01767	0.12854	0.08272	0.01182	0.04248	0.01688	0.02435	0.01330	0.01576	0.01103	0.00601	0.00599	0.00140	0.00693	0.00488	0.00432	0.55330
156	0.09580	0.24185	0.32417	0.01865	0.02692	0.02102	0.10598	0.02351	0.03704	0.02300	0.01291	0.01516	0.00998	0.00682	0.00637	0.00215	0.00958	0.00542	0.00352	0.01014
157	0.02505	0.02519	0.21938	0.01657	0.02321	0.17420	0.01626	0.02934	0.01928	0.29915	0.02330	0.02256	0.05545	0.00880	0.00725	0.00224	0.00917	0.00677	0.00602	0.01081
158	0.01028	0.00761	0.00960	0.00919	0.01107	0.00694	0.00695	0.01351	0.02022	0.02794	0.56709	0.05902	0.16950	0.01595	0.00881	0.00240	0.00366	0.03546	0.00792	0.00688
159	0.01046	0.00706	0.00820	0.00852	0.00860	0.00698	0.00495	0.01071	0.01145	0.01526	0.02672	0.17890	0.03119	0.60305	0.03240	0.00640	0.00665	0.01275	0.00495	0.00479
160	0.16826	0.01814	0.06649	0.02940	0.34891	0.01731	0.01765	0.11062	0.01896	0.11224	0.01564	0.01778	0.01184	0.00732	0.00683	0.00225	0.00798	0.00616	0.00500	0.01123
161	0.34041	0.07226	0.18969	0.01536	0.02096	0.10899	0.01516	0.02277	0.01449	0.02573	0.01116	0.01369	0.00891	0.00781	0.00814	0.00234	0.10449	0.00482	0.00385	0.00896
162	0.00971	0.00705	0.00873	0.00955	0.01047	0.00658	0.00657	0.01128	0.01507	0.01991	0.12951	0.36938	0.14714	0.15736	0.01470	0.00366	0.00482	0.05595	0.00660	0.00596
163	0.01852	0.25173	0.17285	0.01740	0.02466	0.04768	0.10264	0.06690	0.05932	0.02358	0.01388	0.01584	0.01102	0.00680	0.00634	0.00190	0.00888	0.00550	0.00404	0.14050
164	0.00997	0.00793	0.00924	0.00917	0.01142	0.00676	0.00666	0.01204	0.01630	0.02143	0.13106	0.28876	0.30313	0.01810	0.00857	0.00247	0.00415	0.01574	0.00672	0.11038

[dist]
# distance from previous block
# <min> <max>
0	3

[block]
# block no. 1 follows, 27 sequences, length 47
# corresponding to MSA columns:
# 188-234
name=unknown_B
#
# <colnr> <probs for GDERKNQSTAVLIFYWHMCP>
#	G	D	E	R	K	N	Q	S	T	A	V	L	I	F	Y	W	H	M	C	P
0	0.02255	0.13709	0.02201	0.01490	0.04276	0.06264	0.01193	0.16804	0.06130	0.12135	0.01692	0.01744	0.01278	0.00736	0.00634	0.00177	0.00726	0.00560	0.00566	0.25427
1	0.01933	0.10943	0.21118	0.01826	0.02558	0.06160	0.12440	0.02490	0.03848	0.11770	0.04649	0.01929	0.01442	0.00739	0.00695	0.00206	0.00901	0.00636	0.00471	0.13247
2	0.11892	0.12255	0.36229	0.01749	0.02572	0.05054	0.01965	0.11449	0.01846	0.06455	0.01399	0.01545	0.01020	0.00735	0.00650	0.00221	0.00936	0.00535	0.00430	0.01062
3	0.01003	0.00753	0.00929	0.00894	0.01082	0.00679	0.00667	0.01306	0.01976	0.02701	0.51580	0.08634	0.21792	0.01637	0.00879	0.00240	0.00360	0.01427	0.00781	0.00679
4	0.01357	0.01239	0.01843	0.14562	0.25037	0.01260	0.01450	0.01793	0.05076	0.02249	0.08128	0.04106	0.26542	0.01198	0.00799	0.00239	0.00665	0.01048	0.00529	0.00881
5	0.01925	0.36732	0.16922	0.02160	0.13445	0.09200	0.05723	0.02341	0.01624	0.02026	0.01193	0.01437	0.00998	0.00666	0.00609	0.00193	0.00952	0.00508	0.00335	0.01012
6	0.02982	0.01823	0.02069	0.01586	0.02174	0.01922	0.01311	0.46952	0.03061	0.25137	0.02143	0.02016	0.01443	0.00900	0.00744	0.00225	0.00759	0.00693	0.00798	0.01263
7	0.00922	0.00667	0.00872	0.01004	0.01076	0.00617	0.00683	0.01083	0.01525	0.02041	0.12636	0.60661	0.09077	0.02195	0.00934	0.00290	0.00417	0.01979	0.00706	0.00617
8	0.00905	0.00727	0.00811	0.00872	0.01057	0.00634	0.00639	0.01085	0.01614	0.01986	0.06302	0.26551	0.46356	0.02020	0.00907	0.00271	0.00411	0.05541	0.00689	0.00623
9	0.02204	0.02089	0.10491	0.06628	0.03219	0.06186	0.32261	0.06265	0.01924	0.18473	0.01804	0.02023	0.01264	0.00735	0.00798	0.00238	0.01053	0.00759	0.00516	0.01069
10	0.01985	0.74357	0.03890	0.01270	0.01905	0.02937	0.01270	0.02223	0.01508	0.01747	0.01032	0.01191	0.00953	0.00635	0.00476	0.00159	0.00794	0.00397	0.00318	0.00953
11	0.00897	0.00753	0.00779	0.00772	0.01015	0.00635	0.00579	0.01103	0.01738	0.02114	0.14398	0.06965	0.62033	0.01839	0.00877	0.00249	0.00373	0.01542	0.00704	0.00635
12	0.01774	0.01985	0.06409	0.03618	0.28042	0.01829	0.40338	0.02340	0.01722	0.02394	0.01456	0.01925	0.01138	0.00642	0.00817	0.00239	0.01109	0.00784	0.00370	0.01070
13	0.00992	0.00699	0.00915	0.01055	0.01115	0.00672	0.00741	0.01138	0.01412	0.01872	0.03736	0.48378	0.04379	0.15555	0.01488	0.00387	0.00532	0.13700	0.00644	0.00590
14	0.01402	0.01319	0.02227	0.72126	0.05113	0.01649	0.02062	0.01897	0.01484	0.01897	0.01319	0.01979	0.00990	0.00742	0.00742	0.00247	0.00990	0.00660	0.00330	0.00825
15	0.00904	0.00646	0.00861	0.01034	0.01077	0.00603	0.00689	0.01034	0.01421	0.01895	0.04092	0.73426	0.04910	0.02326	0.00948	0.00301	0.00431	0.02110	0.00689	0.00603
16	0.02501	0.01567	0.01798	0.01452	0.01944	0.01650	0.01173	0.26477	0.17362	0.21943	0.11534	0.02721	0.02429	0.01010	0.00765	0.00233	0.00651	0.00820	0.00804	0.01166
17	0.01718	0.01314	0.01558	0.01122	0.01773	0.01000	0.00901	0.02043	0.01598	0.09123	0.01480	0.01638	0.01173	0.00587	0.00569	0.00122	0.00558	0.00470	0.00487	0.70769
18	0.01890	0.02012	0.04104	0.02946	0.03677	0.01932	0.58199	0.10666	0.01976	0.02674	0.01538	0.01974	0.01144	0.00660	0.00859	0.00247	0.01196	0.00849	0.00423	0.01035
19	0.02651	0.01319	0.02068	0.01571	0.02124	0.01165	0.13162	0.02990	0.01999	0.46486	0.05307	0.03117	0.10504	0.01007	0.00791	0.00236	0.00705	0.00895	0.00785	0.01115
20	0.00904	0.00646	0.00861	0.01034	0.01077	0.00603	0.00689	0.01034	0.01421	0.01895	0.04092	0.73426	0.04910	0.02326	0.00948	0.00301	0.00431	0.02110	0.00689	0.00603
21	0.01838	0.01757	0.02963	0.04441	0.66725	0.01767	0.02236	0.02342	0.04203	0.02451	0.01458	0.01873	0.01217	0.00675	0.00736	0.00222	0.00871	0.00668	0.00382	0.01176
22	0.00901	0.00660	0.00847	0.00997	0.01067	0.00606	0.00673	0.01038	0.01456	0.01909	0.04533	0.64899	0.13152	0.02268	0.00939	0.00295	0.00424	0.02040	0.00689	0.00606
23	0.01433	0.01351	0.02283	0.67316	0.09681	0.01658	0.02077	0.01924	0.01499	0.01934	0.01325	0.01969	0.01003	0.00736	0.00742	0.00245	0.00982	0.00660	0.00333	0.00850
24	0.14299	0.01064	0.01225	0.01026	0.01421	0.01020	0.00825	0.02622	0.01788	0.32590	0.05442	0.02544	0.01935	0.00891	0.00627	0.00210	0.00508	0.00701	0.28298	0.00963
25	0.01677	0.01508	0.02109	0.42901	0.07899	0.05191	0.01808	0.10846	0.03824	0.02386	0.01791	0.02819	0.01529	0.00948	0.00778	0.00253	0.00923	0.09461	0.00453	0.00899
26	0.00969	0.00745	0.00780	0.00772	0.01001	0.00646	0.00579	0.01201	0.01736	0.02249	0.16064	0.06342	0.51059	0.01695	0.00831	0.00238	0.00368	0.01421	0.10658	0.00646
27	0.01854	0.51791	0.12103	0.01505	0.02082	0.02658	0.01525	0.02158	0.01447	0.01832	0.01060	0.01320	0.00955	0.00767	0.00869	0.00199	0.14146	0.00463	0.00318	0.00945
28	0.01051	0.00759	0.00992	0.00934	0.01109	0.00700	0.00700	0.01401	0.02101	0.02977	0.68888	0.05545	0.07005	0.01518	0.00876	0.00233	0.00350	0.01343	0.00817	0.00700
29	0.01504	0.00838	0.01078	0.01011	0.01120	0.00867	0.00720	0.09578	0.01401	0.02000	0.01563	0.02290	0.01400	0.02044	0.02182	0.53830	0.00611	0.00657	0.14794	0.00512
30	0.01384	0.00692	0.00692	0.00692	0.00865	0.00692	0.00519	0.01730	0.01557	0.02768	0.02422	0.02768	0.01903	0.00865	0.00519	0.00173	0.00346	0.00692	0.78031	0.00692
31	0.01360	0.00889	0.00970	0.00903	0.01012	0.00918	0.00586	0.09656	0.01478	0.02103	0.02283	0.04075	0.02366	0.50964	0.02783	0.00554	0.00663	0.00955	0.14881	0.00599
32	0.71559	0.01500	0.01204	0.01049	0.01522	0.01729	0.00864	0.08612	0.01485	0.03465	0.01108	0.01263	0.00850	0.00709	0.00488	0.00229	0.00598	0.00428	0.00488	0.00850
33	0.01319	0.01092	0.01523	0.01542	0.09212	0.01045	0.01064	0.01628	0.01373	0.02051	0.01683	0.02303	0.01509	0.03223	0.37905	0.00697	0.01350	0.00654	0.00409	0.28416
34	0.01718	0.34688	0.33705	0.05387	0.02772	0.02264	0.05671	0.02273	0.01548	0.02063	0.01209	0.01447	0.00959	0.00672	0.00616	0.00203	0.00967	0.00506	0.00320	0.01014
35	0.79154	0.01436	0.01091	0.00976	0.01436	0.01665	0.00804	0.02182	0.01263	0.03331	0.01034	0.01206	0.00804	0.00689	0.00459	0.00230	0.00574	0.00402	0.00459	0.00804
36	0.00921	0.00754	0.00812	0.00798	0.01029	0.00645	0.00598	0.01149	0.01795	0.02249	0.22890	0.06744	0.53457	0.01789	0.00877	0.00246	0.00370	0.01511	0.00721	0.00645
37	0.01979	0.48535	0.18806	0.01552	0.02258	0.11940	0.01630	0.02353	0.01603	0.01895	0.01117	0.01297	0.00950	0.00669	0.00555	0.00181	0.00938	0.00443	0.00325	0.00973
38	0.03331	0.01263	0.01723	0.01321	0.01895	0.01091	0.01091	0.03618	0.02125	0.69794	0.02929	0.02527	0.01838	0.00919	0.00747	0.00230	0.00632	0.00747	0.00919	0.01263
39	0.01051	0.00759	0.00992	0.00934	0.01109	0.00700	0.00700	0.01401	0.02101	0.02977	0.68888	0.05545	0.07005	0.01518	0.00876	0.00233	0.00350	0.01343	0.00817	0.00700
40	0.01757	0.01681	0.02867	0.17093	0.57374	0.01743	0.02238	0.02208	0.01652	0.02327	0.01382	0.01864	0.01141	0.00676	0.00736	0.00225	0.00902	0.00661	0.00360	0.01111
41	0.02102	0.06468	0.16057	0.04390	0.02294	0.06513	0.01614	0.04503	0.06051	0.18600	0.02013	0.04509	0.01620	0.01038	0.01056	0.00254	0.14145	0.05212	0.00547	0.01015
42	0.03261	0.01375	0.01792	0.01374	0.01951	0.01256	0.01135	0.12242	0.02311	0.60906	0.02772	0.02425	0.01759	0.00915	0.00746	0.00229	0.00657	0.00736	0.00895	0.01263
43	0.00899	0.00666	0.00841	0.00981	0.01063	0.00607	0.00666	0.01040	0.01472	0.01916	0.04728	0.61128	0.16797	0.02243	0.00935	0.00292	0.00421	0.02010	0.00689	0.00607
44	0.07092	0.01390	0.01954	0.04675	0.14431	0.01411	0.08669	0.10415	0.06224	0.02656	0.03666	0.04068	0.22773	0.01211	0.00802	0.00247	0.00703	0.06124	0.00575	0.00915
45	0.02209	0.01450	0.02365	0.02562	0.23681	0.01414	0.09689	0.02572	0.01778	0.25079	0.02191	0.07949	0.01734	0.00934	0.00867	0.00237	0.05316	0.00836	0.06059	0.01080
46	0.52089	0.05119	0.01427	0.01096	0.01600	0.01555	0.00915	0.02622	0.01539	0.23508	0.01611	0.01608	0.01127	0.00756	0.00548	0.00226	0.00603	0.00507	0.00592	0.00952

[dist]
# distance from previous block
# <min> <max>
6	34

[block]
# block no. 2 follows, 27 sequences, length 58
# corresponding to MSA columns:
# 269-326
name=unknown_C
#
# <colnr> <probs for GDERKNQSTAVLIFYWHMCP>
#	G	D	E	R	K	N	Q	S	T	A	V	L	I	F	Y	W	H	M	C	P
0	0.00921	0.00754	0.00812	0.00797	0.01029	0.00645	0.00598	0.01149	0.01794	0.02248	0.22831	0.06745	0.53516	0.01790	0.00877	0.00246	0.00370	0.01511	0.00721	0.00645
1	0.02491	0.02365	0.02687	0.02095	0.02661	0.20176	0.18288	0.25355	0.07160	0.06791	0.01693	0.01833	0.01249	0.00799	0.00759	0.00224	0.01041	0.00689	0.00563	0.01083
2	0.00987	0.00756	0.00904	0.00867	0.01070	0.00673	0.00650	0.01277	0.01950	0.02618	0.46230	0.06136	0.29887	0.01651	0.00876	0.00240	0.00360	0.01425	0.00770	0.00673
3	0.01699	0.01623	0.02763	0.26023	0.48894	0.01727	0.02209	0.02157	0.01625	0.02257	0.01372	0.01882	0.01117	0.00687	0.00737	0.00229	0.00916	0.00661	0.00356	0.01064
4	0.00938	0.00660	0.00852	0.00991	0.01026	0.00625	0.00644	0.01042	0.01357	0.01809	0.03760	0.60454	0.04492	0.15868	0.01483	0.00381	0.00485	0.01915	0.00644	0.00574
5	0.00908	0.00753	0.00795	0.00785	0.01022	0.00640	0.00588	0.01125	0.01765	0.02179	0.18489	0.06859	0.57901	0.01815	0.00877	0.00248	0.00371	0.01527	0.00712	0.00640
6	0.03205	0.01466	0.01848	0.01417	0.01996	0.01391	0.01170	0.19288	0.02463	0.53645	0.02644	0.02342	0.01695	0.00912	0.00746	0.00228	0.00678	0.00727	0.00875	0.01263
7	0.01539	0.01319	0.01539	0.01100	0.01759	0.00990	0.00880	0.01869	0.01539	0.02419	0.01319	0.01539	0.01100	0.00550	0.00550	0.00110	0.00550	0.00440	0.00440	0.78449
8	0.01539	0.01319	0.01539	0.01100	0.01759	0.00990	0.00880	0.01869	0.01539	0.02419	0.01319	0.01539	0.01100	0.00550	0.00550	0.00110	0.00550	0.00440	0.00440	0.78449
9	0.01718	0.02242	0.12934	0.02997	0.03793	0.01857	0.58270	0.02374	0.01728	0.02374	0.01480	0.01946	0.01102	0.00636	0.00854	0.00248	0.01231	0.00833	0.00367	0.01014
10	0.01061	0.00795	0.01193	0.01193	0.01326	0.00928	0.00928	0.01326	0.01193	0.01723	0.01988	0.02916	0.01856	0.05568	0.70968	0.01193	0.01988	0.00795	0.00398	0.00663
11	0.01500	0.02027	0.28383	0.01466	0.02039	0.01142	0.01557	0.02013	0.01797	0.11276	0.24373	0.13229	0.03636	0.01233	0.00802	0.00243	0.00694	0.01060	0.00613	0.00917
12	0.00965	0.00748	0.00878	0.00862	0.01060	0.00661	0.00640	0.01229	0.01875	0.02477	0.37586	0.11045	0.33837	0.01733	0.00881	0.00246	0.00367	0.01495	0.00752	0.00661
13	0.01169	0.00909	0.01086	0.01060	0.01276	0.00906	0.00804	0.01799	0.14387	0.02678	0.35206	0.13799	0.14430	0.01609	0.00872	0.00255	0.00432	0.05793	0.00762	0.00767
14	0.02024	0.01423	0.01598	0.01400	0.01817	0.01554	0.01097	0.03552	0.46915	0.15705	0.11581	0.03085	0.02802	0.01057	0.00769	0.00245	0.00565	0.00887	0.00794	0.01130
15	0.02329	0.01751	0.01905	0.01530	0.02016	0.01925	0.01238	0.44246	0.13671	0.04102	0.14678	0.02654	0.02511	0.01028	0.00770	0.00230	0.00691	0.00824	0.00759	0.01142
16	0.01716	0.01072	0.01111	0.00991	0.01276	0.01147	0.00773	0.14329	0.10567	0.03173	0.02379	0.02582	0.01829	0.00888	0.00592	0.00193	0.00467	0.00707	0.53347	0.00863
17	0.01248	0.01052	0.01548	0.01380	0.01479	0.01230	0.06140	0.01416	0.01194	0.01696	0.01936	0.06553	0.02037	0.28585	0.21825	0.00702	0.17991	0.00932	0.00411	0.00646
18	0.12955	0.63991	0.03492	0.01228	0.01839	0.02757	0.01204	0.02217	0.01474	0.01972	0.01032	0.01193	0.00932	0.00643	0.00474	0.00169	0.00763	0.00398	0.00338	0.00932
19	0.01837	0.01764	0.03013	0.04557	0.69279	0.01764	0.02278	0.02278	0.01690	0.02425	0.01396	0.01837	0.01176	0.00661	0.00735	0.00220	0.00882	0.00661	0.00367	0.01176
20	0.01912	0.15620	0.42042	0.01902	0.02792	0.05108	0.05695	0.02539	0.01672	0.11809	0.01508	0.01651	0.01081	0.00722	0.00679	0.00220	0.00998	0.00565	0.00407	0.01079
21	0.12133	0.01313	0.01825	0.05944	0.19126	0.01314	0.01334	0.05369	0.01768	0.21436	0.02414	0.18439	0.02167	0.01136	0.00752	0.00245	0.00670	0.00985	0.00624	0.01005
22	0.79154	0.01436	0.01091	0.00976	0.01436	0.01665	0.00804	0.02182	0.01263	0.03331	0.01034	0.01206	0.00804	0.00689	0.00459	0.00230	0.00574	0.00402	0.00459	0.00804
23	0.01082	0.00834	0.01016	0.01083	0.01280	0.00799	0.00864	0.01469	0.06392	0.02248	0.12001	0.16311	0.25745	0.01902	0.00931	0.00288	0.00505	0.23854	0.00706	0.00690
24	0.02195	0.12047	0.15779	0.08833	0.02660	0.06577	0.07858	0.06090	0.01872	0.20651	0.02190	0.02251	0.06042	0.00847	0.00717	0.00223	0.00884	0.00698	0.00541	0.01045
25	0.01705	0.01195	0.01734	0.11136	0.17508	0.01191	0.01320	0.02134	0.06384	0.14969	0.03473	0.16492	0.15079	0.01291	0.00807	0.00249	0.00646	0.01135	0.00616	0.00934
26	0.00983	0.00771	0.00904	0.00952	0.01158	0.00693	0.00752	0.01227	0.01731	0.02179	0.14355	0.11939	0.39909	0.01908	0.00920	0.00275	0.00455	0.17535	0.00705	0.00649
27	0.01956	0.02724	0.22263	0.02594	0.16179	0.14775	0.10356	0.06211	0.10929	0.02501	0.01589	0.01812	0.01214	0.00749	0.00735	0.00228	0.01034	0.00647	0.00429	0.01076
