[name]
unknown

[dist]
# distance from previous block
# <min> <max>
0	59

[block]
# block no. 0 follows, 29 sequences, length 22
# corresponding to MSA columns:
# 59-80
name=unknown_A
#
# <colnr> <probs for GDERKNQSTAVLIFYWHMCP>
#	G	D	E	R	K	N	Q	S	T	A	V	L	I	F	Y	W	H	M	C	P
0	0.01619	0.01684	0.03183	0.02311	0.02967	0.01544	0.42857	0.02249	0.07063	0.02343	0.01577	0.02035	0.01247	0.00649	0.00752	0.00207	0.00955	0.02562	0.00414	0.21780
1	0.01638	0.02185	0.20992	0.09605	0.47039	0.01672	0.02286	0.02173	0.01573	0.02264	0.01317	0.01705	0.01053	0.00652	0.00698	0.00217	0.00910	0.00606	0.00336	0.01079
2	0.01707	0.01459	0.02136	0.54240	0.04188	0.01748	0.01812	0.19440	0.01935	0.02528	0.01384	0.01848	0.01019	0.00750	0.00712	0.00231	0.00905	0.00635	0.00422	0.00903
3	0.01084	0.00965	0.01723	0.01525	0.01747	0.00903	0.18533	0.01334	0.01448	0.01941	0.03265	0.55230	0.03746	0.01798	0.00891	0.00276	0.00622	0.01710	0.00581	0.00680
4	0.02570	0.01082	0.01405	0.01122	0.01590	0.00928	0.00912	0.02820	0.01928	0.52672	0.03979	0.03600	0.19952	0.01126	0.00749	0.00226	0.00541	0.00925	0.00823	0.01050
5	0.03060	0.01257	0.01769	0.01559	0.08293	0.01107	0.01154	0.03349	0.01999	0.64553	0.02671	0.02361	0.01703	0.00858	0.00715	0.00219	0.00629	0.00708	0.00831	0.01204
6	0.02256	0.08730	0.25073	0.01702	0.02433	0.01983	0.01739	0.35572	0.02472	0.08866	0.01594	0.01651	0.01128	0.00777	0.00679	0.00213	0.00856	0.00587	0.00555	0.01133
7	0.01548	0.00855	0.01081	0.00951	0.01239	0.00754	0.00739	0.01829	0.01925	0.20732	0.36707	0.04929	0.21109	0.01389	0.00807	0.00227	0.00414	0.01189	0.00779	0.00798
8	0.00868	0.00620	0.00826	0.00991	0.01033	0.00578	0.00661	0.00991	0.01363	0.01818	0.03925	0.74510	0.04710	0.02231	0.00909	0.00289	0.00413	0.02024	0.00661	0.00578
9	0.29154	0.01540	0.02170	0.09954	0.39820	0.01648	0.01669	0.02117	0.01458	0.02581	0.01210	0.01563	0.00985	0.00651	0.00613	0.00217	0.00753	0.00547	0.00380	0.00970
10	0.01332	0.00824	0.01055	0.19947	0.01912	0.00908	0.00891	0.01702	0.01475	0.02433	0.02042	0.02454	0.01592	0.00798	0.00555	0.00185	0.00496	0.00655	0.58048	0.00698
11	0.56373	0.01226	0.01059	0.00950	0.01322	0.01373	0.00765	0.04158	0.01499	0.03149	0.19387	0.02281	0.02366	0.00879	0.00556	0.00221	0.00502	0.00634	0.00541	0.00760
12	0.22649	0.01547	0.02298	0.07502	0.38303	0.01604	0.04832	0.02263	0.01542	0.08996	0.01386	0.01680	0.01079	0.00668	0.00643	0.00218	0.00768	0.00586	0.00424	0.01012
13	0.13499	0.01934	0.01888	0.10756	0.08113	0.20521	0.01356	0.06295	0.01822	0.20562	0.01605	0.01726	0.01160	0.00787	0.00746	0.00217	0.04957	0.00573	0.00523	0.00961
14	0.01451	0.01993	0.20654	0.40486	0.17621	0.01623	0.02193	0.02009	0.01485	0.02037	0.01284	0.01766	0.00973	0.00687	0.00701	0.00229	0.00956	0.00605	0.00319	0.00928
15	0.01007	0.00751	0.00951	0.00967	0.01150	0.00695	0.00768	0.01306	0.01826	0.02451	0.38215	0.06388	0.20465	0.01671	0.00878	0.00255	0.00426	0.18456	0.00722	0.00651
16	0.01221	0.00624	0.00915	0.00915	0.00915	0.00624	0.00603	0.00936	0.00936	0.01248	0.01318	0.02365	0.01346	0.08308	0.02851	0.72958	0.00624	0.00652	0.00319	0.00319
17	0.01170	0.01027	0.01821	0.01624	0.01883	0.00977	0.18682	0.01483	0.01532	0.02037	0.03217	0.34806	0.03558	0.01717	0.00914	0.00288	0.00697	0.21285	0.00579	0.00704
18	0.22648	0.55742	0.03018	0.01143	0.01708	0.02493	0.01100	0.02122	0.01384	0.02079	0.00990	0.01146	0.00876	0.00623	0.00453	0.00170	0.00706	0.00382	0.00341	0.00876
19	0.01477	0.01266	0.01477	0.01055	0.01687	0.00949	0.00844	0.01793	0.01477	0.02320	0.01266	0.01477	0.01055	0.00527	0.00527	0.00105	0.00527	0.00422	0.00422	0.79328
20	0.02147	0.02415	0.02206	0.20854	0.03016	0.35150	0.07169	0.07868	0.08274	0.02146	0.01392	0.01665	0.01082	0.00748	0.00691	0.00210	0.01080	0.00585	0.00414	0.00887
21	0.22456	0.05131	0.44898	0.01652	0.02488	0.01627	0.01965	0.02306	0.01467	0.08021	0.01316	0.01474	0.00937	0.00687	0.00610	0.00221	0.00874	0.00500	0.00385	0.00986

[dist]
# distance from previous block
# <min> <max>
2	5

[block]
# block no. 1 follows, 29 sequences, length 86
# corresponding to MSA columns:
# 86-171
name=unknown_B
#
# <colnr> <probs for GDERKNQSTAVLIFYWHMCP>
#	G	D	E	R	K	N	Q	S	T	A	V	L	I	F	Y	W	H	M	C	P
0	0.00889	0.00749	0.00828	0.00843	0.01029	0.00688	0.00625	0.01056	0.01539	0.01890	0.06175	0.20390	0.52802	0.01858	0.00942	0.00255	0.04636	0.01558	0.00641	0.00607
1	0.02822	0.01643	0.02123	0.01607	0.02183	0.01658	0.07652	0.33346	0.02611	0.33537	0.02167	0.02044	0.01441	0.00842	0.00726	0.00219	0.00746	0.00693	0.00753	0.01187
2	0.01172	0.01118	0.07867	0.01272	0.01504	0.00939	0.01111	0.01652	0.08781	0.02089	0.03302	0.20159	0.03545	0.09675	0.01196	0.00340	0.00638	0.32331	0.00606	0.00705
3	0.03195	0.01212	0.01652	0.01267	0.01818	0.01047	0.01047	0.03470	0.02038	0.71026	0.02809	0.02424	0.01763	0.00881	0.00716	0.00220	0.00606	0.00716	0.00881	0.01212
4	0.10027	0.03040	0.02160	0.01874	0.02286	0.57708	0.08509	0.02710	0.01904	0.01941	0.01127	0.01341	0.00921	0.00712	0.00644	0.00193	0.01204	0.00493	0.00373	0.00835
5	0.02606	0.01944	0.02080	0.01618	0.02170	0.02161	0.01329	0.61205	0.10466	0.04325	0.01838	0.01812	0.01315	0.00867	0.00714	0.00217	0.00760	0.00659	0.00714	0.01202
6	0.01390	0.01312	0.02217	0.65822	0.11994	0.01594	0.02000	0.01859	0.01445	0.01874	0.01274	0.01884	0.00969	0.00704	0.00711	0.00235	0.00938	0.00633	0.00320	0.00827
7	0.01377	0.00988	0.01470	0.08969	0.01719	0.01034	0.08004	0.01536	0.01250	0.08281	0.02020	0.03612	0.02048	0.45331	0.04789	0.00540	0.05049	0.00908	0.00446	0.00629
8	0.02562	0.01829	0.02215	0.01687	0.02246	0.01954	0.07714	0.50920	0.02968	0.11367	0.05784	0.02017	0.01578	0.00868	0.00733	0.00218	0.00779	0.00706	0.00701	0.01155
9	0.00893	0.00723	0.00792	0.00775	0.00993	0.00623	0.00581	0.01121	0.01744	0.02210	0.26552	0.06382	0.50727	0.01697	0.00841	0.00235	0.00353	0.01437	0.00699	0.00623
10	0.01345	0.01266	0.02136	0.73264	0.04904	0.01582	0.01978	0.01819	0.01424	0.01819	0.01266	0.01898	0.00949	0.00712	0.00712	0.00237	0.00949	0.00633	0.00316	0.00791
11	0.01842	0.01713	0.02776	0.03961	0.59938	0.01770	0.02068	0.08532	0.01757	0.02499	0.01352	0.01745	0.01125	0.00691	0.00801	0.00218	0.05076	0.00634	0.00385	0.01116
12	0.00886	0.00627	0.00821	0.00968	0.01005	0.00590	0.00636	0.00996	0.01328	0.01771	0.03743	0.66965	0.04480	0.10089	0.01202	0.00333	0.00443	0.01917	0.00636	0.00562
13	0.00951	0.00730	0.00894	0.00875	0.01049	0.00692	0.00652	0.01189	0.01623	0.02162	0.28201	0.05317	0.28750	0.07553	0.15724	0.00452	0.00694	0.01241	0.00631	0.00622
14	0.21441	0.01615	0.02251	0.09714	0.37340	0.01730	0.01694	0.11404	0.01743	0.02799	0.01297	0.01616	0.01033	0.00679	0.00640	0.00216	0.00773	0.00573	0.00422	0.01018
15	0.01895	0.44178	0.14685	0.08418	0.02398	0.14019	0.01556	0.02241	0.01549	0.01798	0.01084	0.01300	0.00916	0.00651	0.00549	0.00178	0.00916	0.00443	0.00315	0.00911
16	0.58622	0.01701	0.01326	0.08899	0.01895	0.13345	0.01002	0.02189	0.01369	0.02804	0.01039	0.01258	0.00815	0.00679	0.00504	0.00216	0.00716	0.00424	0.00415	0.00782
17	0.01106	0.00694	0.00914	0.00992	0.01108	0.00635	0.00692	0.01271	0.01514	0.08622	0.11163	0.56136	0.08454	0.01992	0.00879	0.00273	0.00420	0.01788	0.00696	0.00651
18	0.00842	0.00721	0.00721	0.00721	0.00962	0.00601	0.00541	0.01022	0.01623	0.01924	0.07213	0.06853	0.70244	0.01803	0.00842	0.00240	0.00361	0.01503	0.00661	0.00601
19	0.00880	0.00679	0.00804	0.00866	0.01009	0.00603	0.00614	0.01062	0.01577	0.02033	0.16268	0.35522	0.31670	0.01928	0.00870	0.00259	0.00379	0.01690	0.00682	0.00603
20	0.01676	0.01604	0.02735	0.18546	0.57029	0.01669	0.02143	0.02110	0.01581	0.02222	0.01324	0.01790	0.01091	0.00650	0.00706	0.00217	0.00867	0.00634	0.00345	0.01059
21	0.01762	0.01692	0.02890	0.04371	0.70533	0.01692	0.02185	0.02185	0.01621	0.02326	0.01339	0.01762	0.01128	0.00634	0.00705	0.00211	0.00846	0.00634	0.00352	0.01128
22	0.09466	0.01305	0.01614	0.01236	0.01793	0.01181	0.01016	0.08837	0.01989	0.47673	0.02295	0.02091	0.01509	0.00800	0.00660	0.00200	0.00604	0.00631	0.00751	0.14348
23	0.01330	0.00922	0.01317	0.01106	0.01404	0.00822	0.05990	0.01670	0.01922	0.10075	0.47840	0.04477	0.08700	0.01262	0.00798	0.00215	0.00451	0.01125	0.00722	0.07853
24	0.02522	0.01344	0.01925	0.04230	0.17954	0.01278	0.01329	0.08680	0.02036	0.39466	0.09594	0.02501	0.02075	0.00878	0.00726	0.00219	0.00660	0.00749	0.00714	0.01121
25	0.17401	0.01111	0.01208	0.01035	0.01420	0.01070	0.00819	0.01900	0.08907	0.02739	0.24627	0.03208	0.03193	0.00997	0.00662	0.00196	0.00479	0.04546	0.00593	0.23890
26	0.01573	0.01599	0.01971	0.01718	0.01779	0.08698	0.01405	0.01757	0.01283	0.01836	0.08486	0.02011	0.01608	0.01462	0.06142	0.00339	0.54511	0.00687	0.00372	0.00763
27	0.02707	0.01995	0.02137	0.01638	0.02208	0.02208	0.01353	0.68159	0.03348	0.04488	0.01710	0.01710	0.01211	0.00855	0.00712	0.00214	0.00784	0.00641	0.00712	0.01211
28	0.01360	0.01282	0.02164	0.70684	0.07362	0.01586	0.01985	0.01833	0.01431	0.01838	0.01268	0.01893	0.00956	0.00709	0.00712	0.00236	0.00945	0.00633	0.00318	0.00804
29	0.02174	0.01152	0.01482	0.01241	0.01600	0.01167	0.00985	0.14130	0.01878	0.29246	0.02261	0.02657	0.01758	0.10313	0.23989	0.00567	0.01065	0.00752	0.00642	0.00942
30	0.01345	0.01266	0.02136	0.73264	0.04904	0.01582	0.01978	0.01819	0.01424	0.01819	0.01266	0.01898	0.00949	0.00712	0.00712	0.00237	0.00949	0.00633	0.00316	0.00791
31	0.01019	0.00772	0.00932	0.01002	0.05018	0.00712	0.00673	0.01258	0.01646	0.02226	0.24409	0.05306	0.30823	0.09574	0.03771	0.00309	0.00472	0.01229	0.08206	0.00642
32	0.01489	0.01399	0.02131	0.65562	0.04614	0.04387	0.01911	0.06402	0.01579	0.01999	0.01290	0.01861	0.00966	0.00723	0.00709	0.00234	0.00951	0.00627	0.00345	0.00821
33	0.01006	0.00805	0.01212	0.16622	0.01944	0.00837	0.02770	0.01239	0.01448	0.01931	0.09683	0.50199	0.03994	0.01784	0.00858	0.00270	0.00543	0.01621	0.00590	0.00644
34	0.01026	0.00802	0.01163	0.08849	0.01586	0.00896	0.00926	0.01287	0.01296	0.01783	0.07234	0.06229	0.10329	0.06437	0.45899	0.00826	0.01411	0.00932	0.00448	0.00642
35	0.01612	0.01651	0.02640	0.13538	0.14251	0.03947	0.13268	0.01941	0.01361	0.01933	0.01147	0.01700	0.00994	0.00933	0.01501	0.00267	0.35454	0.00660	0.00329	0.00873
36	0.01480	0.02378	0.38685	0.01647	0.02313	0.01258	0.04271	0.02011	0.01520	0.10301	0.02230	0.21906	0.02119	0.03574	0.00849	0.00258	0.00816	0.00991	0.00476	0.00916
37	0.03094	0.01374	0.01753	0.01344	0.01898	0.01287	0.01110	0.16842	0.02309	0.57272	0.02582	0.02276	0.01649	0.00876	0.00715	0.00219	0.00643	0.00701	0.00846	0.01212
38	0.01762	0.01692	0.02890	0.04371	0.70533	0.01692	0.02185	0.02185	0.01621	0.02326	0.01339	0.01762	0.01128	0.00634	0.00705	0.00211	0.00846	0.00634	0.00352	0.01128
39	0.01363	0.01259	0.02054	0.66569	0.04582	0.01547	0.01872	0.04065	0.01502	0.01918	0.01627	0.02180	0.04989	0.00780	0.00719	0.00237	0.00909	0.00684	0.00350	0.00794
40	0.01597	0.01338	0.02214	0.03042	0.41082	0.01310	0.04109	0.01933	0.01588	0.07239	0.02258	0.21228	0.02270	0.01141	0.00779	0.00240	0.00718	0.04467	0.00489	0.00959
41	0.80005	0.01377	0.01047	0.00936	0.01377	0.01597	0.00771	0.02093	0.01212	0.03195	0.00991	0.01157	0.00771	0.00661	0.00441	0.00220	0.00551	0.00386	0.00441	0.00771
42	0.01345	0.01266	0.02136	0.73264	0.04904	0.01582	0.01978	0.01819	0.01424	0.01819	0.01266	0.01898	0.00949	0.00712	0.00712	0.00237	0.00949	0.00633	0.00316	0.00791
43	0.01682	0.01605	0.02176	0.01845	0.01906	0.02184	0.01536	0.08865	0.01333	0.02012	0.01018	0.01574	0.00964	0.01204	0.02162	0.00301	0.65827	0.00625	0.00355	0.00825
44	0.01459	0.01047	0.01310	0.01340	0.01591	0.01100	0.01137	0.07703	0.13008	0.04737	0.03368	0.06233	0.03378	0.01632	0.00892	0.00295	0.00639	0.45073	0.03257	0.00800
45	0.80005	0.01377	0.01047	0.00936	0.01377	0.01597	0.00771	0.02093	0.01212	0.03195	0.00991	0.01157	0.00771	0.00661	0.00441	0.00220	0.00551	0.00386	0.00441	0.00771
46	0.00974	0.00817	0.01040	0.01279	0.09972	0.00738	0.00793	0.01174	0.01559	0.01975	0.07551	0.26236	0.39764	0.01768	0.00844	0.00251	0.00438	0.01538	0.00625	0.00665
47	0.80005	0.01377	0.01047	0.00936	0.01377	0.01597	0.00771	0.02093	0.01212	0.03195	0.00991	0.01157	0.00771	0.00661	0.00441	0.00220	0.00551	0.00386	0.00441	0.00771
48	0.01762	0.01692	0.02890	0.04371	0.70533	0.01692	0.02185	0.02185	0.01621	0.02326	0.01339	0.01762	0.01128	0.00634	0.00705	0.00211	0.00846	0.00634	0.00352	0.01128
49	0.01345	0.01266	0.02136	0.73264	0.04904	0.01582	0.01978	0.01819	0.01424	0.01819	0.01266	0.01898	0.00949	0.00712	0.00712	0.00237	0.00949	0.00633	0.00316	0.00791
50	0.01600	0.01527	0.02598	0.31080	0.45090	0.01649	0.02105	0.02043	0.01545	0.02130	0.01311	0.01815	0.01059	0.00664	0.00708	0.00221	0.00886	0.00634	0.00338	0.00997
51	0.80005	0.01377	0.01047	0.00936	0.01377	0.01597	0.00771	0.02093	0.01212	0.03195	0.00991	0.01157	0.00771	0.00661	0.00441	0.00220	0.00551	0.00386	0.00441	0.00771
52	0.01947	0.01585	0.01686	0.01470	0.01901	0.01810	0.01156	0.12826	0.57873	0.05325	0.02728	0.02516	0.02025	0.00948	0.00723	0.00237	0.00596	0.00779	0.00728	0.01142
53	0.01717	0.01616	0.02707	0.20348	0.49250	0.01699	0.03957	0.05940	0.01677	0.02332	0.01346	0.01796	0.01089	0.00664	0.00711	0.00218	0.00877	0.00640	0.00365	0.01049
54	0.22439	0.17543	0.11061	0.01501	0.02025	0.30612	0.01349	0.02428	0.01626	0.02172	0.01073	0.01251	0.00877	0.00682	0.00557	0.00192	0.00957	0.00433	0.00365	0.00859
55	0.02887	0.01144	0.01554	0.01215	0.01712	0.00994	0.00994	0.03171	0.02035	0.61441	0.12279	0.02831	0.02460	0.00962	0.00733	0.00221	0.00568	0.00796	0.00868	0.01136
56	0.01345	0.01266	0.02136	0.73264	0.04904	0.01582	0.01978	0.01819	0.01424	0.01819	0.01266	0.01898	0.00949	0.00712	0.00712	0.00237	0.00949	0.00633	0.00316	0.00791
57	0.01402	0.01263	0.02130	0.09460	0.02433	0.01296	0.20750	0.02076	0.12970	0.02283	0.02554	0.15223	0.02429	0.01195	0.00809	0.00256	0.00760	0.11778	0.08107	0.00827
58	0.01795	0.01695	0.01632	0.01243	0.01824	0.13073	0.00983	0.08382	0.01749	0.02432	0.01281	0.01467	0.01047	0.00594	0.00565	0.00129	0.00680	0.00449	0.00441	0.58542
59	0.04083	0.01932	0.19366	0.01665	0.02319	0.01332	0.12561	0.02412	0.05600	0.17379	0.01821	0.02134	0.01383	0.07877	0.00967	0.00251	0.00807	0.00664	0.00502	0.14945
60	0.01762	0.01692	0.02890	0.04371	0.70533	0.01692	0.02185	0.02185	0.01621	0.02326	0.01339	0.01762	0.01128	0.00634	0.00705	0.00211	0.00846	0.00634	0.00352	0.01128
61	0.01303	0.01004	0.01175	0.01112	0.01341	0.01043	0.00834	0.08250	0.17211	0.02739	0.28909	0.22393	0.06829	0.01500	0.00819	0.00244	0.00452	0.01315	0.00727	0.00800
62	0.00946	0.00745	0.01152	0.01186	0.01293	0.00696	0.07162	0.01116	0.01394	0.01862	0.03685	0.67498	0.04359	0.02073	0.00902	0.00284	0.00489	0.01910	0.00632	0.00615
63	0.01237	0.00618	0.00928	0.00928	0.00928	0.00618	0.00618	0.00928	0.00928	0.01237	0.01237	0.02165	0.01237	0.02474	0.02783	0.79283	0.00618	0.00618	0.00309	0.00309
64	0.01061	0.00810	0.01014	0.01109	0.01308	0.00776	0.00933	0.01396	0.03969	0.02087	0.04952	0.07431	0.27305	0.01875	0.00925	0.00294	0.00549	0.40895	0.00660	0.00653
65	0.01415	0.01338	0.02263	0.61645	0.15972	0.01601	0.02013	0.01881	0.01457	0.01905	0.01278	0.01875	0.00979	0.00699	0.00711	0.00233	0.00932	0.00633	0.00322	0.00848
66	0.01345	0.01266	0.02136	0.73264	0.04904	0.01582	0.01978	0.01819	0.01424	0.01819	0.01266	0.01898	0.00949	0.00712	0.00712	0.00237	0.00949	0.00633	0.00316	0.00791
67	0.01542	0.01686	0.03536	0.02598	0.03212	0.01579	0.54219	0.02072	0.01671	0.02230	0.02250	0.03057	0.08088	0.00864	0.00856	0.00250	0.01060	0.07915	0.00421	0.00893
68	0.01345	0.01266	0.02136	0.73264	0.04904	0.01582	0.01978	0.01819	0.01424	0.01819	0.01266	0.01898	0.00949	0.00712	0.00712	0.00237	0.00949	0.00633	0.00316	0.00791
69	0.00994	0.00717	0.00940	0.00905	0.01061	0.00663	0.00671	0.01310	0.01953	0.02755	0.63759	0.12004	0.06525	0.01531	0.00847	0.00230	0.00343	0.01359	0.00772	0.00663
70	0.00868	0.00620	0.00826	0.00991	0.01033	0.00578	0.00661	0.00991	0.01363	0.01818	0.03925	0.74510	0.04710	0.02231	0.00909	0.00289	0.00413	0.02024	0.00661	0.00578
71	0.01345	0.01266	0.02136	0.73264	0.04904	0.01582	0.01978	0.01819	0.01424	0.01819	0.01266	0.01898	0.00949	0.00712	0.00712	0.00237	0.00949	0.00633	0.00316	0.00791
72	0.01345	0.01266	0.02136	0.73264	0.04904	0.01582	0.01978	0.01819	0.01424	0.01819	0.01266	0.01898	0.00949	0.00712	0.00712	0.00237	0.00949	0.00633	0.00316	0.00791
73	0.00914	0.00654	0.00877	0.01020	0.01089	0.00616	0.00720	0.01083	0.01459	0.01955	0.10305	0.59905	0.04831	0.02125	0.00911	0.00287	0.00435	0.09545	0.00672	0.00597
74	0.00868	0.00620	0.00826	0.00991	0.01033	0.00578	0.00661	0.00991	0.01363	0.01818	0.03925	0.74510	0.04710	0.02231	0.00909	0.00289	0.00413	0.02024	0.00661	0.00578
75	0.01575	0.01495	0.02509	0.35309	0.38734	0.01645	0.02057	0.02073	0.03735	0.02119	0.01357	0.01853	0.01081	0.00680	0.00709	0.00224	0.00883	0.00639	0.00348	0.00976
76	0.01731	0.01705	0.02688	0.18085	0.53353	0.05767	0.02096	0.02150	0.01605	0.02190	0.01311	0.01762	0.01080	0.00656	0.00703	0.00215	0.00892	0.00624	0.00346	0.01043
77	0.00963	0.00705	0.01004	0.01066	0.01153	0.00762	0.00778	0.01153	0.01220	0.01698	0.02679	0.29631	0.02920	0.08301	0.41550	0.00799	0.01279	0.01249	0.00489	0.00602
78	0.01345	0.01266	0.02136	0.73264	0.04904	0.01582	0.01978	0.01819	0.01424	0.01819	0.01266	0.01898	0.00949	0.00712	0.00712	0.00237	0.00949	0.00633	0.00316	0.00791
79	0.01977	0.60517	0.10801	0.01310	0.01962	0.02521	0.01354	0.02275	0.01510	0.08438	0.01197	0.01305	0.00995	0.00643	0.00506	0.00167	0.00778	0.00429	0.00360	0.00958
80	0.13480	0.01800	0.02006	0.01574	0.02107	0.09413	0.07607	0.23463	0.04487	0.24157	0.01893	0.01856	0.01305	0.00802	0.00681	0.00217	0.00785	0.00633	0.00655	0.01081
81	0.15607	0.01703	0.02531	0.03665	0.55652	0.04433	0.01904	0.02195	0.01565	0.02457	0.01269	0.01637	0.01057	0.00643	0.00656	0.00212	0.00811	0.00584	0.00369	0.01053
82	0.01590	0.01494	0.02469	0.03641	0.56307	0.01476	0.01861	0.01978	0.01660	0.02334	0.08622	0.02656	0.09134	0.00840	0.00733	0.00216	0.00744	0.00791	0.00428	0.01027
83	0.00868	0.00730	0.00758	0.00772	0.01006	0.00620	0.00594	0.01061	0.01624	0.01942	0.06915	0.06955	0.64517	0.01818	0.00854	0.00248	0.00386	0.07065	0.00661	0.00606
84	0.01956	0.70473	0.03614	0.01261	0.01853	0.07562	0.01229	0.02181	0.01486	0.01680	0.00998	0.01152	0.00914	0.00618	0.00470	0.00154	0.00797	0.00386	0.00309	0.00908
85	0.01918	0.01575	0.02216	0.22167	0.22974	0.01733	0.01689	0.23920	0.02127	0.02935	0.01537	0.01869	0.01173	0.00748	0.00689	0.00215	0.00804	0.00639	0.08053	0.01017

[dist]
# distance from previous block
# <min> <max>
0	11

[block]
# block no. 2 follows, 29 sequences, length 60
# corresponding to MSA columns:
# 183-242
name=unknown_C
#
# <colnr> <probs for GDERKNQSTAVLIFYWHMCP>
#	G	D	E	R	K	N	Q	S	T	A	V	L	I	F	Y	W	H	M	C	P
0	0.01636	0.01577	0.02126	0.01819	0.01885	0.02144	0.01507	0.05273	0.07566	0.01972	0.01157	0.01668	0.01064	0.01200	0.02104	0.00300	0.63155	0.00641	0.00370	0.00833
1	0.01153	0.00846	0.01132	0.01268	0.01431	0.00860	0.01061	0.01590	0.07422	0.02150	0.03722	0.19122	0.04038	0.01927	0.00948	0.00314	0.00606	0.49067	0.00663	0.00683
2	0.01017	0.00763	0.01144	0.01144	0.01272	0.00890	0.00890	0.01272	0.01144	0.01653	0.01907	0.02797	0.01780	0.05340	0.72153	0.01144	0.01907	0.00763	0.00381	0.00636
3	0.01600	0.01614	0.02486	0.02343	0.11943	0.02072	0.08328	0.01839	0.01226	0.01859	0.01044	0.01624	0.00977	0.01093	0.01951	0.00290	0.55893	0.00647	0.00322	0.00847
4	0.02158	0.02165	0.02443	0.09567	0.08307	0.21077	0.13402	0.21243	0.02198	0.02691	0.01577	0.06898	0.01325	0.00842	0.00730	0.00218	0.00991	0.00725	0.00480	0.00964
5	0.01031	0.00698	0.00824	0.00860	0.00883	0.00693	0.00537	0.01081	0.01138	0.01512	0.02592	0.12294	0.02981	0.59104	0.03041	0.00607	0.00658	0.08513	0.00481	0.00472
6	0.01051	0.00815	0.01248	0.08647	0.01649	0.00962	0.01003	0.01329	0.01173	0.01670	0.01841	0.02704	0.01694	0.04859	0.64721	0.01050	0.01808	0.00749	0.00375	0.00652
7	0.01356	0.00922	0.01350	0.01654	0.11686	0.00891	0.01125	0.01623	0.01583	0.09220	0.03360	0.29355	0.03621	0.01745	0.00888	0.00286	0.00596	0.27344	0.00636	0.00758
8	0.01488	0.01370	0.02290	0.44227	0.27291	0.01554	0.01943	0.01934	0.01497	0.02055	0.01367	0.01906	0.01074	0.00694	0.00694	0.00223	0.00869	0.00636	0.05990	0.00898
9	0.02041	0.00959	0.01111	0.00943	0.01268	0.00928	0.00749	0.08433	0.01837	0.24223	0.02418	0.02494	0.01748	0.00848	0.00586	0.00187	0.00460	0.00678	0.47203	0.00886
10	0.01762	0.01692	0.02890	0.04371	0.70533	0.01692	0.02185	0.02185	0.01621	0.02326	0.01339	0.01762	0.01128	0.00634	0.00705	0.00211	0.00846	0.00634	0.00352	0.01128
11	0.80005	0.01377	0.01047	0.00936	0.01377	0.01597	0.00771	0.02093	0.01212	0.03195	0.00991	0.01157	0.00771	0.00661	0.00441	0.00220	0.00551	0.00386	0.00441	0.00771
12	0.02660	0.03394	0.02018	0.01834	0.02201	0.72116	0.01376	0.02843	0.02018	0.01743	0.01101	0.01284	0.00917	0.00734	0.00642	0.00183	0.01284	0.00459	0.00367	0.00825
13	0.01668	0.02010	0.07601	0.02952	0.03689	0.01793	0.64638	0.02280	0.01672	0.02280	0.01432	0.01900	0.01071	0.00604	0.00832	0.00239	0.01193	0.00824	0.00357	0.00965
14	0.01034	0.00697	0.00811	0.00811	0.00823	0.00709	0.00474	0.01058	0.01046	0.01406	0.02212	0.04486	0.02513	0.68476	0.10020	0.00733	0.00804	0.01010	0.00427	0.00451
15	0.01708	0.01636	0.02792	0.13324	0.62004	0.01678	0.02158	0.02138	0.01596	0.02260	0.01330	0.01780	0.01105	0.00645	0.00706	0.00215	0.00859	0.00634	0.00348	0.01084
16	0.02665	0.03248	0.02030	0.01814	0.02202	0.64844	0.01373	0.09638	0.02156	0.02028	0.01164	0.01328	0.00948	0.00746	0.00649	0.00187	0.01232	0.00478	0.00403	0.00866
17	0.01762	0.01692	0.02890	0.04371	0.70533	0.01692	0.02185	0.02185	0.01621	0.02326	0.01339	0.01762	0.01128	0.00634	0.00705	0.00211	0.00846	0.00634	0.00352	0.01128
18	0.01381	0.01302	0.02201	0.67322	0.10564	0.01592	0.01995	0.01851	0.01441	0.01863	0.01272	0.01887	0.00965	0.00705	0.00711	0.00235	0.00940	0.00633	0.00320	0.00820
19	0.01198	0.00954	0.01194	0.01093	0.01285	0.01020	0.00843	0.01806	0.13603	0.02758	0.51267	0.04465	0.05327	0.01349	0.00976	0.00236	0.08005	0.01135	0.00724	0.00762
20	0.00865	0.00630	0.00815	0.00963	0.01025	0.00581	0.00649	0.00995	0.01390	0.01829	0.04267	0.67472	0.11527	0.02186	0.00902	0.00284	0.00408	0.01970	0.00661	0.00581
21	0.00908	0.00751	0.00931	0.00909	0.01114	0.00659	0.03534	0.01117	0.01622	0.02050	0.15310	0.22008	0.42926	0.01799	0.00857	0.00249	0.00406	0.01563	0.00666	0.00622
22	0.01428	0.03683	0.71286	0.02030	0.03082	0.01654	0.02631	0.02255	0.01503	0.02255	0.01278	0.01503	0.00902	0.00677	0.00677	0.00226	0.01052	0.00526	0.00301	0.01052
23	0.02889	0.01210	0.01598	0.01259	0.01767	0.01095	0.01028	0.03350	0.09028	0.59038	0.07669	0.02656	0.02162	0.00932	0.00726	0.00223	0.00582	0.00767	0.00858	0.01164
24	0.00844	0.00713	0.00730	0.00745	0.00968	0.00599	0.00551	0.01019	0.01601	0.01914	0.06930	0.12688	0.64592	0.01840	0.00847	0.00245	0.00365	0.01548	0.00661	0.00599
25	0.01552	0.01540	0.02424	0.01985	0.02110	0.01980	0.13014	0.01744	0.01179	0.01771	0.01049	0.01673	0.00986	0.01240	0.02115	0.07110	0.54777	0.00660	0.00320	0.00770
26	0.02021	0.08108	0.01888	0.13859	0.02290	0.16863	0.01231	0.13710	0.01998	0.09225	0.11459	0.02498	0.02067	0.08583	0.00997	0.00258	0.00828	0.00719	0.00531	0.00870
27	0.02112	0.02230	0.24691	0.02210	0.07692	0.01494	0.19977	0.02663	0.01739	0.25256	0.01839	0.01944	0.01255	0.00721	0.00737	0.00227	0.00929	0.00684	0.00515	0.01086
28	0.01762	0.01692	0.02890	0.04371	0.70533	0.01692	0.02185	0.02185	0.01621	0.02326	0.01339	0.01762	0.01128	0.00634	0.00705	0.00211	0.00846	0.00634	0.00352	0.01128
29	0.02747	0.02570	0.01872	0.01629	0.02055	0.44475	0.01254	0.03114	0.07754	0.22950	0.01774	0.01748	0.01282	0.00799	0.00672	0.00200	0.01016	0.00567	0.00554	0.00969
30	0.02008	0.02052	0.23961	0.01688	0.02333	0.01361	0.08495	0.08920	0.01876	0.22401	0.05170	0.08947	0.01976	0.00992	0.00754	0.00236	0.00801	0.04417	0.00589	0.01023
31	0.01627	0.01354	0.02010	0.02114	0.16703	0.01476	0.07032	0.08761	0.09340	0.02212	0.01823	0.02252	0.05295	0.01353	0.01532	0.21913	0.11234	0.00717	0.00434	0.00817
32	0.01107	0.01003	0.01175	0.01119	0.01317	0.06864	0.05541	0.01334	0.01660	0.02114	0.19831	0.29832	0.20997	0.01696	0.00848	0.00249	0.00514	0.01501	0.00643	0.00655
33	0.01732	0.01661	0.02836	0.09332	0.65807	0.01684	0.02170	0.02159	0.01607	0.02290	0.01334	0.01772	0.01115	0.00640	0.00705	0.00213	0.00853	0.00634	0.00350	0.01104
34	0.01555	0.02854	0.41007	0.02703	0.14979	0.01701	0.20462	0.02250	0.01572	0.02275	0.01333	0.01663	0.00990	0.00648	0.00726	0.00227	0.01057	0.00631	0.00326	0.01040
35	0.01762	0.01692	0.02890	0.04371	0.70533	0.01692	0.02185	0.02185	0.01621	0.02326	0.01339	0.01762	0.01128	0.00634	0.00705	0.00211	0.00846	0.00634	0.00352	0.01128
36	0.02776	0.01337	0.01669	0.01330	0.01827	0.01290	0.01079	0.15528	0.08179	0.46438	0.02705	0.08526	0.01949	0.01000	0.00733	0.00227	0.00619	0.00823	0.00816	0.01150
37	0.01017	0.01477	0.20126	0.01229	0.01582	0.00877	0.01180	0.01343	0.01447	0.01956	0.03771	0.42736	0.15055	0.01730	0.00833	0.00263	0.00579	0.01523	0.00562	0.00712
38	0.02305	0.02020	0.02926	0.02208	0.02795	0.15848	0.32287	0.04617	0.04842	0.20140	0.01799	0.01949	0.01276	0.00723	0.00759	0.00223	0.01023	0.00724	0.00523	0.01013
39	0.01626	0.33522	0.43180	0.01692	0.02560	0.02138	0.02043	0.02204	0.01480	0.02014	0.01158	0.01353	0.00907	0.00649	0.00585	0.00195	0.00931	0.00466	0.00302	0.00995
40	0.01582	0.01757	0.03770	0.02735	0.03374	0.01647	0.59211	0.02132	0.01673	0.02274	0.05169	0.07788	0.01655	0.00772	0.00846	0.00243	0.01094	0.00956	0.00406	0.00916
41	0.01155	0.00776	0.01005	0.07166	0.01430	0.00728	0.00780	0.01359	0.01570	0.09136	0.10107	0.35048	0.23515	0.01769	0.00846	0.00258	0.00458	0.01553	0.00665	0.00677
42	0.01512	0.16290	0.59411	0.01887	0.02861	0.01858	0.02383	0.02233	0.01493	0.02153	0.01227	0.01440	0.00904	0.00665	0.00638	0.00213	0.01001	0.00501	0.00301	0.01028
43	0.03037	0.01177	0.01602	0.01240	0.01763	0.01020	0.01020	0.03317	0.02036	0.66117	0.07659	0.02632	0.02120	0.00923	0.00725	0.00221	0.00586	0.00757	0.00874	0.01173
44	0.01311	0.01210	0.02057	0.36416	0.15163	0.01342	0.06404	0.01689	0.01460	0.01940	0.02020	0.21785	0.02021	0.01107	0.00774	0.00247	0.00802	0.01030	0.00420	0.00803
45	0.01558	0.01470	0.02483	0.24997	0.44612	0.01562	0.01991	0.01971	0.01539	0.02129	0.01540	0.08078	0.01383	0.00796	0.00725	0.00226	0.00840	0.00754	0.00368	0.00978
46	0.02643	0.01188	0.01614	0.01301	0.01758	0.01083	0.03124	0.08776	0.02012	0.49167	0.02887	0.16586	0.02273	0.01137	0.00758	0.00234	0.00603	0.00972	0.00806	0.01079
47	0.01623	0.01549	0.02638	0.27400	0.48595	0.01655	0.02116	0.02063	0.01555	0.02157	0.01315	0.01808	0.01068	0.00660	0.00707	0.00220	0.00880	0.00634	0.00340	0.01015
48	0.03144	0.01293	0.01703	0.01305	0.01858	0.01167	0.01078	0.10172	0.02174	0.64133	0.02695	0.02350	0.01705	0.00879	0.00716	0.00220	0.00624	0.00708	0.00864	0.01212
49	0.02158	0.01383	0.02323	0.02404	0.20896	0.01297	0.12968	0.02525	0.01772	0.28092	0.02349	0.07930	0.01925	0.00975	0.00776	0.00237	0.00766	0.07574	0.00606	0.01042
50	0.02268	0.01301	0.01620	0.01349	0.01761	0.07608	0.05802	0.02553	0.01893	0.35716	0.09855	0.07504	0.08600	0.01173	0.00780	0.00235	0.00658	0.07636	0.00731	0.00957
51	0.00994	0.00838	0.01257	0.07349	0.01618	0.00799	0.07418	0.01225	0.01515	0.01970	0.09345	0.38940	0.20456	0.01773	0.00863	0.00263	0.00518	0.01601	0.00611	0.00647
52	0.01576	0.01501	0.02553	0.35184	0.41180	0.01643	0.02092	0.02022	0.01533	0.02100	0.01306	0.01823	0.01048	0.00669	0.00708	0.00223	0.00892	0.00634	0.00336	0.00977
53	0.01909	0.06838	0.34074	0.02010	0.02784	0.13928	0.13066	0.02548	0.04637	0.09325	0.01489	0.01662	0.01080	0.00704	0.00692	0.00217	0.01034	0.00591	0.00401	0.01010
54	0.01723	0.01652	0.02819	0.10873	0.64339	0.01682	0.02166	0.02151	0.01603	0.02278	0.01332	0.01775	0.01111	0.00642	0.00706	0.00214	0.00856	0.00634	0.00349	0.01096
55	0.01395	0.01319	0.02263	0.51261	0.16063	0.01526	0.05319	0.01836	0.01467	0.01932	0.01517	0.08138	0.01312	0.00823	0.00734	0.00237	0.00898	0.00764	0.00355	0.00841
56	0.01763	0.01784	0.09815	0.17613	0.40958	0.01616	0.05500	0.02235	0.01608	0.08140	0.01450	0.01828	0.01121	0.00674	0.00711	0.00220	0.00886	0.00641	0.00386	0.01051
57	0.01778	0.01231	0.01703	0.01639	0.07647	0.04187	0.07462	0.07279	0.01852	0.16627	0.09188	0.19015	0.06500	0.01354	0.00817	0.00249	0.00654	0.09290	0.00653	0.00875
58	0.01649	0.01614	0.02510	0.16237	0.48829	0.05221	0.01955	0.02047	0.01607	0.02168	0.01855	0.02231	0.07456	0.00761	0.00716	0.00217	0.00842	0.00705	0.00375	0.01003
59	0.01621	0.02028	0.18244	0.04719	0.24165	0.05155	0.04596	0.04914	0.01638	0.04048	0.01866	0.11724	0.01755	0.01004	0.00831	0.00239	0.04544	0.05519	0.00431	0.00959

[dist]
# distance from previous block
# <min> <max>
0	399

# created by:
# /home/berkeley/.conda/envs/busco_data_prod/bin/msa2prfl.pl pipeline/OGs_align_augustus/5794/69189.fs
