[name]
unknown

[dist]
# distance from previous block
# <min> <max>
14	193

[block]
# block no. 0 follows, 30 sequences, length 25
# corresponding to MSA columns:
# 213-237
name=unknown_A
#
# <colnr> <probs for GDERKNQSTAVLIFYWHMCP>
#	G	D	E	R	K	N	Q	S	T	A	V	L	I	F	Y	W	H	M	C	P
0	0.01741	0.01512	0.02736	0.05284	0.02694	0.01486	0.34783	0.09294	0.05237	0.07717	0.01929	0.08141	0.01570	0.00823	0.00749	0.00225	0.00864	0.00855	0.11446	0.00915
1	0.01726	0.01149	0.01718	0.22956	0.08090	0.01212	0.03224	0.04688	0.03645	0.17479	0.06158	0.07265	0.05577	0.01230	0.04873	0.00279	0.00757	0.02701	0.04398	0.00875
2	0.01340	0.01133	0.01855	0.57780	0.04013	0.01359	0.01675	0.01737	0.01418	0.05604	0.01754	0.13992	0.01583	0.00953	0.00730	0.00240	0.00825	0.00850	0.00396	0.00763
3	0.07873	0.01211	0.03342	0.13135	0.01924	0.04662	0.01061	0.07024	0.04903	0.02083	0.01988	0.10555	0.01964	0.15417	0.07206	0.04636	0.03184	0.04429	0.02708	0.00695
4	0.00997	0.00748	0.01121	0.01121	0.01246	0.00872	0.00872	0.01246	0.01121	0.01620	0.01869	0.02741	0.01745	0.05234	0.72710	0.01121	0.01869	0.00748	0.00374	0.00623
5	0.02600	0.01928	0.02065	0.01595	0.02144	0.02139	0.01314	0.65047	0.07116	0.04313	0.01742	0.01729	0.01241	0.00844	0.00699	0.00211	0.00755	0.00638	0.00699	0.01182
6	0.01758	0.23035	0.09583	0.02308	0.24628	0.08247	0.01583	0.02116	0.01536	0.02038	0.01174	0.01431	0.00991	0.00607	0.00579	0.00169	0.00803	0.00484	0.00342	0.16590
7	0.01819	0.02313	0.26084	0.02048	0.12744	0.08357	0.01777	0.02527	0.11470	0.11828	0.01912	0.05397	0.01542	0.00878	0.00746	0.00227	0.02850	0.03994	0.00481	0.01005
8	0.00988	0.00713	0.00933	0.00878	0.01043	0.00658	0.00658	0.01317	0.01975	0.02798	0.70754	0.05213	0.06584	0.01427	0.00823	0.00219	0.00329	0.01262	0.00768	0.00658
9	0.01584	0.01556	0.02375	0.06700	0.25963	0.01939	0.01762	0.01845	0.01267	0.01893	0.01071	0.01615	0.00982	0.00985	0.01648	0.00267	0.44731	0.00615	0.00319	0.00882
10	0.01711	0.51859	0.26336	0.01458	0.02200	0.02382	0.01654	0.02130	0.01436	0.01831	0.01064	0.01237	0.00892	0.00619	0.00519	0.00173	0.00841	0.00421	0.00297	0.00941
11	0.01527	0.01527	0.02137	0.01832	0.01832	0.02137	0.01527	0.01679	0.01069	0.01679	0.00916	0.01527	0.00916	0.01221	0.02290	0.00305	0.74198	0.00611	0.00305	0.00763
12	0.01015	0.00677	0.00761	0.00761	0.00761	0.00677	0.00423	0.01015	0.01015	0.01353	0.02199	0.04567	0.02537	0.75476	0.03552	0.00677	0.00677	0.01015	0.00423	0.00423
13	0.01537	0.01739	0.07608	0.18036	0.05953	0.15399	0.05100	0.01922	0.04888	0.01792	0.01594	0.02481	0.01462	0.19358	0.07877	0.00409	0.01016	0.00705	0.00376	0.00746
14	0.02220	0.06874	0.02334	0.02483	0.22006	0.42268	0.01583	0.02468	0.01757	0.01867	0.01126	0.01408	0.00960	0.00726	0.00775	0.00196	0.07197	0.00508	0.00347	0.00896
15	0.01447	0.01240	0.01447	0.01034	0.01654	0.00930	0.00827	0.01757	0.01447	0.02274	0.01240	0.01447	0.01034	0.00517	0.00517	0.00103	0.00517	0.00413	0.00413	0.79742
16	0.01380	0.01303	0.02205	0.63303	0.14819	0.01567	0.01969	0.01837	0.01425	0.01858	0.01251	0.01840	0.00957	0.00686	0.00697	0.00229	0.00915	0.00620	0.00315	0.00825
17	0.02607	0.03326	0.01978	0.01798	0.02157	0.72674	0.01348	0.02787	0.01978	0.01708	0.01079	0.01258	0.00899	0.00719	0.00629	0.00180	0.01258	0.00449	0.00360	0.00809
18	0.01462	0.00840	0.01099	0.00973	0.01224	0.00773	0.00751	0.01836	0.04352	0.17189	0.54164	0.04528	0.05413	0.01292	0.00794	0.00219	0.00392	0.01128	0.00786	0.00785
19	0.80405	0.01350	0.01026	0.00918	0.01350	0.01565	0.00756	0.02051	0.01188	0.03131	0.00972	0.01134	0.00756	0.00648	0.00432	0.00216	0.00540	0.00378	0.00432	0.00756
20	0.02560	0.01714	0.01962	0.01654	0.05886	0.01841	0.01278	0.42061	0.12910	0.17677	0.02048	0.01959	0.01433	0.00847	0.00700	0.00215	0.00704	0.00667	0.00714	0.01170
21	0.00969	0.00657	0.00775	0.00820	0.00831	0.00646	0.00485	0.01003	0.01104	0.01472	0.02656	0.24135	0.03114	0.55120	0.02813	0.00567	0.00601	0.01284	0.00485	0.00463
22	0.05441	0.49483	0.02903	0.01180	0.01766	0.02212	0.01104	0.05514	0.01559	0.08226	0.01211	0.01316	0.01002	0.00622	0.00494	0.00153	0.00686	0.00423	0.00395	0.14311
23	0.01788	0.01520	0.02088	0.02674	0.33077	0.05050	0.01549	0.12341	0.05587	0.05602	0.02109	0.13481	0.01993	0.01046	0.00746	0.00230	0.00734	0.06886	0.00517	0.00982
24	0.02345	0.20611	0.05189	0.01594	0.02087	0.32711	0.01342	0.18079	0.05561	0.02402	0.01288	0.01399	0.01027	0.00726	0.00607	0.00184	0.00974	0.00492	0.00439	0.00942

[dist]
# distance from previous block
# <min> <max>
0	4

[block]
# block no. 1 follows, 30 sequences, length 102
# corresponding to MSA columns:
# 261-362
name=unknown_B
#
# <colnr> <probs for GDERKNQSTAVLIFYWHMCP>
#	G	D	E	R	K	N	Q	S	T	A	V	L	I	F	Y	W	H	M	C	P
0	0.01680	0.33457	0.24708	0.07781	0.13017	0.04502	0.01837	0.02134	0.01478	0.01931	0.01136	0.01387	0.00927	0.00634	0.00579	0.00188	0.00880	0.00478	0.00307	0.00957
1	0.04301	0.01691	0.02154	0.02406	0.26055	0.06521	0.03378	0.13179	0.07866	0.05010	0.01514	0.01705	0.01186	0.00676	0.00644	0.00185	0.00744	0.00577	0.00473	0.19735
2	0.09033	0.07566	0.02327	0.06515	0.18411	0.26081	0.04922	0.09916	0.04682	0.02347	0.01283	0.01517	0.01028	0.00696	0.00638	0.00199	0.00950	0.00541	0.00408	0.00939
3	0.00962	0.00712	0.00897	0.00851	0.01027	0.00647	0.00638	0.01266	0.01914	0.02652	0.60553	0.05453	0.16877	0.01481	0.00823	0.00222	0.00333	0.01296	0.00749	0.00647
4	0.80405	0.01350	0.01026	0.00918	0.01350	0.01565	0.00756	0.02051	0.01188	0.03131	0.00972	0.01134	0.00756	0.00648	0.00432	0.00216	0.00540	0.00378	0.00432	0.00756
5	0.01736	0.01499	0.01578	0.01420	0.01815	0.01736	0.01105	0.03708	0.69862	0.02919	0.02840	0.02604	0.02130	0.00947	0.00710	0.00237	0.00552	0.00789	0.00710	0.01105
6	0.03006	0.01389	0.01744	0.01337	0.01882	0.01324	0.01104	0.20546	0.02334	0.53986	0.02471	0.02192	0.01586	0.00857	0.00701	0.00214	0.00639	0.00682	0.00820	0.01187
7	0.00925	0.00711	0.00847	0.00813	0.01004	0.00632	0.00609	0.01196	0.01828	0.02449	0.46425	0.05787	0.31131	0.01557	0.00824	0.00226	0.00338	0.01343	0.00722	0.00632
8	0.00988	0.00713	0.00933	0.00878	0.01043	0.00658	0.00658	0.01317	0.01975	0.02798	0.70754	0.05213	0.06584	0.01427	0.00823	0.00219	0.00329	0.01262	0.00768	0.00658
9	0.80405	0.01350	0.01026	0.00918	0.01350	0.01565	0.00756	0.02051	0.01188	0.03131	0.00972	0.01134	0.00756	0.00648	0.00432	0.00216	0.00540	0.00378	0.00432	0.00756
10	0.01727	0.01658	0.02832	0.04283	0.71123	0.01658	0.02142	0.02142	0.01589	0.02280	0.01313	0.01727	0.01105	0.00622	0.00691	0.00207	0.00829	0.00622	0.00345	0.01105
11	0.03131	0.01188	0.01619	0.01242	0.01781	0.01026	0.01026	0.03401	0.01997	0.71606	0.02753	0.02375	0.01727	0.00864	0.00702	0.00216	0.00594	0.00702	0.00864	0.01188
12	0.03031	0.01347	0.01718	0.01317	0.01861	0.01262	0.01088	0.16995	0.02264	0.57635	0.02529	0.02230	0.01615	0.00858	0.00701	0.00215	0.00630	0.00686	0.00829	0.01187
13	0.01301	0.00650	0.00650	0.00650	0.00813	0.00650	0.00488	0.01626	0.01463	0.02602	0.02276	0.02602	0.01789	0.00813	0.00488	0.00163	0.00325	0.00650	0.79350	0.00650
14	0.80405	0.01350	0.01026	0.00918	0.01350	0.01565	0.00756	0.02051	0.01188	0.03131	0.00972	0.01134	0.00756	0.00648	0.00432	0.00216	0.00540	0.00378	0.00432	0.00756
15	0.01866	0.75896	0.03657	0.01194	0.01791	0.02761	0.01194	0.02090	0.01418	0.01642	0.00970	0.01119	0.00896	0.00597	0.00448	0.00149	0.00746	0.00373	0.00299	0.00896
16	0.00988	0.00713	0.00933	0.00878	0.01043	0.00658	0.00658	0.01317	0.01975	0.02798	0.70754	0.05213	0.06584	0.01427	0.00823	0.00219	0.00329	0.01262	0.00768	0.00658
17	0.00853	0.00708	0.00746	0.00737	0.00960	0.00601	0.00553	0.01056	0.01658	0.02044	0.18173	0.06454	0.59637	0.01708	0.00824	0.00233	0.00349	0.01436	0.00669	0.00601
18	0.01692	0.01622	0.02768	0.10300	0.65383	0.01649	0.02124	0.02111	0.01572	0.02237	0.01306	0.01739	0.01090	0.00628	0.00691	0.00209	0.00838	0.00622	0.00342	0.01077
19	0.00887	0.00626	0.00815	0.00951	0.00990	0.00594	0.00631	0.00998	0.01296	0.01726	0.03579	0.61155	0.04262	0.13778	0.01315	0.00347	0.00457	0.04434	0.00612	0.00547
20	0.01647	0.01882	0.04118	0.02941	0.03647	0.01765	0.68588	0.02235	0.01647	0.02235	0.01412	0.01882	0.01059	0.00588	0.00824	0.00235	0.01176	0.00824	0.00353	0.00941
21	0.00955	0.00695	0.00900	0.00886	0.01032	0.00639	0.00650	0.01241	0.01844	0.02575	0.55848	0.17453	0.09518	0.01576	0.00835	0.00231	0.00344	0.01399	0.00741	0.00639
22	0.01700	0.06709	0.02498	0.05644	0.46608	0.03962	0.01782	0.06799	0.01678	0.02290	0.01671	0.10130	0.01578	0.00862	0.00704	0.00216	0.00782	0.02978	0.00411	0.01000
23	0.00919	0.00711	0.00838	0.00806	0.01000	0.00629	0.00604	0.01184	0.01813	0.02414	0.43945	0.05845	0.33634	0.01570	0.00824	0.00226	0.00339	0.01351	0.00718	0.00629
24	0.01512	0.09341	0.44756	0.07428	0.19098	0.01725	0.02309	0.02154	0.01490	0.02147	0.01241	0.01529	0.00940	0.00650	0.00653	0.00212	0.00952	0.00535	0.00308	0.01019
25	0.06668	0.66054	0.03374	0.01222	0.01791	0.07829	0.01179	0.02138	0.01445	0.01737	0.00978	0.01130	0.00887	0.00609	0.00460	0.00156	0.00771	0.00379	0.00311	0.00881
26	0.49609	0.23552	0.01896	0.01085	0.01559	0.08872	0.00943	0.02134	0.01333	0.02552	0.00982	0.01142	0.00811	0.00640	0.00456	0.00193	0.00671	0.00383	0.00385	0.00802
27	0.01204	0.01003	0.01374	0.01677	0.17476	0.00976	0.01011	0.01670	0.08049	0.02471	0.31003	0.04400	0.19436	0.01249	0.00769	0.00220	0.00472	0.01093	0.03659	0.00788
28	0.00825	0.00707	0.00707	0.00707	0.00943	0.00589	0.00530	0.01001	0.01591	0.01885	0.07069	0.06716	0.70839	0.01767	0.00825	0.00236	0.00353	0.01473	0.00648	0.00589
29	0.01588	0.01680	0.08626	0.13651	0.38935	0.01570	0.04152	0.02230	0.09728	0.02310	0.04396	0.02014	0.01435	0.00715	0.00693	0.00215	0.00800	0.00667	0.03589	0.01008
30	0.01866	0.75896	0.03657	0.01194	0.01791	0.02761	0.01194	0.02090	0.01418	0.01642	0.00970	0.01119	0.00896	0.00597	0.00448	0.00149	0.00746	0.00373	0.00299	0.00896
31	0.02833	0.01122	0.01524	0.01191	0.01679	0.00975	0.00975	0.03111	0.01994	0.62046	0.12201	0.02769	0.02402	0.00942	0.00719	0.00216	0.00557	0.00780	0.00850	0.01114
32	0.01476	0.01289	0.02101	0.31942	0.30220	0.01416	0.01733	0.01894	0.01485	0.02140	0.01473	0.01954	0.01168	0.00690	0.00654	0.00209	0.00771	0.00627	0.15876	0.00881
33	0.01015	0.00677	0.00761	0.00761	0.00761	0.00677	0.00423	0.01015	0.01015	0.01353	0.02199	0.04567	0.02537	0.75476	0.03552	0.00677	0.00677	0.01015	0.00423	0.00423
34	0.01622	0.01509	0.02535	0.03761	0.58982	0.01509	0.01964	0.02020	0.01592	0.02246	0.01728	0.02798	0.01613	0.00849	0.00738	0.00227	0.00797	0.12088	0.00397	0.01025
35	0.02173	0.01401	0.01591	0.01364	0.01804	0.01513	0.01080	0.03612	0.48608	0.24430	0.02813	0.02532	0.02004	0.00921	0.00707	0.00230	0.00565	0.00762	0.00758	0.01131
36	0.01015	0.00677	0.00761	0.00761	0.00761	0.00677	0.00423	0.01015	0.01015	0.01353	0.02199	0.04567	0.02537	0.75476	0.03552	0.00677	0.00677	0.01015	0.00423	0.00423
37	0.80405	0.01350	0.01026	0.00918	0.01350	0.01565	0.00756	0.02051	0.01188	0.03131	0.00972	0.01134	0.00756	0.00648	0.00432	0.00216	0.00540	0.00378	0.00432	0.00756
38	0.01301	0.00650	0.00650	0.00650	0.00813	0.00650	0.00488	0.01626	0.01463	0.02602	0.02276	0.02602	0.01789	0.00813	0.00488	0.00163	0.00325	0.00650	0.79350	0.00650
39	0.80405	0.01350	0.01026	0.00918	0.01350	0.01565	0.00756	0.02051	0.01188	0.03131	0.00972	0.01134	0.00756	0.00648	0.00432	0.00216	0.00540	0.00378	0.00432	0.00756
40	0.02653	0.01955	0.02094	0.01606	0.02164	0.02164	0.01326	0.68796	0.03281	0.04398	0.01675	0.01675	0.01187	0.00838	0.00698	0.00209	0.00768	0.00628	0.00698	0.01187
41	0.03131	0.01188	0.01619	0.01242	0.01781	0.01026	0.01026	0.03401	0.01997	0.71606	0.02753	0.02375	0.01727	0.00864	0.00702	0.00216	0.00594	0.00702	0.00864	0.01188
42	0.00825	0.00707	0.00707	0.00707	0.00943	0.00589	0.00530	0.01001	0.01591	0.01885	0.07069	0.06716	0.70839	0.01767	0.00825	0.00236	0.00353	0.01473	0.00648	0.00589
43	0.03131	0.01188	0.01619	0.01242	0.01781	0.01026	0.01026	0.03401	0.01997	0.71606	0.02753	0.02375	0.01727	0.00864	0.00702	0.00216	0.00594	0.00702	0.00864	0.01188
44	0.02653	0.01955	0.02094	0.01606	0.02164	0.02164	0.01326	0.68796	0.03281	0.04398	0.01675	0.01675	0.01187	0.00838	0.00698	0.00209	0.00768	0.00628	0.00698	0.01187
45	0.02476	0.01867	0.01995	0.01570	0.02097	0.02082	0.01284	0.56282	0.16082	0.04114	0.01899	0.01854	0.01368	0.00859	0.00700	0.00215	0.00726	0.00659	0.00700	0.01171
46	0.02653	0.01955	0.02094	0.01606	0.02164	0.02164	0.01326	0.68796	0.03281	0.04398	0.01675	0.01675	0.01187	0.00838	0.00698	0.00209	0.00768	0.00628	0.00698	0.01187
47	0.00999	0.00741	0.01089	0.01089	0.01202	0.00854	0.00831	0.01225	0.01112	0.01596	0.01899	0.02908	0.01817	0.11654	0.66389	0.01081	0.01760	0.00772	0.00378	0.00605
48	0.02550	0.01059	0.01433	0.01143	0.01581	0.00926	0.00926	0.02836	0.01991	0.52942	0.21198	0.03145	0.03045	0.01016	0.00735	0.00217	0.00522	0.00854	0.00838	0.01044
49	0.01863	0.01562	0.01650	0.01446	0.01863	0.01795	0.01135	0.12751	0.60612	0.03125	0.02678	0.02475	0.01999	0.00932	0.00708	0.00233	0.00582	0.00767	0.00708	0.01116
50	0.01400	0.03610	0.71860	0.01989	0.03020	0.01621	0.02578	0.02210	0.01473	0.02210	0.01252	0.01473	0.00884	0.00663	0.00663	0.00221	0.01031	0.00516	0.00295	0.01031
51	0.00873	0.00628	0.00833	0.00989	0.01048	0.00588	0.00685	0.01014	0.01370	0.01812	0.03957	0.66489	0.07110	0.02147	0.00895	0.00285	0.00424	0.07630	0.00647	0.00574
52	0.00837	0.00707	0.00723	0.00719	0.00950	0.00594	0.00539	0.01024	0.01618	0.01951	0.11679	0.06607	0.66189	0.01743	0.00825	0.00234	0.00352	0.01457	0.00657	0.00594
53	0.01600	0.01524	0.02532	0.03778	0.61209	0.01507	0.01914	0.01981	0.01589	0.02224	0.02126	0.02432	0.10956	0.00784	0.00710	0.00211	0.00762	0.00742	0.00388	0.01032
54	0.80405	0.01350	0.01026	0.00918	0.01350	0.01565	0.00756	0.02051	0.01188	0.03131	0.00972	0.01134	0.00756	0.00648	0.00432	0.00216	0.00540	0.00378	0.00432	0.00756
55	0.01689	0.01634	0.02858	0.04012	0.61636	0.01624	0.07932	0.02114	0.01595	0.02266	0.01443	0.02054	0.01250	0.00685	0.00716	0.00216	0.00850	0.03996	0.00361	0.01067
56	0.01885	0.01581	0.01726	0.01596	0.05406	0.01802	0.01194	0.14246	0.55518	0.03128	0.02572	0.02407	0.01924	0.00912	0.00707	0.00231	0.00602	0.00754	0.00690	0.01118
57	0.01262	0.00873	0.00958	0.03705	0.01241	0.00891	0.00704	0.01880	0.14533	0.02522	0.12658	0.03614	0.14493	0.01076	0.00644	0.00198	0.00404	0.00896	0.34099	0.03349
58	0.01900	0.32139	0.22230	0.01771	0.05869	0.02045	0.08413	0.05067	0.01615	0.10826	0.01364	0.01507	0.01036	0.00659	0.00600	0.00192	0.00855	0.00523	0.00393	0.00997
59	0.01526	0.23263	0.53317	0.01773	0.02686	0.01931	0.02202	0.02177	0.01458	0.02055	0.01176	0.01377	0.00887	0.00645	0.00604	0.00201	0.00954	0.00477	0.00296	0.00994
60	0.03131	0.01188	0.01619	0.01242	0.01781	0.01026	0.01026	0.03401	0.01997	0.71606	0.02753	0.02375	0.01727	0.00864	0.00702	0.00216	0.00594	0.00702	0.00864	0.01188
61	0.01041	0.00782	0.03266	0.01040	0.01165	0.00677	0.00764	0.01264	0.03600	0.05956	0.03766	0.60932	0.06463	0.01993	0.00867	0.00276	0.00450	0.04407	0.00650	0.00640
62	0.02058	0.01736	0.02504	0.03372	0.48415	0.07985	0.01835	0.04614	0.01726	0.13598	0.01523	0.01781	0.01183	0.00702	0.00754	0.00210	0.03864	0.00619	0.00441	0.01081
63	0.00849	0.00683	0.00756	0.00790	0.00970	0.00591	0.00573	0.01029	0.01571	0.01960	0.13230	0.23099	0.47792	0.01832	0.00841	0.00245	0.00363	0.01574	0.00661	0.00591
64	0.01883	0.01869	0.02557	0.12132	0.47270	0.11721	0.01933	0.08050	0.01769	0.02325	0.01303	0.01673	0.01062	0.00664	0.00684	0.00207	0.00897	0.00598	0.00374	0.01031
65	0.02607	0.03326	0.01978	0.01798	0.02157	0.72674	0.01348	0.02787	0.01978	0.01708	0.01079	0.01258	0.00899	0.00719	0.00629	0.00180	0.01258	0.00449	0.00360	0.00809
66	0.01842	0.06140	0.01924	0.01855	0.11643	0.09942	0.01284	0.03285	0.48356	0.02614	0.02311	0.02237	0.01771	0.00854	0.00683	0.00221	0.00684	0.00702	0.00594	0.01058
67	0.01727	0.55761	0.05929	0.01239	0.01781	0.02352	0.01210	0.02161	0.08440	0.01845	0.01651	0.02098	0.04025	0.00798	0.00544	0.00180	0.00714	0.06272	0.00384	0.00888
68	0.00825	0.00707	0.00707	0.00707	0.00943	0.00589	0.00530	0.01001	0.01591	0.01885	0.07069	0.06716	0.70839	0.01767	0.00825	0.00236	0.00353	0.01473	0.00648	0.00589
69	0.03031	0.01347	0.01718	0.01317	0.01861	0.01262	0.01088	0.17006	0.02264	0.57623	0.02529	0.02230	0.01615	0.00858	0.00701	0.00215	0.00630	0.00686	0.00829	0.01187
70	0.01982	0.07991	0.30393	0.04781	0.08625	0.09018	0.01901	0.17840	0.01982	0.06946	0.01411	0.01567	0.01031	0.00715	0.00658	0.00208	0.00923	0.00550	0.00436	0.01041
71	0.01498	0.10870	0.04518	0.01745	0.06789	0.01782	0.04060	0.05120	0.01421	0.02028	0.09847	0.02145	0.01771	0.01645	0.11821	0.00376	0.30669	0.00689	0.00397	0.00809
72	0.00850	0.00607	0.00810	0.00972	0.01012	0.00567	0.00648	0.00972	0.01336	0.01781	0.03846	0.75020	0.04615	0.02186	0.00891	0.00283	0.00405	0.01984	0.00648	0.00567
73	0.02492	0.02646	0.02140	0.02103	0.12321	0.39890	0.01458	0.23588	0.02333	0.02644	0.01302	0.01459	0.01020	0.00742	0.00660	0.00193	0.01040	0.00531	0.00465	0.00972
74	0.00850	0.00607	0.00810	0.00972	0.01012	0.00567	0.00648	0.00972	0.01336	0.01781	0.03846	0.75020	0.04615	0.02186	0.00891	0.00283	0.00405	0.01984	0.00648	0.00567
75	0.01447	0.01240	0.01447	0.01034	0.01654	0.00930	0.00827	0.01757	0.01447	0.02274	0.01240	0.01447	0.01034	0.00517	0.00517	0.00103	0.00517	0.00413	0.00413	0.79742
76	0.01447	0.01240	0.01447	0.01034	0.01654	0.00930	0.00827	0.01757	0.01447	0.02274	0.01240	0.01447	0.01034	0.00517	0.00517	0.00103	0.00517	0.00413	0.00413	0.79742
77	0.00965	0.00712	0.00901	0.00854	0.01028	0.00649	0.00640	0.01272	0.01921	0.02669	0.61759	0.05425	0.15661	0.01475	0.00823	0.00222	0.00333	0.01292	0.00751	0.00649
78	0.01727	0.01658	0.02832	0.04283	0.71123	0.01658	0.02142	0.02142	0.01589	0.02280	0.01313	0.01727	0.01105	0.00622	0.00691	0.00207	0.00829	0.00622	0.00345	0.01105
79	0.00889	0.00683	0.00814	0.00837	0.00996	0.00608	0.00607	0.01106	0.01661	0.02183	0.28877	0.24096	0.30615	0.01756	0.00841	0.00242	0.00358	0.01532	0.00691	0.00608
80	0.01527	0.01527	0.02137	0.01832	0.01832	0.02137	0.01527	0.01679	0.01069	0.01679	0.00916	0.01527	0.00916	0.01221	0.02290	0.00305	0.74198	0.00611	0.00305	0.00763
81	0.01301	0.00650	0.00650	0.00650	0.00813	0.00650	0.00488	0.01626	0.01463	0.02602	0.02276	0.02602	0.01789	0.00813	0.00488	0.00163	0.00325	0.00650	0.79350	0.00650
82	0.02653	0.01955	0.02094	0.01606	0.02164	0.02164	0.01326	0.68796	0.03281	0.04398	0.01675	0.01675	0.01187	0.00838	0.00698	0.00209	0.00768	0.00628	0.00698	0.01187
83	0.00874	0.00625	0.00837	0.00999	0.01050	0.00588	0.00690	0.01013	0.01360	0.01808	0.03833	0.69116	0.04563	0.02164	0.00897	0.00287	0.00426	0.07650	0.00647	0.00573
84	0.00850	0.00607	0.00810	0.00972	0.01012	0.00567	0.00648	0.00972	0.01336	0.01781	0.03846	0.75020	0.04615	0.02186	0.00891	0.00283	0.00405	0.01984	0.00648	0.00567
85	0.03131	0.01188	0.01619	0.01242	0.01781	0.01026	0.01026	0.03401	0.01997	0.71606	0.02753	0.02375	0.01727	0.00864	0.00702	0.00216	0.00594	0.00702	0.00864	0.01188
86	0.01408	0.03554	0.69688	0.02019	0.03040	0.01625	0.04695	0.02211	0.01479	0.02211	0.01257	0.01486	0.00890	0.00661	0.00668	0.00221	0.01036	0.00526	0.00297	0.01028
87	0.01866	0.75896	0.03657	0.01194	0.01791	0.02761	0.01194	0.02090	0.01418	0.01642	0.00970	0.01119	0.00896	0.00597	0.00448	0.00149	0.00746	0.00373	0.00299	0.00896
88	0.03131	0.01188	0.01619	0.01242	0.01781	0.01026	0.01026	0.03401	0.01997	0.71606	0.02753	0.02375	0.01727	0.00864	0.00702	0.00216	0.00594	0.00702	0.00864	0.01188
89	0.00907	0.00710	0.00821	0.00793	0.00993	0.00624	0.00595	0.01161	0.01785	0.02346	0.39241	0.05956	0.38379	0.01595	0.00824	0.00227	0.00341	0.01366	0.00709	0.00624
90	0.01657	0.01589	0.02696	0.14905	0.58619	0.01657	0.02090	0.02071	0.01542	0.02183	0.01288	0.01741	0.01072	0.00653	0.00745	0.00214	0.03273	0.00621	0.00339	0.01043
91	0.01357	0.01259	0.01804	0.01803	0.07712	0.01609	0.01353	0.01552	0.01229	0.01798	0.01838	0.14996	0.01987	0.01584	0.04589	0.00328	0.43011	0.09039	0.00412	0.00739
92	0.03131	0.01188	0.01619	0.01242	0.01781	0.01026	0.01026	0.03401	0.01997	0.71606	0.02753	0.02375	0.01727	0.00864	0.00702	0.00216	0.00594	0.00702	0.00864	0.01188
93	0.00830	0.00686	0.00729	0.00763	0.00957	0.00584	0.00555	0.00995	0.01537	0.01863	0.06385	0.21218	0.56779	0.01856	0.00839	0.00246	0.00364	0.01581	0.00648	0.00584
94	0.01769	0.07987	0.02538	0.08271	0.40653	0.01594	0.04428	0.04853	0.01640	0.08313	0.01708	0.09996	0.01526	0.00830	0.00699	0.00215	0.00772	0.00769	0.00433	0.01006
95	0.02203	0.42833	0.02892	0.01469	0.01958	0.34613	0.01264	0.02407	0.01673	0.01672	0.01020	0.01183	0.00897	0.00653	0.00530	0.00163	0.00980	0.00408	0.00326	0.00856
96	0.00997	0.00748	0.01121	0.01121	0.01246	0.00872	0.00872	0.01246	0.01121	0.01620	0.01869	0.02741	0.01745	0.05234	0.72710	0.01121	0.01869	0.00748	0.00374	0.00623
97	0.01616	0.04847	0.09242	0.14843	0.06267	0.10213	0.29601	0.02089	0.01565	0.02006	0.01433	0.04606	0.01185	0.01038	0.06088	0.00290	0.01120	0.00727	0.00351	0.00872
98	0.01780	0.07384	0.23944	0.13102	0.13032	0.09407	0.08131	0.10775	0.01778	0.02348	0.01291	0.01586	0.00981	0.00679	0.00674	0.00211	0.00971	0.00573	0.00369	0.00982
99	0.01727	0.01658	0.02832	0.04283	0.71123	0.01658	0.02142	0.02142	0.01589	0.02280	0.01313	0.01727	0.01105	0.00622	0.00691	0.00207	0.00829	0.00622	0.00345	0.01105
100	0.01643	0.01801	0.02973	0.08777	0.09237	0.11307	0.35580	0.02103	0.01722	0.02225	0.13424	0.02361	0.01993	0.00765	0.00774	0.00222	0.00987	0.00812	0.00422	0.00874
101	0.08392	0.01492	0.04045	0.01916	0.18390	0.06535	0.01238	0.07021	0.05937	0.08517	0.05396	0.07800	0.13780	0.01023	0.00698	0.00214	0.00651	0.00858	0.00541	0.05557

[dist]
# distance from previous block
# <min> <max>
0	30

# created by:
# /home/berkeley/.conda/envs/busco_data_prod/bin/msa2prfl.pl pipeline/OGs_align_augustus/5794/69187.fs
