[name]
unknown

[dist]
# distance from previous block
# <min> <max>
0	272

[block]
# block no. 0 follows, 24 sequences, length 20
# corresponding to MSA columns:
# 333-352
name=unknown_A
#
# <colnr> <probs for GDERKNQSTAVLIFYWHMCP>
#	G	D	E	R	K	N	Q	S	T	A	V	L	I	F	Y	W	H	M	C	P
0	0.07374	0.23631	0.07370	0.09134	0.02465	0.10188	0.01490	0.02602	0.01790	0.14256	0.01841	0.02359	0.01507	0.01207	0.04862	0.00291	0.00987	0.05120	0.00512	0.01012
1	0.01789	0.04094	0.09467	0.01397	0.01999	0.01343	0.01255	0.02331	0.06517	0.08966	0.11839	0.02506	0.02290	0.00899	0.00831	0.00194	0.05385	0.00710	0.00579	0.35610
2	0.01571	0.01406	0.01886	0.08059	0.21391	0.06575	0.01428	0.01889	0.04203	0.02218	0.06761	0.20616	0.02857	0.06747	0.01315	0.07731	0.00777	0.01181	0.00531	0.00859
3	0.02134	0.01746	0.02112	0.04751	0.09741	0.01967	0.01479	0.23389	0.19233	0.03477	0.05937	0.07277	0.04046	0.01162	0.00998	0.00265	0.07520	0.00929	0.00688	0.01149
4	0.00968	0.00802	0.00832	0.00826	0.01070	0.00683	0.00609	0.01174	0.01810	0.02206	0.13387	0.07317	0.57200	0.06255	0.01126	0.00297	0.00421	0.01619	0.00734	0.00666
5	0.01457	0.00939	0.01204	0.01166	0.01392	0.00894	0.00892	0.05895	0.02098	0.09132	0.30859	0.22282	0.08066	0.01813	0.00950	0.00281	0.00501	0.08540	0.00822	0.00816
6	0.02156	0.01754	0.01941	0.01649	0.02078	0.02017	0.01317	0.21317	0.34002	0.03656	0.09991	0.02875	0.02560	0.01133	0.00992	0.00265	0.07458	0.00886	0.00766	0.01186
7	0.01327	0.00707	0.00995	0.00995	0.00995	0.00707	0.00642	0.01060	0.01060	0.01413	0.01629	0.03035	0.01716	0.18349	0.03310	0.59810	0.00707	0.00793	0.00375	0.00375
8	0.02865	0.11755	0.02468	0.01963	0.02403	0.61322	0.01512	0.03075	0.02174	0.01932	0.01211	0.01412	0.01021	0.00801	0.00691	0.00200	0.01363	0.00501	0.00401	0.00931
9	0.01216	0.00894	0.01124	0.01076	0.01294	0.00846	0.00837	0.04651	0.02216	0.03049	0.48752	0.06302	0.13684	0.01705	0.00949	0.00266	0.00448	0.09091	0.00835	0.00767
10	0.02978	0.03302	0.02288	0.01976	0.02454	0.48582	0.01525	0.21966	0.02701	0.02877	0.01433	0.01575	0.01122	0.00858	0.00739	0.00215	0.01259	0.00573	0.00526	0.01051
11	0.59556	0.01701	0.01461	0.01233	0.01759	0.01944	0.01017	0.17465	0.01928	0.03908	0.01299	0.01438	0.00978	0.00789	0.00564	0.00244	0.00676	0.00499	0.00564	0.00978
12	0.01010	0.00746	0.00933	0.01064	0.01169	0.00690	0.00751	0.01177	0.01588	0.02054	0.04992	0.45805	0.18118	0.07505	0.01230	0.00349	0.00502	0.08954	0.00717	0.00647
13	0.01847	0.01452	0.02118	0.17249	0.04986	0.01609	0.06708	0.04779	0.11744	0.10581	0.02981	0.08281	0.09414	0.01237	0.01061	0.00279	0.08892	0.03180	0.00609	0.00994
14	0.02281	0.10088	0.07850	0.01505	0.02060	0.06149	0.01328	0.17801	0.02422	0.13286	0.16015	0.05302	0.02812	0.01072	0.00776	0.00227	0.00758	0.00863	0.00695	0.06709
15	0.01471	0.01138	0.01556	0.22158	0.02597	0.01250	0.01268	0.08113	0.01918	0.02606	0.15555	0.04457	0.06454	0.11963	0.01335	0.00341	0.00735	0.08057	0.06225	0.00803
16	0.01500	0.01246	0.01311	0.01389	0.03879	0.08790	0.01026	0.01852	0.04385	0.04635	0.06183	0.16439	0.12714	0.02245	0.09536	0.00405	0.00847	0.12870	0.07958	0.00790
17	0.01911	0.01768	0.02862	0.14091	0.36494	0.01895	0.05896	0.08648	0.01954	0.02731	0.06321	0.02264	0.01673	0.00870	0.00967	0.00253	0.07044	0.00774	0.00460	0.01124
18	0.02022	0.08466	0.09023	0.23879	0.17584	0.12423	0.02040	0.06733	0.05812	0.02449	0.01518	0.01895	0.01190	0.00792	0.00751	0.00238	0.01044	0.00651	0.00425	0.01064
19	0.07243	0.01734	0.02498	0.22650	0.24374	0.01885	0.01923	0.14332	0.04095	0.06955	0.01672	0.02016	0.01266	0.00805	0.00764	0.00243	0.00903	0.00693	0.00515	0.03433

[dist]
# distance from previous block
# <min> <max>
4	19

[block]
# block no. 1 follows, 24 sequences, length 18
# corresponding to MSA columns:
# 379-391,393-397
name=unknown_B
#
# <colnr> <probs for GDERKNQSTAVLIFYWHMCP>
#	G	D	E	R	K	N	Q	S	T	A	V	L	I	F	Y	W	H	M	C	P
0	0.08073	0.10341	0.06205	0.05413	0.06039	0.01617	0.04360	0.06634	0.01899	0.12164	0.08693	0.02473	0.02022	0.03888	0.03881	0.00283	0.00825	0.00728	0.00571	0.13891
1	0.05269	0.01182	0.05057	0.01125	0.01311	0.01089	0.00824	0.07934	0.04285	0.02207	0.02632	0.14923	0.02867	0.42830	0.02709	0.00564	0.00740	0.01202	0.00559	0.00689
2	0.06588	0.01356	0.01446	0.01330	0.01598	0.06737	0.01033	0.10234	0.02081	0.06395	0.18863	0.14246	0.07543	0.01632	0.01124	0.05166	0.04783	0.06300	0.00700	0.00843
3	0.02605	0.06072	0.05619	0.07940	0.10338	0.14310	0.06384	0.12211	0.02250	0.18669	0.01993	0.04695	0.01508	0.00905	0.00780	0.00238	0.00984	0.00749	0.00605	0.01144
4	0.06303	0.01240	0.05128	0.01225	0.01454	0.03923	0.00961	0.04072	0.01563	0.05465	0.02932	0.16519	0.05450	0.22619	0.12625	0.00582	0.00952	0.05677	0.00574	0.00735
5	0.01107	0.00811	0.01085	0.01218	0.04480	0.00767	0.00790	0.01336	0.01771	0.02446	0.28969	0.32093	0.05596	0.12158	0.01409	0.00353	0.00495	0.01687	0.00736	0.00693
6	0.02204	0.02842	0.10500	0.02650	0.13166	0.29675	0.13003	0.02620	0.01935	0.02220	0.01615	0.06260	0.01418	0.01184	0.04946	0.00299	0.01284	0.00759	0.00418	0.01000
7	0.08055	0.01682	0.07164	0.12255	0.07308	0.05516	0.08623	0.02184	0.04346	0.05651	0.15006	0.07566	0.06615	0.01298	0.03071	0.00290	0.00864	0.01003	0.00574	0.00930
8	0.04571	0.02252	0.18323	0.01600	0.02101	0.10872	0.01531	0.02096	0.04248	0.02354	0.06550	0.10573	0.14240	0.01306	0.01013	0.00258	0.08811	0.01017	0.00528	0.05757
9	0.02329	0.21056	0.05550	0.12615	0.09470	0.14989	0.05397	0.05386	0.04042	0.09645	0.01588	0.01812	0.01226	0.00787	0.00709	0.00221	0.01017	0.00619	0.00471	0.01071
10	0.01886	0.01364	0.01637	0.01198	0.01858	0.01054	0.00960	0.02234	0.01770	0.11944	0.05634	0.02056	0.01671	0.00707	0.00639	0.00144	0.00587	0.00575	0.00568	0.61515
11	0.02081	0.56213	0.11736	0.01468	0.02181	0.02819	0.01521	0.06334	0.01757	0.02198	0.01265	0.01443	0.01086	0.00717	0.00559	0.00185	0.00866	0.00478	0.04049	0.01044
12	0.00978	0.00794	0.00867	0.00872	0.01102	0.00683	0.00645	0.01208	0.01869	0.02343	0.19665	0.13379	0.48880	0.01975	0.00944	0.00269	0.00402	0.01680	0.00764	0.00683
13	0.01013	0.00757	0.00942	0.01000	0.01144	0.00686	0.00710	0.01247	0.01833	0.02448	0.26650	0.34647	0.19861	0.02081	0.00969	0.00285	0.00417	0.01842	0.00783	0.00686
14	0.01330	0.00760	0.00805	0.00796	0.00973	0.00735	0.00581	0.01645	0.01715	0.02753	0.12365	0.04163	0.10819	0.07940	0.00987	0.00260	0.00412	0.00992	0.49263	0.00707
15	0.00999	0.00739	0.00875	0.00966	0.01065	0.00679	0.00642	0.01125	0.01519	0.01950	0.04988	0.38885	0.22077	0.17772	0.01661	0.00406	0.00512	0.01847	0.00680	0.00615
16	0.01951	0.02202	0.04249	0.03095	0.03838	0.06280	0.54286	0.02740	0.07982	0.02576	0.01735	0.02172	0.01308	0.00717	0.00909	0.00263	0.01275	0.00905	0.00440	0.01078
17	0.01857	0.11887	0.50847	0.02124	0.03125	0.12062	0.02540	0.02594	0.01753	0.02352	0.01357	0.01592	0.01009	0.00754	0.00720	0.00235	0.01174	0.00556	0.00346	0.01116

[dist]
# distance from previous block
# <min> <max>
6	53

[block]
# block no. 2 follows, 24 sequences, length 19
# corresponding to MSA columns:
# 487-505
name=unknown_C
#
# <colnr> <probs for GDERKNQSTAVLIFYWHMCP>
#	G	D	E	R	K	N	Q	S	T	A	V	L	I	F	Y	W	H	M	C	P
0	0.01278	0.16310	0.01654	0.01077	0.01382	0.01247	0.00894	0.01543	0.01835	0.02329	0.18753	0.12500	0.25625	0.01705	0.00871	0.00260	0.00538	0.08751	0.00680	0.00767
1	0.01791	0.11325	0.13510	0.08470	0.02434	0.04459	0.01530	0.13314	0.06291	0.02725	0.03083	0.12764	0.12578	0.01261	0.00801	0.00252	0.00810	0.01034	0.00577	0.00991
2	0.02162	0.13494	0.25904	0.06151	0.09356	0.20634	0.04056	0.02689	0.01860	0.04657	0.01396	0.01653	0.01081	0.00764	0.00720	0.00226	0.01154	0.00579	0.00389	0.01075
3	0.01665	0.01315	0.01487	0.01656	0.09445	0.07866	0.01079	0.02019	0.05439	0.08812	0.03566	0.19582	0.12164	0.06718	0.08909	0.00412	0.00846	0.01259	0.04901	0.00859
4	0.01571	0.05981	0.01827	0.01736	0.08460	0.04133	0.05373	0.07987	0.01810	0.02426	0.02919	0.29461	0.03154	0.10180	0.01253	0.00332	0.00720	0.03707	0.06134	0.00835
5	0.06156	0.01643	0.02214	0.09777	0.24518	0.05441	0.01675	0.02338	0.08938	0.02633	0.12700	0.02998	0.06391	0.01064	0.00985	0.00257	0.07843	0.00878	0.00537	0.01016
6	0.25928	0.10548	0.06527	0.01715	0.07128	0.05669	0.01360	0.03064	0.21130	0.06777	0.01926	0.01963	0.01468	0.00850	0.00660	0.00241	0.00759	0.00629	0.00574	0.01083
7	0.01688	0.17113	0.01731	0.01077	0.01411	0.01400	0.00881	0.04400	0.04335	0.06831	0.03173	0.16131	0.08886	0.01287	0.00705	0.00225	0.00548	0.01061	0.26256	0.00862
8	0.01203	0.00899	0.01034	0.00962	0.01154	0.00799	0.00635	0.01326	0.01397	0.01915	0.03235	0.15294	0.10675	0.37067	0.02433	0.00496	0.00636	0.01244	0.00550	0.17046
9	0.09542	0.01843	0.02201	0.04952	0.20454	0.09335	0.01546	0.02263	0.01674	0.02501	0.01367	0.01745	0.01156	0.00914	0.02968	0.00237	0.07661	0.00579	0.00425	0.26635
10	0.19628	0.07358	0.05451	0.11522	0.12159	0.19045	0.01666	0.05911	0.01834	0.02608	0.01289	0.01614	0.01041	0.00807	0.00786	0.00236	0.05065	0.00567	0.00426	0.00989
11	0.01273	0.01055	0.01542	0.01462	0.01571	0.01325	0.01164	0.01530	0.01261	0.01857	0.01873	0.02795	0.01764	0.04889	0.53585	0.01059	0.18031	0.00814	0.00407	0.00745
12	0.02071	0.08133	0.11106	0.04803	0.16723	0.13385	0.05314	0.08754	0.01922	0.02484	0.01473	0.01889	0.01221	0.01394	0.08336	0.00354	0.08497	0.00662	0.00422	0.01056
13	0.11414	0.01288	0.01480	0.01287	0.01671	0.01305	0.01005	0.15284	0.02221	0.18947	0.08950	0.20846	0.03093	0.01398	0.00812	0.00260	0.00603	0.01176	0.05955	0.01005
14	0.01193	0.00967	0.01321	0.01282	0.01391	0.01116	0.00979	0.01414	0.01452	0.02032	0.09694	0.14699	0.09897	0.08535	0.27260	0.00707	0.13592	0.01217	0.00545	0.00710
15	0.01291	0.01044	0.01328	0.01232	0.01285	0.01225	0.00897	0.01373	0.01276	0.01750	0.02885	0.04313	0.12406	0.32630	0.07825	0.04893	0.20189	0.01060	0.00472	0.00627
16	0.02716	0.02357	0.10280	0.01823	0.02493	0.02271	0.01630	0.52820	0.03380	0.04575	0.06139	0.02142	0.01713	0.00972	0.00798	0.00240	0.00876	0.00746	0.00743	0.01287
17	0.01028	0.00696	0.00898	0.01060	0.01123	0.00656	0.00714	0.01195	0.01536	0.02138	0.04154	0.63260	0.04854	0.02294	0.00956	0.00305	0.00449	0.02070	0.09959	0.00656
18	0.03164	0.01584	0.01947	0.01506	0.02117	0.01522	0.01235	0.17760	0.07710	0.43283	0.02729	0.02460	0.01801	0.00954	0.00782	0.00236	0.00710	0.00762	0.00887	0.06852

[dist]
# distance from previous block
# <min> <max>
3	5

[block]
# block no. 3 follows, 24 sequences, length 11
# corresponding to MSA columns:
# 511-521
name=unknown_D
#
# <colnr> <probs for GDERKNQSTAVLIFYWHMCP>
#	G	D	E	R	K	N	Q	S	T	A	V	L	I	F	Y	W	H	M	C	P
0	0.01104	0.00837	0.01176	0.01166	0.01332	0.00909	0.00900	0.01390	0.01500	0.02092	0.13053	0.04177	0.11787	0.04727	0.48959	0.00975	0.01613	0.01055	0.00538	0.00709
1	0.10922	0.01829	0.02095	0.07179	0.02479	0.01955	0.01396	0.35267	0.02880	0.22843	0.02135	0.02087	0.01452	0.00925	0.00763	0.00243	0.00803	0.00707	0.00780	0.01259
2	0.77733	0.01534	0.01166	0.01043	0.01534	0.01779	0.00859	0.02331	0.01350	0.03558	0.01104	0.01288	0.00859	0.00736	0.00491	0.00245	0.00613	0.00429	0.00491	0.00859
3	0.01570	0.01604	0.03221	0.02398	0.02952	0.01499	0.38697	0.02120	0.02022	0.02798	0.27859	0.03664	0.03733	0.01052	0.00936	0.00260	0.00949	0.01137	0.00591	0.00940
4	0.06858	0.00973	0.01260	0.01240	0.01504	0.00916	0.00958	0.02060	0.01813	0.20194	0.07734	0.32824	0.04077	0.01851	0.00929	0.00299	0.00571	0.12270	0.00794	0.00873
5	0.01335	0.01052	0.01241	0.01190	0.01455	0.01074	0.00929	0.02164	0.18436	0.02963	0.33902	0.05804	0.14092	0.01611	0.00924	0.00272	0.00491	0.09383	0.00818	0.00865
6	0.01088	0.00761	0.00973	0.01032	0.01078	0.00777	0.00676	0.01195	0.01298	0.01762	0.03024	0.26296	0.03452	0.35002	0.17307	0.00735	0.00966	0.01444	0.00551	0.00584
7	0.01221	0.00875	0.01000	0.00957	0.01186	0.00819	0.00719	0.05309	0.02051	0.02832	0.29258	0.11117	0.25158	0.01670	0.00877	0.00251	0.00420	0.01429	0.12102	0.00750
8	0.01865	0.01686	0.02693	0.18026	0.39702	0.01781	0.02095	0.08880	0.01934	0.02666	0.01840	0.09778	0.01670	0.00950	0.00813	0.00252	0.00905	0.00880	0.00466	0.01118
9	0.02037	0.06978	0.08258	0.08104	0.46074	0.10145	0.02277	0.02500	0.01823	0.02422	0.01423	0.01838	0.01179	0.00727	0.00756	0.00230	0.01021	0.00654	0.00384	0.01169
10	0.04680	0.11766	0.15399	0.06298	0.12737	0.02107	0.04197	0.18266	0.04255	0.10211	0.01750	0.01905	0.01286	0.00820	0.00743	0.00236	0.00929	0.00663	0.00553	0.01200

[dist]
# distance from previous block
# <min> <max>
10	56

[block]
# block no. 4 follows, 24 sequences, length 9
# corresponding to MSA columns:
# 579-587
name=unknown_E
#
# <colnr> <probs for GDERKNQSTAVLIFYWHMCP>
#	G	D	E	R	K	N	Q	S	T	A	V	L	I	F	Y	W	H	M	C	P
0	0.01716	0.10440	0.23955	0.01935	0.08044	0.01594	0.03871	0.02242	0.01773	0.08796	0.10114	0.02979	0.07720	0.01630	0.09411	0.00371	0.01028	0.00840	0.00517	0.01022
1	0.01459	0.01359	0.01814	0.01614	0.01690	0.01739	0.01309	0.01645	0.01426	0.02026	0.06763	0.03892	0.15171	0.07807	0.02205	0.00363	0.42080	0.04367	0.00491	0.00778
2	0.02136	0.29221	0.10344	0.01796	0.02295	0.10525	0.01678	0.08436	0.01785	0.02266	0.01213	0.01533	0.01056	0.00937	0.01200	0.00241	0.21373	0.00560	0.00394	0.01012
3	0.15452	0.15619	0.04476	0.05772	0.02301	0.01931	0.08972	0.02097	0.01552	0.02422	0.03783	0.02256	0.04986	0.04465	0.01106	0.00260	0.10803	0.00692	0.00439	0.10614
4	0.01685	0.10545	0.54412	0.02100	0.03143	0.01983	0.02590	0.02687	0.08785	0.02538	0.01592	0.01777	0.01163	0.00782	0.00735	0.00245	0.01080	0.00605	0.00388	0.01166
5	0.68460	0.01445	0.01122	0.01014	0.01478	0.01645	0.00828	0.02187	0.01405	0.03387	0.01941	0.02054	0.08828	0.00890	0.00545	0.00248	0.00588	0.00580	0.00520	0.00836
6	0.01498	0.01409	0.02378	0.70226	0.05462	0.01762	0.02202	0.02026	0.01586	0.02026	0.01409	0.02114	0.01057	0.00793	0.00793	0.00264	0.01057	0.00705	0.00352	0.00881
7	0.01657	0.01179	0.01301	0.01195	0.01505	0.01239	0.00945	0.11501	0.14028	0.03210	0.14129	0.04485	0.10464	0.01335	0.00804	0.00249	0.00537	0.07773	0.21545	0.00919
8	0.01081	0.00956	0.01321	0.01166	0.01467	0.00841	0.08328	0.01359	0.01857	0.02339	0.15934	0.12345	0.44406	0.01829	0.00943	0.00270	0.00516	0.01599	0.00717	0.00728

[dist]
# distance from previous block
# <min> <max>
0	5

[block]
# block no. 5 follows, 24 sequences, length 16
# corresponding to MSA columns:
# 593-608
name=unknown_F
#
# <colnr> <probs for GDERKNQSTAVLIFYWHMCP>
#	G	D	E	R	K	N	Q	S	T	A	V	L	I	F	Y	W	H	M	C	P
0	0.07704	0.13178	0.02670	0.01927	0.05531	0.07928	0.08907	0.17399	0.02165	0.05089	0.01606	0.01911	0.01290	0.01487	0.09779	0.00361	0.03855	0.00660	0.00518	0.06034
1	0.01168	0.01202	0.09714	0.01070	0.01257	0.00886	0.00845	0.01325	0.01329	0.01782	0.03119	0.12687	0.09208	0.47729	0.02947	0.00599	0.00750	0.01258	0.00516	0.00609
2	0.11534	0.01200	0.01261	0.01173	0.01425	0.04877	0.00893	0.07875	0.01892	0.02852	0.19943	0.07701	0.03500	0.07216	0.15324	0.00495	0.00913	0.01018	0.08111	0.00797
3	0.01078	0.01167	0.09785	0.01226	0.01455	0.00823	0.01023	0.01368	0.01691	0.02320	0.16394	0.47382	0.07125	0.02071	0.00960	0.00297	0.00535	0.01854	0.00710	0.00735
4	0.01086	0.00840	0.01149	0.10166	0.01743	0.00834	0.00944	0.01351	0.01751	0.02327	0.18877	0.35239	0.13431	0.01982	0.00960	0.00293	0.00526	0.05079	0.00717	0.00708
5	0.02573	0.02457	0.10652	0.01705	0.02278	0.16555	0.01501	0.22898	0.06517	0.10384	0.02012	0.02083	0.01470	0.00903	0.00735	0.00227	0.00920	0.00677	0.12323	0.01131
6	0.01400	0.01074	0.01236	0.01228	0.01455	0.01140	0.00903	0.02345	0.24270	0.02787	0.15471	0.28403	0.04354	0.01674	0.00880	0.00276	0.00494	0.01474	0.08248	0.00888
7	0.01183	0.00910	0.01266	0.01231	0.01447	0.00947	0.00956	0.01462	0.01405	0.02001	0.02668	0.09484	0.05892	0.04512	0.46507	0.00933	0.01604	0.04348	0.00492	0.10750
8	0.01911	0.01466	0.01649	0.01380	0.01798	0.01519	0.01078	0.21434	0.13268	0.03526	0.20116	0.07544	0.03516	0.05082	0.00998	0.00265	0.00626	0.01028	0.00754	0.11042
9	0.01798	0.01481	0.01715	0.01281	0.01939	0.01231	0.01039	0.10212	0.01932	0.02887	0.01676	0.02206	0.01442	0.00751	0.00651	0.00151	0.00635	0.04934	0.00531	0.61508
10	0.06280	0.02185	0.01606	0.01523	0.01812	0.31511	0.01127	0.02319	0.02000	0.05906	0.13141	0.21314	0.03293	0.01409	0.00825	0.00248	0.00903	0.01150	0.00612	0.00836
11	0.02486	0.02635	0.02160	0.01877	0.02286	0.36649	0.06818	0.08774	0.02245	0.07133	0.05921	0.13089	0.02201	0.01144	0.00809	0.00238	0.01094	0.00922	0.00567	0.00952
12	0.60978	0.01506	0.01432	0.16247	0.02397	0.01775	0.01154	0.02264	0.01401	0.03221	0.01171	0.01470	0.00902	0.00749	0.00557	0.00250	0.00711	0.00490	0.00460	0.00864
13	0.07564	0.01368	0.05373	0.08379	0.06032	0.01284	0.05748	0.05973	0.01578	0.09135	0.01760	0.02588	0.01533	0.11233	0.01984	0.25619	0.00829	0.00761	0.00478	0.00780
14	0.09260	0.25342	0.04342	0.04245	0.06214	0.02025	0.01280	0.05083	0.10213	0.02677	0.13047	0.02966	0.08275	0.01035	0.00705	0.00226	0.00701	0.00815	0.00564	0.00986
15	0.02041	0.01765	0.04705	0.01580	0.02053	0.07395	0.03505	0.06372	0.24461	0.10131	0.02828	0.15605	0.02469	0.01216	0.00812	0.00250	0.00729	0.01037	0.00701	0.10345

[dist]
# distance from previous block
# <min> <max>
0	32

[block]
# block no. 6 follows, 24 sequences, length 6
# corresponding to MSA columns:
# 641-646
name=unknown_G
#
# <colnr> <probs for GDERKNQSTAVLIFYWHMCP>
#	G	D	E	R	K	N	Q	S	T	A	V	L	I	F	Y	W	H	M	C	P
0	0.02016	0.08847	0.11462	0.15402	0.07312	0.01675	0.01671	0.05040	0.07439	0.14270	0.09782	0.02751	0.04406	0.00967	0.00775	0.00240	0.00812	0.00805	0.00599	0.03728
1	0.02307	0.02193	0.02474	0.22906	0.12289	0.14953	0.01867	0.20643	0.02345	0.02951	0.01503	0.01872	0.01162	0.00877	0.00912	0.00247	0.06256	0.00670	0.00498	0.01076
2	0.01281	0.00802	0.00996	0.01009	0.01124	0.00752	0.00676	0.01426	0.01589	0.07709	0.14094	0.27250	0.08139	0.27143	0.02060	0.00460	0.00572	0.01565	0.00688	0.00665
3	0.01822	0.07351	0.21142	0.10581	0.21098	0.01917	0.08414	0.07670	0.01903	0.02623	0.01971	0.02287	0.06047	0.00842	0.00785	0.00244	0.01006	0.00749	0.00429	0.01119
4	0.01435	0.01527	0.06970	0.22947	0.03382	0.01481	0.15084	0.01922	0.01596	0.02150	0.02227	0.03177	0.05285	0.02374	0.19914	0.00554	0.01363	0.05312	0.00431	0.00870
5	0.01553	0.01466	0.02479	0.62410	0.12842	0.01776	0.02230	0.02075	0.01612	0.02094	0.01419	0.02096	0.01081	0.00782	0.00792	0.00261	0.01043	0.00705	0.00357	0.00926

[dist]
# distance from previous block
# <min> <max>
0	1

[block]
# block no. 7 follows, 24 sequences, length 15
# corresponding to MSA columns:
# 648-662
name=unknown_H
#
# <colnr> <probs for GDERKNQSTAVLIFYWHMCP>
#	G	D	E	R	K	N	Q	S	T	A	V	L	I	F	Y	W	H	M	C	P
0	0.01659	0.10241	0.06234	0.23989	0.09711	0.04020	0.04309	0.06209	0.01779	0.02312	0.02168	0.19568	0.02157	0.01204	0.00814	0.00260	0.00887	0.01061	0.00485	0.00933
1	0.01842	0.01399	0.08093	0.08659	0.05803	0.01142	0.04232	0.02193	0.01798	0.18854	0.06181	0.30081	0.03276	0.01540	0.00891	0.00279	0.00707	0.01380	0.00693	0.00957
2	0.01256	0.00738	0.00978	0.00978	0.00989	0.00750	0.00620	0.01119	0.01107	0.01488	0.01943	0.03718	0.02104	0.34198	0.08998	0.36412	0.00844	0.00911	0.00412	0.00436
3	0.02086	0.48581	0.03692	0.01680	0.02206	0.07699	0.05358	0.02346	0.01592	0.01922	0.01130	0.01433	0.01034	0.00835	0.00983	0.00215	0.15359	0.00518	0.00350	0.00983
4	0.01610	0.08727	0.25973	0.21838	0.09012	0.01830	0.06779	0.02228	0.01669	0.02289	0.01733	0.06090	0.01496	0.00927	0.00793	0.00258	0.01038	0.04296	0.00395	0.01020
5	0.01668	0.08274	0.16094	0.07684	0.12076	0.01831	0.08562	0.04692	0.01647	0.02314	0.01589	0.02145	0.01333	0.02113	0.18227	0.00512	0.07127	0.00717	0.00395	0.01001
6	0.01068	0.00764	0.01035	0.01204	0.01299	0.00730	0.00898	0.01288	0.01652	0.02196	0.07963	0.49097	0.05172	0.02346	0.01032	0.00331	0.00536	0.19971	0.00742	0.00676
7	0.02073	0.06070	0.11431	0.09052	0.12368	0.05829	0.01713	0.02564	0.05268	0.14674	0.02145	0.09026	0.01840	0.05375	0.01136	0.00289	0.06683	0.00866	0.00548	0.01050
8	0.01807	0.01908	0.11125	0.04508	0.07878	0.04480	0.12881	0.02395	0.07429	0.08680	0.02492	0.19750	0.02361	0.01284	0.01025	0.00279	0.07012	0.01141	0.00563	0.01004
9	0.01291	0.00797	0.00986	0.00998	0.01065	0.00776	0.00650	0.01350	0.01378	0.05608	0.06756	0.15086	0.03460	0.42419	0.02914	0.06943	0.00684	0.05683	0.00579	0.00579
10	0.01141	0.00758	0.01004	0.01106	0.01209	0.00706	0.00774	0.01335	0.01686	0.05360	0.15612	0.50445	0.05362	0.05265	0.01123	0.00327	0.00481	0.04852	0.00761	0.00694
11	0.04904	0.11685	0.02454	0.02022	0.09587	0.04303	0.04437	0.14983	0.06983	0.02807	0.01939	0.08308	0.01770	0.04586	0.07108	0.00366	0.09355	0.00845	0.00536	0.01023
12	0.02031	0.04617	0.01946	0.03505	0.02017	0.08460	0.04283	0.16378	0.06166	0.06583	0.15026	0.10117	0.03117	0.07560	0.01204	0.00299	0.04001	0.01045	0.00676	0.00968
13	0.01312	0.00966	0.01166	0.01209	0.01389	0.00957	0.00888	0.11123	0.01931	0.02538	0.04457	0.46547	0.12795	0.02154	0.00975	0.00305	0.00541	0.07238	0.00745	0.00766
14	0.01919	0.08756	0.06767	0.06617	0.40264	0.01995	0.02111	0.06081	0.01869	0.02623	0.06173	0.02151	0.01649	0.00848	0.00919	0.00242	0.06704	0.00724	0.00438	0.01148

[dist]
# distance from previous block
# <min> <max>
0	16

[block]
# block no. 8 follows, 24 sequences, length 10
# corresponding to MSA columns:
# 679-688
name=unknown_I
#
# <colnr> <probs for GDERKNQSTAVLIFYWHMCP>
#	G	D	E	R	K	N	Q	S	T	A	V	L	I	F	Y	W	H	M	C	P
0	0.01819	0.01736	0.02890	0.24090	0.38038	0.01864	0.05628	0.02512	0.08735	0.02497	0.01663	0.02127	0.01321	0.00771	0.00798	0.00250	0.00964	0.00739	0.00426	0.01133
1	0.02503	0.07044	0.02302	0.05455	0.12546	0.13071	0.01467	0.02831	0.01931	0.21179	0.01851	0.01962	0.01366	0.00808	0.00785	0.00208	0.03615	0.00626	0.00575	0.17875
2	0.01186	0.00914	0.01098	0.01088	0.01283	0.00907	0.00795	0.01730	0.11210	0.02623	0.27610	0.19789	0.15097	0.05881	0.04823	0.00355	0.00551	0.01524	0.00766	0.00771
3	0.00988	0.00797	0.00879	0.00876	0.01107	0.00688	0.00650	0.01229	0.01900	0.02405	0.23119	0.11895	0.46802	0.01942	0.00942	0.00267	0.00399	0.01654	0.00772	0.00688
4	0.01159	0.00718	0.00972	0.01048	0.01113	0.00682	0.00724	0.01106	0.01363	0.01775	0.03581	0.28486	0.12535	0.02518	0.01924	0.34022	0.00566	0.04625	0.00563	0.00520
5	0.01790	0.01165	0.01367	0.01254	0.01559	0.01199	0.00955	0.07964	0.16234	0.11155	0.16438	0.19771	0.03940	0.01483	0.00850	0.00262	0.00532	0.01283	0.09836	0.00964
6	0.77733	0.01534	0.01166	0.01043	0.01534	0.01779	0.00859	0.02331	0.01350	0.03558	0.01104	0.01288	0.00859	0.00736	0.00491	0.00245	0.00613	0.00429	0.00491	0.00859
7	0.02176	0.52398	0.03464	0.01437	0.02010	0.14427	0.01321	0.02430	0.01707	0.01940	0.01266	0.01499	0.01130	0.01011	0.04376	0.00238	0.00994	0.00481	0.04727	0.00967
8	0.01026	0.00722	0.00935	0.01082	0.01129	0.00688	0.00725	0.01153	0.01468	0.01953	0.03986	0.53865	0.04726	0.16312	0.01619	0.00414	0.00541	0.06353	0.00685	0.00618
9	0.02962	0.03779	0.02247	0.02043	0.02451	0.68948	0.01532	0.03166	0.02247	0.01941	0.01226	0.01430	0.01021	0.00817	0.00715	0.00204	0.01430	0.00511	0.00409	0.00919

[dist]
# distance from previous block
# <min> <max>
0	12

[block]
# block no. 9 follows, 24 sequences, length 12
# corresponding to MSA columns:
# 701-712
name=unknown_J
#
# <colnr> <probs for GDERKNQSTAVLIFYWHMCP>
#	G	D	E	R	K	N	Q	S	T	A	V	L	I	F	Y	W	H	M	C	P
0	0.01224	0.00828	0.00887	0.00863	0.01093	0.00767	0.00649	0.03593	0.01897	0.02702	0.16913	0.07618	0.29879	0.01553	0.00807	0.00237	0.00404	0.01303	0.26053	0.00730
1	0.02581	0.01244	0.01555	0.01272	0.01754	0.01140	0.01023	0.05597	0.07767	0.38707	0.10640	0.04085	0.16592	0.01276	0.00842	0.00252	0.00589	0.01057	0.00894	0.01133
2	0.01356	0.01118	0.01415	0.07179	0.01896	0.00951	0.00967	0.01637	0.01588	0.02308	0.02611	0.30078	0.02816	0.01375	0.00778	0.00213	0.00577	0.01214	0.00568	0.39355
3	0.10575	0.16355	0.39498	0.01966	0.02835	0.02143	0.04275	0.02404	0.01584	0.02451	0.01293	0.01575	0.01000	0.00799	0.00871	0.00245	0.08142	0.00560	0.00357	0.01072
4	0.02083	0.36979	0.09100	0.02225	0.16291	0.02475	0.01701	0.08703	0.01878	0.02471	0.01327	0.01559	0.01118	0.00710	0.00627	0.00193	0.00873	0.00534	0.00410	0.08745
5	0.01023	0.01188	0.08639	0.00983	0.01352	0.00810	0.00881	0.01317	0.01815	0.02239	0.10324	0.06849	0.56105	0.01842	0.00916	0.00265	0.00490	0.01535	0.00697	0.00732
6	0.02120	0.72609	0.04155	0.01357	0.02035	0.03138	0.01357	0.02374	0.01611	0.01866	0.01102	0.01272	0.01018	0.00678	0.00509	0.00170	0.00848	0.00424	0.00339	0.01018
7	0.01484	0.01017	0.01167	0.01120	0.01347	0.01025	0.00833	0.13330	0.02096	0.02963	0.12710	0.28624	0.09514	0.01692	0.00854	0.00261	0.00501	0.01467	0.17178	0.00815
8	0.02014	0.01480	0.01813	0.01547	0.01846	0.01698	0.01231	0.27056	0.02219	0.03045	0.01768	0.02330	0.01502	0.02787	0.21173	0.14954	0.09324	0.00746	0.00550	0.00919
9	0.10889	0.18272	0.02346	0.01529	0.01916	0.10788	0.01285	0.08595	0.05289	0.02583	0.01545	0.01865	0.01301	0.01364	0.06931	0.00325	0.13401	0.00608	0.08218	0.00950
10	0.02371	0.17275	0.08207	0.01518	0.02227	0.01974	0.01389	0.19498	0.02293	0.11700	0.01707	0.01777	0.01278	0.00774	0.00669	0.00190	0.00784	0.00580	0.00586	0.23203
11	0.04147	0.04592	0.11952	0.05755	0.14446	0.01679	0.01696	0.02477	0.08191	0.08744	0.02157	0.02452	0.04105	0.01392	0.06910	0.00341	0.09051	0.00750	0.08118	0.01043

[dist]
# distance from previous block
# <min> <max>
0	36

[block]
# block no. 10 follows, 24 sequences, length 34
# corresponding to MSA columns:
# 751-784
name=unknown_K
#
# <colnr> <probs for GDERKNQSTAVLIFYWHMCP>
#	G	D	E	R	K	N	Q	S	T	A	V	L	I	F	Y	W	H	M	C	P
0	0.06684	0.15784	0.30003	0.02048	0.08225	0.02070	0.02031	0.08291	0.07351	0.02741	0.01998	0.02136	0.05643	0.00866	0.00715	0.00236	0.00930	0.00669	0.00461	0.01120
1	0.01988	0.02335	0.08928	0.01718	0.02139	0.22120	0.04806	0.06674	0.09499	0.02366	0.02412	0.08728	0.05355	0.10032	0.07032	0.00396	0.01106	0.00920	0.00529	0.00916
2	0.01719	0.01678	0.07691	0.01828	0.06318	0.01536	0.07178	0.15033	0.06280	0.03013	0.11148	0.12075	0.14478	0.01386	0.00973	0.00267	0.04570	0.01185	0.00659	0.00986
3	0.39823	0.01820	0.01929	0.01982	0.13576	0.02020	0.01352	0.22631	0.02207	0.03854	0.01434	0.01610	0.01090	0.00801	0.00642	0.00241	0.00757	0.00572	0.00572	0.01090
4	0.01710	0.01431	0.02097	0.01702	0.02048	0.01509	0.13714	0.13165	0.07349	0.02597	0.02371	0.03444	0.04365	0.23549	0.12702	0.00578	0.03283	0.00965	0.00545	0.00877
5	0.06471	0.06393	0.02001	0.01416	0.02049	0.07381	0.01159	0.12650	0.02164	0.18468	0.01847	0.01876	0.01351	0.00774	0.00671	0.00185	0.00746	0.00586	0.00631	0.31181
6	0.53045	0.02008	0.11645	0.01686	0.08837	0.01846	0.01385	0.06591	0.01609	0.03394	0.01248	0.01460	0.00956	0.00750	0.00582	0.00245	0.00751	0.00502	0.00477	0.00982
7	0.02059	0.01295	0.01537	0.01312	0.01611	0.01425	0.01044	0.11217	0.05483	0.14009	0.02808	0.03101	0.07457	0.05956	0.01280	0.00283	0.13112	0.00855	0.23197	0.00959
8	0.01591	0.01359	0.01756	0.16998	0.02619	0.01605	0.01383	0.02808	0.30241	0.02544	0.02457	0.02819	0.01970	0.02600	0.23032	0.00596	0.01212	0.00838	0.00580	0.00992
9	0.01966	0.29576	0.06382	0.01665	0.06459	0.06971	0.01397	0.06394	0.05222	0.02397	0.02175	0.02539	0.07467	0.00924	0.00673	0.00202	0.00817	0.03897	0.00479	0.12399
10	0.01933	0.01746	0.11423	0.01872	0.02400	0.01383	0.16894	0.02327	0.01783	0.16256	0.08422	0.03287	0.06695	0.09664	0.01483	0.05335	0.04602	0.00952	0.00586	0.00957
11	0.01527	0.18504	0.31727	0.01629	0.02385	0.01770	0.01861	0.02083	0.01733	0.02325	0.07141	0.03484	0.15278	0.01130	0.00766	0.00242	0.00863	0.04093	0.00475	0.00982
12	0.01538	0.01451	0.02451	0.64547	0.10825	0.01772	0.02222	0.02061	0.01605	0.02075	0.01417	0.02101	0.01074	0.00785	0.00792	0.00262	0.01047	0.00705	0.00356	0.00914
13	0.01983	0.02337	0.09370	0.11109	0.27129	0.14174	0.07397	0.02581	0.06209	0.02447	0.04096	0.02270	0.03699	0.00841	0.00795	0.00241	0.01043	0.00749	0.00443	0.01087
14	0.19250	0.06781	0.02191	0.08511	0.02493	0.13246	0.06806	0.13436	0.02075	0.02959	0.01883	0.06986	0.01713	0.01053	0.00751	0.00253	0.00924	0.07188	0.00540	0.00960
15	0.01430	0.01211	0.01167	0.01150	0.01283	0.08947	0.00793	0.04772	0.01576	0.01961	0.03128	0.13458	0.08496	0.35495	0.07137	0.00581	0.00873	0.05339	0.00557	0.00649
16	0.01530	0.01539	0.05771	0.13004	0.22482	0.01472	0.03983	0.02116	0.07655	0.02382	0.03128	0.09359	0.13040	0.01537	0.05597	0.00334	0.00900	0.02669	0.00522	0.00981
17	0.05727	0.02025	0.19985	0.01782	0.04595	0.01429	0.05678	0.02395	0.07664	0.10004	0.02275	0.11741	0.01974	0.01280	0.01085	0.08021	0.03304	0.00916	0.07146	0.00976
18	0.01158	0.00961	0.01300	0.01242	0.01483	0.00902	0.06234	0.01509	0.05213	0.02202	0.05343	0.19186	0.29236	0.08488	0.01260	0.00342	0.00596	0.11936	0.00687	0.00724
19	0.01099	0.00817	0.00981	0.01059	0.01216	0.00793	0.00765	0.01442	0.06068	0.02220	0.04868	0.35800	0.20351	0.02441	0.07266	0.00383	0.00613	0.03889	0.07215	0.00710
20	0.02085	0.07654	0.12632	0.07555	0.23318	0.14004	0.06111	0.07639	0.01982	0.02532	0.01625	0.06246	0.01405	0.00869	0.00773	0.00237	0.01054	0.00747	0.00436	0.01096
21	0.10638	0.06445	0.02149	0.09167	0.08426	0.05023	0.01420	0.10396	0.02100	0.26700	0.02108	0.02198	0.01499	0.01309	0.06664	0.00328	0.00934	0.00695	0.00664	0.01139
22	0.36396	0.01248	0.01401	0.01237	0.01562	0.01360	0.06671	0.01872	0.01373	0.02684	0.01899	0.08513	0.01874	0.17155	0.08613	0.00476	0.00853	0.00848	0.03211	0.00756
23	0.07129	0.22541	0.11534	0.06094	0.02512	0.22483	0.04333	0.02560	0.01811	0.02242	0.01382	0.01646	0.01125	0.00767	0.00645	0.00208	0.01037	0.00546	0.08441	0.00962
24	0.01218	0.00762	0.01007	0.01121	0.01217	0.00710	0.00769	0.01366	0.01560	0.07630	0.04083	0.57187	0.04718	0.08824	0.01278	0.00359	0.00517	0.04247	0.00733	0.00693
25	0.01357	0.01293	0.07389	0.01183	0.01529	0.01061	0.01012	0.07142	0.06567	0.02924	0.32170	0.05212	0.20684	0.01605	0.01016	0.04468	0.00534	0.01275	0.00748	0.00833
26	0.02120	0.72609	0.04155	0.01357	0.02035	0.03138	0.01357	0.02374	0.01611	0.01866	0.01102	0.01272	0.01018	0.00678	0.00509	0.00170	0.00848	0.00424	0.00339	0.01018
27	0.02457	0.01330	0.01627	0.01326	0.01784	0.01285	0.01065	0.14951	0.04776	0.28546	0.21461	0.03928	0.09467	0.01257	0.00849	0.00248	0.00601	0.01047	0.00884	0.01112
28	0.01161	0.00814	0.01149	0.01149	0.01242	0.00907	0.00835	0.01314	0.01222	0.01722	0.02149	0.03570	0.02152	0.22254	0.46564	0.08186	0.01651	0.00911	0.00431	0.00617
29	0.01498	0.01409	0.02378	0.70226	0.05462	0.01762	0.02202	0.02026	0.01586	0.02026	0.01409	0.02114	0.01057	0.00793	0.00793	0.00264	0.01057	0.00705	0.00352	0.00881
30	0.03082	0.01541	0.07117	0.04197	0.02100	0.01620	0.06852	0.01750	0.01451	0.02101	0.04783	0.09559	0.08048	0.05934	0.11146	0.00466	0.25951	0.01017	0.00465	0.00821
31	0.01254	0.00930	0.01305	0.07865	0.08557	0.00955	0.01014	0.01478	0.01488	0.02087	0.02997	0.26526	0.03270	0.18878	0.05266	0.00452	0.00734	0.04701	0.09530	0.00712
32	0.01814	0.01747	0.05298	0.01793	0.01982	0.07955	0.01509	0.02071	0.01437	0.07403	0.01571	0.02192	0.01392	0.02616	0.21790	0.00595	0.34801	0.00726	0.00428	0.00880
33	0.01760	0.01620	0.01811	0.03634	0.06067	0.06334	0.01117	0.02114	0.01699	0.02518	0.01400	0.01662	0.01164	0.00619	0.00616	0.00136	0.00689	0.00495	0.00457	0.64088

[dist]
# distance from previous block
# <min> <max>
18	50

[block]
# block no. 11 follows, 24 sequences, length 15
# corresponding to MSA columns:
# 939-953
name=unknown_L
#
# <colnr> <probs for GDERKNQSTAVLIFYWHMCP>
#	G	D	E	R	K	N	Q	S	T	A	V	L	I	F	Y	W	H	M	C	P
0	0.01719	0.01242	0.01438	0.01365	0.01627	0.04197	0.01079	0.11190	0.06879	0.05698	0.15558	0.11244	0.03844	0.01802	0.01240	0.11019	0.00671	0.16635	0.00717	0.00839
1	0.01418	0.01285	0.02120	0.55315	0.04566	0.01573	0.01918	0.01902	0.01610	0.02113	0.07669	0.02595	0.01776	0.01497	0.09087	0.00386	0.01122	0.00791	0.00410	0.00847
2	0.01392	0.01323	0.01194	0.01165	0.01447	0.09212	0.00867	0.01985	0.14415	0.02329	0.05635	0.16858	0.35668	0.01761	0.00897	0.00270	0.00581	0.01478	0.00710	0.00811
3	0.11317	0.43504	0.03078	0.01382	0.01923	0.11742	0.01232	0.02472	0.05434	0.02137	0.01378	0.01766	0.01258	0.07477	0.00886	0.00246	0.00879	0.00534	0.00408	0.00948
4	0.01534	0.01207	0.01565	0.01471	0.01617	0.01414	0.01137	0.01958	0.09308	0.07368	0.03426	0.29663	0.09131	0.01802	0.01466	0.00312	0.22705	0.01425	0.00641	0.00847
5	0.01431	0.01085	0.01586	0.07792	0.01877	0.01084	0.08509	0.01748	0.04774	0.05937	0.08575	0.04600	0.09848	0.35061	0.02388	0.00504	0.00778	0.01132	0.00567	0.00725
6	0.00998	0.00747	0.00927	0.01005	0.01140	0.00676	0.00707	0.01210	0.01769	0.02341	0.20831	0.39830	0.20617	0.02154	0.00975	0.00291	0.00425	0.01910	0.00770	0.00676
7	0.01165	0.00870	0.01106	0.01164	0.01339	0.00847	0.00893	0.01604	0.06945	0.02593	0.24860	0.24877	0.11054	0.01983	0.00983	0.00299	0.00502	0.15383	0.00785	0.00748
8	0.02914	0.02032	0.02220	0.01741	0.02343	0.02224	0.01425	0.47512	0.13485	0.12346	0.02265	0.02169	0.01595	0.00975	0.00796	0.00244	0.00809	0.00753	0.00818	0.01334
9	0.02279	0.02286	0.07270	0.09346	0.26823	0.12275	0.01997	0.11333	0.05909	0.06729	0.01675	0.01958	0.01298	0.00842	0.00868	0.00243	0.04519	0.00685	0.00501	0.01162
10	0.07821	0.12504	0.08101	0.01795	0.06002	0.13299	0.01473	0.09986	0.06510	0.06602	0.01732	0.01990	0.01388	0.01696	0.12427	0.00400	0.01150	0.00636	0.00511	0.03976
11	0.01036	0.00729	0.00890	0.00988	0.01034	0.00694	0.00627	0.01126	0.01401	0.01847	0.03942	0.41026	0.09225	0.29197	0.02168	0.00489	0.00574	0.01785	0.00638	0.00583
12	0.01462	0.01012	0.01278	0.01315	0.01539	0.01005	0.01051	0.09336	0.02005	0.05504	0.07039	0.26685	0.10030	0.02031	0.00998	0.00317	0.00617	0.25217	0.00758	0.00803
13	0.01962	0.10882	0.08006	0.08291	0.13681	0.07538	0.01683	0.06942	0.01838	0.02512	0.01379	0.01706	0.01134	0.00762	0.00830	0.00203	0.06424	0.00575	0.00428	0.23224
14	0.02514	0.02504	0.07044	0.11003	0.05820	0.27392	0.01656	0.05616	0.02095	0.14637	0.01978	0.02590	0.01595	0.01138	0.03019	0.00277	0.01127	0.06419	0.00551	0.01025

[dist]
# distance from previous block
# <min> <max>
0	1

[block]
# block no. 12 follows, 24 sequences, length 7
# corresponding to MSA columns:
# 955-961
name=unknown_M
#
# <colnr> <probs for GDERKNQSTAVLIFYWHMCP>
#	G	D	E	R	K	N	Q	S	T	A	V	L	I	F	Y	W	H	M	C	P
0	0.01453	0.00988	0.01223	0.01105	0.01389	0.00907	0.00838	0.06140	0.02143	0.07991	0.36123	0.15764	0.10769	0.01602	0.00895	0.00250	0.00469	0.01399	0.00805	0.07747
1	0.07637	0.02050	0.14794	0.01993	0.11299	0.07529	0.03665	0.04427	0.01909	0.05604	0.13128	0.03427	0.12859	0.01215	0.00926	0.04279	0.00812	0.00929	0.00563	0.00954
2	0.04441	0.20057	0.02783	0.11359	0.10257	0.07198	0.06663	0.07999	0.01861	0.02401	0.01907	0.13439	0.01858	0.03416	0.00859	0.00255	0.00900	0.00901	0.00476	0.00970
3	0.01435	0.00911	0.01053	0.00971	0.01197	0.00900	0.00741	0.07369	0.02150	0.03257	0.35496	0.04385	0.04770	0.01285	0.00772	0.00223	0.00418	0.01094	0.30776	0.00799
4	0.01668	0.08145	0.35069	0.08055	0.05809	0.01801	0.02167	0.05684	0.06842	0.02724	0.12131	0.02494	0.02197	0.00925	0.00775	0.00246	0.00940	0.00758	0.00487	0.01085
5	0.00972	0.00798	0.00813	0.00813	0.01038	0.00685	0.00583	0.01140	0.01702	0.02044	0.07138	0.07237	0.56519	0.13346	0.01438	0.00349	0.00461	0.01589	0.00695	0.00639
6	0.01285	0.01086	0.01508	0.17725	0.02306	0.01262	0.01218	0.01549	0.01530	0.02086	0.03510	0.20357	0.15050	0.04909	0.01342	0.00311	0.13643	0.01295	0.07280	0.00748

[dist]
# distance from previous block
# <min> <max>
0	6

[block]
# block no. 13 follows, 24 sequences, length 17
# corresponding to MSA columns:
# 968-984
name=unknown_N
#
# <colnr> <probs for GDERKNQSTAVLIFYWHMCP>
#	G	D	E	R	K	N	Q	S	T	A	V	L	I	F	Y	W	H	M	C	P
0	0.01690	0.13946	0.01878	0.03044	0.03441	0.07086	0.01088	0.03793	0.04845	0.06393	0.17092	0.12560	0.12799	0.01462	0.00837	0.00252	0.00663	0.05585	0.00668	0.00878
1	0.02514	0.15112	0.02741	0.02159	0.08693	0.24890	0.01620	0.15939	0.02231	0.02643	0.01344	0.01609	0.01118	0.00909	0.01028	0.00233	0.13107	0.00590	0.00467	0.01053
2	0.01182	0.00899	0.01087	0.01019	0.01239	0.00811	0.00719	0.01381	0.01556	0.02155	0.11903	0.16124	0.11787	0.20735	0.08822	0.00483	0.00722	0.01283	0.00602	0.15491
3	0.01618	0.01181	0.01402	0.04158	0.01641	0.01267	0.00969	0.17213	0.01976	0.02655	0.03112	0.03922	0.13098	0.16823	0.17953	0.04479	0.01049	0.01000	0.03678	0.00807
4	0.56771	0.01631	0.01734	0.02101	0.19696	0.01808	0.01294	0.02359	0.01476	0.03290	0.01211	0.01475	0.00969	0.00728	0.00572	0.00243	0.00704	0.00506	0.00464	0.00969
5	0.02524	0.01762	0.01977	0.01588	0.02032	0.01929	0.01262	0.45528	0.02921	0.03914	0.01746	0.02056	0.01357	0.01492	0.01484	0.23197	0.00818	0.00706	0.00659	0.01048
6	0.01854	0.46410	0.03314	0.14787	0.02635	0.02487	0.01508	0.02181	0.01643	0.01984	0.01695	0.02756	0.01635	0.00961	0.00665	0.00222	0.00868	0.11045	0.00409	0.00942
7	0.01603	0.01555	0.02169	0.01914	0.01922	0.02122	0.01563	0.01770	0.01267	0.01928	0.01614	0.13756	0.01764	0.01577	0.02329	0.00343	0.58601	0.00962	0.00414	0.00829
8	0.01435	0.13088	0.01381	0.00955	0.01183	0.01123	0.00747	0.01716	0.01611	0.02490	0.02866	0.23221	0.02820	0.01349	0.00684	0.00223	0.00479	0.01139	0.40735	0.00759
9	0.01572	0.08754	0.01762	0.01130	0.01757	0.01208	0.00925	0.01889	0.01669	0.02433	0.02517	0.02635	0.12458	0.00841	0.00639	0.00149	0.00583	0.00672	0.00502	0.55905
10	0.01280	0.01022	0.01573	0.01340	0.01610	0.00961	0.10066	0.01622	0.04614	0.02598	0.32818	0.04940	0.15829	0.01722	0.01302	0.13447	0.00585	0.01252	0.00686	0.00734
11	0.05098	0.01015	0.01175	0.01129	0.01342	0.01016	0.00816	0.09896	0.01874	0.05846	0.09187	0.26946	0.12428	0.14097	0.04127	0.00404	0.00637	0.01492	0.00700	0.00772
12	0.01194	0.00861	0.01085	0.01170	0.01290	0.00843	0.00818	0.07776	0.01814	0.02438	0.09636	0.58505	0.05035	0.02248	0.00982	0.00307	0.00496	0.02021	0.00754	0.00727
13	0.01643	0.08876	0.02144	0.23512	0.07622	0.04716	0.01523	0.05189	0.04851	0.02366	0.07908	0.05239	0.08327	0.03431	0.03954	0.00310	0.04057	0.00903	0.02527	0.00902
14	0.01535	0.01202	0.08135	0.01287	0.01571	0.00907	0.01078	0.01802	0.01680	0.13380	0.03800	0.34927	0.06613	0.08922	0.01257	0.00349	0.00635	0.09392	0.00710	0.00817
15	0.01709	0.02155	0.15934	0.13205	0.19641	0.06506	0.01973	0.04681	0.01776	0.02409	0.01978	0.13896	0.01870	0.01254	0.03490	0.00291	0.00987	0.00927	0.00456	0.04864
16	0.09654	0.04490	0.07831	0.17360	0.12376	0.04516	0.01628	0.04740	0.03457	0.02526	0.05365	0.16295	0.04201	0.01199	0.00797	0.00261	0.00819	0.01028	0.00518	0.00937

[dist]
# distance from previous block
# <min> <max>
0	212

# created by:
# /home/berkeley/.conda/envs/busco_data_prod/bin/msa2prfl.pl pipeline/OGs_align_augustus/5794/69196.fs
