[name]
unknown

[dist]
# distance from previous block
# <min> <max>
0	56

[block]
# block no. 0 follows, 34 sequences, length 126
# corresponding to MSA columns:
# 64-189
name=unknown_A
#
# <colnr> <probs for GDERKNQSTAVLIFYWHMCP>
#	G	D	E	R	K	N	Q	S	T	A	V	L	I	F	Y	W	H	M	C	P
0	0.03687	0.18676	0.22574	0.01440	0.02044	0.07240	0.03252	0.05843	0.12876	0.05844	0.01479	0.01665	0.01156	0.00685	0.00574	0.00183	0.00753	0.02409	0.00409	0.07212
1	0.11181	0.21660	0.19922	0.01639	0.09816	0.05425	0.01457	0.04153	0.12440	0.02157	0.01299	0.01426	0.01023	0.00636	0.00542	0.00182	0.00731	0.00475	0.00371	0.03466
2	0.11697	0.27430	0.28169	0.01346	0.01998	0.01791	0.01483	0.03837	0.04657	0.07687	0.01257	0.01367	0.00955	0.00627	0.00521	0.00180	0.00731	0.00449	0.02930	0.00888
3	0.01247	0.01060	0.01048	0.00942	0.01165	0.08270	0.00705	0.10224	0.01780	0.02314	0.31418	0.04152	0.18264	0.11115	0.01050	0.00254	0.00495	0.01006	0.00591	0.02899
4	0.02363	0.06327	0.01888	0.01523	0.01931	0.40255	0.01196	0.21160	0.07547	0.07657	0.01383	0.01435	0.01049	0.00716	0.00602	0.00179	0.00922	0.00499	0.00474	0.00895
5	0.02041	0.01389	0.01594	0.01191	0.01730	0.01307	0.00973	0.28047	0.02071	0.15768	0.01553	0.01575	0.01126	0.00648	0.00573	0.00151	0.00579	0.00506	0.00557	0.36621
6	0.01599	0.01535	0.02623	0.03966	0.73262	0.01535	0.01983	0.01983	0.01471	0.02111	0.01215	0.01599	0.01023	0.00576	0.00640	0.00192	0.00768	0.00576	0.00320	0.01023
7	0.02519	0.01020	0.01355	0.01066	0.01513	0.00879	0.00871	0.02759	0.01794	0.60752	0.05674	0.02874	0.12062	0.00939	0.00670	0.00203	0.00509	0.00772	0.00768	0.01002
8	0.00933	0.00654	0.00842	0.00842	0.00889	0.00701	0.00563	0.01028	0.00980	0.01354	0.01910	0.03533	0.02047	0.47490	0.32678	0.00796	0.01081	0.00838	0.00373	0.00468
9	0.01340	0.01148	0.01340	0.00957	0.01531	0.00861	0.00766	0.01627	0.01340	0.02105	0.01148	0.01340	0.00957	0.00479	0.00479	0.00096	0.00479	0.00383	0.00383	0.81242
10	0.00787	0.00562	0.00750	0.00900	0.00937	0.00525	0.00600	0.00900	0.01237	0.01649	0.03561	0.76871	0.04274	0.02024	0.00825	0.00262	0.00375	0.01837	0.00600	0.00525
11	0.02899	0.01100	0.01499	0.01150	0.01649	0.00950	0.00950	0.03149	0.01849	0.73709	0.02549	0.02199	0.01599	0.00800	0.00650	0.00200	0.00550	0.00650	0.00800	0.01100
12	0.02235	0.01801	0.01808	0.01456	0.01920	0.07588	0.01177	0.48347	0.20698	0.03525	0.01785	0.01742	0.01303	0.00793	0.00644	0.00198	0.00695	0.00607	0.00625	0.01052
13	0.01466	0.10323	0.14430	0.01184	0.01751	0.01250	0.01125	0.08921	0.01518	0.03993	0.01487	0.10356	0.01344	0.00734	0.00558	0.00153	0.00601	0.00596	0.00415	0.37794
14	0.01393	0.18847	0.55389	0.01680	0.02500	0.01747	0.02068	0.01997	0.01334	0.01910	0.01088	0.01298	0.00822	0.00628	0.00650	0.00195	0.04810	0.00454	0.00274	0.00916
15	0.00879	0.00629	0.00852	0.00977	0.01062	0.00601	0.00735	0.01071	0.01384	0.01848	0.11786	0.47183	0.04323	0.01868	0.00838	0.00266	0.00433	0.22098	0.00612	0.00556
16	0.01910	0.02235	0.07482	0.01606	0.02031	0.29916	0.06690	0.04602	0.32070	0.02202	0.01752	0.01772	0.01341	0.00746	0.00633	0.00197	0.00850	0.00588	0.00475	0.00902
17	0.16635	0.02501	0.01642	0.01449	0.01827	0.50121	0.01110	0.07664	0.01754	0.02052	0.01035	0.01188	0.00839	0.00648	0.00546	0.00169	0.00957	0.00414	0.00373	0.07076
18	0.01393	0.01335	0.02312	0.10360	0.16965	0.01358	0.22144	0.03737	0.10728	0.02148	0.09009	0.06212	0.03596	0.04786	0.00842	0.00234	0.00754	0.00815	0.00436	0.00834
19	0.00784	0.00620	0.00707	0.00760	0.00905	0.00543	0.00542	0.00940	0.01411	0.01775	0.10599	0.33072	0.41538	0.01760	0.00787	0.00234	0.00344	0.01529	0.00609	0.00543
20	0.00784	0.00574	0.00737	0.00868	0.00929	0.00528	0.00586	0.00903	0.01268	0.01662	0.03950	0.67675	0.13218	0.01974	0.00817	0.00257	0.00369	0.01775	0.00600	0.00528
21	0.04568	0.53956	0.08048	0.01239	0.01772	0.11756	0.01196	0.02143	0.06925	0.01707	0.01066	0.01185	0.00914	0.00599	0.00469	0.00155	0.00751	0.00395	0.00318	0.00839
22	0.00904	0.00687	0.00844	0.00906	0.01026	0.00667	0.00645	0.01251	0.09198	0.01955	0.16352	0.45004	0.13059	0.01716	0.00789	0.00242	0.00377	0.03155	0.00626	0.00599
23	0.00884	0.00659	0.00821	0.00781	0.00946	0.00597	0.00585	0.01160	0.01756	0.02418	0.59350	0.05111	0.19775	0.01385	0.00762	0.00206	0.00309	0.01208	0.00689	0.00597
24	0.01525	0.01743	0.03813	0.02723	0.03377	0.01634	0.70915	0.02070	0.01525	0.02070	0.01307	0.01743	0.00980	0.00545	0.00763	0.00218	0.01089	0.00763	0.00327	0.00871
25	0.01543	0.01641	0.03327	0.15804	0.03463	0.01627	0.52978	0.07405	0.01602	0.02151	0.01298	0.01724	0.00968	0.00581	0.00732	0.00216	0.01019	0.00714	0.00345	0.00862
26	0.02746	0.01093	0.01450	0.01122	0.01596	0.00971	0.00924	0.06156	0.01866	0.64919	0.02469	0.02186	0.01581	0.00795	0.00634	0.00196	0.00538	0.00643	0.07057	0.01061
27	0.07501	0.01155	0.01202	0.01059	0.01315	0.04586	0.00838	0.09281	0.14322	0.06262	0.07435	0.02228	0.01800	0.00852	0.00735	0.00193	0.09021	0.00639	0.28795	0.00782
28	0.02015	0.02057	0.01702	0.07268	0.01991	0.31758	0.01178	0.21512	0.02089	0.02469	0.14139	0.01990	0.01860	0.00835	0.00709	0.00190	0.04316	0.00618	0.00484	0.00818
29	0.00911	0.00689	0.01008	0.01008	0.01132	0.00787	0.00783	0.01136	0.01072	0.01519	0.02108	0.02827	0.07211	0.04594	0.68934	0.00974	0.01621	0.00745	0.00366	0.00574
30	0.07821	0.01443	0.02368	0.16675	0.55199	0.01511	0.01848	0.01916	0.01410	0.02090	0.01179	0.01578	0.00969	0.00590	0.00622	0.00197	0.00764	0.00558	0.00320	0.00943
31	0.01525	0.01743	0.03813	0.02723	0.03377	0.01634	0.70915	0.02070	0.01525	0.02070	0.01307	0.01743	0.00980	0.00545	0.00763	0.00218	0.01089	0.00763	0.00327	0.00871
32	0.00787	0.00562	0.00750	0.00900	0.00937	0.00525	0.00600	0.00900	0.01237	0.01649	0.03561	0.76871	0.04274	0.02024	0.00825	0.00262	0.00375	0.01837	0.00600	0.00525
33	0.01446	0.01379	0.02345	0.33040	0.45387	0.01495	0.01907	0.01848	0.01399	0.01925	0.01188	0.01649	0.00958	0.00604	0.00642	0.00201	0.00806	0.00575	0.00307	0.00900
34	0.01545	0.01479	0.02524	0.14320	0.63335	0.01521	0.01956	0.01935	0.01445	0.02045	0.01206	0.01617	0.01000	0.00586	0.00641	0.00195	0.00781	0.00575	0.00315	0.00979
35	0.81856	0.01250	0.00950	0.00850	0.01250	0.01449	0.00700	0.01899	0.01100	0.02899	0.00900	0.01050	0.00700	0.00600	0.00400	0.00200	0.00500	0.00350	0.00400	0.00700
36	0.02899	0.01100	0.01499	0.01150	0.01649	0.00950	0.00950	0.03149	0.01849	0.73709	0.02549	0.02199	0.01599	0.00800	0.00650	0.00200	0.00550	0.00650	0.00800	0.01100
37	0.02414	0.03079	0.01831	0.01665	0.01998	0.74698	0.01248	0.02580	0.01831	0.01581	0.00999	0.01165	0.00832	0.00666	0.00583	0.00166	0.01165	0.00416	0.00333	0.00749
38	0.01296	0.03342	0.73944	0.01842	0.02797	0.01501	0.02387	0.02046	0.01364	0.02046	0.01160	0.01364	0.00818	0.00614	0.00614	0.00205	0.00955	0.00477	0.00273	0.00955
39	0.02852	0.01110	0.01498	0.01156	0.01651	0.00973	0.00952	0.03159	0.04394	0.71137	0.02552	0.02207	0.01613	0.00803	0.00650	0.00201	0.00548	0.00653	0.00795	0.01097
40	0.01482	0.01257	0.01353	0.01224	0.01551	0.01427	0.00948	0.03034	0.59413	0.02683	0.15316	0.02847	0.02717	0.00957	0.00676	0.00216	0.00474	0.00810	0.00667	0.00948
41	0.01599	0.01535	0.02623	0.03966	0.73262	0.01535	0.01983	0.01983	0.01471	0.02111	0.01215	0.01599	0.01023	0.00576	0.00640	0.00192	0.00768	0.00576	0.00320	0.01023
42	0.09311	0.01315	0.01545	0.01225	0.01699	0.01329	0.01002	0.18214	0.12967	0.41155	0.02199	0.01990	0.01469	0.00789	0.00629	0.00202	0.00575	0.00622	0.00709	0.01054
43	0.00787	0.00562	0.00750	0.00900	0.00937	0.00525	0.00600	0.00900	0.01237	0.01649	0.03561	0.76871	0.04274	0.02024	0.00825	0.00262	0.00375	0.01837	0.00600	0.00525
44	0.02236	0.02704	0.01864	0.01660	0.01944	0.57277	0.01277	0.06447	0.01751	0.01724	0.01004	0.01233	0.00851	0.00756	0.00864	0.00189	0.14664	0.00453	0.00342	0.00762
45	0.01318	0.01249	0.02115	0.57160	0.22262	0.01461	0.01843	0.01737	0.01338	0.01770	0.01166	0.01691	0.00903	0.00628	0.00644	0.00209	0.00837	0.00575	0.00296	0.00797
46	0.81856	0.01250	0.00950	0.00850	0.01250	0.01449	0.00700	0.01899	0.01100	0.02899	0.00900	0.01050	0.00700	0.00600	0.00400	0.00200	0.00500	0.00350	0.00400	0.00700
47	0.00987	0.00831	0.01018	0.01116	0.06710	0.00825	0.00755	0.01373	0.09865	0.01972	0.13639	0.19455	0.32274	0.01475	0.00821	0.00227	0.04163	0.01258	0.00584	0.00652
48	0.02819	0.01228	0.01579	0.01210	0.01713	0.01140	0.01000	0.15414	0.02064	0.61142	0.02369	0.02082	0.01509	0.00795	0.00649	0.00199	0.00579	0.00637	0.00772	0.01099
49	0.01296	0.03342	0.73944	0.01842	0.02797	0.01501	0.02387	0.02046	0.01364	0.02046	0.01160	0.01364	0.00818	0.00614	0.00614	0.00205	0.00955	0.00477	0.00273	0.00955
50	0.00799	0.00625	0.00724	0.00764	0.00911	0.00550	0.00548	0.00971	0.01460	0.01867	0.17566	0.29189	0.38314	0.01707	0.00783	0.00230	0.00339	0.01484	0.00620	0.00550
51	0.00892	0.00660	0.00833	0.00790	0.00952	0.00600	0.00592	0.01177	0.01777	0.02467	0.63195	0.05030	0.15900	0.01367	0.00762	0.00205	0.00308	0.01197	0.00695	0.00600
52	0.00866	0.00645	0.00806	0.00795	0.00943	0.00585	0.00585	0.01115	0.01672	0.02287	0.49757	0.15761	0.18826	0.01486	0.00772	0.00215	0.00320	0.01305	0.00673	0.00585
53	0.00787	0.00562	0.00750	0.00900	0.00937	0.00525	0.00600	0.00900	0.01237	0.01649	0.03561	0.76871	0.04274	0.02024	0.00825	0.00262	0.00375	0.01837	0.00600	0.00525
54	0.02899	0.01100	0.01499	0.01150	0.01649	0.00950	0.00950	0.03149	0.01849	0.73709	0.02549	0.02199	0.01599	0.00800	0.00650	0.00200	0.00550	0.00650	0.00800	0.01100
55	0.02899	0.01100	0.01499	0.01150	0.01649	0.00950	0.00950	0.03149	0.01849	0.73709	0.02549	0.02199	0.01599	0.00800	0.00650	0.00200	0.00550	0.00650	0.00800	0.01100
56	0.01727	0.77681	0.03386	0.01106	0.01658	0.02557	0.01106	0.01935	0.01313	0.01520	0.00898	0.01036	0.00829	0.00553	0.00415	0.00138	0.00691	0.00345	0.00276	0.00829
57	0.02652	0.01045	0.01420	0.01108	0.01564	0.00907	0.00907	0.02909	0.01847	0.64865	0.11301	0.02526	0.02159	0.00865	0.00664	0.00200	0.00519	0.00714	0.00789	0.01039
58	0.01361	0.02942	0.57837	0.02266	0.15540	0.01513	0.05476	0.02036	0.01391	0.02059	0.01176	0.01424	0.00863	0.00604	0.00625	0.00203	0.00927	0.00508	0.00284	0.00963
59	0.01340	0.01148	0.01340	0.00957	0.01531	0.00861	0.00766	0.01627	0.01340	0.02105	0.01148	0.01340	0.00957	0.00479	0.00479	0.00096	0.00479	0.00383	0.00383	0.81242
60	0.00784	0.00577	0.00735	0.00861	0.00927	0.00528	0.00583	0.00904	0.01274	0.01664	0.04029	0.65806	0.15037	0.01964	0.00815	0.00255	0.00367	0.01763	0.00600	0.00528
61	0.01296	0.03342	0.73944	0.01842	0.02797	0.01501	0.02387	0.02046	0.01364	0.02046	0.01160	0.01364	0.00818	0.00614	0.00614	0.00205	0.00955	0.00477	0.00273	0.00955
62	0.00764	0.00655	0.00655	0.00655	0.00873	0.00545	0.00491	0.00927	0.01473	0.01745	0.06546	0.06218	0.73000	0.01636	0.00764	0.00218	0.00327	0.01364	0.00600	0.00545
63	0.00787	0.00610	0.00717	0.00786	0.00911	0.00541	0.00553	0.00937	0.01387	0.01765	0.10304	0.40308	0.34490	0.01799	0.00793	0.00238	0.00349	0.01577	0.00609	0.00541
64	0.01104	0.00762	0.00948	0.00993	0.01117	0.00754	0.00703	0.11109	0.01519	0.04609	0.03235	0.63301	0.03719	0.01800	0.00793	0.00250	0.00430	0.01613	0.00614	0.00628
65	0.01414	0.01414	0.01979	0.01696	0.01696	0.01979	0.01414	0.01555	0.00990	0.01555	0.00848	0.01414	0.00848	0.01131	0.02120	0.00283	0.76110	0.00565	0.00283	0.00707
66	0.00783	0.00579	0.00733	0.00855	0.00926	0.00529	0.00580	0.00905	0.01280	0.01667	0.04100	0.64120	0.16677	0.01954	0.00814	0.00254	0.00366	0.01751	0.00600	0.00529
67	0.01340	0.01148	0.01340	0.00957	0.01531	0.00861	0.00766	0.01627	0.01340	0.02105	0.01148	0.01340	0.00957	0.00479	0.00479	0.00096	0.00479	0.00383	0.00383	0.81242
68	0.00787	0.00562	0.00750	0.00900	0.00937	0.00525	0.00600	0.00900	0.01237	0.01649	0.03561	0.76871	0.04274	0.02024	0.00825	0.00262	0.00375	0.01837	0.00600	0.00525
69	0.00873	0.00628	0.00826	0.00841	0.00956	0.00582	0.00606	0.01114	0.01635	0.02282	0.50159	0.28469	0.05498	0.01552	0.00783	0.00223	0.00328	0.01388	0.00675	0.00582
70	0.01204	0.00602	0.00602	0.00602	0.00753	0.00602	0.00452	0.01506	0.01355	0.02409	0.02108	0.02409	0.01656	0.00753	0.00452	0.00151	0.00301	0.00602	0.80879	0.00602
71	0.01296	0.03342	0.73944	0.01842	0.02797	0.01501	0.02387	0.02046	0.01364	0.02046	0.01160	0.01364	0.00818	0.00614	0.00614	0.00205	0.00955	0.00477	0.00273	0.00955
72	0.01727	0.77681	0.03386	0.01106	0.01658	0.02557	0.01106	0.01935	0.01313	0.01520	0.00898	0.01036	0.00829	0.00553	0.00415	0.00138	0.00691	0.00345	0.00276	0.00829
73	0.01599	0.01535	0.02623	0.03966	0.73262	0.01535	0.01983	0.01983	0.01471	0.02111	0.01215	0.01599	0.01023	0.00576	0.00640	0.00192	0.00768	0.00576	0.00320	0.01023
74	0.02360	0.08915	0.01953	0.01621	0.01971	0.69055	0.01237	0.02530	0.01791	0.01577	0.00991	0.01155	0.00832	0.00657	0.00569	0.00164	0.01128	0.00411	0.00328	0.00755
75	0.01114	0.00886	0.01028	0.00952	0.01178	0.00913	0.00726	0.01877	0.23618	0.02538	0.44226	0.04220	0.11731	0.01216	0.00730	0.00210	0.00371	0.01053	0.00683	0.00731
76	0.01340	0.01148	0.01340	0.00957	0.01531	0.00861	0.00766	0.01627	0.01340	0.02105	0.01148	0.01340	0.00957	0.00479	0.00479	0.00096	0.00479	0.00383	0.00383	0.81242
77	0.00945	0.00685	0.01004	0.01004	0.01122	0.00792	0.00780	0.01181	0.01063	0.01571	0.01760	0.02528	0.01619	0.04525	0.68910	0.00969	0.01619	0.00685	0.06658	0.00579
78	0.00870	0.00659	0.00802	0.00766	0.00938	0.00591	0.00575	0.01133	0.01724	0.02341	0.53315	0.05238	0.25858	0.01414	0.00763	0.00208	0.00311	0.01226	0.00678	0.00591
79	0.00937	0.00638	0.00765	0.00765	0.00786	0.00659	0.00467	0.00978	0.00957	0.01297	0.01981	0.03923	0.02217	0.64218	0.16182	0.00701	0.00826	0.00895	0.00383	0.00425
80	0.00914	0.00660	0.00864	0.00813	0.00965	0.00610	0.00610	0.01219	0.01829	0.02591	0.72921	0.04827	0.06097	0.01321	0.00762	0.00203	0.00305	0.01169	0.00711	0.00610
81	0.01320	0.01412	0.07462	0.44854	0.15254	0.01497	0.01768	0.01722	0.01291	0.01769	0.01122	0.01616	0.00888	0.00685	0.00823	0.00213	0.10477	0.00556	0.00296	0.04975
82	0.02454	0.01868	0.01934	0.01495	0.02003	0.05358	0.01229	0.67945	0.02982	0.03957	0.01526	0.01533	0.01087	0.00771	0.00643	0.00193	0.00732	0.00574	0.00632	0.01083
83	0.01599	0.01535	0.02623	0.03966	0.73262	0.01535	0.01983	0.01983	0.01471	0.02111	0.01215	0.01599	0.01023	0.00576	0.00640	0.00192	0.00768	0.00576	0.00320	0.01023
84	0.01081	0.00729	0.00919	0.00889	0.01087	0.00675	0.00701	0.01394	0.03660	0.07865	0.39229	0.05285	0.18988	0.01416	0.00774	0.00224	0.00387	0.13382	0.00673	0.00644
85	0.02899	0.01100	0.01499	0.01150	0.01649	0.00950	0.00950	0.03149	0.01849	0.73709	0.02549	0.02199	0.01599	0.00800	0.00650	0.00200	0.00550	0.00650	0.00800	0.01100
86	0.00787	0.00562	0.00750	0.00900	0.00937	0.00525	0.00600	0.00900	0.01237	0.01649	0.03561	0.76871	0.04274	0.02024	0.00825	0.00262	0.00375	0.01837	0.00600	0.00525
87	0.81856	0.01250	0.00950	0.00850	0.01250	0.01449	0.00700	0.01899	0.01100	0.02899	0.00900	0.01050	0.00700	0.00600	0.00400	0.00200	0.00500	0.00350	0.00400	0.00700
88	0.01220	0.01148	0.01938	0.75739	0.04450	0.01436	0.01794	0.01651	0.01292	0.01651	0.01148	0.01723	0.00861	0.00646	0.00646	0.00215	0.00861	0.00574	0.00287	0.00718
89	0.02884	0.01124	0.01515	0.01161	0.01662	0.00986	0.00959	0.05516	0.01891	0.71283	0.02514	0.02177	0.01582	0.00799	0.00650	0.00200	0.00555	0.00647	0.00794	0.01100
90	0.01204	0.00602	0.00602	0.00602	0.00753	0.00602	0.00452	0.01506	0.01355	0.02409	0.02108	0.02409	0.01656	0.00753	0.00452	0.00151	0.00301	0.00602	0.80879	0.00602
91	0.81856	0.01250	0.00950	0.00850	0.01250	0.01449	0.00700	0.01899	0.01100	0.02899	0.00900	0.01050	0.00700	0.00600	0.00400	0.00200	0.00500	0.00350	0.00400	0.00700
92	0.00887	0.00659	0.00826	0.00784	0.00949	0.00598	0.00588	0.01167	0.01765	0.02438	0.60942	0.05078	0.18171	0.01378	0.00762	0.00206	0.00309	0.01204	0.00691	0.00598
93	0.02427	0.01795	0.01922	0.01481	0.01992	0.01990	0.01221	0.68750	0.05444	0.04024	0.01589	0.01581	0.01129	0.00779	0.00647	0.00195	0.00704	0.00587	0.00647	0.01096
94	0.01220	0.01148	0.01938	0.75739	0.04450	0.01436	0.01794	0.01651	0.01292	0.01651	0.01148	0.01723	0.00861	0.00646	0.00646	0.00215	0.00861	0.00574	0.00287	0.00718
95	0.01632	0.01332	0.01524	0.01128	0.01661	0.01208	0.00915	0.19598	0.01763	0.02589	0.01239	0.01398	0.00989	0.00585	0.00598	0.00130	0.04028	0.00443	0.00446	0.56793
96	0.00914	0.00660	0.00864	0.00813	0.00965	0.00610	0.00610	0.01219	0.01829	0.02591	0.72921	0.04827	0.06097	0.01321	0.00762	0.00203	0.00305	0.01169	0.00711	0.00610
97	0.00791	0.00656	0.00693	0.00683	0.00890	0.00557	0.00512	0.00980	0.01537	0.01899	0.18609	0.05965	0.60840	0.01579	0.00763	0.00215	0.00323	0.01328	0.00620	0.00557
98	0.02732	0.01367	0.01665	0.01276	0.01783	0.01346	0.01054	0.28721	0.02297	0.47505	0.02174	0.01955	0.01411	0.00791	0.00648	0.00198	0.00610	0.00624	0.00742	0.01099
99	0.01630	0.00848	0.00944	0.00845	0.01107	0.00856	0.00659	0.02196	0.14225	0.17319	0.02294	0.02366	0.01701	0.00785	0.00530	0.00173	0.00391	0.00635	0.49715	0.00782
100	0.02524	0.01346	0.01587	0.01232	0.01701	0.01358	0.01013	0.31795	0.02299	0.36303	0.02077	0.01948	0.01393	0.00784	0.00626	0.00192	0.00591	0.00616	0.09570	0.01044
101	0.00775	0.00655	0.00670	0.00666	0.00879	0.00550	0.00500	0.00948	0.01499	0.01807	0.11343	0.06118	0.68164	0.01614	0.00764	0.00217	0.00326	0.01350	0.00608	0.00550
102	0.01237	0.01059	0.01110	0.01027	0.01323	0.01134	0.00791	0.02325	0.40444	0.02318	0.07902	0.04044	0.30279	0.01201	0.00705	0.00218	0.00428	0.01004	0.00638	0.00812
103	0.02333	0.01829	0.01806	0.01451	0.01917	0.10514	0.01172	0.45410	0.15264	0.08976	0.01758	0.01711	0.01264	0.00783	0.00641	0.00196	0.00717	0.00594	0.00623	0.01043
104	0.01556	0.01444	0.02369	0.24725	0.47587	0.01543	0.01869	0.07304	0.01542	0.02130	0.01222	0.01631	0.00982	0.00612	0.00642	0.00199	0.00791	0.00576	0.00336	0.00940
105	0.01550	0.47094	0.32417	0.01408	0.02127	0.02122	0.01633	0.01981	0.01334	0.01737	0.01006	0.01171	0.00825	0.00578	0.00497	0.00166	0.00800	0.00400	0.00275	0.00881
106	0.66733	0.01275	0.01269	0.06876	0.01680	0.01447	0.06286	0.01933	0.01172	0.04996	0.01004	0.01193	0.00763	0.00605	0.00455	0.00203	0.00576	0.00409	0.00398	0.00727
107	0.02456	0.01810	0.01939	0.01487	0.02004	0.02004	0.01228	0.71107	0.03038	0.04072	0.01551	0.01551	0.01099	0.00776	0.00646	0.00194	0.00711	0.00582	0.00646	0.01099
108	0.04434	0.01334	0.01430	0.01091	0.01602	0.06774	0.00876	0.08853	0.01661	0.18701	0.01739	0.01760	0.04424	0.00653	0.00553	0.00144	0.00565	0.00510	0.00511	0.42384
109	0.00792	0.00574	0.00750	0.00888	0.00943	0.00532	0.00603	0.00913	0.01262	0.01664	0.03791	0.69489	0.09646	0.01988	0.00822	0.00260	0.00377	0.03577	0.00600	0.00528
110	0.02140	0.08696	0.14975	0.01610	0.02106	0.40673	0.01432	0.14553	0.04161	0.02136	0.01169	0.01299	0.00913	0.00674	0.00589	0.00178	0.00989	0.00461	0.00383	0.00863
111	0.07980	0.01438	0.01993	0.01524	0.02038	0.01430	0.16970	0.11330	0.19912	0.05874	0.01666	0.01754	0.01253	0.00660	0.00613	0.00181	0.00662	0.00595	0.00496	0.21631
112	0.01507	0.01868	0.09310	0.02654	0.03331	0.01624	0.65544	0.02068	0.01512	0.02068	0.01296	0.01713	0.00968	0.00550	0.00751	0.00217	0.01079	0.00740	0.00323	0.00878
113	0.00764	0.00655	0.00655	0.00655	0.00873	0.00545	0.00491	0.00927	0.01473	0.01745	0.06546	0.06218	0.73000	0.01636	0.00764	0.00218	0.00327	0.01364	0.00600	0.00545
114	0.01822	0.01240	0.01321	0.01140	0.01484	0.06870	0.00894	0.05708	0.23333	0.21140	0.18849	0.03074	0.08325	0.00997	0.00681	0.00205	0.00520	0.00828	0.00676	0.00892
115	0.01531	0.16731	0.53491	0.01643	0.02478	0.01664	0.02010	0.03899	0.01436	0.07619	0.01231	0.01374	0.00889	0.00621	0.00581	0.00192	0.00869	0.00470	0.00324	0.00947
116	0.01598	0.00774	0.01038	0.00985	0.01208	0.00691	0.00731	0.01772	0.01501	0.29190	0.06026	0.43618	0.05152	0.01519	0.00754	0.00235	0.00438	0.01345	0.00681	0.00748
117	0.01540	0.01475	0.02515	0.15206	0.62485	0.01520	0.01953	0.01931	0.01443	0.02039	0.01205	0.01619	0.00998	0.00587	0.00641	0.00196	0.00782	0.00575	0.00315	0.00976
118	0.01866	0.42834	0.05903	0.01288	0.01765	0.24534	0.01164	0.04267	0.01542	0.01662	0.01405	0.01514	0.06495	0.00682	0.00510	0.00158	0.00821	0.00461	0.00331	0.00797
119	0.01563	0.01341	0.01859	0.01524	0.01820	0.05008	0.13730	0.11337	0.04863	0.07746	0.02421	0.15779	0.10235	0.01136	0.01014	0.00232	0.16174	0.00935	0.00496	0.00786
120	0.00775	0.00655	0.00671	0.00667	0.00880	0.00550	0.00500	0.00950	0.01501	0.01812	0.11748	0.06109	0.67756	0.01612	0.00764	0.00217	0.00326	0.01348	0.00609	0.00550
121	0.01296	0.03342	0.73944	0.01842	0.02797	0.01501	0.02387	0.02046	0.01364	0.02046	0.01160	0.01364	0.00818	0.00614	0.00614	0.00205	0.00955	0.00477	0.00273	0.00955
122	0.01613	0.01405	0.02599	0.21043	0.03112	0.01430	0.31644	0.07395	0.01615	0.10007	0.01674	0.02434	0.01354	0.00765	0.00727	0.00223	0.00883	0.08810	0.00426	0.00842
123	0.00892	0.00662	0.00854	0.00969	0.01096	0.00624	0.00766	0.01096	0.01400	0.01795	0.04191	0.30385	0.19939	0.01831	0.00840	0.00267	0.00459	0.30776	0.00598	0.00560
124	0.00850	0.00622	0.00819	0.00927	0.01015	0.00568	0.00647	0.00991	0.01265	0.01707	0.03361	0.65507	0.03970	0.01884	0.00803	0.00252	0.00400	0.06970	0.00582	0.06857
125	0.00813	0.00649	0.00727	0.00723	0.00907	0.00564	0.00536	0.01016	0.01565	0.02002	0.27004	0.11322	0.46756	0.01568	0.00768	0.00217	0.00324	0.01340	0.00635	0.00564

[dist]
# distance from previous block
# <min> <max>
0	1

# created by:
# /home/berkeley/.conda/envs/busco_data_prod/bin/msa2prfl.pl pipeline/OGs_align_augustus/5794/69198.fs
