[name]
unknown

[dist]
# distance from previous block
# <min> <max>
0	25

[block]
# block no. 0 follows, 27 sequences, length 7
# corresponding to MSA columns:
# 25-31
name=unknown_A
#
# <colnr> <probs for GDERKNQSTAVLIFYWHMCP>
#	G	D	E	R	K	N	Q	S	T	A	V	L	I	F	Y	W	H	M	C	P
0	0.08594	0.19413	0.05827	0.01422	0.01924	0.11515	0.01257	0.11051	0.06483	0.08440	0.02354	0.02799	0.07771	0.01001	0.00684	0.00221	0.00793	0.06940	0.00549	0.00962
1	0.05929	0.06446	0.17769	0.01979	0.13305	0.05999	0.01599	0.02229	0.01685	0.09656	0.07923	0.06691	0.01944	0.01087	0.03664	0.00255	0.00844	0.00739	0.00489	0.09770
2	0.01821	0.01589	0.02184	0.01679	0.02194	0.05943	0.14140	0.02345	0.07792	0.08997	0.08941	0.02269	0.01902	0.00832	0.00873	0.00202	0.07480	0.00713	0.00529	0.27572
3	0.01773	0.01247	0.01366	0.01169	0.01554	0.01282	0.00918	0.11549	0.19787	0.07357	0.09052	0.03164	0.08824	0.01036	0.00700	0.00211	0.00521	0.00850	0.18287	0.09353
4	0.00966	0.00735	0.00889	0.00893	0.01068	0.00658	0.00654	0.01222	0.01839	0.02454	0.36545	0.18874	0.26928	0.01789	0.00890	0.00252	0.00374	0.01561	0.00751	0.00658
5	0.00960	0.00755	0.00867	0.00839	0.01053	0.00662	0.00629	0.01225	0.01887	0.02469	0.36776	0.06382	0.39434	0.01707	0.00877	0.00242	0.00364	0.01460	0.00750	0.00662
6	0.00931	0.00746	0.00839	0.00876	0.01078	0.00653	0.00660	0.01143	0.01695	0.02114	0.13275	0.17533	0.45873	0.01928	0.00903	0.00266	0.00412	0.07736	0.00703	0.00636

[dist]
# distance from previous block
# <min> <max>
0	13

[block]
# block no. 1 follows, 27 sequences, length 33
# corresponding to MSA columns:
# 45-77
name=unknown_B
#
# <colnr> <probs for GDERKNQSTAVLIFYWHMCP>
#	G	D	E	R	K	N	Q	S	T	A	V	L	I	F	Y	W	H	M	C	P
0	0.02025	0.61876	0.03521	0.01292	0.01885	0.02734	0.01237	0.09398	0.01705	0.02057	0.01194	0.01475	0.01091	0.05017	0.00702	0.00199	0.00792	0.00468	0.00373	0.00958
1	0.02166	0.02228	0.01734	0.09459	0.02241	0.33445	0.01275	0.02654	0.09797	0.06180	0.01976	0.05622	0.01680	0.00962	0.00705	0.00218	0.00947	0.04372	0.11468	0.00872
2	0.65833	0.01432	0.01287	0.01364	0.09019	0.01615	0.00955	0.02127	0.01337	0.03150	0.01460	0.01630	0.04896	0.00757	0.00515	0.00230	0.00597	0.00500	0.00463	0.00835
3	0.02728	0.10186	0.02414	0.01659	0.02258	0.02373	0.01395	0.59561	0.03268	0.04350	0.01698	0.01716	0.01228	0.00862	0.00713	0.00216	0.00814	0.00638	0.00695	0.01228
4	0.42260	0.01198	0.01138	0.01039	0.01381	0.01313	0.00811	0.04988	0.01526	0.07691	0.09323	0.10816	0.02275	0.06178	0.04918	0.00327	0.00639	0.00818	0.00569	0.00791
5	0.01550	0.09340	0.01683	0.01282	0.01566	0.01461	0.01024	0.13018	0.08292	0.02347	0.01986	0.02718	0.01782	0.11004	0.36725	0.00764	0.01376	0.00763	0.00490	0.00828
6	0.01213	0.00955	0.01140	0.01199	0.01413	0.00978	0.00946	0.01878	0.16850	0.02305	0.04479	0.22057	0.16930	0.01841	0.00915	0.00293	0.00541	0.22597	0.00703	0.00766
7	0.01948	0.01799	0.02925	0.04237	0.61768	0.01824	0.02181	0.09515	0.01892	0.02678	0.01440	0.01831	0.01186	0.00687	0.00736	0.00221	0.00875	0.00662	0.00410	0.01186
8	0.02423	0.01066	0.01411	0.01149	0.01577	0.00931	0.00923	0.02716	0.02069	0.43665	0.21615	0.03885	0.10916	0.01193	0.00797	0.00233	0.00525	0.01004	0.00865	0.01036
9	0.70434	0.01423	0.01218	0.08956	0.01848	0.01664	0.00945	0.02150	0.01288	0.03170	0.01066	0.01293	0.00825	0.00695	0.00491	0.00232	0.00621	0.00431	0.00445	0.00806
10	0.01212	0.00928	0.01122	0.01146	0.01319	0.00943	0.00817	0.04663	0.12807	0.02226	0.03406	0.45502	0.03749	0.06367	0.05119	0.00354	0.00590	0.01587	0.00656	0.05485
11	0.04553	0.07447	0.02311	0.01733	0.02268	0.17593	0.04290	0.34494	0.09380	0.06118	0.01726	0.01766	0.01279	0.00840	0.00708	0.00216	0.00915	0.00629	0.00616	0.01118
12	0.18785	0.18644	0.02243	0.01526	0.04907	0.07826	0.01221	0.12165	0.11421	0.06332	0.01761	0.01831	0.03380	0.00836	0.00699	0.00217	0.04090	0.00588	0.00526	0.01001
13	0.06440	0.13638	0.08816	0.02008	0.04643	0.03859	0.19110	0.12294	0.01898	0.05750	0.01674	0.06175	0.01397	0.01060	0.04117	0.00273	0.02603	0.00747	0.02505	0.00992
14	0.02062	0.13757	0.08050	0.02049	0.12512	0.04085	0.04441	0.15479	0.07813	0.08310	0.01838	0.04439	0.01486	0.01378	0.08714	0.00330	0.00967	0.00702	0.00526	0.01061
15	0.01760	0.02682	0.33049	0.02100	0.06577	0.03556	0.08603	0.14100	0.04708	0.02722	0.01792	0.08243	0.01520	0.04185	0.00892	0.00261	0.00958	0.00784	0.00462	0.01046
16	0.01539	0.01319	0.01539	0.01100	0.01759	0.00990	0.00880	0.01869	0.01539	0.02419	0.01319	0.01539	0.01100	0.00550	0.00550	0.00110	0.00550	0.00440	0.00440	0.78449
17	0.02136	0.01920	0.06338	0.01899	0.02459	0.01927	0.14100	0.28328	0.20039	0.03420	0.02094	0.04722	0.01620	0.00988	0.00875	0.03761	0.00835	0.00799	0.00628	0.01112
18	0.04849	0.00858	0.01006	0.00976	0.01148	0.00868	0.00728	0.01521	0.03114	0.05003	0.17690	0.11385	0.14387	0.12797	0.01358	0.00322	0.04663	0.05048	0.11598	0.00682
19	0.01240	0.01014	0.01479	0.01272	0.01515	0.01013	0.08172	0.01529	0.01769	0.05201	0.28324	0.08905	0.21747	0.03586	0.01145	0.00269	0.09142	0.01279	0.00661	0.00739
20	0.01199	0.01249	0.11975	0.01038	0.01300	0.00876	0.00890	0.01430	0.01426	0.04275	0.10615	0.04615	0.13416	0.37197	0.02266	0.00475	0.00667	0.01076	0.03367	0.00648
21	0.01591	0.01456	0.02052	0.03849	0.02229	0.01250	0.11518	0.02076	0.05618	0.02416	0.01441	0.01707	0.01167	0.00621	0.00684	0.00153	0.03087	0.00549	0.00441	0.56096
22	0.02637	0.01938	0.02087	0.01648	0.02204	0.02148	0.01346	0.50441	0.17185	0.07376	0.02100	0.02028	0.01504	0.00917	0.00746	0.00229	0.00759	0.00709	0.00754	0.01244
23	0.00995	0.00749	0.00926	0.00941	0.01116	0.00680	0.00709	0.01267	0.01849	0.02475	0.36041	0.16423	0.23477	0.01790	0.00901	0.00259	0.00402	0.07587	0.00750	0.00664
24	0.01035	0.00767	0.01014	0.00975	0.01148	0.00746	0.00739	0.01349	0.01848	0.02586	0.47040	0.05100	0.12196	0.02495	0.17141	0.00458	0.00733	0.01239	0.00707	0.00684
25	0.75573	0.01428	0.01121	0.00993	0.01457	0.01638	0.00818	0.02250	0.01304	0.06470	0.01123	0.01268	0.00853	0.00700	0.00473	0.00230	0.00577	0.00418	0.00481	0.00826
26	0.01915	0.15476	0.06057	0.07958	0.09808	0.17963	0.11682	0.02345	0.04483	0.02081	0.03463	0.07065	0.01530	0.00875	0.00791	0.00222	0.04216	0.00732	0.00408	0.00929
27	0.01564	0.01280	0.01439	0.01197	0.01566	0.05338	0.00936	0.05676	0.01774	0.05648	0.17537	0.03132	0.06587	0.04747	0.07746	0.00312	0.06041	0.00824	0.00567	0.26089
28	0.01423	0.01341	0.02265	0.68848	0.08226	0.01655	0.02072	0.01915	0.01494	0.01922	0.01323	0.01972	0.00999	0.00738	0.00742	0.00246	0.00984	0.00660	0.00332	0.00842
29	0.02169	0.07870	0.02275	0.15662	0.12218	0.13114	0.01538	0.15207	0.02091	0.08596	0.01894	0.02085	0.05302	0.00828	0.00703	0.00212	0.00882	0.00659	0.00507	0.06190
30	0.01749	0.01688	0.02561	0.34792	0.32700	0.05969	0.02084	0.05499	0.01716	0.02266	0.01366	0.01868	0.01083	0.00716	0.00735	0.00231	0.00955	0.00650	0.00371	0.01002
31	0.01181	0.05605	0.10528	0.01184	0.01429	0.01081	0.01021	0.01429	0.01222	0.01707	0.01969	0.03334	0.01983	0.29385	0.32874	0.00830	0.01336	0.00841	0.00400	0.00662
32	0.01518	0.05872	0.06154	0.02320	0.23086	0.01327	0.06058	0.01913	0.01819	0.05751	0.22237	0.03706	0.12953	0.01105	0.00791	0.00228	0.00672	0.00993	0.00569	0.00928

[dist]
# distance from previous block
# <min> <max>
2	14

[block]
# block no. 2 follows, 27 sequences, length 42
# corresponding to MSA columns:
# 92-120,125-137
name=unknown_C
#
# <colnr> <probs for GDERKNQSTAVLIFYWHMCP>
#	G	D	E	R	K	N	Q	S	T	A	V	L	I	F	Y	W	H	M	C	P
0	0.01425	0.01204	0.04042	0.14088	0.02139	0.01215	0.01156	0.05784	0.12523	0.04630	0.18921	0.07046	0.07795	0.07292	0.05196	0.00341	0.00712	0.03032	0.00625	0.00834
1	0.01072	0.00787	0.01066	0.01075	0.01144	0.00874	0.00764	0.01223	0.01182	0.01652	0.02343	0.12910	0.02512	0.28409	0.35469	0.00872	0.04546	0.01061	0.00451	0.00588
2	0.01075	0.00763	0.01024	0.00990	0.01142	0.00769	0.00743	0.01379	0.01736	0.02498	0.40910	0.04550	0.04900	0.06972	0.22033	0.00546	0.00863	0.01124	0.05309	0.00674
3	0.66098	0.01403	0.01168	0.01034	0.01482	0.01589	0.00842	0.04865	0.01424	0.07947	0.01378	0.05591	0.01138	0.00810	0.00520	0.00234	0.00580	0.00538	0.00517	0.00843
4	0.01849	0.26590	0.31562	0.01833	0.02637	0.11699	0.06229	0.02374	0.01634	0.02084	0.01219	0.01440	0.00966	0.00678	0.00630	0.00199	0.01017	0.00506	0.00334	0.04519
5	0.01630	0.22646	0.48539	0.01880	0.02792	0.02080	0.02285	0.02285	0.01528	0.02157	0.01232	0.01469	0.00946	0.00719	0.00740	0.00220	0.04981	0.00513	0.00315	0.01043
6	0.02662	0.01087	0.01423	0.01145	0.01581	0.00965	0.00918	0.02948	0.01958	0.48241	0.08056	0.02949	0.02312	0.05272	0.00895	0.00249	0.00563	0.00804	0.14906	0.01067
7	0.01032	0.00986	0.05146	0.01110	0.01355	0.00804	0.04022	0.01291	0.01593	0.02069	0.10713	0.18758	0.28386	0.06998	0.06674	0.00373	0.00647	0.06749	0.00623	0.00671
8	0.02258	0.04480	0.10644	0.05233	0.07902	0.01484	0.04619	0.11468	0.01951	0.24659	0.02074	0.02382	0.01555	0.07626	0.07980	0.00366	0.00934	0.00726	0.00601	0.01059
9	0.05534	0.02141	0.02573	0.11583	0.02901	0.19574	0.18167	0.07593	0.06238	0.02408	0.01491	0.01834	0.01167	0.00808	0.00901	0.00234	0.08164	0.00670	0.05090	0.00927
10	0.01262	0.05542	0.10488	0.25628	0.02860	0.01288	0.01536	0.01661	0.01546	0.02016	0.02938	0.16964	0.09406	0.01381	0.00825	0.00268	0.00769	0.12347	0.00495	0.00780
11	0.07648	0.09420	0.16262	0.01977	0.08497	0.05040	0.01716	0.20296	0.02043	0.02912	0.01348	0.01587	0.01058	0.00835	0.00945	0.00229	0.12317	0.00575	0.00461	0.04835
12	0.01429	0.03709	0.10750	0.02152	0.14303	0.01503	0.06400	0.01781	0.01361	0.01959	0.01611	0.02450	0.01492	0.10905	0.22945	0.00597	0.12692	0.00744	0.00372	0.00845
13	0.00998	0.00713	0.00969	0.01141	0.01225	0.00684	0.00852	0.01195	0.01514	0.02000	0.04040	0.52568	0.04706	0.02238	0.00972	0.00314	0.00512	0.22045	0.00687	0.00629
14	0.02768	0.02052	0.02197	0.01697	0.02282	0.02277	0.01398	0.63315	0.07067	0.04591	0.01851	0.01837	0.01318	0.00898	0.00743	0.00224	0.00804	0.00678	0.00743	0.01258
15	0.00984	0.00737	0.00872	0.00942	0.01051	0.00696	0.00638	0.01210	0.04697	0.01946	0.07688	0.37729	0.19788	0.15774	0.01458	0.00363	0.00476	0.01684	0.00653	0.00612
16	0.01766	0.07364	0.04438	0.08338	0.02146	0.05504	0.01272	0.02829	0.29641	0.06366	0.02257	0.02538	0.01809	0.06011	0.11737	0.00414	0.03282	0.00751	0.00564	0.00974
17	0.01664	0.01606	0.01851	0.14824	0.06819	0.12087	0.01383	0.05767	0.01569	0.02035	0.01519	0.02245	0.01368	0.08632	0.16599	0.00485	0.11114	0.00681	0.00400	0.07351
18	0.01315	0.01086	0.01289	0.01034	0.01494	0.00858	0.00797	0.01609	0.01628	0.02403	0.13299	0.12645	0.08318	0.01067	0.00686	0.00169	0.00486	0.00915	0.00557	0.48345
19	0.00915	0.00746	0.00793	0.00794	0.01007	0.00642	0.00581	0.01109	0.01692	0.02091	0.15166	0.10012	0.53109	0.06741	0.01077	0.00283	0.00399	0.01530	0.00690	0.00623
20	0.01985	0.74357	0.03890	0.01270	0.01905	0.02937	0.01270	0.02223	0.01508	0.01747	0.01032	0.01191	0.00953	0.00635	0.00476	0.00159	0.00794	0.00397	0.00318	0.00953
21	0.01624	0.01624	0.02274	0.01949	0.01949	0.02274	0.01624	0.01787	0.01137	0.01787	0.00975	0.01624	0.00975	0.01299	0.02436	0.00325	0.72552	0.00650	0.00325	0.00812
22	0.79154	0.01436	0.01091	0.00976	0.01436	0.01665	0.00804	0.02182	0.01263	0.03331	0.01034	0.01206	0.00804	0.00689	0.00459	0.00230	0.00574	0.00402	0.00459	0.00804
23	0.01587	0.01569	0.02202	0.01899	0.01908	0.02185	0.01578	0.01756	0.01141	0.01782	0.01042	0.01710	0.01033	0.01582	0.06980	0.00382	0.67873	0.00659	0.00330	0.00802
24	0.00877	0.00752	0.00752	0.00752	0.01003	0.00627	0.00564	0.01065	0.01692	0.02005	0.07520	0.07144	0.68978	0.01880	0.00877	0.00251	0.00376	0.01567	0.00689	0.00627
25	0.02032	0.25514	0.02566	0.01609	0.05923	0.02180	0.01283	0.21745	0.05956	0.02730	0.01604	0.02035	0.01386	0.08345	0.06983	0.00340	0.05645	0.00638	0.00496	0.00991
26	0.02119	0.62291	0.03586	0.01380	0.01972	0.14521	0.01298	0.02349	0.01610	0.01759	0.01052	0.01216	0.00953	0.00657	0.00509	0.00164	0.00887	0.00411	0.00329	0.00937
27	0.01197	0.00690	0.00970	0.00970	0.00994	0.00714	0.00649	0.01060	0.01036	0.01405	0.01672	0.03009	0.01735	0.20475	0.15493	0.45464	0.00907	0.00778	0.00367	0.00415
28	0.01836	0.46166	0.06731	0.01330	0.01866	0.06454	0.01255	0.03798	0.06165	0.02088	0.08505	0.07329	0.01982	0.00900	0.00604	0.00192	0.00756	0.00677	0.00442	0.00925
29	0.01934	0.13922	0.05543	0.02195	0.17540	0.01617	0.07071	0.06096	0.01792	0.13858	0.02427	0.15430	0.05242	0.01083	0.00751	0.00231	0.00753	0.00959	0.00550	0.01006
30	0.01779	0.00935	0.01255	0.01197	0.01463	0.00879	0.00963	0.02038	0.01731	0.22596	0.07688	0.09411	0.06329	0.10805	0.05898	0.00397	0.00708	0.22391	0.00716	0.00823
31	0.01629	0.07137	0.37326	0.01909	0.02700	0.06286	0.09662	0.02234	0.01674	0.05516	0.02367	0.02748	0.10249	0.00937	0.00752	0.00237	0.00972	0.04256	0.00426	0.00984
32	0.21766	0.02100	0.24170	0.01538	0.04575	0.01462	0.01504	0.06381	0.03684	0.02654	0.02279	0.11214	0.07474	0.05090	0.00862	0.00269	0.00750	0.00846	0.00484	0.00898
33	0.01074	0.00717	0.00930	0.01001	0.01124	0.00655	0.00703	0.01267	0.01638	0.06065	0.18688	0.48000	0.11299	0.02023	0.00913	0.00277	0.00419	0.01810	0.00731	0.00665
34	0.01216	0.00645	0.00947	0.00980	0.00988	0.00637	0.00653	0.00980	0.01053	0.01405	0.01822	0.15780	0.01977	0.02531	0.02530	0.63561	0.00604	0.00923	0.00392	0.00376
35	0.01987	0.07858	0.13271	0.02790	0.18015	0.17633	0.18773	0.02568	0.05749	0.02254	0.01428	0.01735	0.01127	0.00701	0.00735	0.00221	0.01091	0.00650	0.00384	0.01030
36	0.01502	0.01276	0.01637	0.01548	0.03442	0.05986	0.01200	0.03463	0.01361	0.05252	0.01696	0.02398	0.01533	0.03652	0.41250	0.00801	0.20091	0.00727	0.00412	0.00775
37	0.01933	0.01135	0.01348	0.01193	0.01533	0.01151	0.00925	0.05132	0.19466	0.19761	0.14980	0.11916	0.03258	0.01217	0.00765	0.00237	0.00511	0.01038	0.11524	0.00977
38	0.01039	0.00738	0.00860	0.00860	0.00928	0.00736	0.00547	0.01116	0.01212	0.01590	0.03248	0.04974	0.14903	0.49596	0.13960	0.00708	0.00858	0.01125	0.00486	0.00517
39	0.02160	0.19235	0.02551	0.02008	0.12611	0.13918	0.01439	0.16986	0.07629	0.02639	0.01564	0.01798	0.01281	0.01361	0.09354	0.00324	0.01037	0.00600	0.00479	0.01025
40	0.06386	0.01269	0.01745	0.15965	0.13502	0.01370	0.01398	0.05052	0.08623	0.08405	0.02256	0.03155	0.01900	0.00998	0.00728	0.00240	0.00700	0.10404	0.14976	0.00929
41	0.10733	0.00884	0.01094	0.01256	0.05278	0.00891	0.00850	0.01451	0.03628	0.02312	0.13403	0.36573	0.04209	0.06576	0.01052	0.00307	0.00512	0.07650	0.00647	0.00693

[dist]
# distance from previous block
# <min> <max>
0	1

[block]
# block no. 3 follows, 27 sequences, length 135
# corresponding to MSA columns:
# 140-274
name=unknown_D
#
# <colnr> <probs for GDERKNQSTAVLIFYWHMCP>
#	G	D	E	R	K	N	Q	S	T	A	V	L	I	F	Y	W	H	M	C	P
0	0.34207	0.27007	0.09997	0.01249	0.01806	0.04658	0.01203	0.02152	0.01428	0.02495	0.01321	0.07135	0.01212	0.00809	0.00541	0.00210	0.00728	0.00559	0.00409	0.00875
1	0.01162	0.01165	0.06914	0.01389	0.05667	0.00915	0.04466	0.01516	0.01791	0.02454	0.27136	0.13021	0.16967	0.01498	0.00854	0.00246	0.00544	0.06148	0.00652	0.05495
2	0.05002	0.17080	0.08376	0.01810	0.02311	0.15649	0.07872	0.07855	0.11838	0.02385	0.01481	0.01683	0.01192	0.00842	0.00923	0.00227	0.11447	0.00599	0.00443	0.00984
3	0.07870	0.01497	0.01782	0.11484	0.04528	0.01500	0.01221	0.19153	0.03609	0.02990	0.01689	0.07540	0.01445	0.00838	0.00665	0.00191	0.00687	0.00682	0.00532	0.30096
4	0.02090	0.18343	0.05094	0.04792	0.07757	0.13330	0.03970	0.16649	0.06370	0.02635	0.02103	0.04594	0.07355	0.00916	0.00694	0.00213	0.00870	0.00720	0.00504	0.01000
5	0.14515	0.19270	0.08920	0.01410	0.01923	0.01701	0.09784	0.02085	0.04069	0.02536	0.11164	0.02447	0.04355	0.00865	0.00636	0.00209	0.00698	0.00709	0.11834	0.00872
6	0.02207	0.02096	0.07577	0.12335	0.09067	0.12711	0.01672	0.12950	0.07376	0.11014	0.01663	0.01879	0.01250	0.00888	0.00988	0.00241	0.11886	0.00648	0.00515	0.01038
7	0.02343	0.01812	0.01821	0.01418	0.01972	0.09450	0.01141	0.27486	0.02424	0.09877	0.01728	0.01808	0.01285	0.00769	0.00655	0.00180	0.00735	0.00584	0.06924	0.25585
8	0.01228	0.00806	0.00987	0.00918	0.01156	0.00715	0.00697	0.01514	0.01955	0.09564	0.40676	0.07451	0.26360	0.01593	0.00865	0.00240	0.00390	0.01372	0.00783	0.00733
9	0.00900	0.00663	0.00844	0.00988	0.01065	0.00607	0.00669	0.01039	0.01465	0.01913	0.04646	0.62700	0.15277	0.02254	0.00936	0.00293	0.00422	0.02022	0.00689	0.00607
10	0.00936	0.00700	0.00853	0.00946	0.01059	0.00638	0.00660	0.01097	0.01533	0.01984	0.09707	0.41351	0.22590	0.07965	0.01157	0.00318	0.00445	0.04773	0.00679	0.00608
11	0.01846	0.01559	0.01650	0.01467	0.01882	0.01777	0.01145	0.08825	0.56765	0.03176	0.05908	0.03014	0.05554	0.01061	0.00765	0.00249	0.00586	0.00881	0.00754	0.01136
12	0.01566	0.03361	0.54099	0.02590	0.13956	0.01742	0.07639	0.02341	0.01602	0.02365	0.01356	0.01645	0.00993	0.00692	0.00723	0.00234	0.01074	0.00592	0.00327	0.01102
13	0.01745	0.01313	0.01560	0.01125	0.01775	0.01001	0.00904	0.02070	0.01607	0.10152	0.01504	0.01653	0.01184	0.00592	0.00572	0.00124	0.00559	0.00475	0.00495	0.69590
14	0.01453	0.01209	0.01410	0.01067	0.01610	0.00962	0.00844	0.04193	0.01720	0.02564	0.13114	0.02674	0.07624	0.00833	0.00638	0.00146	0.00512	0.00691	0.00535	0.56202
15	0.01072	0.00851	0.01068	0.01308	0.06394	0.03322	0.00805	0.01209	0.01418	0.01867	0.03516	0.55128	0.04148	0.12627	0.01335	0.00352	0.00542	0.01786	0.00618	0.00635
16	0.01744	0.00972	0.01032	0.00925	0.01199	0.01005	0.00721	0.09887	0.06864	0.08243	0.02430	0.02630	0.01848	0.00883	0.00582	0.00189	0.00443	0.00705	0.56856	0.00842
17	0.02717	0.02017	0.02172	0.01658	0.02258	0.02195	0.01368	0.61510	0.03331	0.04494	0.01745	0.01763	0.01249	0.00863	0.00727	0.00214	0.00795	0.00650	0.00718	0.07555
18	0.01994	0.01786	0.01868	0.06996	0.02229	0.12683	0.04398	0.13671	0.09621	0.05924	0.04676	0.05805	0.05814	0.00937	0.00718	0.00205	0.00777	0.00769	0.00572	0.18556
19	0.01983	0.05190	0.10741	0.24126	0.08316	0.09732	0.01818	0.16411	0.09503	0.02717	0.01587	0.01858	0.01195	0.00792	0.00719	0.00229	0.00943	0.00636	0.00473	0.01029
20	0.01656	0.04458	0.02288	0.01887	0.01946	0.02265	0.01574	0.01980	0.06597	0.01893	0.01144	0.01701	0.01079	0.01250	0.02223	0.00312	0.63886	0.00655	0.00360	0.00847
21	0.01480	0.01831	0.13380	0.43718	0.04182	0.01783	0.07123	0.01989	0.01461	0.01989	0.01278	0.01855	0.00990	0.00820	0.01029	0.00259	0.12965	0.00657	0.00330	0.00880
22	0.01513	0.02251	0.23613	0.05400	0.06720	0.04138	0.11846	0.02181	0.07444	0.02297	0.05054	0.05701	0.10628	0.01027	0.00919	0.00249	0.06738	0.00876	0.00455	0.00950
23	0.01878	0.01856	0.02929	0.06904	0.62809	0.05980	0.02219	0.02306	0.01708	0.02369	0.01378	0.01812	0.01156	0.00671	0.00731	0.00220	0.00914	0.00650	0.00367	0.01144
24	0.01345	0.01059	0.01226	0.01218	0.01491	0.01088	0.00990	0.06818	0.15471	0.02537	0.06569	0.08694	0.22592	0.01693	0.00898	0.00283	0.00565	0.23945	0.00709	0.00810
25	0.28642	0.01367	0.01413	0.01202	0.01653	0.01444	0.00966	0.10010	0.10046	0.20509	0.02625	0.07917	0.07184	0.01036	0.00675	0.00239	0.00591	0.00804	0.00685	0.00992
26	0.01489	0.03840	0.70064	0.02116	0.03213	0.01724	0.02743	0.02351	0.01567	0.02351	0.01332	0.01567	0.00940	0.00705	0.00705	0.00235	0.01097	0.00549	0.00313	0.01097
27	0.01027	0.00847	0.00957	0.00983	0.01193	0.00809	0.00755	0.01374	0.06789	0.02094	0.05895	0.17488	0.42285	0.01885	0.00957	0.00274	0.03122	0.09905	0.00680	0.00680
28	0.01249	0.00778	0.00950	0.00966	0.01060	0.00752	0.00659	0.01354	0.01343	0.07226	0.03148	0.13960	0.06792	0.43409	0.02572	0.00540	0.00652	0.11436	0.00569	0.00583
29	0.01044	0.00705	0.00820	0.00855	0.00864	0.00696	0.00499	0.01070	0.01149	0.01532	0.02696	0.18842	0.03150	0.59311	0.03201	0.00634	0.00661	0.01290	0.00499	0.00481
30	0.01489	0.03840	0.70064	0.02116	0.03213	0.01724	0.02743	0.02351	0.01567	0.02351	0.01332	0.01567	0.00940	0.00705	0.00705	0.00235	0.01097	0.00549	0.00313	0.01097
31	0.05344	0.07274	0.02035	0.07100	0.06919	0.05797	0.06335	0.04778	0.16431	0.02513	0.06044	0.06233	0.02464	0.01317	0.03231	0.00288	0.00809	0.13602	0.00568	0.00919
32	0.01062	0.00728	0.00886	0.00915	0.00946	0.00741	0.00579	0.01129	0.01166	0.01570	0.02576	0.12941	0.02923	0.52648	0.12461	0.00716	0.00856	0.04167	0.00482	0.00508
33	0.28100	0.14542	0.05380	0.01739	0.02294	0.19431	0.14211	0.02433	0.01627	0.02449	0.01168	0.01411	0.00938	0.00687	0.00609	0.00212	0.00961	0.00521	0.00393	0.00895
34	0.01807	0.01081	0.01321	0.01152	0.01462	0.01077	0.00884	0.05858	0.12648	0.18416	0.25072	0.04023	0.06316	0.10344	0.04890	0.00346	0.00613	0.01032	0.00755	0.00904
35	0.01822	0.23888	0.10379	0.01855	0.04262	0.07568	0.15385	0.02237	0.01629	0.02152	0.01262	0.01529	0.01034	0.00629	0.00629	0.00178	0.00906	0.00541	0.00369	0.21746
36	0.02037	0.19033	0.26824	0.01868	0.04838	0.11827	0.01870	0.12966	0.07356	0.02581	0.01452	0.01593	0.01114	0.00751	0.00660	0.00211	0.00969	0.00552	0.00431	0.01067
37	0.00929	0.00704	0.00863	0.00962	0.01091	0.00637	0.00689	0.01111	0.01582	0.02039	0.10207	0.42292	0.25235	0.02101	0.00926	0.00283	0.00426	0.06600	0.00699	0.00624
38	0.02585	0.03105	0.02142	0.01903	0.02238	0.54133	0.01464	0.07739	0.02050	0.02035	0.01168	0.01421	0.00983	0.00864	0.00970	0.00216	0.13177	0.00522	0.00401	0.00884
39	0.00990	0.00832	0.00873	0.00878	0.01130	0.00753	0.00672	0.01359	0.07620	0.02117	0.06713	0.09308	0.55626	0.01832	0.00880	0.00260	0.00421	0.06363	0.00695	0.00679
40	0.02839	0.01913	0.02296	0.01743	0.02345	0.02031	0.06423	0.49364	0.03087	0.17302	0.01986	0.01946	0.01365	0.00876	0.00754	0.00226	0.00814	0.00700	0.00749	0.01242
41	0.01053	0.00790	0.00997	0.00962	0.01165	0.00707	0.00721	0.01346	0.01878	0.02605	0.42487	0.16528	0.13448	0.01638	0.00868	0.00242	0.00398	0.04410	0.00744	0.07013
42	0.02460	0.01840	0.02560	0.01950	0.02546	0.01923	0.16937	0.29472	0.15112	0.14070	0.02131	0.02140	0.01511	0.00854	0.00778	0.00236	0.00848	0.00763	0.00685	0.01183
43	0.72852	0.01449	0.01139	0.01020	0.01476	0.01680	0.00834	0.02326	0.06699	0.03312	0.01196	0.01333	0.00923	0.00715	0.00484	0.00232	0.00575	0.00438	0.00484	0.00834
44	0.00929	0.00665	0.00883	0.01017	0.01082	0.00619	0.00691	0.01095	0.01535	0.02076	0.14944	0.62056	0.05261	0.02190	0.00935	0.00290	0.00417	0.01982	0.00711	0.00619
45	0.01058	0.00756	0.01038	0.01210	0.01320	0.00736	0.00957	0.01300	0.01573	0.02067	0.04007	0.39125	0.04574	0.02181	0.00989	0.00323	0.00564	0.34892	0.00686	0.00645
46	0.09044	0.01583	0.01863	0.01439	0.02012	0.01591	0.01189	0.27241	0.02571	0.40159	0.02351	0.02144	0.01541	0.00891	0.00723	0.00227	0.00697	0.00690	0.00817	0.01227
47	0.00979	0.00748	0.00917	0.01023	0.01183	0.00686	0.00789	0.01193	0.01610	0.02033	0.05367	0.28846	0.29434	0.02073	0.00943	0.00294	0.00484	0.20075	0.00688	0.00636
48	0.01091	0.00841	0.01252	0.01234	0.01360	0.01002	0.00966	0.01351	0.01190	0.01727	0.01933	0.02846	0.01808	0.05334	0.67213	0.01146	0.05855	0.00787	0.00394	0.00671
49	0.43360	0.01503	0.01456	0.01196	0.01700	0.01631	0.00985	0.15767	0.01929	0.18883	0.01671	0.01682	0.01174	0.00790	0.00586	0.00226	0.00629	0.00546	0.03288	0.01000
50	0.01968	0.01164	0.01391	0.01225	0.01590	0.01159	0.00952	0.04932	0.19759	0.22839	0.11922	0.13904	0.11332	0.01342	0.00811	0.00249	0.00530	0.01145	0.00794	0.00993
51	0.73250	0.01422	0.01140	0.01003	0.01471	0.01621	0.00826	0.02294	0.01330	0.08506	0.01181	0.01309	0.00884	0.00707	0.00482	0.00230	0.00579	0.00429	0.00495	0.00840
52	0.01479	0.01565	0.07833	0.20807	0.26559	0.01463	0.05421	0.01916	0.01585	0.02172	0.02047	0.14922	0.02002	0.01084	0.00802	0.00254	0.00853	0.05872	0.00435	0.00931
53	0.01697	0.01342	0.01467	0.01353	0.01699	0.01481	0.01034	0.06095	0.42845	0.06130	0.03540	0.17291	0.08168	0.01334	0.00803	0.00259	0.00552	0.01142	0.00744	0.01024
54	0.02009	0.01676	0.01770	0.01544	0.01992	0.01923	0.01214	0.14430	0.57188	0.03368	0.02815	0.02605	0.02099	0.00988	0.00753	0.00247	0.00626	0.00811	0.00753	0.01190
55	0.79154	0.01436	0.01091	0.00976	0.01436	0.01665	0.00804	0.02182	0.01263	0.03331	0.01034	0.01206	0.00804	0.00689	0.00459	0.00230	0.00574	0.00402	0.00459	0.00804
56	0.01210	0.00917	0.01076	0.01094	0.01274	0.00943	0.00805	0.01847	0.16720	0.02387	0.14319	0.24778	0.09153	0.08785	0.01148	0.00313	0.00496	0.07047	0.04939	0.00748
57	0.01472	0.00909	0.01151	0.01043	0.01308	0.00853	0.00808	0.01934	0.07181	0.13686	0.45241	0.05089	0.11056	0.01433	0.00851	0.00240	0.00429	0.03681	0.00813	0.00821
58	0.01100	0.00772	0.00930	0.00961	0.01113	0.00747	0.00693	0.01493	0.06862	0.02484	0.24669	0.29452	0.10108	0.01693	0.00835	0.00251	0.00399	0.01493	0.13251	0.00695
59	0.01849	0.55023	0.22033	0.01502	0.02264	0.02605	0.01674	0.02258	0.01525	0.01912	0.01114	0.01294	0.00949	0.00654	0.00539	0.00180	0.00877	0.00439	0.00316	0.00992
60	0.00884	0.00752	0.00761	0.00759	0.01007	0.00629	0.00569	0.01078	0.01707	0.02041	0.09794	0.07085	0.66682	0.01867	0.00877	0.00250	0.00375	0.01558	0.00694	0.00629
61	0.79154	0.01436	0.01091	0.00976	0.01436	0.01665	0.00804	0.02182	0.01263	0.03331	0.01034	0.01206	0.00804	0.00689	0.00459	0.00230	0.00574	0.00402	0.00459	0.00804
62	0.01765	0.31975	0.40682	0.01744	0.02634	0.02183	0.02083	0.02353	0.01567	0.04949	0.01279	0.01457	0.00983	0.00686	0.00615	0.00204	0.00956	0.00496	0.00341	0.01046
63	0.79154	0.01436	0.01091	0.00976	0.01436	0.01665	0.00804	0.02182	0.01263	0.03331	0.01034	0.01206	0.00804	0.00689	0.00459	0.00230	0.00574	0.00402	0.00459	0.00804
64	0.01044	0.00774	0.00983	0.00974	0.01162	0.00713	0.00759	0.01364	0.01962	0.02676	0.47023	0.06305	0.17687	0.01672	0.00901	0.00255	0.00410	0.11882	0.00772	0.00684
65	0.01698	0.01455	0.01543	0.01398	0.01784	0.01649	0.01084	0.03490	0.56919	0.02997	0.08509	0.03376	0.08611	0.01125	0.00776	0.00250	0.00550	0.00943	0.00754	0.01089
66	0.01752	0.02003	0.04380	0.03129	0.03880	0.01877	0.66583	0.02378	0.01752	0.02378	0.01502	0.02003	0.01126	0.00626	0.00876	0.00250	0.01252	0.00876	0.00375	0.01001
67	0.01210	0.00727	0.00849	0.00818	0.00992	0.00696	0.00614	0.01558	0.01841	0.02877	0.37069	0.04216	0.04562	0.01205	0.00705	0.00205	0.00348	0.01031	0.37781	0.00696
68	0.01041	0.00791	0.00964	0.00937	0.01128	0.00737	0.00696	0.01429	0.05548	0.02659	0.45159	0.13034	0.19803	0.01654	0.00877	0.00245	0.00377	0.01446	0.00773	0.00700
69	0.01539	0.01319	0.01539	0.01100	0.01759	0.00990	0.00880	0.01869	0.01539	0.02419	0.01319	0.01539	0.01100	0.00550	0.00550	0.00110	0.00550	0.00440	0.00440	0.78449
70	0.01149	0.00792	0.01044	0.01014	0.01204	0.00737	0.00792	0.01490	0.02023	0.05144	0.53737	0.05965	0.08410	0.01598	0.00896	0.00252	0.00416	0.11828	0.00794	0.00715
71	0.01097	0.01272	0.12438	0.01117	0.01405	0.00905	0.01000	0.01363	0.01402	0.01858	0.03704	0.04915	0.21138	0.24671	0.13104	0.00553	0.00888	0.06005	0.00505	0.00661
72	0.01723	0.37158	0.38798	0.01716	0.02595	0.02297	0.02047	0.02290	0.01539	0.02065	0.01190	0.01389	0.00946	0.00672	0.00597	0.00199	0.00954	0.00477	0.00315	0.01029
73	0.79154	0.01436	0.01091	0.00976	0.01436	0.01665	0.00804	0.02182	0.01263	0.03331	0.01034	0.01206	0.00804	0.00689	0.00459	0.00230	0.00574	0.00402	0.00459	0.00804
74	0.01209	0.01023	0.01601	0.01449	0.01600	0.01215	0.06131	0.01471	0.01221	0.01769	0.01801	0.02736	0.01698	0.08216	0.50397	0.00949	0.13632	0.00793	0.00387	0.00702
75	0.01206	0.00857	0.00970	0.00967	0.01165	0.00827	0.00710	0.08734	0.01813	0.02475	0.09816	0.29349	0.22432	0.01732	0.00829	0.00252	0.00439	0.01498	0.13221	0.00708
76	0.05797	0.14737	0.45109	0.01889	0.02783	0.01844	0.07157	0.02223	0.01565	0.02282	0.01762	0.01955	0.06248	0.00778	0.00681	0.00225	0.00975	0.00621	0.00356	0.01014
77	0.02038	0.01865	0.02656	0.11517	0.43344	0.07182	0.01994	0.10391	0.04455	0.05123	0.01535	0.01869	0.01214	0.00730	0.00733	0.00223	0.00901	0.00658	0.00446	0.01125
78	0.04917	0.02383	0.11325	0.02085	0.08455	0.13972	0.06910	0.22916	0.04880	0.12310	0.01734	0.01820	0.01250	0.00804	0.00727	0.00223	0.00945	0.00644	0.00575	0.01123
79	0.08830	0.01927	0.02076	0.01603	0.02184	0.02102	0.01324	0.53892	0.03147	0.12694	0.01867	0.01830	0.01299	0.00879	0.00721	0.00224	0.00775	0.00657	0.00743	0.01227
80	0.00947	0.00733	0.00864	0.00876	0.01057	0.00650	0.00640	0.01184	0.01791	0.02346	0.29754	0.19734	0.33090	0.01833	0.00891	0.00254	0.00377	0.01591	0.00737	0.00650
81	0.01533	0.01494	0.02297	0.29123	0.19389	0.04235	0.07341	0.02086	0.06793	0.02176	0.02567	0.02889	0.13065	0.00934	0.00774	0.00240	0.00861	0.00845	0.00441	0.00919
82	0.01402	0.01319	0.02227	0.72126	0.05113	0.01649	0.02062	0.01897	0.01484	0.01897	0.01319	0.01979	0.00990	0.00742	0.00742	0.00247	0.00990	0.00660	0.00330	0.00825
83	0.02119	0.01767	0.06907	0.01398	0.01880	0.07123	0.01198	0.25709	0.02487	0.11530	0.12849	0.03475	0.16040	0.01165	0.00781	0.00229	0.00699	0.00937	0.00702	0.01004
84	0.01985	0.74357	0.03890	0.01270	0.01905	0.02937	0.01270	0.02223	0.01508	0.01747	0.01032	0.01191	0.00953	0.00635	0.00476	0.00159	0.00794	0.00397	0.00318	0.00953
85	0.01084	0.00721	0.00795	0.00795	0.00832	0.00709	0.00466	0.01129	0.01174	0.01596	0.02833	0.04910	0.08868	0.61451	0.03252	0.00633	0.00658	0.01095	0.06514	0.00485
86	0.79154	0.01436	0.01091	0.00976	0.01436	0.01665	0.00804	0.02182	0.01263	0.03331	0.01034	0.01206	0.00804	0.00689	0.00459	0.00230	0.00574	0.00402	0.00459	0.00804
87	0.79154	0.01436	0.01091	0.00976	0.01436	0.01665	0.00804	0.02182	0.01263	0.03331	0.01034	0.01206	0.00804	0.00689	0.00459	0.00230	0.00574	0.00402	0.00459	0.00804
88	0.01592	0.01941	0.17048	0.02128	0.02748	0.01413	0.27085	0.02115	0.01694	0.07764	0.02634	0.11549	0.07109	0.01133	0.00856	0.00262	0.00937	0.08559	0.00504	0.00930
89	0.01489	0.03840	0.70064	0.02116	0.03213	0.01724	0.02743	0.02351	0.01567	0.02351	0.01332	0.01567	0.00940	0.00705	0.00705	0.00235	0.01097	0.00549	0.00313	0.01097
90	0.00898	0.00672	0.00835	0.00965	0.01059	0.00609	0.00659	0.01041	0.01487	0.01922	0.04926	0.57297	0.20500	0.02217	0.00930	0.00289	0.00417	0.01978	0.00689	0.00609
91	0.02042	0.01834	0.02156	0.01784	0.02274	0.05709	0.10079	0.13802	0.44995	0.03190	0.02514	0.02428	0.01878	0.00924	0.00765	0.00244	0.00755	0.00797	0.00681	0.01148
92	0.01197	0.00881	0.01262	0.07117	0.01804	0.00905	0.01239	0.01540	0.01675	0.02177	0.03727	0.11417	0.04040	0.01959	0.00998	0.00332	0.00695	0.55689	0.00655	0.00691
93	0.01065	0.00778	0.01105	0.01105	0.01207	0.00880	0.00818	0.01269	0.01167	0.01658	0.02069	0.03363	0.02050	0.21295	0.55506	0.01084	0.01696	0.00861	0.00410	0.00614
94	0.00945	0.00675	0.00908	0.01080	0.01141	0.00638	0.00759	0.01103	0.01461	0.01940	0.04069	0.64435	0.04822	0.02288	0.00958	0.00307	0.00466	0.10704	0.00688	0.00614
95	0.01808	0.02087	0.04256	0.03062	0.03793	0.05661	0.63013	0.02410	0.01771	0.02347	0.01482	0.01966	0.01117	0.00633	0.00865	0.00247	0.01256	0.00854	0.00376	0.00994
96	0.01751	0.01694	0.02941	0.17122	0.53689	0.01749	0.05761	0.02212	0.01655	0.02324	0.01388	0.01873	0.01138	0.00675	0.00744	0.00227	0.00922	0.00673	0.00361	0.01101
97	0.00984	0.00735	0.00927	0.01058	0.01163	0.00701	0.00753	0.01252	0.05134	0.02011	0.04480	0.53590	0.13367	0.02164	0.00936	0.00296	0.00459	0.08652	0.00692	0.00646
98	0.00900	0.00665	0.00842	0.00984	0.01064	0.00607	0.00667	0.01039	0.01469	0.01914	0.04693	0.61804	0.16143	0.02248	0.00935	0.00293	0.00421	0.02015	0.00689	0.00607
99	0.01795	0.00932	0.01005	0.00893	0.01166	0.00939	0.00698	0.10013	0.01864	0.11015	0.02403	0.02617	0.01816	0.00875	0.00574	0.00186	0.00438	0.00696	0.59245	0.00831
100	0.01817	0.36616	0.20015	0.01543	0.02202	0.07609	0.01598	0.02414	0.09187	0.02073	0.01595	0.07368	0.01423	0.00844	0.00620	0.00203	0.00860	0.00632	0.00402	0.00979
101	0.01481	0.01218	0.01547	0.18476	0.06911	0.06502	0.01292	0.01788	0.01667	0.07542	0.03489	0.16004	0.14268	0.01465	0.00848	0.00267	0.00721	0.13150	0.00575	0.00789
102	0.79154	0.01436	0.01091	0.00976	0.01436	0.01665	0.00804	0.02182	0.01263	0.03331	0.01034	0.01206	0.00804	0.00689	0.00459	0.00230	0.00574	0.00402	0.00459	0.00804
103	0.01064	0.00783	0.01132	0.01132	0.01243	0.00895	0.00852	0.01286	0.01175	0.01678	0.02044	0.03226	0.01990	0.16461	0.60259	0.01118	0.01786	0.00841	0.00406	0.00629
104	0.01860	0.01430	0.01713	0.01364	0.01838	0.05458	0.06305	0.09559	0.05549	0.10399	0.06951	0.02763	0.08156	0.01245	0.05672	0.00264	0.00754	0.00772	0.06464	0.21484
105	0.01539	0.00871	0.01171	0.01202	0.01399	0.00829	0.00955	0.01772	0.01632	0.15316	0.03512	0.19760	0.03671	0.13338	0.01394	0.00372	0.00628	0.29201	0.00694	0.00744
106	0.01975	0.01623	0.01725	0.01521	0.01960	0.01859	0.01192	0.09058	0.60517	0.05430	0.02917	0.02681	0.02170	0.00995	0.00754	0.00249	0.00608	0.00822	0.00760	0.01185
107	0.02152	0.01747	0.01851	0.01573	0.02047	0.01989	0.01249	0.23640	0.47745	0.03598	0.02633	0.02460	0.01952	0.00971	0.00751	0.00243	0.00659	0.00786	0.00751	0.01202
108	0.01402	0.01319	0.02227	0.72126	0.05113	0.01649	0.02062	0.01897	0.01484	0.01897	0.01319	0.01979	0.00990	0.00742	0.00742	0.00247	0.00990	0.00660	0.00330	0.00825
109	0.01929	0.36625	0.11248	0.02221	0.19371	0.02260	0.01675	0.04789	0.01661	0.04318	0.01273	0.01494	0.01060	0.00663	0.00595	0.00185	0.00830	0.00508	0.00375	0.06921
110	0.01971	0.52154	0.12511	0.01424	0.02065	0.10407	0.01444	0.02295	0.01587	0.01899	0.01171	0.01355	0.01009	0.00674	0.00532	0.00174	0.00870	0.00445	0.05067	0.00946
111	0.01182	0.00836	0.01014	0.00999	0.01092	0.00871	0.00673	0.06482	0.01377	0.01858	0.02683	0.15367	0.05065	0.39241	0.17352	0.00697	0.00940	0.01169	0.00510	0.00593
112	0.01772	0.06628	0.50630	0.01971	0.02915	0.01722	0.04838	0.02627	0.07049	0.10431	0.01653	0.01779	0.01163	0.00749	0.00710	0.00233	0.00992	0.00601	0.00424	0.01113
113	0.01338	0.01147	0.01515	0.01416	0.01533	0.01417	0.01102	0.01837	0.12334	0.01975	0.02196	0.12997	0.02179	0.08635	0.23155	0.00609	0.22391	0.00975	0.00483	0.00766
114	0.01117	0.00742	0.00898	0.00859	0.01040	0.00692	0.00644	0.01452	0.01932	0.02841	0.47247	0.05006	0.11187	0.01390	0.00788	0.00220	0.00351	0.01203	0.19699	0.00692
115	0.01450	0.01355	0.02280	0.54496	0.16055	0.01611	0.02007	0.01917	0.01497	0.01975	0.01388	0.02031	0.01093	0.01121	0.06466	0.00320	0.01052	0.00671	0.00342	0.00873
116	0.01400	0.07489	0.10713	0.09919	0.10290	0.03209	0.01439	0.01880	0.05213	0.02305	0.15850	0.08996	0.11229	0.01218	0.00842	0.00242	0.03194	0.03176	0.00537	0.00861
117	0.00933	0.00757	0.00838	0.00886	0.01099	0.00662	0.00683	0.01140	0.01664	0.02028	0.06536	0.14954	0.50966	0.01959	0.00910	0.00272	0.00433	0.11960	0.00688	0.00633
118	0.01837	0.01764	0.03013	0.04557	0.69279	0.01764	0.02278	0.02278	0.01690	0.02425	0.01396	0.01837	0.01176	0.00661	0.00735	0.00220	0.00882	0.00661	0.00367	0.01176
119	0.01489	0.03840	0.70064	0.02116	0.03213	0.01724	0.02743	0.02351	0.01567	0.02351	0.01332	0.01567	0.00940	0.00705	0.00705	0.00235	0.01097	0.00549	0.00313	0.01097
120	0.01780	0.02026	0.13121	0.02497	0.19196	0.01809	0.06750	0.03151	0.35618	0.02758	0.02227	0.02285	0.01693	0.00843	0.00752	0.00241	0.00794	0.00751	0.00558	0.01149
121	0.00951	0.00701	0.00939	0.01063	0.01120	0.00699	0.00733	0.01094	0.01382	0.01858	0.03801	0.58112	0.06549	0.05423	0.09149	0.00419	0.02908	0.01854	0.00635	0.00611
122	0.01440	0.00746	0.00751	0.00731	0.00921	0.00754	0.00553	0.04250	0.01632	0.02842	0.02397	0.02730	0.01878	0.00866	0.00528	0.00175	0.00364	0.00691	0.75038	0.00714
123	0.01074	0.00741	0.00918	0.00918	0.00955	0.00778	0.00585	0.01149	0.01112	0.01519	0.02240	0.04311	0.02461	0.54652	0.22712	0.00853	0.01077	0.00999	0.00435	0.00510
124	0.01305	0.00750	0.00781	0.00766	0.00961	0.00740	0.00577	0.01715	0.04791	0.02714	0.10783	0.03632	0.10816	0.01073	0.00616	0.00193	0.00362	0.00883	0.55836	0.00708
125	0.02804	0.01888	0.02093	0.01598	0.02194	0.02004	0.01318	0.51523	0.03117	0.15039	0.01932	0.01884	0.01343	0.00869	0.00728	0.00215	0.00766	0.00663	0.00748	0.07273
126	0.01083	0.00864	0.01284	0.05499	0.12334	0.00848	0.01021	0.01282	0.01468	0.01981	0.03504	0.57927	0.04091	0.01970	0.00902	0.00285	0.00534	0.01796	0.00617	0.00708
127	0.02265	0.49212	0.03256	0.01498	0.02044	0.27079	0.01329	0.02486	0.01720	0.01772	0.01073	0.01243	0.00954	0.00681	0.00545	0.00170	0.00987	0.00426	0.00341	0.00920
128	0.01539	0.01319	0.01539	0.01100	0.01759	0.00990	0.00880	0.01869	0.01539	0.02419	0.01319	0.01539	0.01100	0.00550	0.00550	0.00110	0.00550	0.00440	0.00440	0.78449
129	0.02290	0.01395	0.01806	0.13148	0.02387	0.01408	0.01243	0.14628	0.02026	0.24357	0.02011	0.02275	0.01490	0.06513	0.03235	0.00282	0.03567	0.00687	0.00628	0.14625
130	0.02311	0.01721	0.08735	0.02257	0.19106	0.01512	0.01564	0.07784	0.13209	0.24988	0.04859	0.04793	0.01913	0.00917	0.00753	0.00234	0.00730	0.00785	0.00667	0.01166
131	0.01848	0.54836	0.22208	0.01504	0.02267	0.02602	0.01678	0.02258	0.01525	0.01914	0.01115	0.01295	0.00949	0.00655	0.00540	0.00180	0.00878	0.00439	0.00316	0.00993
132	0.01909	0.08634	0.32049	0.02253	0.03074	0.13025	0.19938	0.02517	0.01731	0.05920	0.01413	0.01674	0.01044	0.00699	0.00731	0.00226	0.01130	0.00627	0.00375	0.01030
133	0.01809	0.02548	0.17272	0.01799	0.04496	0.27153	0.03936	0.02176	0.01786	0.02094	0.07460	0.19560	0.02435	0.01189	0.00773	0.00235	0.00960	0.00988	0.00477	0.00854
134	0.01594	0.01620	0.02242	0.60517	0.07267	0.10496	0.01990	0.02048	0.01572	0.01907	0.01301	0.01892	0.00993	0.00742	0.00733	0.00239	0.01030	0.00637	0.00338	0.00843

[dist]
# distance from previous block
# <min> <max>
0	2

[block]
# block no. 4 follows, 27 sequences, length 19
# corresponding to MSA columns:
# 277-295
name=unknown_E
#
# <colnr> <probs for GDERKNQSTAVLIFYWHMCP>
#	G	D	E	R	K	N	Q	S	T	A	V	L	I	F	Y	W	H	M	C	P
0	0.02021	0.13350	0.25393	0.01818	0.05268	0.05312	0.01785	0.10263	0.12947	0.09352	0.01869	0.04276	0.01437	0.00844	0.00696	0.00224	0.00867	0.00663	0.00517	0.01099
1	0.05082	0.51175	0.18505	0.01451	0.02179	0.02502	0.01571	0.02334	0.01549	0.06036	0.01214	0.01356	0.00997	0.00670	0.00543	0.00183	0.00843	0.00452	0.00359	0.00998
2	0.00899	0.00668	0.00839	0.00976	0.01062	0.00608	0.00663	0.01040	0.01477	0.01918	0.04794	0.59845	0.18037	0.02234	0.00933	0.00291	0.00419	0.01999	0.00689	0.00608
3	0.01890	0.02554	0.23960	0.02080	0.09549	0.09355	0.01845	0.10893	0.16292	0.02778	0.06437	0.02139	0.01720	0.00881	0.00814	0.00235	0.04296	0.00691	0.00513	0.01076
4	0.01687	0.02004	0.19958	0.06474	0.15699	0.01437	0.06783	0.05231	0.01872	0.08836	0.17481	0.02871	0.04520	0.00946	0.00777	0.00233	0.00808	0.00842	0.00535	0.01006
5	0.01586	0.06072	0.10585	0.04947	0.02242	0.01593	0.08495	0.04586	0.25435	0.02759	0.17273	0.03192	0.05954	0.01043	0.00777	0.00239	0.00701	0.00912	0.00622	0.00988
6	0.01063	0.00786	0.01143	0.01143	0.01259	0.00901	0.00866	0.01294	0.01178	0.01687	0.02034	0.03168	0.01965	0.14430	0.62256	0.01132	0.01824	0.00832	0.00404	0.00635
7	0.01642	0.01566	0.06370	0.01462	0.01825	0.01616	0.01227	0.07239	0.32690	0.02920	0.17671	0.03273	0.05656	0.01166	0.00999	0.00254	0.09819	0.00926	0.00680	0.01000
8	0.00904	0.00646	0.00861	0.01034	0.01077	0.00603	0.00689	0.01034	0.01421	0.01895	0.04092	0.73426	0.04910	0.02326	0.00948	0.00301	0.00431	0.02110	0.00689	0.00603
9	0.01539	0.01319	0.01539	0.01100	0.01759	0.00990	0.00880	0.01869	0.01539	0.02419	0.01319	0.01539	0.01100	0.00550	0.00550	0.00110	0.00550	0.00440	0.00440	0.78449
10	0.01985	0.74357	0.03890	0.01270	0.01905	0.02937	0.01270	0.02223	0.01508	0.01747	0.01032	0.01191	0.00953	0.00635	0.00476	0.00159	0.00794	0.00397	0.00318	0.00953
11	0.79154	0.01436	0.01091	0.00976	0.01436	0.01665	0.00804	0.02182	0.01263	0.03331	0.01034	0.01206	0.00804	0.00689	0.00459	0.00230	0.00574	0.00402	0.00459	0.00804
12	0.01536	0.13742	0.02214	0.01648	0.04316	0.07187	0.11495	0.04819	0.01624	0.02060	0.02439	0.26076	0.02617	0.06697	0.05700	0.00343	0.00866	0.03320	0.00505	0.00796
13	0.01544	0.01297	0.01507	0.01501	0.06307	0.01413	0.01070	0.02872	0.38931	0.02969	0.24680	0.03801	0.06591	0.01188	0.00799	0.00244	0.00521	0.01023	0.00746	0.00996
14	0.00904	0.00646	0.00861	0.01034	0.01077	0.00603	0.00689	0.01034	0.01421	0.01895	0.04092	0.73426	0.04910	0.02326	0.00948	0.00301	0.00431	0.02110	0.00689	0.00603
15	0.01589	0.01388	0.02240	0.52455	0.07544	0.01721	0.01935	0.02013	0.01480	0.06447	0.01374	0.01950	0.01053	0.00842	0.01022	0.00258	0.12787	0.00664	0.00370	0.00869
16	0.01985	0.74357	0.03890	0.01270	0.01905	0.02937	0.01270	0.02223	0.01508	0.01747	0.01032	0.01191	0.00953	0.00635	0.00476	0.00159	0.00794	0.00397	0.00318	0.00953
17	0.61157	0.06711	0.12677	0.01184	0.01761	0.01760	0.01156	0.02213	0.01330	0.03063	0.01083	0.01265	0.00836	0.00688	0.00501	0.00226	0.00675	0.00426	0.00426	0.00862
18	0.01411	0.02064	0.24875	0.04416	0.02226	0.01444	0.01632	0.05224	0.08865	0.02376	0.07344	0.03022	0.11176	0.01843	0.12809	0.00408	0.06623	0.00840	0.00487	0.00913

[dist]
# distance from previous block
# <min> <max>
2	9

[block]
# block no. 5 follows, 27 sequences, length 30
# corresponding to MSA columns:
# 305-334
name=unknown_F
#
# <colnr> <probs for GDERKNQSTAVLIFYWHMCP>
