[name]
unknown

[dist]
# distance from previous block
# <min> <max>
0	96

[block]
# block no. 0 follows, 32 sequences, length 190
# corresponding to MSA columns:
# 178-181,183-351,362-378
name=unknown_A
#
# <colnr> <probs for GDERKNQSTAVLIFYWHMCP>
#	G	D	E	R	K	N	Q	S	T	A	V	L	I	F	Y	W	H	M	C	P
0	0.00853	0.00606	0.00784	0.00904	0.00951	0.00571	0.00603	0.00970	0.01285	0.01715	0.06951	0.58720	0.05923	0.12480	0.01213	0.00322	0.00428	0.03590	0.00598	0.00533
1	0.00871	0.00646	0.00780	0.00817	0.00954	0.00583	0.00586	0.01075	0.01557	0.02087	0.26179	0.29805	0.24806	0.01695	0.00800	0.00234	0.00348	0.01487	0.04105	0.00583
2	0.03512	0.01172	0.01928	0.69508	0.04359	0.01455	0.01768	0.01690	0.01320	0.01733	0.01225	0.01882	0.00957	0.03951	0.00783	0.00242	0.00873	0.00606	0.00306	0.00730
3	0.01434	0.01406	0.01959	0.01694	0.01700	0.01949	0.01403	0.01584	0.01049	0.01644	0.01040	0.04725	0.01059	0.01203	0.02095	0.00289	0.69834	0.00645	0.02565	0.00723
4	0.81159	0.01298	0.00986	0.00882	0.01298	0.01505	0.00727	0.01972	0.01142	0.03010	0.00934	0.01090	0.00727	0.00623	0.00415	0.00208	0.00519	0.00363	0.00415	0.00727
5	0.01346	0.03471	0.72942	0.01912	0.02904	0.01558	0.02479	0.02125	0.01417	0.02125	0.01204	0.01417	0.00850	0.00637	0.00637	0.00212	0.00992	0.00496	0.00283	0.00992
6	0.02551	0.01879	0.02014	0.01544	0.02081	0.02081	0.01275	0.69996	0.03155	0.04229	0.01611	0.01611	0.01141	0.00805	0.00671	0.00201	0.00738	0.00604	0.00671	0.01141
7	0.01623	0.01761	0.17616	0.01375	0.01876	0.01410	0.01302	0.09508	0.28342	0.07867	0.14160	0.02755	0.05576	0.00946	0.00694	0.00217	0.00615	0.00784	0.00609	0.00965
8	0.01151	0.00615	0.00909	0.00935	0.00962	0.00615	0.00667	0.00962	0.00988	0.01308	0.01570	0.02976	0.01622	0.02250	0.02335	0.66902	0.00589	0.11952	0.00347	0.00347
9	0.02506	0.03198	0.01901	0.01729	0.02074	0.73725	0.01296	0.02679	0.01901	0.01642	0.01037	0.01210	0.00864	0.00691	0.00605	0.00173	0.01210	0.00432	0.00346	0.00778
10	0.01585	0.01429	0.02436	0.06543	0.52719	0.01423	0.05325	0.01950	0.01507	0.05326	0.01662	0.11913	0.01544	0.00817	0.00698	0.00212	0.00752	0.00791	0.00394	0.00973
11	0.01587	0.06656	0.60230	0.01781	0.02691	0.01535	0.02219	0.02270	0.01480	0.11400	0.01381	0.01515	0.00957	0.00660	0.00633	0.00209	0.00923	0.00513	0.00356	0.01005
12	0.02506	0.03198	0.01901	0.01729	0.02074	0.73725	0.01296	0.02679	0.01901	0.01642	0.01037	0.01210	0.00864	0.00691	0.00605	0.00173	0.01210	0.00432	0.00346	0.00778
13	0.01332	0.01259	0.02129	0.63183	0.15739	0.01508	0.01896	0.01771	0.01372	0.01793	0.01204	0.01768	0.00922	0.00659	0.00670	0.00220	0.00878	0.00597	0.00304	0.00798
14	0.00976	0.00651	0.00732	0.00732	0.00732	0.00651	0.00407	0.00976	0.00976	0.01301	0.02114	0.04391	0.02439	0.76419	0.03415	0.00651	0.00651	0.00976	0.00407	0.00407
15	0.01499	0.01111	0.01156	0.01066	0.01354	0.01246	0.00822	0.02754	0.42806	0.02683	0.02511	0.02503	0.01915	0.00858	0.00596	0.00199	0.00443	0.00705	0.32889	0.00885
16	0.81159	0.01298	0.00986	0.00882	0.01298	0.01505	0.00727	0.01972	0.01142	0.03010	0.00934	0.01090	0.00727	0.00623	0.00415	0.00208	0.00519	0.00363	0.00415	0.00727
17	0.01166	0.00583	0.00874	0.00874	0.00874	0.00583	0.00583	0.00874	0.00874	0.01166	0.01166	0.02040	0.01166	0.02331	0.02622	0.80478	0.00583	0.00583	0.00291	0.00291
18	0.01625	0.01195	0.01317	0.01173	0.01522	0.01285	0.00914	0.02849	0.42946	0.11936	0.10515	0.03402	0.14276	0.01081	0.00712	0.00223	0.00482	0.00906	0.00698	0.00945
19	0.01829	0.73149	0.03436	0.01177	0.01740	0.06201	0.01156	0.02043	0.01390	0.01582	0.00938	0.01083	0.00861	0.00580	0.00439	0.00145	0.00742	0.00362	0.00290	0.00857
20	0.01110	0.00921	0.01446	0.01493	0.11241	0.00870	0.07445	0.01462	0.01817	0.02569	0.55225	0.04236	0.05084	0.01186	0.00774	0.00211	0.00462	0.01087	0.00643	0.00719
21	0.04361	0.14146	0.01812	0.01103	0.01665	0.05382	0.00921	0.05344	0.01541	0.08351	0.01279	0.01407	0.01021	0.00570	0.00513	0.00129	0.00594	0.00426	0.00428	0.49006
22	0.00818	0.00584	0.00779	0.00934	0.00973	0.00545	0.00623	0.00934	0.01285	0.01713	0.03698	0.75981	0.04438	0.02102	0.00856	0.00273	0.00389	0.01908	0.00623	0.00545
23	0.02383	0.01796	0.01919	0.01510	0.02017	0.02002	0.01235	0.57357	0.16067	0.03958	0.01824	0.01781	0.01314	0.00825	0.00673	0.00206	0.00699	0.00634	0.00673	0.01126
24	0.01402	0.06059	0.52732	0.01955	0.09288	0.01510	0.02134	0.02050	0.01421	0.02117	0.01196	0.01422	0.00892	0.00610	0.00611	0.00192	0.00888	0.00485	0.00305	0.12731
25	0.01706	0.01905	0.06957	0.02026	0.09054	0.16037	0.17136	0.02268	0.10259	0.03609	0.08949	0.02084	0.01707	0.00806	0.00844	0.00214	0.08478	0.00690	0.04408	0.00865
26	0.81159	0.01298	0.00986	0.00882	0.01298	0.01505	0.00727	0.01972	0.01142	0.03010	0.00934	0.01090	0.00727	0.00623	0.00415	0.00208	0.00519	0.00363	0.00415	0.00727
27	0.01286	0.02125	0.32302	0.04842	0.17928	0.01296	0.03723	0.01799	0.01478	0.02098	0.07294	0.09993	0.07207	0.00949	0.00703	0.00220	0.00775	0.02700	0.00401	0.00880
28	0.01813	0.02147	0.07961	0.02513	0.15604	0.19364	0.26753	0.05565	0.01699	0.02127	0.01388	0.04744	0.01150	0.00692	0.00697	0.00205	0.01000	0.00677	0.03004	0.00897
29	0.01376	0.03259	0.64167	0.02029	0.02981	0.01576	0.11042	0.02128	0.01438	0.02128	0.01224	0.01467	0.00871	0.00628	0.00657	0.00214	0.01009	0.00533	0.00290	0.00981
30	0.03010	0.01142	0.01557	0.01194	0.01713	0.00986	0.00986	0.03270	0.01920	0.72698	0.02647	0.02284	0.01661	0.00830	0.00675	0.00208	0.00571	0.00675	0.00830	0.01142
31	0.01114	0.01086	0.04731	0.30032	0.08612	0.01077	0.01303	0.01467	0.01507	0.01976	0.15023	0.06350	0.19084	0.01116	0.00733	0.00224	0.00631	0.02748	0.00476	0.00711
32	0.01668	0.12166	0.41829	0.01613	0.02357	0.03430	0.01843	0.10046	0.01640	0.07957	0.01480	0.04828	0.01180	0.04193	0.00754	0.00224	0.00857	0.00587	0.00395	0.00953
33	0.10888	0.01113	0.01417	0.01112	0.01589	0.01008	0.00914	0.02987	0.01796	0.59395	0.02431	0.02180	0.01570	0.00805	0.00630	0.00203	0.00543	0.00638	0.07727	0.01054
34	0.49078	0.01234	0.01221	0.01010	0.01468	0.01292	0.00833	0.02505	0.01462	0.31617	0.01637	0.01580	0.01110	0.00708	0.00522	0.00208	0.00540	0.00491	0.00586	0.00897
35	0.01631	0.12622	0.20785	0.06623	0.28633	0.10235	0.01864	0.02064	0.01497	0.01972	0.01300	0.05400	0.01125	0.00700	0.00628	0.00197	0.00869	0.00588	0.00328	0.00938
36	0.01482	0.00860	0.01145	0.02934	0.01412	0.00842	0.00913	0.04571	0.01606	0.16757	0.05790	0.12968	0.08974	0.01893	0.09459	0.00350	0.00684	0.22358	0.04266	0.00738
37	0.00812	0.00604	0.00758	0.00881	0.00959	0.00549	0.00599	0.00940	0.01336	0.01734	0.04345	0.61462	0.18539	0.02018	0.00843	0.00263	0.00379	0.01805	0.00623	0.00549
38	0.01530	0.01350	0.02209	0.24144	0.38417	0.01434	0.01757	0.04626	0.01525	0.04695	0.01602	0.10714	0.01448	0.00818	0.00690	0.00216	0.00765	0.00759	0.00390	0.00914
39	0.01579	0.12808	0.43861	0.05531	0.08416	0.01665	0.02021	0.04991	0.01517	0.06262	0.01273	0.01467	0.00937	0.00639	0.00611	0.00197	0.00876	0.00501	0.00342	0.04505
40	0.01814	0.01721	0.08996	0.05022	0.36287	0.04650	0.01720	0.04481	0.05241	0.11299	0.01520	0.01850	0.01207	0.04068	0.00911	0.00231	0.06953	0.00615	0.00421	0.00990
41	0.49355	0.04044	0.01399	0.01209	0.01602	0.28781	0.00953	0.02240	0.01434	0.02456	0.00973	0.01135	0.00782	0.00647	0.00487	0.00193	0.00785	0.00389	0.00386	0.00750
42	0.00907	0.00645	0.00776	0.00817	0.00872	0.00633	0.00527	0.00989	0.01145	0.01509	0.03147	0.23003	0.12652	0.38495	0.10446	0.00542	0.00671	0.01249	0.00488	0.00487
43	0.01634	0.01651	0.06857	0.11113	0.30743	0.01617	0.09466	0.08065	0.12300	0.02377	0.01613	0.02068	0.01307	0.00741	0.00726	0.00218	0.02394	0.03706	0.00421	0.00983
44	0.00976	0.00651	0.00732	0.00732	0.00732	0.00651	0.00407	0.00976	0.00976	0.01301	0.02114	0.04391	0.02439	0.76419	0.03415	0.00651	0.00651	0.00976	0.00407	0.00407
45	0.30334	0.49663	0.02606	0.01053	0.01569	0.02242	0.00997	0.01996	0.01284	0.02094	0.00933	0.01081	0.00813	0.00592	0.00425	0.00167	0.00646	0.00360	0.00333	0.00813
46	0.01102	0.00923	0.01130	0.01035	0.01213	0.01004	0.00806	0.01578	0.11369	0.02322	0.35132	0.04393	0.19951	0.01349	0.01015	0.00231	0.13032	0.01090	0.00629	0.00695
47	0.01485	0.00794	0.01058	0.00950	0.01189	0.00716	0.00727	0.01759	0.01821	0.21353	0.43923	0.14030	0.04817	0.01327	0.00769	0.00219	0.00395	0.01164	0.00747	0.00758
48	0.00965	0.00692	0.00940	0.00940	0.01012	0.00764	0.00666	0.01109	0.01037	0.01455	0.01924	0.03337	0.01982	0.33554	0.45654	0.00907	0.01339	0.00822	0.00378	0.00522
49	0.01669	0.01441	0.01517	0.01365	0.01745	0.01669	0.01062	0.03565	0.71021	0.02807	0.02731	0.02503	0.02048	0.00910	0.00683	0.00228	0.00531	0.00759	0.00683	0.01062
50	0.02551	0.01879	0.02014	0.01544	0.02081	0.02081	0.01275	0.69996	0.03155	0.04229	0.01611	0.01611	0.01141	0.00805	0.00671	0.00201	0.00738	0.00604	0.00671	0.01141
51	0.00930	0.00685	0.00869	0.00823	0.00990	0.00625	0.00617	0.01228	0.01852	0.02579	0.63600	0.05196	0.14680	0.01413	0.00792	0.00213	0.00320	0.01239	0.00724	0.00625
52	0.00818	0.00584	0.00779	0.00934	0.00973	0.00545	0.00623	0.00934	0.01285	0.01713	0.03698	0.75981	0.04438	0.02102	0.00856	0.00273	0.00389	0.01908	0.00623	0.00545
53	0.01672	0.12786	0.02972	0.03541	0.54517	0.01763	0.09067	0.02061	0.01509	0.02097	0.01223	0.01590	0.01028	0.00591	0.00643	0.00194	0.00821	0.00583	0.00326	0.01016
54	0.01267	0.01193	0.02013	0.74806	0.04621	0.01491	0.01863	0.01714	0.01342	0.01714	0.01193	0.01789	0.00894	0.00671	0.00671	0.00224	0.00894	0.00596	0.00298	0.00745
55	0.02952	0.01236	0.01615	0.01238	0.01760	0.01125	0.01023	0.11758	0.02077	0.63988	0.02515	0.02198	0.01595	0.00827	0.00674	0.00207	0.00592	0.00666	0.00810	0.01142
56	0.00862	0.00682	0.00800	0.00791	0.00975	0.00620	0.00593	0.01082	0.01572	0.02039	0.25503	0.08551	0.40455	0.02043	0.10077	0.00332	0.00520	0.01288	0.00624	0.00590
57	0.01456	0.07907	0.13995	0.04234	0.12404	0.03232	0.04301	0.05014	0.12467	0.02350	0.15338	0.05076	0.02486	0.00954	0.00698	0.00215	0.00688	0.05804	0.00498	0.00881
58	0.01669	0.01441	0.01517	0.01365	0.01745	0.01669	0.01062	0.03565	0.71021	0.02807	0.02731	0.02503	0.02048	0.00910	0.00683	0.00228	0.00531	0.00759	0.00683	0.01062
59	0.02151	0.01116	0.01315	0.01103	0.01487	0.01123	0.00880	0.05704	0.20783	0.31800	0.02503	0.02374	0.01761	0.00838	0.00622	0.00199	0.00498	0.00682	0.22079	0.00981
60	0.01429	0.15496	0.04808	0.04445	0.04408	0.01236	0.00958	0.06974	0.01234	0.01619	0.01181	0.01780	0.01088	0.01714	0.03561	0.45947	0.00693	0.00542	0.00325	0.00562
61	0.01398	0.01361	0.03657	0.01282	0.04522	0.07833	0.00964	0.04670	0.25011	0.02211	0.03660	0.06850	0.24199	0.04460	0.02706	0.00262	0.02603	0.00971	0.00571	0.00808
62	0.00921	0.00685	0.00857	0.00814	0.00985	0.00621	0.00611	0.01211	0.01832	0.02530	0.60001	0.05276	0.18309	0.01432	0.00792	0.00214	0.00321	0.01250	0.00718	0.00621
63	0.00841	0.00600	0.00805	0.00961	0.01010	0.00565	0.00663	0.00974	0.01307	0.01739	0.03685	0.69995	0.04387	0.02080	0.00863	0.00276	0.00409	0.07665	0.00622	0.00551
64	0.01468	0.05873	0.26832	0.04489	0.30986	0.01525	0.01975	0.02039	0.04482	0.02121	0.01580	0.04241	0.01386	0.00791	0.00675	0.00216	0.00823	0.07171	0.00363	0.00962
65	0.09901	0.01856	0.17574	0.04509	0.04931	0.06151	0.01409	0.03804	0.10964	0.04205	0.11577	0.02334	0.05362	0.00919	0.00877	0.00223	0.11398	0.00689	0.00465	0.00852
66	0.10746	0.00979	0.01078	0.01059	0.01282	0.01035	0.00784	0.08388	0.14615	0.04309	0.03162	0.39242	0.07679	0.01513	0.00744	0.00244	0.00467	0.01313	0.00620	0.00740
67	0.26398	0.31967	0.03881	0.01241	0.01714	0.21529	0.01089	0.02182	0.01442	0.02049	0.00968	0.01125	0.00820	0.00622	0.00478	0.00173	0.00796	0.00383	0.00342	0.00800
68	0.01545	0.01692	0.02753	0.02149	0.02577	0.11493	0.37116	0.01932	0.01538	0.01961	0.01836	0.11416	0.01763	0.00987	0.00914	0.00241	0.07459	0.09430	0.00406	0.00792
69	0.01478	0.00990	0.01289	0.01283	0.07186	0.00967	0.03828	0.07712	0.05116	0.09078	0.04973	0.13552	0.09808	0.01114	0.00670	0.00206	0.00497	0.03984	0.21958	0.04311
70	0.05674	0.17911	0.08391	0.01452	0.01794	0.13796	0.01294	0.03680	0.01381	0.04423	0.01189	0.01550	0.01034	0.01521	0.13344	0.00357	0.19548	0.00519	0.00347	0.00794
71	0.00923	0.00650	0.00781	0.00801	0.00943	0.00595	0.00580	0.01155	0.01591	0.02219	0.30281	0.23227	0.19697	0.01550	0.00764	0.00223	0.00340	0.01355	0.11733	0.00595
72	0.01391	0.01193	0.01391	0.00994	0.01590	0.00894	0.00795	0.01690	0.01391	0.02186	0.01193	0.01391	0.00994	0.00497	0.00497	0.00099	0.00497	0.00398	0.00398	0.80521
73	0.01244	0.00991	0.01182	0.08268	0.01588	0.01029	0.00881	0.10146	0.11384	0.02540	0.26346	0.04421	0.21845	0.01277	0.00756	0.00222	0.00475	0.04013	0.00643	0.00748
74	0.01208	0.01121	0.04015	0.01672	0.17616	0.01057	0.01039	0.01730	0.13204	0.02035	0.07278	0.03909	0.23078	0.13547	0.04310	0.00325	0.00614	0.00968	0.00513	0.00760
75	0.02036	0.02118	0.02215	0.12406	0.21469	0.25503	0.04108	0.13937	0.05581	0.02325	0.01319	0.01571	0.01038	0.00690	0.00653	0.00197	0.00935	0.00560	0.00409	0.00933
76	0.02114	0.01831	0.01807	0.01511	0.01923	0.10387	0.01208	0.30524	0.29779	0.03162	0.01933	0.01907	0.01449	0.00861	0.00783	0.00215	0.06319	0.00644	0.00609	0.01036
77	0.01166	0.00583	0.00874	0.00874	0.00874	0.00583	0.00583	0.00874	0.00874	0.01166	0.01166	0.02040	0.01166	0.02331	0.02622	0.80478	0.00583	0.00583	0.00291	0.00291
78	0.01267	0.01193	0.02013	0.74806	0.04621	0.01491	0.01863	0.01714	0.01342	0.01714	0.01193	0.01789	0.00894	0.00671	0.00671	0.00224	0.00894	0.00596	0.00298	0.00745
79	0.00818	0.00584	0.00779	0.00934	0.00973	0.00545	0.00623	0.00934	0.01285	0.01713	0.03698	0.75981	0.04438	0.02102	0.00856	0.00273	0.00389	0.01908	0.00623	0.00545
80	0.02506	0.03198	0.01901	0.01729	0.02074	0.73725	0.01296	0.02679	0.01901	0.01642	0.01037	0.01210	0.00864	0.00691	0.00605	0.00173	0.01210	0.00432	0.00346	0.00778
81	0.01346	0.03471	0.72942	0.01912	0.02904	0.01558	0.02479	0.02125	0.01417	0.02125	0.01204	0.01417	0.00850	0.00637	0.00637	0.00212	0.00992	0.00496	0.00283	0.00992
82	0.01267	0.01193	0.02013	0.74806	0.04621	0.01491	0.01863	0.01714	0.01342	0.01714	0.01193	0.01789	0.00894	0.00671	0.00671	0.00224	0.00894	0.00596	0.00298	0.00745
83	0.01468	0.01468	0.02055	0.01762	0.01762	0.02055	0.01468	0.01615	0.01028	0.01615	0.00881	0.01468	0.00881	0.01174	0.02202	0.00294	0.75191	0.00587	0.00294	0.00734
84	0.00959	0.00719	0.01078	0.01078	0.01198	0.00839	0.00839	0.01198	0.01078	0.01558	0.01797	0.02636	0.01677	0.05032	0.73760	0.01078	0.01797	0.00719	0.00359	0.00599
85	0.81159	0.01298	0.00986	0.00882	0.01298	0.01505	0.00727	0.01972	0.01142	0.03010	0.00934	0.01090	0.00727	0.00623	0.00415	0.00208	0.00519	0.00363	0.00415	0.00727
86	0.02937	0.01261	0.01631	0.01250	0.01772	0.01162	0.01033	0.14004	0.02119	0.61684	0.02480	0.02176	0.01577	0.00826	0.00674	0.00207	0.00598	0.00663	0.00805	0.01142
87	0.00818	0.00584	0.00779	0.00934	0.00973	0.00545	0.00623	0.00934	0.01285	0.01713	0.03698	0.75981	0.04438	0.02102	0.00856	0.00273	0.00389	0.01908	0.00623	0.00545
88	0.01584	0.01810	0.03959	0.02828	0.03507	0.01697	0.69796	0.02149	0.01584	0.02149	0.01357	0.01810	0.01018	0.00566	0.00792	0.00226	0.01131	0.00792	0.00339	0.00905
89	0.77525	0.01311	0.01066	0.01030	0.04540	0.01509	0.00788	0.01976	0.01160	0.02973	0.00949	0.01116	0.00742	0.00622	0.00427	0.00207	0.00532	0.00374	0.00411	0.00742
90	0.00818	0.00584	0.00779	0.00934	0.00973	0.00545	0.00623	0.00934	0.01285	0.01713	0.03698	0.75981	0.04438	0.02102	0.00856	0.00273	0.00389	0.01908	0.00623	0.00545
91	0.02378	0.16457	0.02192	0.01624	0.02011	0.60926	0.01270	0.02559	0.01805	0.01631	0.01018	0.01186	0.00864	0.00670	0.00574	0.00168	0.01121	0.00419	0.00335	0.00793
92	0.01661	0.01594	0.02724	0.04119	0.72233	0.01594	0.02059	0.02059	0.01528	0.02192	0.01262	0.01661	0.01063	0.00598	0.00664	0.00199	0.00797	0.00598	0.00332	0.01063
93	0.02379	0.01417	0.04744	0.01281	0.01759	0.01327	0.01084	0.26450	0.02291	0.32250	0.09549	0.05457	0.05008	0.00957	0.00696	0.00209	0.00606	0.00779	0.00723	0.01034
94	0.01444	0.03277	0.66249	0.01913	0.02867	0.01534	0.05248	0.02187	0.01450	0.05858	0.01287	0.01479	0.00900	0.00645	0.00646	0.00213	0.00975	0.00518	0.00315	0.00996
95	0.01579	0.01347	0.01440	0.01300	0.01652	0.01539	0.01008	0.03278	0.62377	0.02792	0.11378	0.02817	0.02584	0.00968	0.00696	0.00226	0.00504	0.00815	0.00690	0.01008
96	0.02618	0.01055	0.01432	0.01127	0.01578	0.00919	0.00919	0.02889	0.01916	0.59378	0.15819	0.02803	0.02550	0.00933	0.00697	0.00208	0.00523	0.00777	0.00813	0.01045
97	0.02111	0.01975	0.21248	0.02105	0.15470	0.01419	0.07320	0.07676	0.04062	0.27102	0.01816	0.01850	0.01250	0.00714	0.00672	0.00209	0.00785	0.00619	0.00532	0.01064
98	0.01654	0.01612	0.02826	0.04012	0.66535	0.01603	0.07676	0.02067	0.01532	0.02189	0.01270	0.01673	0.01059	0.00595	0.00675	0.00202	0.00825	0.00614	0.00333	0.01050
99	0.01122	0.00934	0.01289	0.01198	0.01248	0.01167	0.00918	0.01268	0.01035	0.01506	0.01597	0.02747	0.01635	0.23171	0.32387	0.00718	0.24373	0.00747	0.00352	0.00589
100	0.70320	0.01358	0.01105	0.00965	0.01390	0.01566	0.00793	0.08368	0.04432	0.03115	0.01077	0.01201	0.00824	0.00653	0.00451	0.00208	0.00540	0.00403	0.00451	0.00780
101	0.01305	0.12723	0.49936	0.01624	0.02379	0.01512	0.01948	0.01883	0.01384	0.01974	0.01642	0.15558	0.01534	0.00908	0.00651	0.00215	0.00840	0.00746	0.00348	0.00889
102	0.01752	0.24730	0.40728	0.01569	0.02360	0.01788	0.01841	0.02279	0.01484	0.13561	0.01361	0.01459	0.00987	0.00650	0.00583	0.00191	0.00842	0.00485	0.00374	0.00978
103	0.01572	0.01734	0.03658	0.02939	0.13060	0.01641	0.57244	0.02103	0.01574	0.02149	0.01441	0.02044	0.01150	0.00627	0.00780	0.00226	0.01062	0.03729	0.00351	0.00914
104	0.00950	0.00686	0.00897	0.00844	0.01002	0.00633	0.00633	0.01266	0.01899	0.02691	0.71879	0.05012	0.06331	0.01372	0.00791	0.00211	0.00317	0.01213	0.00739	0.00633
105	0.01822	0.01899	0.02567	0.03664	0.58885	0.15318	0.01914	0.02177	0.01599	0.02087	0.01219	0.01575	0.01025	0.00616	0.00653	0.00194	0.00876	0.00566	0.00335	0.01009
106	0.00876	0.00760	0.00986	0.00910	0.01140	0.00663	0.06282	0.01085	0.01532	0.01906	0.11784	0.16016	0.50358	0.01634	0.00802	0.00232	0.00411	0.01417	0.00610	0.00597
107	0.01166	0.00583	0.00874	0.00874	0.00874	0.00583	0.00583	0.00874	0.00874	0.01166	0.01166	0.02040	0.01166	0.02331	0.02622	0.80478	0.00583	0.00583	0.00291	0.00291
108	0.01267	0.01193	0.02013	0.74806	0.04621	0.01491	0.01863	0.01714	0.01342	0.01714	0.01193	0.01789	0.00894	0.00671	0.00671	0.00224	0.00894	0.00596	0.00298	0.00745
109	0.01267	0.01193	0.02013	0.74806	0.04621	0.01491	0.01863	0.01714	0.01342	0.01714	0.01193	0.01789	0.00894	0.00671	0.00671	0.00224	0.00894	0.00596	0.00298	0.00745
110	0.02575	0.01841	0.01990	0.01526	0.02062	0.02024	0.01260	0.66537	0.03091	0.07778	0.01665	0.01646	0.01168	0.00807	0.00671	0.00202	0.00730	0.00608	0.00679	0.01141
111	0.00962	0.00706	0.01012	0.01012	0.01109	0.00803	0.00756	0.01155	0.01059	0.01508	0.01858	0.02973	0.01824	0.18741	0.60252	0.00996	0.01577	0.00768	0.00369	0.00562
112	0.02042	0.53692	0.02956	0.01245	0.01771	0.12378	0.01145	0.02329	0.04527	0.10596	0.01241	0.01309	0.01014	0.00637	0.00497	0.00159	0.00760	0.00426	0.00381	0.00893
113	0.00925	0.00749	0.00829	0.00798	0.01014	0.00686	0.00602	0.01297	0.07740	0.02209	0.29356	0.05603	0.42737	0.01515	0.00783	0.00221	0.00348	0.01287	0.00669	0.00633
114	0.01389	0.01198	0.01502	0.04329	0.01777	0.00946	0.03820	0.01706	0.01398	0.02176	0.01237	0.01468	0.01017	0.00518	0.00516	0.00112	0.00535	0.00432	0.03351	0.70572
115	0.01391	0.01193	0.01391	0.00994	0.01590	0.00894	0.00795	0.01690	0.01391	0.02186	0.01193	0.01391	0.00994	0.00497	0.00497	0.00099	0.00497	0.00398	0.00398	0.80521
116	0.01391	0.01193	0.01391	0.00994	0.01590	0.00894	0.00795	0.01690	0.01391	0.02186	0.01193	0.01391	0.00994	0.00497	0.00497	0.00099	0.00497	0.00398	0.00398	0.80521
117	0.01799	0.01274	0.01720	0.01766	0.17599	0.01134	0.01137	0.07318	0.01712	0.15631	0.09011	0.02021	0.01712	0.00699	0.00613	0.00162	0.00578	0.00598	0.00521	0.32994
118	0.01105	0.00649	0.00808	0.00868	0.00988	0.00605	0.00613	0.01290	0.01404	0.07830	0.06422	0.46473	0.06746	0.01639	0.00746	0.00235	0.00381	0.01454	0.19126	0.00618
119	0.01641	0.28184	0.36992	0.01542	0.02308	0.01908	0.01776	0.05106	0.04510	0.05194	0.01259	0.01393	0.00960	0.00638	0.00566	0.00184	0.00828	0.00469	0.00348	0.04193
120	0.01477	0.01813	0.18031	0.02412	0.27782	0.01346	0.03126	0.02050	0.07535	0.03863	0.04590	0.08301	0.01621	0.00788	0.00661	0.00198	0.00720	0.00706	0.00416	0.12564
121	0.01896	0.16639	0.17664	0.01510	0.02100	0.01977	0.01467	0.23930	0.18882	0.02837	0.01643	0.01678	0.01237	0.00760	0.00663	0.00202	0.02818	0.00570	0.00504	0.01024
122	0.02101	0.46448	0.02907	0.01308	0.01868	0.02422	0.01200	0.29565	0.02089	0.02653	0.01208	0.01293	0.00975	0.00668	0.00528	0.00167	0.00726	0.00458	0.00443	0.00975
123	0.01688	0.04415	0.36776	0.02079	0.14312	0.03499	0.01928	0.11018	0.01697	0.05943	0.01327	0.01510	0.00981	0.00647	0.00627	0.00194	0.00850	0.00521	0.00384	0.09604
124	0.01220	0.01080	0.01701	0.44954	0.03226	0.01343	0.01457	0.01511	0.01204	0.01603	0.01330	0.02186	0.01185	0.11313	0.08061	0.04612	0.10380	0.00656	0.00317	0.00661
125	0.01366	0.01177	0.01141	0.01105	0.01214	0.15943	0.00797	0.01360	0.01160	0.01398	0.01410	0.02238	0.01363	0.08701	0.24388	0.32687	0.01097	0.00625	0.00333	0.00498
126	0.01622	0.01189	0.01413	0.01035	0.01596	0.00944	0.00831	0.04826	0.01561	0.11181	0.05132	0.01705	0.01366	0.00599	0.00542	0.00123	0.00507	0.00485	0.00482	0.62862
127	0.61095	0.01353	0.01374	0.01572	0.16130	0.01501	0.01016	0.02048	0.01257	0.05926	0.01079	0.01262	0.00838	0.00627	0.00479	0.00206	0.00579	0.00426	0.00416	0.00815
128	0.02092	0.02435	0.01813	0.01707	0.05045	0.46222	0.01245	0.02250	0.01605	0.03182	0.01189	0.01703	0.01092	0.10316	0.01262	0.00258	0.14944	0.00543	0.00354	0.00744
129	0.01859	0.33941	0.19193	0.01581	0.02196	0.16252	0.05562	0.06649	0.01604	0.01927	0.01085	0.01271	0.00887	0.00643	0.00598	0.00178	0.02905	0.00453	0.00326	0.00893
130	0.01512	0.01421	0.12004	0.01332	0.04023	0.01065	0.02877	0.01842	0.01490	0.12768	0.10198	0.09095	0.03853	0.04200	0.00901	0.00211	0.06772	0.00773	0.00501	0.23162
131	0.01187	0.00927	0.01353	0.04740	0.17000	0.00895	0.01058	0.01475	0.01610	0.05215	0.21801	0.13131	0.14931	0.01356	0.00780	0.00232	0.00513	0.10479	0.00584	0.00731
132	0.00961	0.00710	0.01034	0.01034	0.01139	0.00815	0.00784	0.01170	0.01065	0.01525	0.01838	0.02859	0.01774	0.14113	0.64811	0.01024	0.01651	0.00752	0.00365	0.00575
133	0.01984	0.14391	0.02499	0.07841	0.31682	0.03972	0.01591	0.10698	0.01742	0.12648	0.01429	0.01636	0.01102	0.00681	0.00676	0.00195	0.03224	0.00564	0.00437	0.01007
134	0.10680	0.14215	0.11848	0.01454	0.04378	0.17239	0.01277	0.01974	0.01529	0.02074	0.10300	0.02310	0.01837	0.00877	0.00725	0.00203	0.06291	0.06162	0.03842	0.00785
135	0.00851	0.00665	0.00764	0.00773	0.00941	0.00586	0.00563	0.01052	0.01585	0.02049	0.26095	0.17281	0.38526	0.04137	0.00890	0.00243	0.00351	0.01420	0.00651	0.00578
136	0.01376	0.01132	0.01310	0.00955	0.01504	0.00866	0.00760	0.01676	0.01393	0.02220	0.01298	0.01509	0.01071	0.00527	0.00494	0.00105	0.00477	0.00422	0.08856	0.72047
137	0.01605	0.01530	0.03969	0.27573	0.26437	0.04462	0.06786	0.04233	0.01536	0.05038	0.01297	0.01687	0.01009	0.00631	0.00655	0.00198	0.00833	0.00584	0.00360	0.09575
138	0.05848	0.25588	0.31014	0.01497	0.02197	0.05695	0.01651	0.07278	0.03708	0.05204	0.01423	0.01536	0.03295	0.00685	0.00571	0.00189	0.00821	0.00498	0.00371	0.00932
139	0.01316	0.01536	0.20967	0.01168	0.01585	0.00993	0.01165	0.03858	0.04568	0.06804	0.20862	0.09012	0.02971	0.04370	0.00794	0.00226	0.00562	0.00878	0.15585	0.00780
140	0.00829	0.00612	0.00744	0.00850	0.00946	0.00554	0.00585	0.00970	0.01358	0.01775	0.04495	0.53463	0.23098	0.01933	0.00822	0.00255	0.00372	0.01715	0.04068	0.00554
141	0.01391	0.01193	0.01391	0.00994	0.01590	0.00894	0.00795	0.01690	0.01391	0.02186	0.01193	0.01391	0.00994	0.00497	0.00497	0.00099	0.00497	0.00398	0.00398	0.80521
142	0.01658	0.01724	0.01465	0.05134	0.01724	0.27106	0.03525	0.02019	0.09083	0.03792	0.05284	0.19159	0.02311	0.11724	0.01087	0.00276	0.00792	0.00946	0.00483	0.00710
143	0.33887	0.01383	0.01302	0.01170	0.01564	0.01603	0.00926	0.02920	0.42698	0.02889	0.02003	0.01931	0.01513	0.00794	0.00574	0.00219	0.00526	0.00598	0.00574	0.00926
144	0.01346	0.03471	0.72942	0.01912	0.02904	0.01558	0.02479	0.02125	0.01417	0.02125	0.01204	0.01417	0.00850	0.00637	0.00637	0.00212	0.00992	0.00496	0.00283	0.00992
145	0.01826	0.01180	0.01240	0.01032	0.01356	0.01269	0.00826	0.31840	0.02180	0.03266	0.01933	0.02108	0.01464	0.00792	0.00558	0.00176	0.00501	0.00616	0.44983	0.00854
146	0.00816	0.00589	0.00773	0.00921	0.00970	0.00546	0.00617	0.00936	0.01298	0.01718	0.03862	0.72305	0.08008	0.02081	0.00853	0.00270	0.00387	0.01882	0.00623	0.00546
147	0.01601	0.01951	0.16083	0.03699	0.59043	0.01587	0.02139	0.02072	0.01507	0.02179	0.01251	0.01614	0.01022	0.00605	0.00659	0.00202	0.00834	0.00578	0.00323	0.01049
148	0.01490	0.43250	0.02591	0.01238	0.01630	0.01920	0.04673	0.01771	0.03944	0.01723	0.01843	0.17685	0.01945	0.01056	0.00683	0.00201	0.04369	0.06806	0.00406	0.00775
149	0.01574	0.01256	0.01314	0.01197	0.01526	0.01432	0.00927	0.03110	0.55192	0.02737	0.02608	0.02503	0.01974	0.00881	0.00634	0.00211	0.00481	0.00728	0.18751	0.00963
150	0.00994	0.00818	0.01249	0.01090	0.01310	0.00751	0.09581	0.01297	0.01730	0.02377	0.45233	0.13821	0.14308	0.01405	0.00800	0.00223	0.00435	0.01275	0.00656	0.00648
151	0.01528	0.09009	0.47781	0.02331	0.18866	0.01633	0.02207	0.02150	0.01460	0.05153	0.01258	0.01483	0.00936	0.00631	0.00628	0.00203	0.00906	0.00516	0.00319	0.01004
152	0.01267	0.01193	0.02013	0.74806	0.04621	0.01491	0.01863	0.01714	0.01342	0.01714	0.01193	0.01789	0.00894	0.00671	0.00671	0.00224	0.00894	0.00596	0.00298	0.00745
153	0.00950	0.00686	0.00897	0.00844	0.01002	0.00633	0.00633	0.01266	0.01899	0.02691	0.71879	0.05012	0.06331	0.01372	0.00791	0.00211	0.00317	0.01213	0.00739	0.00633
154	0.01094	0.00898	0.01376	0.01888	0.21522	0.00876	0.01094	0.01316	0.01388	0.01888	0.02979	0.45902	0.03394	0.01638	0.00810	0.00256	0.00536	0.09902	0.00539	0.00703
155	0.01427	0.01214	0.01411	0.01011	0.01605	0.00931	0.00810	0.03790	0.01446	0.02249	0.01205	0.01398	0.00998	0.00506	0.00502	0.00103	0.00504	0.00404	0.00406	0.78080
156	0.00975	0.00677	0.00887	0.00894	0.00959	0.00730	0.00617	0.01107	0.01060	0.01501	0.02045	0.06738	0.02144	0.36397	0.35316	0.00803	0.01145	0.00882	0.04611	0.00512
157	0.01113	0.00609	0.00880	0.00880	0.00895	0.00624	0.00590	0.00929	0.00914	0.01234	0.01377	0.02442	0.01407	0.12981	0.11690	0.59372	0.00745	0.00655	0.00316	0.00346
158	0.01387	0.01971	0.21805	0.01470	0.04721	0.13424	0.03807	0.01682	0.01320	0.01683	0.01679	0.06059	0.01697	0.32417	0.01811	0.00392	0.00856	0.00766	0.00365	0.00690
159	0.05262	0.46838	0.17862	0.01335	0.01948	0.09582	0.01397	0.02081	0.01422	0.01807	0.01059	0.01228	0.00892	0.00611	0.00494	0.00165	0.00799	0.00408	0.03948	0.00864
160	0.01490	0.05755	0.20920	0.04655	0.02119	0.05409	0.01545	0.02264	0.18142	0.02157	0.08967	0.02060	0.01730	0.00911	0.01030	0.00230	0.18649	0.00651	0.00434	0.00881
161	0.00793	0.00680	0.00680	0.00680	0.00906	0.00566	0.00510	0.00963	0.01529	0.01813	0.06797	0.06457	0.71961	0.01699	0.00793	0.00227	0.00340	0.01416	0.00623	0.00566
162	0.02149	0.00947	0.01259	0.01046	0.01414	0.00829	0.00831	0.02400	0.01821	0.44153	0.18496	0.10300	0.09115	0.01148	0.00728	0.00216	0.00477	0.00977	0.00772	0.00921
163	0.01394	0.01202	0.01413	0.01019	0.01596	0.00933	0.00817	0.01687	0.01379	0.02168	0.01182	0.01394	0.00990	0.00519	0.00553	0.00106	0.02968	0.00404	0.00394	0.77881
164	0.02075	0.08805	0.14350	0.01908	0.09183	0.01696	0.10024	0.22238	0.02048	0.14810	0.01689	0.01971	0.01268	0.00762	0.00671	0.00207	0.00799	0.03947	0.00520	0.01027
165	0.00849	0.00656	0.00783	0.00863	0.01004	0.00589	0.00639	0.01023	0.01450	0.01834	0.07547	0.33734	0.33573	0.01866	0.00837	0.00256	0.00397	0.10907	0.00627	0.00568
166	0.01267	0.01143	0.01694	0.05382	0.23847	0.04359	0.04248	0.01550	0.01465	0.01943	0.02662	0.26578	0.04864	0.01370	0.00786	0.00247	0.00655	0.14691	0.00491	0.00759
167	0.02199	0.04588	0.14585	0.02037	0.14606	0.01478	0.07409	0.09720	0.01807	0.28918	0.01791	0.01831	0.01240	0.00735	0.00731	0.00209	0.03900	0.00617	0.00545	0.01054
168	0.65772	0.01676	0.03149	0.01053	0.01472	0.13588	0.00871	0.02095	0.01277	0.02757	0.00959	0.01119	0.00753	0.00635	0.00453	0.00202	0.00648	0.00379	0.00400	0.00743
169	0.01629	0.01829	0.12437	0.09728	0.43884	0.01569	0.11815	0.02102	0.01521	0.05105	0.01320	0.01686	0.01038	0.00615	0.00680	0.00207	0.00871	0.00615	0.00344	0.01006
170	0.01756	0.01639	0.02010	0.10220	0.16921	0.09428	0.04304	0.13111	0.01769	0.02408	0.01266	0.01527	0.01008	0.00613	0.00605	0.00165	0.00751	0.00517	0.00409	0.29575
171	0.00941	0.00686	0.00885	0.00835	0.00997	0.00630	0.00627	0.01250	0.01880	0.02644	0.68438	0.05089	0.09801	0.01389	0.00791	0.00212	0.00318	0.01224	0.00733	0.00630
172	0.00837	0.00597	0.00768	0.00898	0.00940	0.00559	0.00590	0.00941	0.01256	0.01665	0.03631	0.63862	0.07109	0.11538	0.01179	0.00319	0.00420	0.01768	0.00595	0.00528
173	0.00923	0.00685	0.00860	0.00816	0.00986	0.00622	0.00612	0.01215	0.01836	0.02542	0.60820	0.05258	0.17484	0.01427	0.00792	0.00214	0.00321	0.01248	0.00719	0.00622
174	0.01982	0.01175	0.01414	0.01157	0.01528	0.01179	0.00927	0.20773	0.05842	0.22006	0.30339	0.03213	0.03425	0.01046	0.00721	0.00208	0.00512	0.00877	0.00742	0.00932
175	0.02963	0.01218	0.01604	0.01230	0.01751	0.01099	0.01016	0.10127	0.02047	0.65662	0.02541	0.02215	0.01608	0.00828	0.00674	0.00207	0.00588	0.00668	0.00814	0.01142
176	0.01468	0.01468	0.02055	0.01762	0.01762	0.02055	0.01468	0.01615	0.01028	0.01615	0.00881	0.01468	0.00881	0.01174	0.02202	0.00294	0.75191	0.00587	0.00294	0.00734
177	0.81159	0.01298	0.00986	0.00882	0.01298	0.01505	0.00727	0.01972	0.01142	0.03010	0.00934	0.01090	0.00727	0.00623	0.00415	0.00208	0.00519	0.00363	0.00415	0.00727
178	0.02506	0.03198	0.01901	0.01729	0.02074	0.73725	0.01296	0.02679	0.01901	0.01642	0.01037	0.01210	0.00864	0.00691	0.00605	0.00173	0.01210	0.00432	0.00346	0.00778
179	0.02521	0.01765	0.01923	0.01492	0.02014	0.01932	0.01227	0.57326	0.08966	0.11141	0.01815	0.01758	0.01274	0.00817	0.00673	0.00204	0.00703	0.00625	0.00689	0.01134
180	0.00814	0.00597	0.00765	0.00899	0.00964	0.00548	0.00607	0.00938	0.01318	0.01727	0.04124	0.66430	0.13715	0.02047	0.00848	0.00266	0.00382	0.01840	0.00623	0.00548
181	0.01267	0.01193	0.02013	0.74806	0.04621	0.01491	0.01863	0.01714	0.01342	0.01714	0.01193	0.01789	0.00894	0.00671	0.00671	0.00224	0.00894	0.00596	0.00298	0.00745
182	0.46891	0.01336	0.01302	0.01069	0.01533	0.01437	0.00882	0.12209	0.01662	0.23587	0.01534	0.01515	0.01060	0.00710	0.00528	0.00207	0.00566	0.00489	0.00574	0.00908
183	0.00816	0.00588	0.00774	0.00923	0.00970	0.00546	0.00618	0.00936	0.01296	0.01717	0.03840	0.72804	0.07524	0.02084	0.00854	0.00270	0.00387	0.01885	0.00623	0.00546
184	0.00934	0.00690	0.00883	0.00900	0.01057	0.00639	0.00696	0.01203	0.01704	0.02308	0.40627	0.13271	0.16775	0.01596	0.00824	0.00239	0.00386	0.13974	0.00684	0.00610
185	0.01560	0.01482	0.02547	0.03641	0.59453	0.01493	0.04744	0.01943	0.01468	0.02102	0.01341	0.01803	0.01146	0.01214	0.10841	0.00323	0.00950	0.00623	0.00336	0.00992
186	0.01140	0.01002	0.01370	0.01293	0.01366	0.01231	0.01038	0.01327	0.01272	0.01792	0.08627	0.17232	0.09484	0.01835	0.07638	0.00345	0.31362	0.09524	0.00474	0.00647
187	0.00821	0.00603	0.00760	0.00882	0.00950	0.00554	0.00593	0.00941	0.01310	0.01709	0.04132	0.60913	0.15504	0.05743	0.00974	0.00284	0.00394	0.01780	0.00612	0.00542
188	0.01629	0.49876	0.29021	0.01429	0.02156	0.02252	0.01637	0.02052	0.01383	0.01779	0.01033	0.01201	0.00857	0.00597	0.00507	0.00169	0.00818	0.00409	0.00286	0.00909
189	0.15815	0.05542	0.02098	0.02249	0.22295	0.27696	0.03930	0.02396	0.05074	0.05107	0.01244	0.01446	0.00996	0.00659	0.00595	0.00191	0.00884	0.00505	0.00388	0.00890

[dist]
# distance from previous block
# <min> <max>
0	1

[block]
# block no. 1 follows, 32 sequences, length 23
# corresponding to MSA columns:
# 380-402
name=unknown_B
#
# <colnr> <probs for GDERKNQSTAVLIFYWHMCP>
#	G	D	E	R	K	N	Q	S	T	A	V	L	I	F	Y	W	H	M	C	P
0	0.02139	0.01675	0.01782	0.01460	0.01924	0.01888	0.01176	0.38943	0.34878	0.03564	0.02135	0.02028	0.01565	0.00854	0.00677	0.00214	0.00641	0.00676	0.00677	0.01104
1	0.01532	0.22823	0.39312	0.01551	0.02335	0.05365	0.01794	0.02052	0.01423	0.01964	0.01121	0.01311	0.00877	0.00601	0.00558	0.00174	0.00850	0.00440	0.00306	0.13613
2	0.01874	0.02598	0.45401	0.01650	0.02447	0.01396	0.01910	0.02592	0.07494	0.23400	0.01768	0.01770	0.01196	0.00719	0.00653	0.00212	0.00826	0.00572	0.00482	0.01043
3	0.01651	0.17487	0.34956	0.01924	0.02709	0.01759	0.19083	0.02215	0.01495	0.08633	0.01324	0.01529	0.00971	0.00625	0.00639	0.00202	0.00933	0.00560	0.00349	0.00958
4	0.00867	0.00674	0.00788	0.00777	0.00956	0.00595	0.00576	0.01100	0.01678	0.02207	0.36410	0.11713	0.36084	0.01583	0.00798	0.00223	0.00333	0.01365	0.00676	0.00595
5	0.00979	0.00740	0.00923	0.01013	0.01122	0.00745	0.00720	0.01408	0.12497	0.01985	0.09188	0.54528	0.04181	0.01837	0.00827	0.00262	0.00419	0.05345	0.00642	0.00639
6	0.01505	0.10947	0.48373	0.02266	0.16905	0.01704	0.02203	0.04712	0.01501	0.02161	0.01202	0.01437	0.00906	0.00629	0.00622	0.00202	0.00913	0.00506	0.00309	0.00998
7	0.00862	0.00620	0.00775	0.00857	0.00925	0.00579	0.00572	0.00990	0.01336	0.01778	0.12872	0.45541	0.11729	0.15777	0.01316	0.00330	0.00423	0.01587	0.00598	0.00533
8	0.02434	0.10661	0.02065	0.01670	0.02039	0.66521	0.01281	0.02611	0.01847	0.01636	0.01027	0.01196	0.00864	0.00680	0.00587	0.00170	0.01160	0.00425	0.00340	0.00786
9	0.00800	0.00653	0.00707	0.00751	0.00925	0.00560	0.00542	0.00955	0.01461	0.01785	0.05928	0.25955	0.53025	0.01812	0.00811	0.00239	0.00354	0.01554	0.00623	0.00560
10	0.01391	0.01193	0.01391	0.00994	0.01590	0.00894	0.00795	0.01690	0.01391	0.02186	0.01193	0.01391	0.00994	0.00497	0.00497	0.00099	0.00497	0.00398	0.00398	0.80521
11	0.01726	0.01610	0.01613	0.01443	0.01778	0.08522	0.01129	0.03268	0.56808	0.02566	0.02368	0.02268	0.01808	0.00919	0.00842	0.00230	0.08787	0.00709	0.00608	0.00999
12	0.49896	0.01206	0.01161	0.00974	0.01410	0.01278	0.00801	0.02393	0.01423	0.26825	0.01591	0.01578	0.01103	0.00703	0.00507	0.00205	0.00525	0.00485	0.05071	0.00863
13	0.01173	0.00715	0.00910	0.00839	0.01028	0.00662	0.00637	0.01484	0.01823	0.08620	0.54885	0.04380	0.05199	0.01232	0.00730	0.00202	0.00338	0.01074	0.13394	0.00675
14	0.01391	0.01193	0.01391	0.00994	0.01590	0.00894	0.00795	0.01690	0.01391	0.02186	0.01193	0.01391	0.00994	0.00497	0.00497	0.00099	0.00497	0.00398	0.00398	0.80521
15	0.00839	0.00613	0.00790	0.00890	0.00971	0.00564	0.00612	0.00999	0.01426	0.01906	0.16714	0.55158	0.12199	0.01922	0.00837	0.00256	0.00370	0.01725	0.00644	0.00564
16	0.00958	0.00736	0.00956	0.00921	0.01053	0.00734	0.00691	0.01215	0.01693	0.02361	0.48855	0.16060	0.11830	0.01502	0.00922	0.00229	0.06704	0.01289	0.00671	0.00621
17	0.00940	0.00701	0.01038	0.01059	0.01168	0.00799	0.00810	0.01163	0.01106	0.01578	0.02052	0.12455	0.02047	0.04640	0.64000	0.00970	0.01609	0.00878	0.00395	0.00592
18	0.01540	0.02758	0.41346	0.02465	0.22199	0.09446	0.02138	0.02115	0.01482	0.02059	0.01236	0.01532	0.00958	0.00881	0.04781	0.00253	0.01007	0.00530	0.00308	0.00966
19	0.00854	0.00599	0.00768	0.00888	0.00918	0.00569	0.00573	0.00944	0.01213	0.01618	0.03333	0.59459	0.03977	0.19254	0.01447	0.00360	0.00450	0.01692	0.00573	0.00513
20	0.02061	0.49885	0.02954	0.01321	0.01851	0.13765	0.01198	0.16001	0.01814	0.02130	0.01088	0.01207	0.00919	0.00640	0.00507	0.00160	0.00800	0.00420	0.00375	0.00905
21	0.04319	0.07982	0.42191	0.01645	0.04157	0.07666	0.01830	0.06161	0.01551	0.02263	0.01339	0.01549	0.01005	0.00668	0.00589	0.00194	0.00849	0.00505	0.12627	0.00909
22	0.10312	0.44936	0.09103	0.01308	0.01866	0.12910	0.01256	0.07946	0.01578	0.02016	0.01031	0.01174	0.00870	0.00622	0.00494	0.00166	0.00796	0.00403	0.00342	0.00870

[dist]
# distance from previous block
# <min> <max>
0	1

[block]
# block no. 2 follows, 32 sequences, length 28
# corresponding to MSA columns:
# 404,410-436
name=unknown_C
#
# <colnr> <probs for GDERKNQSTAVLIFYWHMCP>
#	G	D	E	R	K	N	Q	S	T	A	V	L	I	F	Y	W	H	M	C	P
0	0.01811	0.01740	0.02634	0.03393	0.49323	0.06222	0.08090	0.10075	0.05708	0.02425	0.01381	0.01688	0.01111	0.00643	0.00674	0.00202	0.00832	0.00615	0.00393	0.01039
1	0.01126	0.00894	0.01080	0.00906	0.01230	0.00754	0.00691	0.01450	0.03449	0.02369	0.34730	0.06192	0.07102	0.04059	0.00783	0.00189	0.00408	0.00916	0.00584	0.31088
2	0.01188	0.00982	0.01061	0.01097	0.04855	0.04980	0.00776	0.05813	0.05839	0.02282	0.18749	0.12704	0.24842	0.01382	0.00745	0.00220	0.00460	0.03812	0.07524	0.00690
3	0.01803	0.07699	0.15232	0.10410	0.28827	0.01784	0.01841	0.19682	0.01898	0.02611	0.01310	0.01573	0.01011	0.00665	0.00644	0.00201	0.00821	0.00563	0.00404	0.01021
4	0.01610	0.01561	0.02547	0.03496	0.53630	0.01716	0.01903	0.01942	0.01396	0.02040	0.01161	0.01610	0.01015	0.00750	0.01070	0.00224	0.20436	0.00595	0.00322	0.00976
5	0.01218	0.01306	0.09472	0.14766	0.18538	0.01207	0.01481	0.01590	0.01266	0.01795	0.01502	0.02127	0.01307	0.02757	0.35964	0.00630	0.01318	0.00645	0.00334	0.00776
6	0.00963	0.00700	0.00982	0.00982	0.01068	0.00786	0.00718	0.01136	0.01050	0.01486	0.01885	0.03125	0.01890	0.24905	0.54178	0.00959	0.01478	0.00790	0.00373	0.00545
7	0.00815	0.00592	0.00770	0.00912	0.00967	0.00547	0.00613	0.00937	0.01306	0.01722	0.03971	0.69861	0.10382	0.02067	0.00851	0.00268	0.00385	0.01864	0.00623	0.00547
8	0.00907	0.00663	0.00871	0.00999	0.01106	0.00627	0.00762	0.01102	0.01424	0.01857	0.06277	0.41468	0.13243	0.01941	0.00870	0.00277	0.00457	0.23947	0.00625	0.00575
9	0.02029	0.43056	0.02769	0.01301	0.01840	0.10838	0.01166	0.18685	0.01868	0.02288	0.01134	0.01251	0.00942	0.00638	0.00516	0.00157	0.00762	0.00431	0.00398	0.07932
10	0.01483	0.06790	0.61385	0.01905	0.04711	0.01658	0.02297	0.08119	0.01571	0.02287	0.01229	0.01424	0.00882	0.00648	0.00631	0.00208	0.00951	0.00502	0.00319	0.01001
11	0.01825	0.05066	0.44019	0.01708	0.03931	0.03015	0.01914	0.02537	0.07678	0.19319	0.01678	0.01713	0.01158	0.00707	0.00644	0.00209	0.00840	0.00559	0.00454	0.01027
12	0.01558	0.02861	0.54265	0.01724	0.02551	0.01440	0.02076	0.06480	0.01571	0.09929	0.01607	0.08088	0.01273	0.00798	0.00663	0.00217	0.00877	0.00647	0.00398	0.00978
13	0.00837	0.00599	0.00796	0.00921	0.00978	0.00558	0.00624	0.00983	0.01375	0.01857	0.13774	0.65494	0.04718	0.01994	0.00847	0.00263	0.00379	0.01805	0.00640	0.00558
14	0.01648	0.01629	0.02924	0.03909	0.61076	0.01611	0.13056	0.02074	0.01537	0.02185	0.01278	0.01685	0.01056	0.00593	0.00685	0.00204	0.00851	0.00629	0.00333	0.01037
15	0.02437	0.01486	0.08173	0.04726	0.20268	0.01242	0.01436	0.04567	0.01786	0.43737	0.02079	0.02009	0.01392	0.00746	0.00669	0.00206	0.00683	0.00634	0.00629	0.01094
16	0.01546	0.01477	0.02516	0.24781	0.52470	0.01564	0.02002	0.01958	0.01473	0.02052	0.01242	0.01698	0.01014	0.00619	0.00666	0.00206	0.00826	0.00597	0.00322	0.00970
17	0.01013	0.00750	0.00987	0.01105	0.01276	0.00724	0.00946	0.01289	0.01541	0.01962	0.04318	0.07307	0.19920	0.01817	0.00895	0.00290	0.00552	0.52083	0.00619	0.00606
18	0.01866	0.20707	0.29864	0.01440	0.02115	0.01583	0.01578	0.02305	0.01530	0.21298	0.01752	0.08134	0.01391	0.00804	0.00616	0.00199	0.00756	0.00635	0.00464	0.00961
19	0.02530	0.01659	0.13903	0.01655	0.08544	0.01251	0.02910	0.08728	0.01898	0.46612	0.02154	0.02009	0.01408	0.00768	0.00670	0.00208	0.00691	0.00634	0.00666	0.01104
20	0.01062	0.01233	0.13392	0.01054	0.01384	0.00875	0.00975	0.01578	0.07769	0.02496	0.45754	0.04348	0.12972	0.01244	0.00756	0.00215	0.00455	0.01074	0.00641	0.00724
21	0.02794	0.01302	0.01753	0.01566	0.09468	0.01217	0.01147	0.13190	0.02064	0.54685	0.02340	0.02114	0.01517	0.00801	0.00673	0.00206	0.00621	0.00656	0.00752	0.01133
22	0.02510	0.03084	0.01911	0.01713	0.02075	0.67508	0.01295	0.08521	0.02010	0.01867	0.01087	0.01245	0.00888	0.00701	0.00611	0.00175	0.01169	0.00447	0.00374	0.00809
23	0.01644	0.01568	0.03236	0.02351	0.02934	0.01459	0.51864	0.02139	0.01668	0.09934	0.12122	0.02344	0.01889	0.00716	0.00779	0.00222	0.00947	0.00843	0.00453	0.00890
24	0.46871	0.01139	0.01027	0.00938	0.01277	0.01254	0.00757	0.07592	0.01483	0.02820	0.10539	0.06197	0.09598	0.00997	0.00578	0.00219	0.00494	0.04978	0.00522	0.00718
25	0.01590	0.01567	0.02319	0.03361	0.54086	0.07677	0.01745	0.01924	0.01530	0.02068	0.01794	0.11062	0.04660	0.00842	0.00689	0.00207	0.00762	0.00783	0.00383	0.00951
26	0.02422	0.01428	0.02075	0.02371	0.28863	0.01386	0.01442	0.12940	0.01957	0.35209	0.01958	0.01942	0.01352	0.00737	0.00670	0.00203	0.00683	0.00634	0.00615	0.01111
