[name]
unknown

[dist]
# distance from previous block
# <min> <max>
0	135

[block]
# block no. 0 follows, 27 sequences, length 48
# corresponding to MSA columns:
# 135-182
name=unknown_A
#
# <colnr> <probs for GDERKNQSTAVLIFYWHMCP>
#	G	D	E	R	K	N	Q	S	T	A	V	L	I	F	Y	W	H	M	C	P
0	0.01363	0.00866	0.01180	0.01294	0.01493	0.00854	0.01119	0.01701	0.01722	0.06932	0.03705	0.07389	0.03859	0.01850	0.00954	0.00317	0.00645	0.53302	0.08733	0.00724
1	0.01826	0.01005	0.01237	0.01116	0.01413	0.00939	0.00843	0.08644	0.01898	0.22041	0.06975	0.25452	0.15190	0.06579	0.01047	0.00289	0.00536	0.01358	0.00751	0.00862
2	0.01806	0.01333	0.01486	0.01318	0.01645	0.01478	0.01023	0.18872	0.22860	0.03049	0.02488	0.09831	0.02114	0.01690	0.08212	0.06366	0.00745	0.00887	0.11847	0.00949
3	0.01120	0.00859	0.00983	0.00971	0.01180	0.00807	0.00715	0.07959	0.01870	0.02426	0.16975	0.26720	0.30970	0.01849	0.00885	0.00260	0.00434	0.01600	0.00718	0.00699
4	0.01402	0.01319	0.02227	0.72126	0.05113	0.01649	0.02062	0.01897	0.01484	0.01897	0.01319	0.01979	0.00990	0.00742	0.00742	0.00247	0.00990	0.00660	0.00330	0.00825
5	0.01544	0.01459	0.02361	0.38591	0.13493	0.01593	0.06803	0.02065	0.04261	0.02152	0.01402	0.01900	0.01099	0.00717	0.00777	0.00221	0.03433	0.00643	0.00376	0.15109
6	0.10414	0.01495	0.01767	0.01375	0.01927	0.01483	0.01133	0.21833	0.02417	0.41639	0.02391	0.02192	0.01573	0.00886	0.00708	0.00225	0.00668	0.00688	0.03989	0.01195
7	0.02241	0.20491	0.02408	0.01587	0.02065	0.22764	0.01296	0.08571	0.26131	0.02514	0.01857	0.01862	0.01460	0.00832	0.00659	0.00208	0.00883	0.00606	0.00533	0.01033
8	0.01008	0.00772	0.00935	0.00953	0.01152	0.00699	0.00746	0.01286	0.01842	0.02414	0.30016	0.08896	0.30502	0.01791	0.00908	0.00264	0.00429	0.13985	0.00737	0.00665
9	0.01305	0.19840	0.01796	0.01117	0.01346	0.01396	0.00897	0.01496	0.01246	0.01658	0.01829	0.02957	0.01834	0.21455	0.35824	0.00806	0.01360	0.00764	0.00390	0.00684
10	0.01985	0.74357	0.03890	0.01270	0.01905	0.02937	0.01270	0.02223	0.01508	0.01747	0.01032	0.01191	0.00953	0.00635	0.00476	0.00159	0.00794	0.00397	0.00318	0.00953
11	0.00926	0.00662	0.00880	0.01019	0.01081	0.00617	0.00691	0.01087	0.01520	0.02051	0.13459	0.63612	0.05213	0.02209	0.00937	0.00292	0.00419	0.01999	0.00708	0.00617
12	0.01020	0.00709	0.00855	0.00890	0.00944	0.00682	0.00564	0.01127	0.01384	0.01869	0.15423	0.23154	0.06698	0.38689	0.02376	0.00500	0.00561	0.01420	0.00591	0.00544
13	0.11982	0.01951	0.11964	0.01535	0.02162	0.01705	0.01408	0.22331	0.09718	0.24564	0.02125	0.02026	0.01453	0.00861	0.00705	0.00231	0.00745	0.00662	0.00701	0.01172
14	0.01293	0.00903	0.01131	0.01189	0.01417	0.00878	0.00977	0.01731	0.07749	0.06869	0.04689	0.13925	0.20100	0.01864	0.00937	0.00299	0.00568	0.32027	0.00708	0.00746
15	0.01972	0.01936	0.03571	0.02615	0.03259	0.01934	0.44120	0.18476	0.02147	0.02907	0.01685	0.05635	0.01351	0.00808	0.00910	0.00249	0.04027	0.00879	0.00482	0.01038
16	0.02006	0.18516	0.08366	0.02206	0.07113	0.10025	0.18694	0.04433	0.01711	0.06797	0.01409	0.01729	0.01127	0.00977	0.04092	0.00268	0.08503	0.00639	0.00403	0.00985
17	0.01759	0.01099	0.01045	0.00970	0.01217	0.08610	0.00736	0.02064	0.01749	0.12497	0.09372	0.07727	0.02524	0.01030	0.00636	0.00199	0.00506	0.00841	0.44631	0.00790
18	0.02773	0.03538	0.02104	0.01913	0.02295	0.70930	0.01434	0.02964	0.02104	0.01817	0.01148	0.01339	0.00956	0.00765	0.00669	0.00191	0.01339	0.00478	0.00383	0.00861
19	0.01319	0.00946	0.01140	0.01145	0.01299	0.00962	0.00825	0.13362	0.01806	0.02416	0.06328	0.40919	0.03921	0.13509	0.01367	0.00354	0.00565	0.06438	0.00666	0.00712
20	0.01098	0.00832	0.01056	0.01036	0.01233	0.00820	0.00806	0.01530	0.06392	0.02560	0.37096	0.05572	0.15296	0.02190	0.11019	0.00389	0.00648	0.08997	0.00716	0.00714
21	0.08370	0.02768	0.01724	0.01580	0.01923	0.50593	0.01190	0.02641	0.01922	0.02137	0.01411	0.01634	0.01147	0.00780	0.00621	0.00190	0.01068	0.00518	0.16962	0.00820
22	0.00952	0.00682	0.00910	0.01042	0.01118	0.00639	0.00730	0.01137	0.01562	0.02109	0.15365	0.56584	0.05226	0.02164	0.00941	0.00293	0.00436	0.06774	0.00711	0.00626
23	0.01369	0.01153	0.01342	0.01040	0.01566	0.00897	0.00827	0.01676	0.01618	0.02380	0.07748	0.03179	0.13542	0.00934	0.00657	0.00156	0.00511	0.04016	0.00525	0.54863
24	0.01489	0.03840	0.70064	0.02116	0.03213	0.01724	0.02743	0.02351	0.01567	0.02351	0.01332	0.01567	0.00940	0.00705	0.00705	0.00235	0.01097	0.00549	0.00313	0.01097
25	0.02773	0.03538	0.02104	0.01913	0.02295	0.70930	0.01434	0.02964	0.02104	0.01817	0.01148	0.01339	0.00956	0.00765	0.00669	0.00191	0.01339	0.00478	0.00383	0.00861
26	0.01061	0.00795	0.01193	0.01193	0.01326	0.00928	0.00928	0.01326	0.01193	0.01723	0.01988	0.02916	0.01856	0.05568	0.70968	0.01193	0.01988	0.00795	0.00398	0.00663
27	0.01740	0.01932	0.02915	0.05563	0.06327	0.14437	0.31590	0.02186	0.01855	0.02321	0.13058	0.02897	0.07910	0.00914	0.00824	0.00235	0.01013	0.00917	0.00474	0.00894
28	0.01168	0.00906	0.01351	0.01385	0.01595	0.00876	0.06100	0.01493	0.01695	0.02205	0.06739	0.14792	0.10971	0.01932	0.00984	0.00316	0.00654	0.43480	0.00666	0.00694
29	0.01835	0.05556	0.02922	0.12412	0.54988	0.04972	0.02161	0.02261	0.01675	0.02299	0.01357	0.01798	0.01132	0.00675	0.00719	0.00219	0.00911	0.00639	0.00361	0.01108
30	0.01061	0.00795	0.01193	0.01193	0.01326	0.00928	0.00928	0.01326	0.01193	0.01723	0.01988	0.02916	0.01856	0.05568	0.70968	0.01193	0.01988	0.00795	0.00398	0.00663
31	0.01061	0.00795	0.01193	0.01193	0.01326	0.00928	0.00928	0.01326	0.01193	0.01723	0.01988	0.02916	0.01856	0.05568	0.70968	0.01193	0.01988	0.00795	0.00398	0.00663
32	0.01075	0.00736	0.00895	0.00895	0.00924	0.00766	0.00556	0.01134	0.01105	0.01502	0.02261	0.04428	0.02512	0.58757	0.18677	0.00825	0.01001	0.01017	0.00438	0.00497
33	0.01067	0.00771	0.01069	0.01069	0.01159	0.00861	0.00773	0.01246	0.01156	0.01631	0.02102	0.03545	0.02129	0.27700	0.49210	0.01040	0.01578	0.00887	0.00415	0.00594
34	0.01639	0.01634	0.02325	0.02129	0.06586	0.02239	0.01669	0.01820	0.01175	0.01831	0.01004	0.01639	0.00988	0.01255	0.02319	0.00318	0.67615	0.00650	0.00328	0.00837
35	0.02152	0.06164	0.01711	0.06177	0.01919	0.01342	0.01098	0.15962	0.02084	0.22962	0.02851	0.26976	0.02669	0.01372	0.00797	0.00250	0.00637	0.01176	0.00720	0.00982
36	0.00974	0.00705	0.00929	0.01048	0.01148	0.00661	0.00760	0.01179	0.01606	0.02147	0.15956	0.46780	0.09518	0.02108	0.00942	0.00292	0.00451	0.11450	0.00711	0.00634
37	0.02586	0.01962	0.02095	0.01660	0.02212	0.02192	0.01354	0.51584	0.19095	0.04298	0.02082	0.02021	0.01506	0.00919	0.00746	0.00230	0.00761	0.00710	0.00746	0.01241
38	0.01289	0.00645	0.00967	0.00967	0.00967	0.00645	0.00645	0.00967	0.00967	0.01289	0.01289	0.02257	0.01289	0.02579	0.02901	0.78401	0.00645	0.00645	0.00322	0.00322
39	0.01539	0.01319	0.01539	0.01100	0.01759	0.00990	0.00880	0.01869	0.01539	0.02419	0.01319	0.01539	0.01100	0.00550	0.00550	0.00110	0.00550	0.00440	0.00440	0.78449
40	0.01938	0.01977	0.03760	0.02741	0.03385	0.01998	0.47667	0.14331	0.02012	0.02745	0.01499	0.01922	0.01136	0.00745	0.01014	0.00253	0.08592	0.00814	0.00439	0.01030
41	0.00904	0.00646	0.00861	0.01034	0.01077	0.00603	0.00689	0.01034	0.01421	0.01895	0.04092	0.73426	0.04910	0.02326	0.00948	0.00301	0.00431	0.02110	0.00689	0.00603
42	0.01719	0.01411	0.01718	0.01474	0.01868	0.01484	0.05552	0.14505	0.25069	0.02956	0.04715	0.21045	0.02712	0.01273	0.00794	0.00244	0.00624	0.01117	0.00678	0.09041
43	0.02042	0.10223	0.02806	0.07440	0.02731	0.16011	0.18628	0.10094	0.08777	0.02408	0.01584	0.02006	0.01297	0.05818	0.01031	0.00261	0.04738	0.00699	0.00452	0.00955
44	0.00991	0.00749	0.00914	0.00888	0.01076	0.00673	0.00661	0.01280	0.01938	0.02625	0.46890	0.10590	0.24658	0.01676	0.00881	0.00243	0.00363	0.01459	0.00772	0.00673
45	0.02968	0.01337	0.01721	0.01378	0.01906	0.01256	0.01136	0.08938	0.09061	0.52025	0.02917	0.02939	0.02021	0.01013	0.00769	0.00240	0.00647	0.05652	0.00868	0.01209
46	0.01531	0.02300	0.26943	0.01746	0.02330	0.01667	0.04099	0.02528	0.20107	0.02510	0.08402	0.02721	0.07126	0.01039	0.01009	0.00255	0.11363	0.00808	0.00516	0.01001
47	0.12082	0.52512	0.03227	0.01330	0.01913	0.09806	0.01237	0.06820	0.01678	0.02164	0.01097	0.01250	0.00956	0.00674	0.00513	0.00176	0.00824	0.00425	0.00372	0.00946

[dist]
# distance from previous block
# <min> <max>
8	39

[block]
# block no. 1 follows, 27 sequences, length 6
# corresponding to MSA columns:
# 234-239
name=unknown_B
#
# <colnr> <probs for GDERKNQSTAVLIFYWHMCP>
#	G	D	E	R	K	N	Q	S	T	A	V	L	I	F	Y	W	H	M	C	P
0	0.01156	0.00956	0.01315	0.01347	0.01400	0.01115	0.01037	0.01330	0.01390	0.01920	0.03189	0.42282	0.03697	0.01991	0.01379	0.00315	0.20730	0.12192	0.00586	0.00675
1	0.27479	0.01479	0.01547	0.01294	0.01789	0.01589	0.01048	0.08432	0.20442	0.24148	0.02246	0.02105	0.01575	0.00867	0.00656	0.00235	0.00616	0.00654	0.00709	0.01089
2	0.01625	0.01471	0.02394	0.03504	0.50049	0.01471	0.01765	0.01942	0.01519	0.02148	0.01661	0.02686	0.01604	0.21234	0.01590	0.00361	0.00836	0.00779	0.00391	0.00972
3	0.01038	0.00861	0.01219	0.20933	0.02193	0.00903	0.01045	0.01284	0.01504	0.01922	0.04135	0.37479	0.19159	0.01774	0.00873	0.00274	0.00575	0.01573	0.00588	0.00671
4	0.01663	0.28573	0.46854	0.01819	0.02754	0.02150	0.02226	0.02306	0.01547	0.02139	0.01227	0.01435	0.00945	0.00681	0.00625	0.00208	0.00991	0.00495	0.00315	0.01046
5	0.01649	0.22383	0.47013	0.01843	0.02763	0.02056	0.02226	0.02445	0.06871	0.02251	0.01388	0.01564	0.01050	0.00711	0.00649	0.00216	0.00976	0.00532	0.00350	0.01065

[dist]
# distance from previous block
# <min> <max>
3	7

[block]
# block no. 2 follows, 27 sequences, length 56
# corresponding to MSA columns:
# 263-289,319-347
name=unknown_C
#
# <colnr> <probs for GDERKNQSTAVLIFYWHMCP>
#	G	D	E	R	K	N	Q	S	T	A	V	L	I	F	Y	W	H	M	C	P
0	0.01868	0.01720	0.02246	0.15977	0.20903	0.07134	0.01670	0.12898	0.01900	0.02561	0.01575	0.06893	0.01378	0.00881	0.00865	0.00224	0.06816	0.00721	0.00453	0.11319
1	0.01950	0.01467	0.02089	0.02118	0.13686	0.01741	0.01485	0.04555	0.01593	0.14172	0.05906	0.02175	0.01639	0.01082	0.01513	0.00267	0.33834	0.00718	0.07054	0.00955
2	0.76013	0.01429	0.01117	0.00991	0.01455	0.01642	0.00816	0.02242	0.01299	0.06084	0.01112	0.01261	0.00847	0.00699	0.00471	0.00230	0.00577	0.00416	0.00478	0.00823
3	0.01624	0.01624	0.02274	0.01949	0.01949	0.02274	0.01624	0.01787	0.01137	0.01787	0.00975	0.01624	0.00975	0.01299	0.02436	0.00325	0.72552	0.00650	0.00325	0.00812
4	0.00944	0.00723	0.00866	0.00897	0.01061	0.00645	0.00647	0.01170	0.01752	0.02303	0.27349	0.26068	0.29121	0.01888	0.00897	0.00260	0.00383	0.01650	0.00733	0.00645
5	0.01846	0.01595	0.01679	0.01511	0.01930	0.01846	0.01175	0.03945	0.67938	0.03105	0.03022	0.02770	0.02266	0.01007	0.00755	0.00252	0.00588	0.00839	0.00755	0.01175
6	0.02908	0.01941	0.02142	0.01642	0.02233	0.02096	0.01357	0.56072	0.03258	0.15738	0.01977	0.01909	0.01360	0.00896	0.00743	0.00224	0.00785	0.00682	0.00773	0.01263
7	0.00997	0.00750	0.00922	0.00894	0.01080	0.00675	0.00665	0.01292	0.01953	0.02659	0.49037	0.10312	0.22716	0.01662	0.00881	0.00242	0.00362	0.01449	0.00776	0.00675
8	0.30782	0.01326	0.01494	0.01196	0.01729	0.01299	0.00987	0.03098	0.01813	0.45732	0.02243	0.02049	0.01463	0.00836	0.00643	0.00230	0.00611	0.00622	0.00753	0.01097
9	0.01028	0.00758	0.00961	0.00910	0.01095	0.00691	0.00683	0.01357	0.02048	0.02849	0.60821	0.05756	0.15151	0.01565	0.00876	0.00236	0.00354	0.01372	0.00800	0.00691
10	0.00990	0.00771	0.01175	0.01226	0.01335	0.00723	0.06284	0.01171	0.01463	0.01951	0.03865	0.64336	0.04560	0.02169	0.00945	0.00299	0.00512	0.04922	0.00662	0.00640
11	0.01472	0.01360	0.02294	0.56174	0.16199	0.01613	0.02020	0.01911	0.01491	0.01956	0.01331	0.01970	0.01039	0.00832	0.00863	0.04669	0.00951	0.00659	0.00336	0.00858
12	0.02191	0.02034	0.02595	0.02041	0.02555	0.08803	0.17237	0.22329	0.20193	0.03167	0.01919	0.02047	0.01447	0.00880	0.00915	0.00243	0.06977	0.00745	0.00586	0.01098
13	0.01598	0.01539	0.01714	0.01530	0.01742	0.13587	0.04817	0.06105	0.01521	0.01956	0.01695	0.02521	0.01577	0.10109	0.34119	0.00734	0.11223	0.00743	0.00412	0.00757
14	0.01402	0.01319	0.02227	0.72126	0.05113	0.01649	0.02062	0.01897	0.01484	0.01897	0.01319	0.01979	0.00990	0.00742	0.00742	0.00247	0.00990	0.00660	0.00330	0.00825
15	0.11794	0.01733	0.02300	0.02814	0.30220	0.08249	0.05800	0.07430	0.01804	0.02626	0.01762	0.02652	0.01574	0.01059	0.03257	0.00270	0.00896	0.08994	0.03777	0.00990
16	0.01265	0.00965	0.01564	0.01415	0.01639	0.00905	0.12362	0.01504	0.01531	0.06326	0.03520	0.35913	0.07486	0.11065	0.01290	0.00343	0.00652	0.08931	0.00617	0.00707
17	0.65513	0.01494	0.01430	0.01608	0.13405	0.01683	0.01064	0.02199	0.01339	0.03171	0.01098	0.01317	0.00870	0.00684	0.00508	0.00228	0.00629	0.00448	0.00443	0.00870
18	0.00931	0.00705	0.00868	0.00986	0.01110	0.00641	0.00712	0.01105	0.01541	0.01969	0.05144	0.44789	0.24867	0.02153	0.00935	0.00291	0.00444	0.09500	0.00689	0.00620
19	0.03302	0.01310	0.01751	0.01343	0.01918	0.01160	0.01109	0.07197	0.02202	0.66106	0.02864	0.02485	0.01805	0.00917	0.00746	0.00229	0.00642	0.00742	0.00909	0.01263
20	0.02089	0.01772	0.02327	0.05505	0.21572	0.04825	0.04063	0.26382	0.04722	0.03120	0.01695	0.02032	0.01349	0.01632	0.13133	0.00395	0.01080	0.00694	0.00527	0.01082
21	0.01734	0.01661	0.02390	0.03291	0.41929	0.07057	0.01810	0.02258	0.07238	0.02298	0.01781	0.02487	0.01569	0.01654	0.13141	0.00400	0.01076	0.04770	0.00427	0.01029
22	0.00960	0.00688	0.00918	0.01041	0.01123	0.00645	0.00734	0.01155	0.01591	0.02153	0.17898	0.53448	0.05303	0.02130	0.00939	0.00290	0.00435	0.07203	0.00716	0.00631
23	0.00997	0.00761	0.00938	0.01042	0.01211	0.00701	0.00820	0.01225	0.01629	0.02054	0.05371	0.24527	0.29652	0.02055	0.00948	0.00296	0.00499	0.23945	0.00687	0.00641
24	0.08497	0.02083	0.05017	0.12129	0.17471	0.16234	0.01635	0.02865	0.21635	0.02502	0.01789	0.01968	0.01390	0.00803	0.00704	0.00229	0.00887	0.00650	0.00488	0.01026
25	0.01445	0.01487	0.03018	0.02315	0.02803	0.01396	0.40522	0.01903	0.01684	0.02278	0.06677	0.21554	0.02716	0.01229	0.00905	0.00269	0.00938	0.05498	0.00508	0.00855
26	0.05552	0.01798	0.01791	0.01542	0.02003	0.06831	0.01217	0.15710	0.43860	0.07603	0.02560	0.02396	0.01891	0.00948	0.00733	0.00240	0.00687	0.00756	0.00724	0.01159
27	0.01655	0.01716	0.02787	0.02236	0.02419	0.02177	0.17441	0.01931	0.01287	0.01931	0.01103	0.01716	0.01011	0.01135	0.02056	0.00307	0.55190	0.00705	0.00337	0.00858
28	0.01778	0.02026	0.10034	0.11530	0.08424	0.11154	0.10923	0.02273	0.04736	0.05089	0.05485	0.02127	0.01536	0.01262	0.06690	0.00324	0.12543	0.00715	0.00424	0.00928
29	0.18395	0.01330	0.04306	0.01189	0.01630	0.01243	0.00983	0.05376	0.05989	0.28112	0.02690	0.02914	0.07379	0.10994	0.04015	0.00339	0.00691	0.00785	0.00674	0.00966
30	0.01151	0.00826	0.01114	0.01233	0.01395	0.00812	0.01038	0.01456	0.01702	0.02234	0.11814	0.07667	0.08098	0.08052	0.01232	0.00356	0.00629	0.47847	0.00680	0.00663
31	0.01960	0.05670	0.14942	0.04867	0.09525	0.18967	0.13444	0.07794	0.01945	0.02405	0.06036	0.02205	0.05274	0.00834	0.00745	0.00222	0.01034	0.00718	0.00438	0.00974
32	0.02019	0.19573	0.22675	0.01917	0.08573	0.04904	0.01785	0.07200	0.07410	0.10324	0.01769	0.02108	0.01395	0.00827	0.00682	0.00220	0.00874	0.04186	0.00482	0.01075
33	0.01303	0.01027	0.01114	0.01050	0.01293	0.04805	0.00800	0.01784	0.09017	0.05780	0.36792	0.07889	0.19123	0.01521	0.00854	0.00243	0.00466	0.03621	0.00753	0.00766
34	0.01094	0.00807	0.01108	0.01093	0.01172	0.00917	0.00791	0.01260	0.01150	0.01626	0.02065	0.03544	0.02113	0.29594	0.43936	0.00985	0.04848	0.00889	0.00413	0.00594
35	0.02318	0.21803	0.02833	0.02020	0.09181	0.21030	0.08590	0.04363	0.01846	0.11630	0.01574	0.04744	0.01302	0.00812	0.00720	0.00207	0.02941	0.00638	0.00460	0.00989
36	0.01851	0.00966	0.01177	0.01022	0.01329	0.00922	0.00800	0.05243	0.04827	0.20122	0.26225	0.03649	0.03689	0.01119	0.00725	0.00215	0.00453	0.00943	0.23834	0.00889
37	0.01714	0.16727	0.17519	0.01712	0.06457	0.08267	0.01560	0.02177	0.03971	0.02153	0.01812	0.02001	0.06797	0.00817	0.00777	0.00196	0.06485	0.00600	0.00400	0.17857
38	0.01759	0.01487	0.01598	0.01742	0.11563	0.13413	0.01136	0.04418	0.01606	0.07417	0.01915	0.02690	0.01707	0.13586	0.22705	0.00587	0.01203	0.00745	0.07908	0.00814
39	0.01822	0.01034	0.01222	0.01060	0.01395	0.00994	0.00832	0.06381	0.08353	0.19161	0.19992	0.04109	0.14984	0.01235	0.00763	0.00226	0.00475	0.01034	0.14023	0.00905
40	0.02210	0.01430	0.01652	0.01360	0.01757	0.01538	0.01087	0.31759	0.02404	0.12239	0.02096	0.02491	0.01657	0.08063	0.15954	0.00467	0.00982	0.00743	0.09108	0.01004
41	0.00904	0.00646	0.00861	0.01034	0.01077	0.00603	0.00689	0.01034	0.01421	0.01895	0.04092	0.73426	0.04910	0.02326	0.00948	0.00301	0.00431	0.02110	0.00689	0.00603
42	0.01461	0.01358	0.01852	0.01624	0.01629	0.01819	0.01292	0.01585	0.01124	0.01694	0.01368	0.02516	0.01457	0.20415	0.05304	0.00460	0.51204	0.00767	0.00360	0.00712
43	0.01037	0.00758	0.00973	0.00919	0.01101	0.00695	0.00689	0.01374	0.02068	0.02899	0.63945	0.05674	0.11996	0.01547	0.00876	0.00235	0.00352	0.01361	0.00807	0.00695
44	0.01409	0.01522	0.07690	0.66487	0.04960	0.01655	0.02117	0.01933	0.01491	0.01933	0.01321	0.01946	0.00986	0.00739	0.00739	0.00246	0.00998	0.00651	0.00329	0.00847
45	0.01082	0.01003	0.06531	0.01012	0.01250	0.00782	0.00839	0.01439	0.01958	0.02763	0.55693	0.05222	0.08301	0.07585	0.01107	0.00275	0.00443	0.01264	0.00741	0.00709
46	0.02271	0.02001	0.07442	0.01651	0.02207	0.02048	0.01411	0.33035	0.32636	0.03776	0.02309	0.02214	0.01693	0.00929	0.00745	0.00237	0.00735	0.00736	0.00714	0.01209
47	0.02663	0.03359	0.02114	0.07567	0.02522	0.65350	0.01485	0.02878	0.02054	0.01823	0.01161	0.01390	0.00959	0.00763	0.00675	0.00196	0.01311	0.00493	0.00378	0.00858
48	0.01530	0.01068	0.01522	0.12996	0.07661	0.01134	0.01175	0.05384	0.05306	0.07507	0.02577	0.10556	0.07627	0.02033	0.09224	0.17029	0.00835	0.03557	0.00517	0.00762
49	0.03062	0.01311	0.01711	0.01337	0.01879	0.01201	0.01096	0.07572	0.06931	0.57046	0.06598	0.02667	0.02124	0.00957	0.00754	0.00231	0.00624	0.00782	0.00890	0.01225
50	0.03331	0.01263	0.01723	0.01321	0.01895	0.01091	0.01091	0.03618	0.02125	0.69794	0.02929	0.02527	0.01838	0.00919	0.00747	0.00230	0.00632	0.00747	0.00919	0.01263
51	0.01312	0.01156	0.01842	0.07620	0.13408	0.01257	0.06746	0.01580	0.01376	0.01907	0.02259	0.12462	0.04850	0.14208	0.16845	0.00544	0.08419	0.01010	0.00438	0.00763
52	0.02504	0.02366	0.02025	0.07397	0.02393	0.28600	0.01424	0.20080	0.05216	0.08840	0.01804	0.02287	0.01460	0.00953	0.00811	0.00229	0.04064	0.05986	0.00563	0.01000
53	0.00949	0.00688	0.00906	0.01064	0.01144	0.00645	0.00759	0.01116	0.01489	0.01956	0.04342	0.57786	0.09969	0.02246	0.00954	0.00304	0.00466	0.11913	0.00688	0.00618
54	0.01088	0.00838	0.01276	0.06906	0.01631	0.00986	0.01019	0.01372	0.01217	0.01737	0.01935	0.02841	0.01786	0.05179	0.65312	0.01117	0.01908	0.00784	0.00392	0.00676
55	0.01884	0.01829	0.02865	0.03102	0.29556	0.07142	0.18295	0.08640	0.01855	0.02527	0.01585	0.02109	0.01315	0.05009	0.03833	0.00291	0.01008	0.00734	0.05400	0.01022

[dist]
# distance from previous block
# <min> <max>
0	1

[block]
# block no. 3 follows, 27 sequences, length 26
# corresponding to MSA columns:
# 349-374
name=unknown_D
#
# <colnr> <probs for GDERKNQSTAVLIFYWHMCP>
#	G	D	E	R	K	N	Q	S	T	A	V	L	I	F	Y	W	H	M	C	P
0	0.05827	0.01884	0.18162	0.01986	0.13277	0.01409	0.01592	0.04329	0.10961	0.06243	0.11596	0.10888	0.02651	0.01222	0.02568	0.00269	0.00756	0.02831	0.00566	0.00983
1	0.01138	0.00919	0.01378	0.01872	0.17509	0.00889	0.01060	0.01336	0.01469	0.02000	0.03353	0.52710	0.03898	0.05531	0.01039	0.00303	0.00554	0.01709	0.00600	0.00733
2	0.35592	0.02091	0.01694	0.18437	0.02602	0.24163	0.01312	0.02367	0.01590	0.02493	0.01140	0.01436	0.00898	0.00727	0.00596	0.00221	0.00923	0.00489	0.00403	0.00827
3	0.19892	0.00947	0.01156	0.01129	0.01336	0.01099	0.00883	0.01524	0.01206	0.02102	0.01769	0.02565	0.01629	0.06531	0.51863	0.00946	0.01608	0.00709	0.00414	0.00690
4	0.04397	0.01468	0.02281	0.29130	0.19827	0.01628	0.05408	0.06288	0.07276	0.02405	0.04997	0.02382	0.01602	0.06650	0.00989	0.00276	0.00864	0.00747	0.00443	0.00942
5	0.01045	0.00789	0.00947	0.00940	0.01124	0.00728	0.00690	0.04169	0.01881	0.02510	0.32344	0.22210	0.24305	0.01790	0.00887	0.00254	0.00398	0.01563	0.00746	0.00681
6	0.01711	0.26360	0.02982	0.19124	0.15155	0.02161	0.04619	0.02060	0.01524	0.02002	0.04504	0.01810	0.01310	0.00801	0.00899	0.00222	0.10852	0.00612	0.00358	0.00933
7	0.29953	0.15195	0.22550	0.01602	0.05916	0.01906	0.01575	0.05705	0.01556	0.02748	0.01247	0.01450	0.00967	0.00702	0.00570	0.00215	0.00791	0.00487	0.03904	0.00960
8	0.01001	0.00756	0.00884	0.00922	0.01090	0.00699	0.00664	0.01308	0.05015	0.02271	0.18754	0.29183	0.26682	0.01856	0.00875	0.00260	0.00398	0.01621	0.05097	0.00665
9	0.01626	0.12440	0.27355	0.01566	0.02292	0.01665	0.01680	0.07232	0.01736	0.02485	0.07328	0.02053	0.03750	0.00810	0.00744	0.00198	0.04311	0.00617	0.00435	0.19679
10	0.01622	0.01371	0.02000	0.10575	0.20159	0.01464	0.01482	0.06930	0.03648	0.04458	0.21542	0.02952	0.02915	0.01025	0.00961	0.00233	0.08915	0.00855	0.00551	0.06341
11	0.05914	0.02439	0.28854	0.02451	0.11552	0.01622	0.17624	0.02125	0.01573	0.02334	0.01751	0.12121	0.01586	0.00938	0.00839	0.00250	0.03779	0.00865	0.00399	0.00985
12	0.01227	0.01086	0.01962	0.01660	0.01942	0.01157	0.16759	0.01579	0.01328	0.01881	0.01871	0.02696	0.01680	0.04376	0.54067	0.00966	0.01811	0.00815	0.00392	0.00744
13	0.01231	0.01071	0.01885	0.01584	0.01839	0.01115	0.16664	0.01530	0.01305	0.01825	0.01941	0.03082	0.01848	0.17971	0.40701	0.00872	0.01558	0.00871	0.00403	0.00702
14	0.13745	0.01670	0.05740	0.01531	0.02041	0.01651	0.03407	0.18204	0.02124	0.27114	0.01971	0.02005	0.01379	0.01153	0.04726	0.00292	0.08826	0.00663	0.00663	0.01095
15	0.02108	0.42564	0.03318	0.02192	0.18230	0.16373	0.01546	0.02386	0.01672	0.01924	0.01143	0.01377	0.01007	0.00668	0.00578	0.00180	0.00925	0.00477	0.00343	0.00988
16	0.01890	0.01937	0.02488	0.08483	0.34090	0.13515	0.04079	0.02272	0.01711	0.02276	0.01333	0.01696	0.01103	0.00657	0.00685	0.00192	0.00902	0.00584	0.00385	0.19721
17	0.01501	0.03232	0.53541	0.01871	0.02863	0.01547	0.02294	0.02235	0.01561	0.02367	0.01329	0.01561	0.00979	0.00668	0.00668	0.00205	0.00965	0.00522	0.00344	0.19749
18	0.01929	0.56910	0.04008	0.01718	0.02381	0.02682	0.17019	0.02260	0.01567	0.01899	0.01145	0.01387	0.00995	0.00633	0.00573	0.00181	0.00904	0.00512	0.00332	0.00964
19	0.02973	0.01343	0.01712	0.01367	0.01904	0.01273	0.01111	0.03697	0.17994	0.53713	0.02951	0.02585	0.01941	0.00940	0.00749	0.00235	0.00621	0.00769	0.00879	0.01242
20	0.01233	0.01062	0.01840	0.01538	0.01778	0.01091	0.16608	0.01501	0.01292	0.01791	0.01982	0.03311	0.01947	0.26016	0.32792	0.00816	0.01409	0.00905	0.00409	0.00677
21	0.02007	0.01803	0.02455	0.01926	0.02390	0.07869	0.19872	0.24273	0.02254	0.02936	0.02056	0.10902	0.01907	0.10556	0.01204	0.00306	0.00926	0.02850	0.00559	0.00950
22	0.01330	0.01131	0.01964	0.01792	0.02103	0.01101	0.16963	0.01741	0.01719	0.02259	0.03345	0.06838	0.03514	0.01707	0.00989	0.00320	0.00821	0.48993	0.00609	0.00760
23	0.01628	0.01944	0.12730	0.16764	0.25329	0.01669	0.17661	0.02177	0.01657	0.02338	0.04092	0.02057	0.01357	0.00719	0.00761	0.00233	0.00976	0.00725	0.04174	0.01011
24	0.01664	0.01738	0.02425	0.02121	0.06036	0.11283	0.17047	0.01960	0.01532	0.02040	0.01878	0.16887	0.01895	0.01222	0.01310	0.00270	0.22637	0.00991	0.04228	0.00835
25	0.01366	0.04843	0.02130	0.01645	0.02022	0.03456	0.18266	0.01808	0.04955	0.02203	0.11028	0.08699	0.10887	0.02223	0.17541	0.00465	0.01062	0.01041	0.00518	0.03842

[dist]
# distance from previous block
# <min> <max>
1	98

# created by:
# /home/berkeley/.conda/envs/busco_data_prod/bin/msa2prfl.pl pipeline/OGs_align_augustus/5794/7921.fs
