[name]
unknown

[dist]
# distance from previous block
# <min> <max>
0	4

[block]
# block no. 0 follows, 31 sequences, length 65
# corresponding to MSA columns:
# 6-70
name=unknown_A
#
# <colnr> <probs for GDERKNQSTAVLIFYWHMCP>
#	G	D	E	R	K	N	Q	S	T	A	V	L	I	F	Y	W	H	M	C	P
0	0.02070	0.01747	0.01700	0.01390	0.01869	0.11989	0.01112	0.22190	0.16268	0.07006	0.01855	0.02077	0.01454	0.00808	0.00648	0.00187	0.00703	0.04087	0.00577	0.20262
1	0.01127	0.00648	0.00693	0.00703	0.00861	0.00621	0.00519	0.01404	0.01496	0.02386	0.10805	0.10990	0.12742	0.01141	0.00604	0.00188	0.00331	0.00958	0.51160	0.00621
2	0.00865	0.00619	0.00822	0.00931	0.00999	0.00576	0.00637	0.01031	0.01455	0.01977	0.19375	0.59249	0.04971	0.01971	0.00858	0.00263	0.00380	0.01781	0.00662	0.00576
3	0.00995	0.00663	0.00746	0.00746	0.00746	0.00663	0.00415	0.00995	0.00995	0.01327	0.02156	0.04477	0.02487	0.75957	0.03482	0.00663	0.00663	0.00995	0.00415	0.00415
4	0.01372	0.03539	0.72412	0.01950	0.02961	0.01589	0.02528	0.02167	0.01444	0.02167	0.01228	0.01444	0.00867	0.00650	0.00650	0.00217	0.01011	0.00506	0.00289	0.01011
5	0.01829	0.76368	0.03585	0.01171	0.01756	0.02707	0.01171	0.02049	0.01390	0.01610	0.00951	0.01097	0.00878	0.00585	0.00439	0.00146	0.00732	0.00366	0.00293	0.00878
6	0.01292	0.01216	0.02052	0.74312	0.04712	0.01520	0.01900	0.01748	0.01368	0.01748	0.01216	0.01824	0.00912	0.00684	0.00684	0.00228	0.00912	0.00608	0.00304	0.00760
7	0.00982	0.00674	0.00762	0.00771	0.00804	0.00662	0.00466	0.01018	0.01088	0.01423	0.02737	0.04887	0.09718	0.63892	0.03055	0.00598	0.00628	0.04941	0.00450	0.00444
8	0.01334	0.01395	0.15050	0.01181	0.01568	0.00994	0.01099	0.01924	0.11093	0.09635	0.26665	0.12957	0.09804	0.01256	0.00757	0.00227	0.00526	0.01083	0.00638	0.00813
9	0.00905	0.00697	0.00827	0.00795	0.00984	0.00619	0.00596	0.01169	0.01788	0.02391	0.45981	0.05690	0.32022	0.01530	0.00808	0.00221	0.00332	0.01319	0.00707	0.00619
10	0.01810	0.01738	0.02109	0.40202	0.10697	0.13437	0.01703	0.15822	0.01861	0.02312	0.01285	0.01676	0.00976	0.00708	0.00672	0.00212	0.00922	0.00582	0.00394	0.00882
11	0.06695	0.02030	0.01967	0.01555	0.02067	0.10555	0.01266	0.55606	0.05295	0.03881	0.01576	0.01597	0.01140	0.00801	0.00663	0.00203	0.00791	0.00588	0.00631	0.01094
12	0.00958	0.00743	0.00878	0.00836	0.01034	0.00685	0.00629	0.01326	0.05853	0.02452	0.45800	0.05451	0.27867	0.01482	0.00801	0.00221	0.00344	0.01279	0.00710	0.00649
13	0.01829	0.76368	0.03585	0.01171	0.01756	0.02707	0.01171	0.02049	0.01390	0.01610	0.00951	0.01097	0.00878	0.00585	0.00439	0.00146	0.00732	0.00366	0.00293	0.00878
14	0.02367	0.02565	0.01855	0.01669	0.03765	0.43726	0.01255	0.17069	0.09272	0.02439	0.01448	0.01560	0.01132	0.00757	0.00632	0.00188	0.00985	0.00531	0.05886	0.00900
15	0.17553	0.01867	0.01847	0.01454	0.01969	0.05408	0.01194	0.53329	0.02763	0.03948	0.01483	0.01521	0.01069	0.00780	0.00631	0.00205	0.00733	0.00561	0.00619	0.01065
16	0.01693	0.01626	0.02777	0.04199	0.71689	0.01626	0.02100	0.02100	0.01558	0.02235	0.01287	0.01693	0.01084	0.00610	0.00677	0.00203	0.00813	0.00610	0.00339	0.01084
17	0.00994	0.00667	0.00765	0.00765	0.00771	0.00673	0.00438	0.01007	0.01000	0.01340	0.02139	0.04383	0.02446	0.72215	0.07168	0.00686	0.00725	0.00981	0.00412	0.00425
18	0.01417	0.10643	0.65698	0.01874	0.02843	0.01698	0.02395	0.02155	0.01439	0.02112	0.01201	0.01411	0.00868	0.00644	0.00629	0.00210	0.00984	0.00492	0.00289	0.00998
19	0.01374	0.01295	0.02139	0.58821	0.14285	0.01561	0.01883	0.01873	0.04204	0.01861	0.01280	0.01824	0.00985	0.00699	0.00732	0.00227	0.03196	0.00615	0.00325	0.00820
20	0.00938	0.00698	0.00873	0.00829	0.01004	0.00633	0.00622	0.01233	0.01866	0.02576	0.59275	0.05386	0.18612	0.01461	0.00807	0.00218	0.00327	0.01276	0.00731	0.00633
21	0.15449	0.01629	0.01734	0.01365	0.01870	0.01767	0.01123	0.41473	0.06163	0.15784	0.01790	0.01748	0.01252	0.00800	0.00637	0.00208	0.00663	0.00597	0.02874	0.01075
22	0.01292	0.01216	0.02052	0.74312	0.04712	0.01520	0.01900	0.01748	0.01368	0.01748	0.01216	0.01824	0.00912	0.00684	0.00684	0.00228	0.00912	0.00608	0.00304	0.00760
23	0.00815	0.00668	0.00719	0.00760	0.00942	0.00572	0.00550	0.00974	0.01495	0.01822	0.06114	0.24408	0.54115	0.01839	0.00825	0.00243	0.00360	0.01573	0.00635	0.00572
24	0.01745	0.01537	0.02291	0.26537	0.29852	0.01697	0.01789	0.15692	0.07480	0.02545	0.01458	0.01797	0.01126	0.00703	0.00682	0.00214	0.00811	0.00624	0.00426	0.00993
25	0.35964	0.01231	0.01341	0.01083	0.01567	0.01230	0.00894	0.02774	0.01622	0.42919	0.01960	0.01813	0.01290	0.00757	0.00576	0.00212	0.00560	0.00554	0.00668	0.00985
26	0.01640	0.01571	0.02680	0.13577	0.62731	0.01611	0.02073	0.02053	0.01532	0.02170	0.01277	0.01711	0.01061	0.00620	0.00678	0.00207	0.00826	0.00609	0.00334	0.01040
27	0.02507	0.01870	0.02001	0.01555	0.02086	0.02078	0.01278	0.62589	0.10187	0.04161	0.01761	0.01737	0.01259	0.00832	0.00686	0.00208	0.00731	0.00632	0.00686	0.01155
28	0.01893	0.01498	0.01619	0.01368	0.01773	0.01674	0.01086	0.26056	0.35878	0.03345	0.13655	0.02657	0.02485	0.00968	0.00710	0.00220	0.00579	0.00795	0.00701	0.01039
29	0.68146	0.01297	0.01100	0.00951	0.01392	0.01449	0.00784	0.02226	0.01293	0.14309	0.01237	0.01309	0.00896	0.00670	0.00466	0.00212	0.00538	0.00422	0.00492	0.00810
30	0.00970	0.00664	0.00804	0.00826	0.00849	0.00677	0.00509	0.01022	0.01053	0.01422	0.02329	0.13925	0.02652	0.55521	0.13317	0.00674	0.00798	0.01086	0.00438	0.00463
31	0.01782	0.68818	0.10720	0.01251	0.01881	0.02591	0.01311	0.02061	0.01396	0.01667	0.00980	0.01133	0.00877	0.00592	0.00461	0.00154	0.00761	0.00380	0.00292	0.00892
32	0.03070	0.01164	0.01588	0.01217	0.01746	0.01006	0.01006	0.03334	0.01958	0.72163	0.02699	0.02329	0.01694	0.00847	0.00688	0.00212	0.00582	0.00688	0.00847	0.01164
33	0.01584	0.37280	0.40525	0.01589	0.02403	0.02107	0.01899	0.02112	0.01419	0.01909	0.01100	0.01284	0.00872	0.00620	0.00552	0.00184	0.00882	0.00441	0.00291	0.00949
34	0.00834	0.00626	0.00775	0.00882	0.00977	0.00566	0.00606	0.00978	0.01407	0.01826	0.08212	0.54221	0.21608	0.01999	0.00853	0.00263	0.00380	0.01780	0.00641	0.00566
35	0.01128	0.00956	0.01340	0.01163	0.01438	0.00898	0.10052	0.08269	0.01723	0.02227	0.12094	0.21179	0.31773	0.01537	0.00810	0.00237	0.00508	0.01363	0.00614	0.00688
36	0.00843	0.00602	0.00805	0.00964	0.01008	0.00564	0.00652	0.00969	0.01319	0.01757	0.03765	0.73056	0.04504	0.02134	0.00876	0.00279	0.00405	0.04303	0.00635	0.00558
37	0.01829	0.76368	0.03585	0.01171	0.01756	0.02707	0.01171	0.02049	0.01390	0.01610	0.00951	0.01097	0.00878	0.00585	0.00439	0.00146	0.00732	0.00366	0.00293	0.00878
38	0.00911	0.00697	0.00834	0.00803	0.00984	0.00627	0.00599	0.01168	0.01750	0.02346	0.43989	0.05568	0.30012	0.03639	0.02839	0.00257	0.00382	0.01293	0.00690	0.00613
39	0.02339	0.02900	0.01971	0.01769	0.02050	0.58679	0.01358	0.02510	0.01757	0.01669	0.01025	0.01287	0.00885	0.00806	0.00950	0.00201	0.16246	0.00473	0.00342	0.00784
40	0.02455	0.02114	0.02013	0.01717	0.05411	0.15703	0.01320	0.46569	0.09862	0.03556	0.01632	0.01661	0.01201	0.00800	0.00672	0.00202	0.00826	0.00598	0.00605	0.01080
41	0.01665	0.45030	0.22832	0.01596	0.02288	0.02266	0.08780	0.02080	0.01415	0.01829	0.01072	0.01290	0.00893	0.00627	0.00611	0.00181	0.03872	0.00461	0.00298	0.00915
42	0.00830	0.00609	0.00779	0.00916	0.00983	0.00559	0.00619	0.00957	0.01346	0.01761	0.04222	0.65659	0.14084	0.02085	0.00864	0.00271	0.00390	0.01873	0.00635	0.00559
43	0.00952	0.00645	0.00759	0.00800	0.00811	0.00635	0.00472	0.00984	0.01078	0.01437	0.02580	0.23144	0.03023	0.56559	0.02797	0.00562	0.00593	0.01245	0.00472	0.00452
44	0.01479	0.01341	0.01888	0.01672	0.12059	0.01101	0.08069	0.01826	0.01459	0.02226	0.01244	0.01503	0.01026	0.00529	0.00563	0.00130	0.00618	0.00477	0.00389	0.60402
45	0.00962	0.00694	0.00909	0.00865	0.01021	0.00641	0.00645	0.01275	0.01907	0.02696	0.68098	0.08476	0.06363	0.01434	0.00810	0.00218	0.00326	0.01271	0.00747	0.00641
46	0.03841	0.01886	0.12451	0.17844	0.12349	0.08498	0.08672	0.03931	0.07666	0.09569	0.01562	0.01837	0.01170	0.00941	0.04605	0.00263	0.00938	0.00621	0.00423	0.00934
47	0.01555	0.03130	0.51877	0.01794	0.02604	0.11445	0.02108	0.05469	0.01651	0.02263	0.08383	0.01799	0.01454	0.00743	0.00663	0.00210	0.00959	0.00577	0.00365	0.00951
48	0.01734	0.01725	0.02807	0.03993	0.63994	0.05413	0.06018	0.02138	0.01581	0.02203	0.01280	0.01678	0.01070	0.00613	0.00682	0.00203	0.00855	0.00612	0.00340	0.01059
49	0.01786	0.02128	0.18608	0.02530	0.13008	0.01668	0.28876	0.09198	0.05394	0.07675	0.01534	0.01786	0.01124	0.00662	0.00726	0.00220	0.00956	0.00681	0.00423	0.01017
50	0.10191	0.01298	0.01470	0.11227	0.01989	0.05500	0.01097	0.13122	0.05527	0.12838	0.13046	0.08301	0.02562	0.01084	0.00714	0.00228	0.00637	0.07701	0.00611	0.00856
51	0.00834	0.00625	0.00774	0.00883	0.00977	0.00565	0.00607	0.00976	0.01402	0.01820	0.07790	0.54930	0.21322	0.02005	0.00854	0.00263	0.00381	0.01786	0.00641	0.00565
52	0.01255	0.01107	0.01534	0.01401	0.01503	0.01426	0.01129	0.01638	0.08269	0.01743	0.01567	0.02209	0.01433	0.03162	0.38043	0.00698	0.30110	0.00685	0.00374	0.00713
53	0.00819	0.00679	0.00717	0.00738	0.00938	0.00577	0.00542	0.00990	0.01538	0.01870	0.09096	0.16593	0.58990	0.01779	0.00818	0.00237	0.00353	0.01509	0.00640	0.00577
54	0.33995	0.01036	0.01069	0.00979	0.01304	0.01072	0.00761	0.02016	0.01420	0.19919	0.02264	0.22616	0.02113	0.01126	0.00620	0.00227	0.00492	0.00912	0.05270	0.00788
55	0.00832	0.00637	0.00765	0.00865	0.00979	0.00571	0.00606	0.00977	0.01411	0.01793	0.04948	0.47766	0.29510	0.01982	0.00851	0.00261	0.00385	0.03659	0.00635	0.00566
56	0.02032	0.01593	0.02028	0.01633	0.02115	0.01727	0.11075	0.18085	0.38278	0.10272	0.02316	0.02223	0.01687	0.00845	0.00709	0.00224	0.00682	0.00734	0.00658	0.01086
57	0.02354	0.21284	0.02353	0.01578	0.02016	0.43905	0.01274	0.11507	0.04070	0.02047	0.01162	0.01295	0.00955	0.00697	0.00584	0.00174	0.01023	0.00456	0.00392	0.00873
58	0.02164	0.06629	0.02684	0.02171	0.08391	0.22204	0.19558	0.20052	0.04918	0.02598	0.01382	0.01590	0.01064	0.00695	0.00684	0.00201	0.00992	0.00609	0.00447	0.00967
59	0.00859	0.00641	0.00786	0.00861	0.00965	0.00582	0.00595	0.01018	0.01455	0.01910	0.15559	0.42530	0.21287	0.06424	0.01006	0.00279	0.00389	0.01647	0.00641	0.00567
60	0.03908	0.01058	0.01296	0.01196	0.01412	0.01134	0.02783	0.17888	0.01820	0.02569	0.05962	0.32969	0.03010	0.01474	0.00865	0.00245	0.05590	0.05253	0.08817	0.00751
61	0.14539	0.01475	0.01661	0.01316	0.01797	0.07372	0.07042	0.08669	0.05362	0.12239	0.06027	0.05374	0.01636	0.00784	0.00618	0.00185	0.00649	0.00643	0.00535	0.22078
62	0.08984	0.01680	0.01812	0.01635	0.07787	0.10682	0.05145	0.20660	0.05549	0.05613	0.02077	0.02186	0.08444	0.01088	0.05082	0.00251	0.00803	0.00664	0.00522	0.09335
63	0.23639	0.13483	0.01855	0.01351	0.05805	0.07757	0.01044	0.09721	0.06914	0.02599	0.01261	0.01396	0.01009	0.00645	0.00527	0.00173	0.00659	0.00457	0.00438	0.19268
64	0.02162	0.20671	0.02370	0.13495	0.02422	0.16392	0.01354	0.23461	0.02102	0.05389	0.01376	0.01641	0.01088	0.00745	0.00616	0.00192	0.00860	0.02264	0.00462	0.00937

[dist]
# distance from previous block
# <min> <max>
8	36

[block]
# block no. 1 follows, 31 sequences, length 61
# corresponding to MSA columns:
# 107-167
name=unknown_B
#
# <colnr> <probs for GDERKNQSTAVLIFYWHMCP>
#	G	D	E	R	K	N	Q	S	T	A	V	L	I	F	Y	W	H	M	C	P
0	0.03907	0.01516	0.01901	0.01637	0.06497	0.01577	0.07129	0.25614	0.14905	0.10395	0.02446	0.04600	0.08157	0.00912	0.00698	0.00212	0.00665	0.00770	0.00622	0.05842
1	0.01223	0.00795	0.01080	0.01071	0.01231	0.00770	0.02834	0.05763	0.01550	0.08746	0.09326	0.47449	0.03806	0.01997	0.06172	0.00317	0.00558	0.01509	0.03123	0.00679
2	0.00915	0.00653	0.00879	0.01023	0.01098	0.00624	0.00752	0.01091	0.01397	0.01856	0.06630	0.52418	0.04392	0.04293	0.00969	0.00297	0.00463	0.19042	0.00632	0.00575
3	0.14169	0.18853	0.11913	0.09057	0.07521	0.15448	0.05674	0.06162	0.01599	0.02181	0.01128	0.01368	0.00901	0.00650	0.00578	0.00193	0.00885	0.00484	0.00355	0.00882
4	0.08812	0.22701	0.12500	0.01884	0.02497	0.16570	0.21635	0.02244	0.01557	0.02001	0.01140	0.01397	0.00913	0.00620	0.00612	0.00193	0.00980	0.00532	0.00332	0.00880
5	0.00951	0.00722	0.01013	0.01013	0.01145	0.00799	0.00774	0.01169	0.01167	0.01614	0.02672	0.03423	0.12961	0.08894	0.57358	0.00933	0.01523	0.00863	0.00413	0.00594
6	0.01639	0.45995	0.32289	0.01496	0.02259	0.02241	0.01737	0.02098	0.01413	0.01842	0.01066	0.01242	0.00873	0.00612	0.00527	0.00176	0.00848	0.00424	0.00291	0.00933
7	0.00977	0.00733	0.01100	0.01100	0.01222	0.00855	0.00855	0.01222	0.01100	0.01588	0.01833	0.02688	0.01710	0.05131	0.73245	0.01100	0.01833	0.00733	0.00367	0.00611
8	0.01500	0.00814	0.01035	0.00912	0.01178	0.00726	0.00707	0.01783	0.01851	0.20381	0.39183	0.04479	0.15390	0.01274	0.00757	0.00213	0.00393	0.01093	0.05564	0.00767
9	0.01102	0.00787	0.01102	0.01260	0.01417	0.00787	0.01102	0.01417	0.01575	0.02047	0.03622	0.07717	0.03937	0.01890	0.00945	0.00315	0.00630	0.67084	0.00630	0.00630
10	0.01310	0.01022	0.01366	0.01249	0.01415	0.01215	0.00987	0.12226	0.01426	0.02018	0.01695	0.02467	0.01560	0.08215	0.47725	0.00821	0.11454	0.00712	0.00411	0.00706
11	0.80789	0.01323	0.01006	0.00900	0.01323	0.01535	0.00741	0.02011	0.01164	0.03070	0.00953	0.01111	0.00741	0.00635	0.00423	0.00212	0.00529	0.00370	0.00423	0.00741
12	0.01574	0.01504	0.02562	0.24962	0.51855	0.01594	0.02041	0.01995	0.01502	0.02091	0.01266	0.01732	0.01033	0.00632	0.00679	0.00211	0.00842	0.00609	0.00328	0.00988
13	0.00852	0.00695	0.00754	0.00739	0.00951	0.00596	0.00554	0.01066	0.01662	0.02093	0.24516	0.06182	0.53674	0.01641	0.00808	0.00227	0.00340	0.01387	0.00667	0.00596
14	0.00992	0.00675	0.00804	0.00804	0.00824	0.00695	0.00486	0.01032	0.01012	0.01369	0.02103	0.04186	0.02361	0.64426	0.14840	0.00734	0.00854	0.00952	0.00407	0.00446
15	0.01519	0.01448	0.02462	0.34626	0.42623	0.01580	0.02013	0.01947	0.01475	0.02024	0.01256	0.01750	0.01009	0.00642	0.00680	0.00214	0.00856	0.00609	0.00324	0.00943
16	0.01025	0.00742	0.00883	0.00879	0.00984	0.00734	0.00604	0.01316	0.06927	0.01982	0.23331	0.11088	0.07750	0.32570	0.01928	0.00416	0.00509	0.05179	0.00583	0.00572
17	0.01372	0.03539	0.72412	0.01950	0.02961	0.01589	0.02528	0.02167	0.01444	0.02167	0.01228	0.01444	0.00867	0.00650	0.00650	0.00217	0.01011	0.00506	0.00289	0.01011
18	0.01578	0.10827	0.55947	0.01846	0.02725	0.11399	0.02228	0.02231	0.01506	0.02044	0.01177	0.01381	0.00870	0.00651	0.00624	0.00204	0.01013	0.00483	0.00298	0.00968
19	0.01338	0.01127	0.01687	0.02028	0.22316	0.01122	0.05281	0.03826	0.07704	0.02377	0.15641	0.14705	0.07454	0.01133	0.00731	0.00219	0.00565	0.01028	0.08889	0.00828
20	0.02440	0.01905	0.02376	0.01787	0.02358	0.02058	0.12355	0.58465	0.02956	0.03966	0.01600	0.01676	0.01143	0.00781	0.00704	0.00209	0.00818	0.00647	0.00629	0.01124
21	0.13187	0.01836	0.01911	0.01483	0.02013	0.02042	0.01225	0.60282	0.02939	0.04143	0.01549	0.01571	0.01106	0.00796	0.00649	0.00206	0.00723	0.00583	0.00649	0.01106
22	0.01410	0.15023	0.51552	0.01730	0.02556	0.01662	0.02114	0.02046	0.01453	0.02060	0.01507	0.02237	0.01284	0.00807	0.00656	0.00219	0.00914	0.09497	0.00336	0.00938
23	0.01601	0.01387	0.01970	0.48965	0.03755	0.01661	0.01656	0.14610	0.12938	0.02405	0.01550	0.01909	0.01150	0.00749	0.00686	0.00224	0.00822	0.00636	0.00438	0.00887
24	0.01292	0.01216	0.02052	0.74312	0.04712	0.01520	0.01900	0.01748	0.01368	0.01748	0.01216	0.01824	0.00912	0.00684	0.00684	0.00228	0.00912	0.00608	0.00304	0.00760
25	0.01770	0.01466	0.01545	0.01361	0.01753	0.01674	0.01067	0.11872	0.56684	0.03002	0.02745	0.02563	0.04131	0.00934	0.00689	0.00225	0.00553	0.00768	0.04143	0.01058
26	0.00858	0.00639	0.00799	0.00877	0.00984	0.00580	0.00613	0.01034	0.01502	0.01989	0.19412	0.45252	0.19178	0.01891	0.00845	0.00254	0.00370	0.01682	0.00661	0.00580
27	0.00978	0.00729	0.01078	0.01078	0.01193	0.00843	0.00828	0.01208	0.01093	0.01572	0.01852	0.02797	0.01758	0.09440	0.69001	0.01073	0.01761	0.00749	0.00369	0.00599
28	0.02813	0.01127	0.01516	0.01202	0.01681	0.00996	0.00976	0.03137	0.04890	0.62932	0.02797	0.08789	0.01960	0.00965	0.00705	0.00218	0.00564	0.00803	0.00822	0.01107
29	0.02601	0.01916	0.02053	0.01574	0.02122	0.02122	0.01300	0.69408	0.03217	0.04312	0.01643	0.01643	0.01163	0.00821	0.00684	0.00205	0.00753	0.00616	0.00684	0.01163
30	0.00993	0.00670	0.00782	0.00782	0.00794	0.00683	0.00459	0.01018	0.01005	0.01353	0.02123	0.04298	0.02409	0.68851	0.10481	0.00707	0.00781	0.00969	0.00410	0.00434
31	0.80789	0.01323	0.01006	0.00900	0.01323	0.01535	0.00741	0.02011	0.01164	0.03070	0.00953	0.01111	0.00741	0.00635	0.00423	0.00212	0.00529	0.00370	0.00423	0.00741
32	0.80789	0.01323	0.01006	0.00900	0.01323	0.01535	0.00741	0.02011	0.01164	0.03070	0.00953	0.01111	0.00741	0.00635	0.00423	0.00212	0.00529	0.00370	0.00423	0.00741
33	0.00834	0.00595	0.00794	0.00953	0.00992	0.00556	0.00635	0.00953	0.01310	0.01746	0.03771	0.75510	0.04525	0.02143	0.00873	0.00278	0.00397	0.01945	0.00635	0.00556
34	0.00893	0.00638	0.00862	0.01021	0.01086	0.00607	0.00739	0.01056	0.01369	0.01813	0.03738	0.60489	0.04395	0.02087	0.00889	0.00286	0.00449	0.16378	0.00634	0.00572
35	0.01066	0.00761	0.01061	0.01218	0.01360	0.00756	0.01039	0.01354	0.01539	0.02007	0.03642	0.16896	0.04017	0.01924	0.00935	0.00310	0.00598	0.58264	0.00631	0.00620
36	0.02785	0.01621	0.01871	0.01434	0.01974	0.01684	0.01185	0.43487	0.02723	0.30929	0.02057	0.01912	0.01371	0.00831	0.00686	0.00208	0.00686	0.00644	0.00748	0.01164
37	0.00829	0.00612	0.00776	0.00907	0.00980	0.00559	0.00615	0.00958	0.01353	0.01764	0.04321	0.63509	0.16171	0.02072	0.00862	0.00270	0.00388	0.01858	0.00635	0.00559
38	0.01853	0.01484	0.01889	0.01573	0.02018	0.01622	0.10297	0.03404	0.52946	0.11054	0.02585	0.02430	0.01899	0.00871	0.00710	0.00229	0.00629	0.00768	0.00667	0.01071
39	0.02876	0.01295	0.01647	0.01282	0.01800	0.01223	0.01053	0.12309	0.08661	0.56367	0.02564	0.02257	0.01659	0.00851	0.00688	0.00213	0.00601	0.00686	0.00810	0.01156
40	0.01801	0.71937	0.07772	0.01218	0.01829	0.02639	0.01253	0.02056	0.01393	0.01643	0.00968	0.01119	0.00877	0.00589	0.00452	0.00151	0.00749	0.00374	0.00292	0.00886
41	0.01864	0.01547	0.02588	0.06511	0.59625	0.01537	0.01944	0.02253	0.01605	0.11684	0.01475	0.01784	0.01160	0.00645	0.00679	0.00205	0.00785	0.00620	0.00406	0.01082
42	0.01742	0.01998	0.03261	0.02458	0.02939	0.13449	0.42992	0.02157	0.01541	0.01985	0.01222	0.01668	0.00981	0.00737	0.01098	0.00237	0.17635	0.00701	0.00337	0.00863
43	0.01050	0.00781	0.00953	0.00929	0.01075	0.00777	0.00666	0.01506	0.10960	0.02369	0.39930	0.16124	0.04912	0.13441	0.01233	0.00300	0.00419	0.01251	0.00672	0.00653
44	0.00893	0.00687	0.00816	0.00804	0.00981	0.00610	0.00595	0.01137	0.01727	0.02295	0.39474	0.12694	0.31609	0.01603	0.00814	0.00228	0.00339	0.01388	0.00695	0.00610
45	0.45520	0.01226	0.01234	0.01032	0.01482	0.01276	0.00845	0.02506	0.01495	0.31265	0.01790	0.04856	0.01296	0.00787	0.00551	0.00215	0.00545	0.00569	0.00606	0.00906
46	0.12520	0.66207	0.03236	0.01134	0.01697	0.02548	0.01112	0.02044	0.01360	0.01807	0.00951	0.01099	0.00859	0.00592	0.00437	0.00155	0.00704	0.00366	0.00310	0.00859
47	0.00856	0.00620	0.00772	0.00884	0.00943	0.00576	0.00584	0.00963	0.01292	0.01692	0.03936	0.54613	0.13249	0.14105	0.01289	0.00334	0.00433	0.01722	0.00599	0.00536
48	0.01771	0.13252	0.41762	0.01722	0.02530	0.01890	0.01964	0.19902	0.04315	0.02677	0.01353	0.01487	0.00989	0.00696	0.00631	0.00204	0.00887	0.00524	0.00408	0.01035
49	0.00826	0.00624	0.00764	0.00876	0.00972	0.00562	0.00601	0.00961	0.01384	0.01777	0.04706	0.55099	0.24332	0.02022	0.00854	0.00264	0.00382	0.01797	0.00635	0.00562
50	0.01829	0.76368	0.03585	0.01171	0.01756	0.02707	0.01171	0.02049	0.01390	0.01610	0.00951	0.01097	0.00878	0.00585	0.00439	0.00146	0.00732	0.00366	0.00293	0.00878
51	0.01172	0.00931	0.01500	0.01480	0.01710	0.00915	0.10323	0.01522	0.01580	0.02067	0.03319	0.06922	0.03545	0.01712	0.00926	0.00304	0.00701	0.58110	0.00592	0.00670
52	0.01401	0.01328	0.02250	0.55184	0.22985	0.01549	0.01954	0.01844	0.01420	0.01881	0.01235	0.01788	0.00959	0.00664	0.00682	0.00221	0.00885	0.00608	0.00313	0.00848
53	0.00826	0.00681	0.00725	0.00740	0.00941	0.00581	0.00545	0.01005	0.01562	0.01914	0.12215	0.15006	0.57386	0.01754	0.00816	0.00235	0.00351	0.01488	0.00646	0.00581
54	0.00977	0.00733	0.01100	0.01100	0.01222	0.00855	0.00855	0.01222	0.01100	0.01588	0.01833	0.02688	0.01710	0.05131	0.73245	0.01100	0.01833	0.00733	0.00367	0.00611
55	0.00898	0.00630	0.00740	0.00827	0.00941	0.00575	0.00576	0.01065	0.01402	0.01907	0.04426	0.43865	0.23256	0.01806	0.00790	0.00245	0.00370	0.01588	0.13516	0.00575
56	0.00861	0.00615	0.00825	0.00984	0.01035	0.00579	0.00682	0.00999	0.01337	0.01777	0.03756	0.68691	0.04466	0.02118	0.00880	0.00282	0.00420	0.08497	0.00635	0.00563
57	0.01430	0.00852	0.01059	0.00974	0.01225	0.00796	0.00740	0.01835	0.08309	0.16991	0.28503	0.16205	0.15512	0.01417	0.00783	0.00229	0.00414	0.01230	0.00728	0.00770
58	0.01608	0.01465	0.02363	0.39631	0.25056	0.01643	0.04818	0.11037	0.01688	0.02265	0.01303	0.01760	0.01005	0.00675	0.00687	0.00217	0.00870	0.00618	0.00368	0.00922
59	0.01672	0.01639	0.02034	0.52802	0.03944	0.13125	0.01726	0.11067	0.01710	0.02083	0.01248	0.01705	0.00941	0.00706	0.00673	0.00217	0.00942	0.00582	0.00363	0.00820
60	0.01566	0.01169	0.01308	0.01101	0.01426	0.01202	0.00872	0.27567	0.02351	0.03160	0.30684	0.04083	0.18223	0.01246	0.00760	0.00215	0.00494	0.01041	0.00701	0.00831

[dist]
# distance from previous block
# <min> <max>
0	13

# created by:
# /home/berkeley/.conda/envs/busco_data_prod/bin/msa2prfl.pl pipeline/OGs_align_augustus/5794/8083.fs
