[name]
unknown

[dist]
# distance from previous block
# <min> <max>
0	246

[block]
# block no. 0 follows, 28 sequences, length 29
# corresponding to MSA columns:
# 246-274
name=unknown_A
#
# <colnr> <probs for GDERKNQSTAVLIFYWHMCP>
#	G	D	E	R	K	N	Q	S	T	A	V	L	I	F	Y	W	H	M	C	P
0	0.01955	0.05444	0.05023	0.02041	0.13637	0.18578	0.01426	0.11228	0.09489	0.02462	0.02100	0.11081	0.01982	0.03217	0.00833	0.00246	0.00860	0.06936	0.00521	0.00940
1	0.01537	0.15130	0.10574	0.01276	0.01759	0.04483	0.01175	0.05304	0.18377	0.02343	0.03804	0.03679	0.25399	0.01167	0.00721	0.00224	0.00644	0.00934	0.00567	0.00903
2	0.02193	0.39742	0.03317	0.01644	0.02268	0.02518	0.10467	0.24626	0.02177	0.02782	0.01327	0.01475	0.01061	0.00707	0.00610	0.00189	0.00847	0.00545	0.00462	0.01044
3	0.00859	0.00736	0.00736	0.00736	0.00982	0.00614	0.00552	0.01043	0.01657	0.01964	0.07364	0.06996	0.69624	0.01841	0.00859	0.00245	0.00368	0.01534	0.00675	0.00614
4	0.01263	0.00631	0.00947	0.00947	0.00947	0.00631	0.00631	0.00947	0.00947	0.01263	0.01263	0.02210	0.01263	0.02525	0.02841	0.78851	0.00631	0.00631	0.00316	0.00316
5	0.00875	0.00737	0.00759	0.00753	0.00992	0.00621	0.00565	0.01075	0.01695	0.02054	0.13299	0.06846	0.63632	0.01807	0.00859	0.00244	0.00366	0.01513	0.00687	0.00621
6	0.01458	0.03760	0.70688	0.02072	0.03146	0.01688	0.02686	0.02302	0.01535	0.02302	0.01304	0.01535	0.00921	0.00691	0.00691	0.00230	0.01074	0.00537	0.00307	0.01074
7	0.01799	0.01727	0.02950	0.04462	0.69919	0.01727	0.02231	0.02231	0.01655	0.02375	0.01367	0.01799	0.01151	0.00648	0.00720	0.00216	0.00864	0.00648	0.00360	0.01151
8	0.01038	0.00779	0.01168	0.01168	0.01298	0.00909	0.00909	0.01298	0.01168	0.01687	0.01947	0.02856	0.01817	0.05452	0.71573	0.01168	0.01947	0.00779	0.00389	0.00649
9	0.01373	0.01292	0.02180	0.72707	0.05006	0.01615	0.02019	0.01857	0.01453	0.01857	0.01292	0.01938	0.00969	0.00727	0.00727	0.00242	0.00969	0.00646	0.00323	0.00807
10	0.01507	0.01292	0.01507	0.01077	0.01723	0.00969	0.00861	0.01830	0.01507	0.02369	0.01292	0.01507	0.01077	0.00538	0.00538	0.00108	0.00538	0.00431	0.00431	0.78898
11	0.07696	0.02528	0.24967	0.02438	0.14257	0.06937	0.12584	0.07310	0.07010	0.05120	0.01527	0.01749	0.01139	0.00718	0.00710	0.00227	0.00966	0.00630	0.00429	0.01057
12	0.01864	0.01438	0.01517	0.01305	0.01683	0.03621	0.01026	0.20257	0.22098	0.05618	0.07360	0.03280	0.12175	0.03698	0.05071	0.00300	0.00688	0.00896	0.05128	0.00979
13	0.00886	0.00633	0.00843	0.01012	0.01054	0.00590	0.00675	0.01012	0.01392	0.01856	0.04006	0.73979	0.04808	0.02277	0.00928	0.00295	0.00422	0.02066	0.00675	0.00590
14	0.02013	0.50741	0.11831	0.01562	0.04914	0.05630	0.01489	0.10383	0.01760	0.02173	0.01159	0.01317	0.00978	0.00668	0.00546	0.00177	0.00844	0.00455	0.00367	0.00993
15	0.01742	0.42443	0.29254	0.01694	0.02496	0.02348	0.06702	0.02236	0.01517	0.01981	0.01156	0.01365	0.00941	0.00647	0.00581	0.00191	0.00923	0.00480	0.00314	0.00990
16	0.01002	0.00747	0.00942	0.00957	0.01132	0.00687	0.00739	0.01288	0.01841	0.02479	0.38423	0.12791	0.19963	0.01729	0.00890	0.00257	0.00412	0.12326	0.00738	0.00658
17	0.01055	0.00815	0.00971	0.00928	0.01135	0.00771	0.00696	0.01512	0.08283	0.02645	0.44897	0.08355	0.22096	0.01560	0.00849	0.00237	0.00375	0.01353	0.00758	0.00708
18	0.79588	0.01406	0.01068	0.00956	0.01406	0.01631	0.00787	0.02137	0.01237	0.03261	0.01012	0.01181	0.00787	0.00675	0.00450	0.00225	0.00562	0.00394	0.00450	0.00787
19	0.02715	0.03464	0.02060	0.01873	0.02247	0.71536	0.01404	0.02903	0.02060	0.01779	0.01124	0.01311	0.00936	0.00749	0.00655	0.00187	0.01311	0.00468	0.00375	0.00843
20	0.01576	0.13074	0.18176	0.01494	0.05273	0.01463	0.01412	0.02013	0.01516	0.02253	0.01256	0.01476	0.01022	0.00592	0.00572	0.00149	0.00716	0.00459	0.00380	0.45129
21	0.01589	0.02757	0.43635	0.01887	0.02680	0.01471	0.09869	0.02201	0.01523	0.08649	0.01650	0.02252	0.01335	0.13902	0.01253	0.00316	0.00983	0.00687	0.00395	0.00965
22	0.08493	0.00805	0.00931	0.00880	0.01094	0.00761	0.00667	0.01375	0.01894	0.02745	0.49747	0.05358	0.19653	0.01484	0.00819	0.00232	0.00369	0.01273	0.00740	0.00680
23	0.01228	0.00990	0.01135	0.01160	0.01379	0.01037	0.00874	0.02042	0.24240	0.02315	0.04233	0.29970	0.15456	0.01730	0.00861	0.00275	0.00494	0.09094	0.00696	0.00794
24	0.01816	0.01856	0.02331	0.28124	0.15977	0.14185	0.06132	0.05267	0.10191	0.02245	0.01713	0.02052	0.03373	0.00783	0.00727	0.00227	0.00951	0.00680	0.00424	0.00946
25	0.01404	0.01277	0.01957	0.53115	0.04071	0.01552	0.01735	0.02135	0.13466	0.02069	0.01849	0.08954	0.01559	0.00921	0.00748	0.00248	0.00846	0.00813	0.00431	0.00848
26	0.00886	0.00633	0.00843	0.01012	0.01054	0.00590	0.00675	0.01012	0.01392	0.01856	0.04006	0.73979	0.04808	0.02277	0.00928	0.00295	0.00422	0.02066	0.00675	0.00590
27	0.01624	0.01888	0.11060	0.23196	0.32222	0.01710	0.13437	0.02151	0.01594	0.02212	0.01356	0.01835	0.01064	0.00669	0.00742	0.00230	0.00981	0.00670	0.00344	0.01016
28	0.01467	0.01089	0.01235	0.01087	0.01354	0.01116	0.00826	0.19381	0.02107	0.02814	0.20096	0.06870	0.18182	0.12496	0.06289	0.00369	0.00645	0.01132	0.00666	0.00779

[dist]
# distance from previous block
# <min> <max>
0	1

[block]
# block no. 1 follows, 28 sequences, length 15
# corresponding to MSA columns:
# 276-290
name=unknown_B
#
# <colnr> <probs for GDERKNQSTAVLIFYWHMCP>
#	G	D	E	R	K	N	Q	S	T	A	V	L	I	F	Y	W	H	M	C	P
0	0.00864	0.00718	0.00755	0.00784	0.00994	0.00610	0.00574	0.01038	0.01611	0.01945	0.06778	0.18675	0.58323	0.01917	0.00871	0.00254	0.00378	0.01627	0.00675	0.00610
1	0.02602	0.01251	0.01642	0.01317	0.01745	0.01230	0.01081	0.06069	0.01934	0.45872	0.03237	0.03023	0.12426	0.01104	0.01001	0.00242	0.11545	0.00841	0.00767	0.01071
2	0.01494	0.01425	0.02531	0.14113	0.28998	0.01441	0.13756	0.01920	0.01670	0.02313	0.12499	0.10277	0.02418	0.00964	0.00791	0.00236	0.00816	0.00946	0.00460	0.00930
3	0.01752	0.09463	0.31277	0.01847	0.02609	0.01843	0.07292	0.12535	0.01801	0.02570	0.01326	0.01570	0.01014	0.00737	0.00822	0.00212	0.07556	0.00561	0.00399	0.12814
4	0.79588	0.01406	0.01068	0.00956	0.01406	0.01631	0.00787	0.02137	0.01237	0.03261	0.01012	0.01181	0.00787	0.00675	0.00450	0.00225	0.00562	0.00394	0.00450	0.00787
5	0.14333	0.03153	0.01910	0.01734	0.02120	0.60971	0.01311	0.02787	0.01936	0.02003	0.01107	0.01291	0.00914	0.00738	0.00624	0.00193	0.01198	0.00457	0.00386	0.00834
6	0.01128	0.00806	0.01122	0.01289	0.01438	0.00799	0.01096	0.01431	0.01631	0.02127	0.03873	0.18140	0.04278	0.02049	0.00992	0.00329	0.00632	0.55512	0.00670	0.00657
7	0.01539	0.01393	0.01928	0.01377	0.02036	0.01100	0.10899	0.01906	0.01539	0.02363	0.01319	0.01576	0.01081	0.00550	0.00587	0.00128	0.00642	0.00495	0.00421	0.67123
8	0.02257	0.02702	0.02128	0.01887	0.02109	0.43326	0.01480	0.02433	0.01675	0.01767	0.01055	0.01425	0.00944	0.00962	0.01360	0.00241	0.30539	0.00537	0.00352	0.00823
9	0.00913	0.00652	0.00874	0.01043	0.01097	0.00614	0.00722	0.01059	0.01418	0.01886	0.03992	0.67785	0.04749	0.02252	0.00935	0.00299	0.00445	0.07995	0.00674	0.00598
10	0.00928	0.00663	0.00892	0.01060	0.01121	0.00627	0.00748	0.01085	0.01433	0.01903	0.03983	0.64300	0.04716	0.02238	0.00939	0.00301	0.00458	0.11331	0.00674	0.00602
11	0.00883	0.00642	0.00833	0.00986	0.01047	0.00593	0.00663	0.01015	0.01417	0.01866	0.04323	0.67672	0.10911	0.02236	0.00921	0.00291	0.00417	0.02016	0.00675	0.00593
12	0.02571	0.01199	0.01454	0.01164	0.01606	0.01151	0.00946	0.14108	0.02138	0.37504	0.02515	0.02422	0.01721	0.00878	0.00660	0.00206	0.00562	0.00701	0.25435	0.01060
13	0.73264	0.01397	0.01104	0.00966	0.01431	0.01577	0.00793	0.02112	0.01259	0.03189	0.01035	0.01207	0.00811	0.00664	0.00457	0.00215	0.00560	0.00397	0.00448	0.07114
14	0.01775	0.01283	0.01590	0.06913	0.02010	0.01037	0.00988	0.02105	0.01594	0.13146	0.01543	0.01696	0.01183	0.00611	0.00584	0.00137	0.00586	0.00496	0.00497	0.60226

[dist]
# distance from previous block
# <min> <max>
0	10

[block]
# block no. 2 follows, 28 sequences, length 27
# corresponding to MSA columns:
# 301-327
name=unknown_C
#
# <colnr> <probs for GDERKNQSTAVLIFYWHMCP>
#	G	D	E	R	K	N	Q	S	T	A	V	L	I	F	Y	W	H	M	C	P
0	0.01696	0.01286	0.01527	0.01100	0.01737	0.00980	0.00884	0.02015	0.01569	0.09703	0.01462	0.01612	0.01155	0.00577	0.00559	0.00120	0.00547	0.00463	0.00481	0.70528
1	0.61326	0.01956	0.17342	0.01217	0.01813	0.01644	0.01231	0.02175	0.01307	0.03037	0.01080	0.01264	0.00818	0.00678	0.00506	0.00226	0.00682	0.00427	0.00416	0.00854
2	0.01542	0.01282	0.01414	0.01286	0.01616	0.01425	0.00992	0.03012	0.45879	0.02998	0.25696	0.03640	0.03803	0.01157	0.00780	0.00240	0.00496	0.00990	0.00760	0.00992
3	0.79588	0.01406	0.01068	0.00956	0.01406	0.01631	0.00787	0.02137	0.01237	0.03261	0.01012	0.01181	0.00787	0.00675	0.00450	0.00225	0.00562	0.00394	0.00450	0.00787
4	0.02141	0.01613	0.02655	0.03721	0.54010	0.01573	0.01959	0.02537	0.01755	0.18281	0.01718	0.01957	0.01303	0.00707	0.00722	0.00218	0.00806	0.00667	0.00486	0.01171
5	0.01806	0.01600	0.01949	0.02176	0.17792	0.01789	0.01403	0.03481	0.52957	0.02885	0.02587	0.02499	0.01969	0.00907	0.00735	0.00239	0.00643	0.00781	0.00651	0.01151
6	0.02336	0.01824	0.01941	0.01586	0.02091	0.02055	0.01278	0.39032	0.32577	0.03892	0.02288	0.02178	0.01676	0.00923	0.00733	0.00231	0.00699	0.00729	0.00733	0.01198
7	0.02763	0.02036	0.02182	0.01672	0.02254	0.02254	0.01382	0.67496	0.03418	0.04581	0.01745	0.01745	0.01236	0.00873	0.00727	0.00218	0.00800	0.00654	0.00727	0.01236
8	0.01363	0.01031	0.01163	0.01044	0.01321	0.01018	0.00803	0.16682	0.02172	0.02878	0.26236	0.12469	0.25910	0.01544	0.00835	0.00239	0.00467	0.01313	0.00729	0.00781
9	0.01484	0.01178	0.01470	0.01370	0.01528	0.01350	0.01047	0.16720	0.01802	0.02469	0.02786	0.40693	0.03100	0.01721	0.01211	0.00282	0.16983	0.01412	0.00606	0.00788
10	0.01684	0.00995	0.01029	0.00910	0.01176	0.01046	0.00712	0.17075	0.01967	0.03147	0.02225	0.02485	0.01717	0.00853	0.00559	0.00181	0.00447	0.00672	0.60312	0.00808
11	0.19282	0.00813	0.00896	0.00999	0.01136	0.00834	0.00701	0.01275	0.01356	0.02184	0.03307	0.56963	0.03868	0.01903	0.00816	0.00279	0.00455	0.01675	0.00622	0.00636
12	0.20833	0.01237	0.01431	0.01150	0.01636	0.01199	0.00943	0.05679	0.01867	0.43095	0.02322	0.02172	0.01547	0.00839	0.00636	0.00217	0.00577	0.00642	0.10920	0.01059
13	0.01860	0.01561	0.02273	0.37877	0.15012	0.03755	0.01836	0.12467	0.01841	0.07534	0.01468	0.01884	0.01103	0.00786	0.00832	0.00236	0.05622	0.00648	0.00438	0.00966
14	0.02118	0.02587	0.35642	0.01977	0.02818	0.01502	0.13303	0.02730	0.01752	0.25571	0.01867	0.01929	0.01252	0.00749	0.00733	0.00231	0.00945	0.00659	0.00520	0.01114
15	0.01544	0.00861	0.01151	0.01169	0.01401	0.00796	0.00938	0.01790	0.01686	0.18013	0.04044	0.25674	0.10858	0.01809	0.00903	0.00288	0.00554	0.25024	0.00725	0.00773
16	0.01101	0.00850	0.01030	0.01121	0.01250	0.00875	0.00786	0.01678	0.17103	0.02133	0.03761	0.57321	0.04203	0.01976	0.00884	0.00284	0.00458	0.01776	0.00690	0.00721
17	0.52486	0.01404	0.01497	0.01218	0.01721	0.01494	0.06222	0.02536	0.01506	0.21513	0.01555	0.01597	0.01089	0.00731	0.00559	0.00227	0.00631	0.00523	0.00566	0.00926
18	0.02566	0.09692	0.03685	0.01440	0.01983	0.10444	0.01206	0.18221	0.03855	0.25352	0.02038	0.05190	0.01517	0.00868	0.00681	0.00203	0.00759	0.00671	0.00653	0.08977
19	0.01981	0.01533	0.02697	0.14680	0.13590	0.01589	0.19237	0.02394	0.01668	0.18089	0.01819	0.03881	0.01409	0.00861	0.00966	0.00247	0.09253	0.02616	0.00493	0.00998
20	0.01589	0.00981	0.01227	0.01132	0.01335	0.01040	0.00830	0.02095	0.16993	0.11742	0.02244	0.03035	0.01967	0.17820	0.15867	0.17123	0.00893	0.00810	0.00540	0.00736
21	0.08822	0.01587	0.02172	0.17391	0.24862	0.03540	0.01620	0.09102	0.01741	0.02565	0.01335	0.01685	0.01065	0.00668	0.00653	0.00196	0.00788	0.00569	0.00417	0.19219
22	0.02217	0.01953	0.02705	0.10819	0.12624	0.09595	0.16948	0.19543	0.04810	0.09063	0.01654	0.01882	0.01218	0.00755	0.00749	0.00225	0.00960	0.00693	0.00519	0.01066
23	0.06319	0.01211	0.01755	0.01368	0.01859	0.01110	0.08097	0.02929	0.01861	0.45513	0.02497	0.02416	0.01687	0.01133	0.05105	0.00278	0.00722	0.00724	0.12347	0.01068
24	0.01836	0.01138	0.01374	0.01191	0.01536	0.01150	0.00932	0.05108	0.20794	0.18794	0.32672	0.03835	0.04159	0.01185	0.00790	0.00232	0.00490	0.01015	0.00804	0.00966
25	0.01492	0.00796	0.01011	0.01002	0.01210	0.00717	0.00732	0.01691	0.01620	0.18017	0.05706	0.38718	0.12649	0.01721	0.00825	0.00257	0.00449	0.01513	0.09116	0.00757
26	0.01818	0.02833	0.47032	0.01776	0.02619	0.01425	0.02091	0.02453	0.01647	0.18177	0.01961	0.09561	0.01545	0.00910	0.00726	0.00236	0.00897	0.00747	0.00485	0.01060

[dist]
# distance from previous block
# <min> <max>
0	1

[block]
# block no. 3 follows, 28 sequences, length 13
# corresponding to MSA columns:
# 329-341
name=unknown_D
#
# <colnr> <probs for GDERKNQSTAVLIFYWHMCP>
#	G	D	E	R	K	N	Q	S	T	A	V	L	I	F	Y	W	H	M	C	P
0	0.01775	0.00859	0.01159	0.01117	0.01354	0.00769	0.00822	0.01960	0.01650	0.27537	0.03580	0.47198	0.03681	0.01761	0.00854	0.00269	0.00495	0.01566	0.00759	0.00833
1	0.02920	0.02630	0.01920	0.01656	0.02101	0.45143	0.01279	0.03142	0.02068	0.27489	0.01777	0.01747	0.01260	0.00805	0.00684	0.00201	0.01052	0.00567	0.00571	0.00990
2	0.03261	0.01237	0.01687	0.01293	0.01856	0.01068	0.01068	0.03543	0.02081	0.70423	0.02868	0.02474	0.01799	0.00900	0.00731	0.00225	0.00619	0.00731	0.00900	0.01237
3	0.02427	0.01824	0.01959	0.01584	0.02101	0.02036	0.01282	0.40909	0.27776	0.06839	0.02248	0.02139	0.01629	0.00916	0.00732	0.00229	0.00708	0.00720	0.00739	0.01204
4	0.01780	0.47325	0.02947	0.01181	0.01812	0.02162	0.01101	0.02047	0.01488	0.01957	0.01116	0.01294	0.00987	0.00591	0.00493	0.00138	0.00688	0.00404	0.00356	0.30134
5	0.01840	0.35003	0.13138	0.02042	0.02766	0.02256	0.26169	0.02302	0.01597	0.04596	0.01293	0.01564	0.01027	0.00638	0.00654	0.00202	0.00980	0.00598	0.00354	0.00982
6	0.01536	0.01393	0.01979	0.46029	0.03839	0.01687	0.01694	0.02608	0.26605	0.02301	0.01916	0.02228	0.01437	0.00824	0.00732	0.00244	0.00822	0.00712	0.00479	0.00936
7	0.40268	0.01364	0.01379	0.01154	0.01641	0.01445	0.00943	0.02901	0.10849	0.28386	0.01976	0.01877	0.01364	0.00802	0.00595	0.00228	0.00585	0.00579	0.00658	0.01006
8	0.01791	0.00925	0.01136	0.00978	0.01329	0.00797	0.00771	0.02041	0.01890	0.27782	0.17308	0.05009	0.32482	0.01422	0.00811	0.00235	0.00457	0.01192	0.00783	0.00861
9	0.02319	0.34033	0.07144	0.01536	0.02140	0.11353	0.01406	0.26742	0.02282	0.02831	0.01318	0.01424	0.01046	0.00736	0.00602	0.00188	0.00873	0.00508	0.00475	0.01044
10	0.01865	0.00928	0.01240	0.01056	0.01374	0.00829	0.00829	0.02185	0.02066	0.28200	0.44566	0.04323	0.04964	0.01266	0.00810	0.00227	0.00446	0.01096	0.00837	0.00892
11	0.01275	0.01048	0.01160	0.01078	0.01359	0.01087	0.00824	0.02216	0.26875	0.02706	0.27846	0.04834	0.22034	0.01394	0.00814	0.00240	0.00437	0.01189	0.00744	0.00840
12	0.02080	0.01271	0.01995	0.45959	0.03826	0.01410	0.01663	0.02488	0.01688	0.27538	0.01882	0.02139	0.01280	0.00792	0.00728	0.00236	0.00838	0.00678	0.00539	0.00968

[dist]
# distance from previous block
# <min> <max>
0	5

[block]
# block no. 4 follows, 28 sequences, length 18
# corresponding to MSA columns:
# 351-368
name=unknown_E
#
# <colnr> <probs for GDERKNQSTAVLIFYWHMCP>
#	G	D	E	R	K	N	Q	S	T	A	V	L	I	F	Y	W	H	M	C	P
0	0.07554	0.25147	0.26911	0.01532	0.02287	0.01893	0.01680	0.02575	0.01638	0.19971	0.01600	0.01640	0.01145	0.00723	0.00614	0.00205	0.00827	0.00531	0.00473	0.01053
1	0.01777	0.01548	0.02125	0.22374	0.18246	0.03818	0.01596	0.08454	0.05899	0.04905	0.01507	0.01822	0.01170	0.00697	0.00675	0.00197	0.00791	0.00599	0.00446	0.21354
2	0.01048	0.00882	0.00965	0.00846	0.01187	0.00715	0.00649	0.01287	0.01664	0.02180	0.13020	0.05380	0.44416	0.01459	0.00775	0.00208	0.00410	0.01220	0.00626	0.21062
3	0.01777	0.01788	0.03300	0.04097	0.52655	0.01756	0.19215	0.02256	0.01671	0.02363	0.01394	0.01841	0.01139	0.00639	0.00756	0.00224	0.00958	0.00703	0.00362	0.01107
4	0.02691	0.02167	0.01959	0.01632	0.02073	0.23363	0.01299	0.17284	0.08308	0.21976	0.01905	0.01890	0.01365	0.00890	0.00865	0.00223	0.07784	0.00632	0.00629	0.01065
5	0.01012	0.00686	0.00806	0.00850	0.00861	0.00675	0.00502	0.01045	0.01144	0.01526	0.02738	0.22831	0.03208	0.55608	0.02976	0.00598	0.00631	0.01321	0.00502	0.00480
6	0.03261	0.01237	0.01687	0.01293	0.01856	0.01068	0.01068	0.03543	0.02081	0.70423	0.02868	0.02474	0.01799	0.00900	0.00731	0.00225	0.00619	0.00731	0.00900	0.01237
7	0.02140	0.01557	0.02547	0.10182	0.45919	0.01544	0.01907	0.02537	0.01747	0.20093	0.01752	0.01989	0.01303	0.00721	0.00723	0.00221	0.00810	0.00669	0.00497	0.01141
8	0.02111	0.02616	0.31587	0.02393	0.17864	0.07373	0.02053	0.02660	0.01748	0.20061	0.01712	0.01821	0.01204	0.00740	0.00705	0.00222	0.00927	0.00607	0.00479	0.01115
9	0.02323	0.01577	0.02263	0.02315	0.19897	0.01569	0.06934	0.19860	0.02266	0.20733	0.06418	0.02533	0.06134	0.00899	0.00754	0.00224	0.00749	0.00787	0.00647	0.01119
10	0.01251	0.01050	0.01267	0.11032	0.01843	0.01123	0.00976	0.02061	0.21835	0.02432	0.16038	0.13343	0.20044	0.01420	0.00813	0.00249	0.00516	0.01225	0.00668	0.00812
11	0.01637	0.20591	0.02106	0.07143	0.01947	0.01639	0.01080	0.08700	0.06002	0.02470	0.11769	0.02570	0.07541	0.00882	0.00640	0.00180	0.00624	0.00703	0.00514	0.21262
12	0.01102	0.00979	0.01743	0.01548	0.01771	0.00916	0.18065	0.01356	0.01476	0.01979	0.03344	0.55175	0.03840	0.01843	0.00910	0.00282	0.00632	0.01751	0.00595	0.00692
13	0.01961	0.01484	0.07336	0.01216	0.01876	0.01055	0.01068	0.02317	0.01659	0.20132	0.01704	0.01762	0.01252	0.00645	0.00601	0.00149	0.00604	0.00518	0.00543	0.52116
14	0.01705	0.01592	0.10125	0.01353	0.04626	0.01093	0.01155	0.02083	0.01571	0.10276	0.01508	0.01725	0.01188	0.02650	0.00674	0.00157	0.00632	0.00505	0.00468	0.54913
15	0.39155	0.01911	0.01494	0.01289	0.01748	0.20129	0.01025	0.02708	0.01677	0.20402	0.01526	0.01553	0.01091	0.00753	0.00578	0.00215	0.00777	0.00502	0.00547	0.00919
16	0.01987	0.01402	0.02271	0.34612	0.22683	0.01504	0.01831	0.02404	0.01675	0.19907	0.01725	0.02038	0.01238	0.00749	0.00726	0.00230	0.00847	0.00669	0.00484	0.01018
17	0.01603	0.01509	0.01954	0.01703	0.01810	0.01990	0.01379	0.02243	0.18731	0.02058	0.01589	0.02148	0.01426	0.07314	0.02066	0.00332	0.48129	0.00720	0.00438	0.00858

[dist]
# distance from previous block
# <min> <max>
0	12

[block]
# block no. 5 follows, 28 sequences, length 17
# corresponding to MSA columns:
# 381-397
name=unknown_F
#
# <colnr> <probs for GDERKNQSTAVLIFYWHMCP>
#	G	D	E	R	K	N	Q	S	T	A	V	L	I	F	Y	W	H	M	C	P
0	0.02417	0.01520	0.02417	0.03123	0.41159	0.01449	0.01740	0.02785	0.01835	0.31128	0.02001	0.02084	0.01425	0.00754	0.00724	0.00220	0.00760	0.00683	0.00588	0.01188
1	0.01874	0.00948	0.01138	0.00972	0.01351	0.00806	0.00770	0.02099	0.01836	0.30891	0.05464	0.05085	0.40965	0.01443	0.00805	0.00237	0.00474	0.01195	0.00770	0.00877
2	0.01936	0.00950	0.01224	0.01037	0.01389	0.00832	0.00819	0.02220	0.01983	0.31240	0.28281	0.04510	0.17930	0.01313	0.00804	0.00231	0.00465	0.01114	0.00816	0.00904
3	0.01874	0.00948	0.01138	0.00972	0.01351	0.00806	0.00770	0.02099	0.01836	0.30891	0.05464	0.05085	0.40965	0.01443	0.00805	0.00237	0.00474	0.01195	0.00770	0.00877
4	0.01889	0.00888	0.01200	0.01131	0.01393	0.00792	0.00841	0.02081	0.01683	0.30829	0.03525	0.43765	0.03537	0.01695	0.00845	0.00266	0.00505	0.01502	0.00770	0.00864
5	0.02500	0.43769	0.02912	0.01265	0.01861	0.02112	0.01170	0.02754	0.01732	0.30745	0.01795	0.01719	0.01299	0.00739	0.00578	0.00185	0.00710	0.00533	0.00560	0.01061
6	0.02220	0.02694	0.41531	0.01743	0.02601	0.01426	0.02002	0.02826	0.01765	0.31086	0.01965	0.01932	0.01292	0.00779	0.00708	0.00228	0.00882	0.00619	0.00557	0.01143
7	0.01972	0.00952	0.01274	0.01075	0.01411	0.00847	0.00847	0.02289	0.02067	0.31440	0.41365	0.04181	0.04721	0.01238	0.00804	0.00227	0.00459	0.01068	0.00842	0.00919
8	0.02476	0.40176	0.06290	0.01307	0.01926	0.02052	0.01242	0.02760	0.01735	0.30775	0.01810	0.01737	0.01298	0.00743	0.00590	0.00189	0.00725	0.00541	0.00560	0.01069
9	0.03032	0.01605	0.01914	0.01468	0.02039	0.01614	0.01212	0.32955	0.02695	0.40142	0.02351	0.02139	0.01540	0.00887	0.00729	0.00222	0.00702	0.00696	0.00820	0.01237
10	0.02054	0.01006	0.01389	0.01320	0.01654	0.00935	0.01128	0.02367	0.01845	0.31013	0.03434	0.05780	0.03176	0.01540	0.00889	0.00288	0.00648	0.37859	0.00767	0.00909
11	0.02422	0.01424	0.01662	0.01401	0.01876	0.01495	0.01116	0.03727	0.40496	0.31513	0.02920	0.02612	0.02042	0.00950	0.00736	0.00237	0.00594	0.00783	0.00807	0.01187
12	0.02318	0.10716	0.25529	0.01576	0.02302	0.01579	0.01652	0.02997	0.09738	0.31105	0.02128	0.02029	0.01448	0.00806	0.00687	0.00221	0.00788	0.00636	0.00609	0.01136
13	0.06165	0.01335	0.01888	0.31473	0.03186	0.01425	0.01470	0.07017	0.03772	0.28632	0.01965	0.02097	0.01339	0.00800	0.00706	0.00227	0.00771	0.00662	0.00596	0.04471
14	0.35513	0.01308	0.01426	0.01151	0.01666	0.01306	0.00950	0.02949	0.01724	0.42044	0.02084	0.01928	0.01372	0.00805	0.00612	0.00225	0.00595	0.00588	0.00710	0.01047
15	0.02369	0.01655	0.03190	0.02316	0.02978	0.01513	0.39302	0.02841	0.01870	0.31102	0.02061	0.02178	0.01397	0.00734	0.00804	0.00237	0.00969	0.00804	0.00592	0.01089
16	0.34621	0.01726	0.02928	0.02173	0.02788	0.01751	0.39183	0.02247	0.01513	0.02723	0.01277	0.01631	0.00970	0.00639	0.00685	0.00237	0.00945	0.00662	0.00402	0.00899

[dist]
# distance from previous block
# <min> <max>
0	7

[block]
# block no. 6 follows, 28 sequences, length 11
# corresponding to MSA columns:
# 410-420
name=unknown_G
#
# <colnr> <probs for GDERKNQSTAVLIFYWHMCP>
#	G	D	E	R	K	N	Q	S	T	A	V	L	I	F	Y	W	H	M	C	P
0	0.03146	0.01422	0.01801	0.01381	0.01948	0.01343	0.01141	0.18341	0.02390	0.55188	0.02608	0.02305	0.01669	0.00893	0.00730	0.00223	0.00660	0.00713	0.00860	0.01237
1	0.00886	0.00633	0.00843	0.01012	0.01054	0.00590	0.00675	0.01012	0.01392	0.01856	0.04006	0.73979	0.04808	0.02277	0.00928	0.00295	0.00422	0.02066	0.00675	0.00590
2	0.01373	0.01292	0.02180	0.72707	0.05006	0.01615	0.02019	0.01857	0.01453	0.01857	0.01292	0.01938	0.00969	0.00727	0.00727	0.00242	0.00969	0.00646	0.00323	0.00807
3	0.01373	0.01292	0.02180	0.72707	0.05006	0.01615	0.02019	0.01857	0.01453	0.01857	0.01292	0.01938	0.00969	0.00727	0.00727	0.00242	0.00969	0.00646	0.00323	0.00807
4	0.00865	0.00713	0.00761	0.00799	0.00998	0.00608	0.00580	0.01036	0.01597	0.01939	0.06600	0.22224	0.54889	0.01940	0.00875	0.00257	0.00380	0.01655	0.00675	0.00608
5	0.01171	0.00837	0.01171	0.01339	0.01506	0.00837	0.01171	0.01506	0.01673	0.02175	0.03849	0.08199	0.04183	0.02008	0.01004	0.00335	0.00669	0.65027	0.00669	0.00669
6	0.01458	0.03760	0.70688	0.02072	0.03146	0.01688	0.02686	0.02302	0.01535	0.02302	0.01304	0.01535	0.00921	0.00691	0.00691	0.00230	0.01074	0.00537	0.00307	0.01074
7	0.01087	0.00963	0.01574	0.01356	0.01624	0.00881	0.14713	0.01379	0.01676	0.02222	0.19150	0.26963	0.20223	0.01640	0.00880	0.00257	0.00561	0.01511	0.00638	0.00700
8	0.01087	0.00839	0.01215	0.01188	0.01291	0.00997	0.00912	0.01308	0.01151	0.01660	0.01903	0.02969	0.01840	0.13102	0.57824	0.01042	0.07847	0.00799	0.00389	0.00637
9	0.02763	0.02036	0.02182	0.01672	0.02254	0.02254	0.01382	0.67496	0.03418	0.04581	0.01745	0.01745	0.01236	0.00873	0.00727	0.00218	0.00800	0.00654	0.00727	0.01236
10	0.02010	0.45947	0.11523	0.01774	0.09136	0.09640	0.01547	0.07107	0.01706	0.02070	0.01149	0.01334	0.00977	0.00665	0.00559	0.00179	0.00879	0.00461	0.00353	0.00986

[dist]
# distance from previous block
# <min> <max>
0	1

[block]
# block no. 7 follows, 28 sequences, length 132
# corresponding to MSA columns:
# 422-553
name=unknown_H
#
# <colnr> <probs for GDERKNQSTAVLIFYWHMCP>
#	G	D	E	R	K	N	Q	S	T	A	V	L	I	F	Y	W	H	M	C	P
0	0.01808	0.01561	0.01644	0.01479	0.01890	0.01808	0.01151	0.03863	0.68606	0.03041	0.02959	0.02712	0.02219	0.00986	0.00740	0.00247	0.00575	0.00822	0.00740	0.01151
1	0.01373	0.01292	0.02180	0.72707	0.05006	0.01615	0.02019	0.01857	0.01453	0.01857	0.01292	0.01938	0.00969	0.00727	0.00727	0.00242	0.00969	0.00646	0.00323	0.00807
2	0.01057	0.00705	0.00793	0.00793	0.00793	0.00705	0.00440	0.01057	0.01057	0.01409	0.02290	0.04757	0.02643	0.74454	0.03700	0.00705	0.00705	0.01057	0.00440	0.00440
3	0.03261	0.01237	0.01687	0.01293	0.01856	0.01068	0.01068	0.03543	0.02081	0.70423	0.02868	0.02474	0.01799	0.00900	0.00731	0.00225	0.00619	0.00731	0.00900	0.01237
4	0.00886	0.00633	0.00843	0.01012	0.01054	0.00590	0.00675	0.01012	0.01392	0.01856	0.04006	0.73979	0.04808	0.02277	0.00928	0.00295	0.00422	0.02066	0.00675	0.00590
5	0.03261	0.01237	0.01687	0.01293	0.01856	0.01068	0.01068	0.03543	0.02081	0.70423	0.02868	0.02474	0.01799	0.00900	0.00731	0.00225	0.00619	0.00731	0.00900	0.01237
6	0.01355	0.00678	0.00678	0.00678	0.00847	0.00678	0.00508	0.01694	0.01524	0.02710	0.02371	0.02710	0.01863	0.00847	0.00508	0.00169	0.00339	0.00678	0.78489	0.00678
7	0.02715	0.03464	0.02060	0.01873	0.02247	0.71536	0.01404	0.02903	0.02060	0.01779	0.01124	0.01311	0.00936	0.00749	0.00655	0.00187	0.01311	0.00468	0.00375	0.00843
8	0.01971	0.01979	0.03775	0.02724	0.03422	0.01940	0.51202	0.18228	0.02131	0.02878	0.01538	0.01908	0.01135	0.00676	0.00826	0.00239	0.01122	0.00808	0.00455	0.01043
9	0.02763	0.02036	0.02182	0.01672	0.02254	0.02254	0.01382	0.67496	0.03418	0.04581	0.01745	0.01745	0.01236	0.00873	0.00727	0.00218	0.00800	0.00654	0.00727	0.01236
10	0.02056	0.02318	0.21556	0.01672	0.02310	0.05776	0.01623	0.10829	0.29422	0.11424	0.02223	0.02149	0.01603	0.00863	0.00718	0.00232	0.00793	0.00688	0.00613	0.01132
11	0.02056	0.01767	0.02741	0.03765	0.53393	0.01804	0.02010	0.15345	0.02026	0.05805	0.01509	0.01818	0.01197	0.00704	0.00722	0.00217	0.00840	0.00653	0.00457	0.01172
12	0.00927	0.00739	0.00831	0.00808	0.01024	0.00643	0.00606	0.01175	0.01818	0.02346	0.32371	0.06366	0.44379	0.01698	0.00858	0.00239	0.00358	0.01446	0.00725	0.00643
13	0.00859	0.00736	0.00736	0.00736	0.00982	0.00614	0.00552	0.01043	0.01657	0.01964	0.07364	0.06996	0.69624	0.01841	0.00859	0.00245	0.00368	0.01534	0.00675	0.00614
14	0.01597	0.24179	0.51489	0.01834	0.02779	0.02029	0.02272	0.02266	0.01518	0.02132	0.01220	0.01429	0.00924	0.00671	0.00626	0.00209	0.00989	0.00495	0.00308	0.01034
15	0.01814	0.01282	0.01539	0.01114	0.01746	0.00986	0.00897	0.02129	0.01607	0.14248	0.01567	0.01676	0.01203	0.00601	0.00572	0.00128	0.00552	0.00483	0.00513	0.65341
16	0.00869	0.00696	0.00778	0.00842	0.01010	0.00605	0.00599	0.01031	0.01555	0.01922	0.06073	0.32741	0.44712	0.02009	0.00886	0.00265	0.00389	0.01739	0.00675	0.00605
17	0.01716	0.01961	0.04289	0.03064	0.03799	0.01838	0.67279	0.02328	0.01716	0.02328	0.01471	0.01961	0.01103	0.00613	0.00858	0.00245	0.01225	0.00858	0.00368	0.00980
18	0.02763	0.02036	0.02182	0.01672	0.02254	0.02254	0.01382	0.67496	0.03418	0.04581	0.01745	0.01745	0.01236	0.00873	0.00727	0.00218	0.00800	0.00654	0.00727	0.01236
19	0.01373	0.01292	0.02180	0.72707	0.05006	0.01615	0.02019	0.01857	0.01453	0.01857	0.01292	0.01938	0.00969	0.00727	0.00727	0.00242	0.00969	0.00646	0.00323	0.00807
20	0.01355	0.00678	0.00678	0.00678	0.00847	0.00678	0.00508	0.01694	0.01524	0.02710	0.02371	0.02710	0.01863	0.00847	0.00508	0.00169	0.00339	0.00678	0.78489	0.00678
21	0.02988	0.01217	0.01628	0.01267	0.01787	0.01077	0.01039	0.06107	0.02137	0.59936	0.10319	0.02775	0.02344	0.00964	0.00745	0.00225	0.00595	0.00793	0.00881	0.01175
22	0.00960	0.00801	0.00958	0.08878	0.01461	0.00745	0.00751	0.01218	0.01735	0.02192	0.22413	0.06030	0.46018	0.01626	0.00844	0.00241	0.00429	0.01379	0.00667	0.00654
23	0.00885	0.00712	0.00789	0.00824	0.01011	0.00616	0.00597	0.01073	0.01637	0.02044	0.13539	0.23162	0.46749	0.01907	0.00876	0.00256	0.00378	0.01639	0.00689	0.00616
24	0.01388	0.01292	0.02105	0.64648	0.04637	0.01542	0.01889	0.01854	0.01460	0.01915	0.01292	0.01890	0.00981	0.00706	0.00706	0.00227	0.00921	0.00622	0.00335	0.09593
25	0.01058	0.00765	0.01066	0.01085	0.01183	0.00845	0.00810	0.01256	0.01195	0.01666	0.02255	0.03976	0.02309	0.23912	0.45095	0.00948	0.01464	0.08083	0.00435	0.00594
26	0.07058	0.01605	0.04504	0.12819	0.02338	0.01717	0.01280	0.24086	0.17171	0.03065	0.01975	0.02474	0.01618	0.13699	0.01229	0.00314	0.00755	0.00739	0.00580	0.00973
27	0.01711	0.01632	0.02755	0.16518	0.55574	0.01677	0.02138	0.02148	0.01613	0.02282	0.01351	0.01812	0.01116	0.00657	0.00714	0.00216	0.00869	0.00639	0.00356	0.04222
28	0.00896	0.00640	0.00855	0.01024	0.01070	0.00599	0.00692	0.01030	0.01402	0.01867	0.04001	0.71638	0.04785	0.02268	0.00931	0.00297	0.00431	0.04307	0.00675	0.00593
29	0.02020	0.16840	0.02812	0.02420	0.20196	0.02101	0.08137	0.15996	0.16931	0.02835	0.01737	0.01878	0.01357	0.00761	0.00687	0.00214	0.00805	0.00656	0.00511	0.01106
30	0.02066	0.63589	0.03532	0.01343	0.01926	0.13741	0.01269	0.02292	0.01569	0.01721	0.01028	0.01189	0.00933	0.00642	0.00496	0.00161	0.00862	0.00401	0.00321	0.00919
31	0.02030	0.19586	0.31471	0.01628	0.02404	0.01838	0.01804	0.06491	0.04062	0.16799	0.04033	0.01837	0.01381	0.00768	0.00656	0.00211	0.00849	0.00587	0.00491	0.01075
32	0.01612	0.01996	0.11160	0.02619	0.03236	0.01765	0.44463	0.02163	0.01613	0.02234	0.01638	0.02529	0.01391	0.00856	0.01053	0.00262	0.10466	0.07624	0.00387	0.00934
33	0.00950	0.00728	0.00879	0.00935	0.01104	0.00658	0.00707	0.01176	0.01676	0.02165	0.18654	0.23210	0.30668	0.01902	0.00898	0.00268	0.00424	0.11666	0.00700	0.00632
34	0.01122	0.00911	0.01367	0.11074	0.11862	0.00920	0.01089	0.01394	0.01602	0.02192	0.19238	0.36870	0.04250	0.01634	0.00853	0.00260	0.00541	0.01482	0.00611	0.00726
35	0.10496	0.01725	0.05117	0.14530	0.36726	0.01732	0.09327	0.04633	0.04341	0.02492	0.01403	0.01795	0.01114	0.00683	0.00706	0.00226	0.00881	0.00646	0.00392	0.01036
36	0.01585	0.01286	0.02125	0.64673	0.04652	0.01553	0.01912	0.02047	0.01524	0.09571	0.01469	0.01998	0.01062	0.00746	0.00727	0.00240	0.00930	0.00656	0.00388	0.00856
37	0.00891	0.00658	0.00836	0.00976	0.01058	0.00603	0.00671	0.01035	0.01448	0.01886	0.04587	0.59946	0.16100	0.02192	0.00919	0.00288	0.00421	0.04214	0.00675	0.00597
38	0.01094	0.00863	0.01210	0.18415	0.01993	0.00905	0.00971	0.01380	0.01635	0.02203	0.28351	0.10775	0.09844	0.13834	0.01320	0.00323	0.00576	0.03052	0.00597	0.00659
39	0.01711	0.16223	0.21026	0.02678	0.21987	0.01992	0.10246	0.02310	0.05438	0.02215	0.01357	0.01666	0.01090	0.00716	0.00806	0.00221	0.06313	0.00605	0.00356	0.01041
40	0.00901	0.00738	0.00794	0.00780	0.01007	0.00631	0.00585	0.01123	0.01755	0.02196	0.22532	0.06614	0.54311	0.01754	0.00859	0.00241	0.00362	0.01481	0.00706	0.00631
41	0.01271	0.00688	0.00688	0.00688	0.00870	0.00667	0.00516	0.01583	0.01547	0.02583	0.03221	0.03439	0.13394	0.01016	0.00568	0.00182	0.00344	0.00823	0.65247	0.00667
42	0.04239	0.14425	0.11932	0.02521	0.22996	0.03980	0.07340	0.04532	0.01738	0.14411	0.01658	0.04222	0.01305	0.00758	0.00684	0.00214	0.00853	0.00657	0.00467	0.01068
43	0.01252	0.01092	0.04264	0.01903	0.14901	0.01015	0.01325	0.01581	0.01560	0.02106	0.03055	0.14772	0.03273	0.04630	0.07298	0.00389	0.00806	0.33455	0.00562	0.00760
44	0.01458	0.03760	0.70688	0.02072	0.03146	0.01688	0.02686	0.02302	0.01535	0.02302	0.01304	0.01535	0.00921	0.00691	0.00691	0.00230	0.01074	0.00537	0.00307	0.01074
45	0.02604	0.08001	0.02297	0.02025	0.07649	0.52231	0.03773	0.02837	0.01977	0.08174	0.01309	0.01470	0.01039	0.00741	0.00662	0.00193	0.01171	0.00515	0.00417	0.00915
46	0.00931	0.00724	0.00848	0.00864	0.01046	0.00641	0.00638	0.01163	0.01746	0.02273	0.27697	0.18260	0.34957	0.01803	0.00875	0.00251	0.00379	0.03549	0.00717	0.00636
47	0.01927	0.01906	0.04972	0.02461	0.16286	0.05868	0.16795	0.12787	0.11438	0.02769	0.01647	0.01870	0.01272	0.00712	0.00720	0.00208	0.00875	0.00671	0.00485	0.14334
48	0.01040	0.00763	0.01087	0.01080	0.01196	0.00850	0.00810	0.01271	0.01264	0.01800	0.10512	0.03465	0.02576	0.15303	0.52485	0.00980	0.01559	0.00888	0.00449	0.00622
49	0.01659	0.01467	0.01818	0.01555	0.01964	0.01618	0.08506	0.03254	0.49742	0.02905	0.11889	0.03146	0.05136	0.01042	0.00773	0.00244	0.00610	0.00918	0.00704	0.01050
50	0.02017	0.57522	0.03637	0.01529	0.02131	0.11611	0.08654	0.02287	0.01579	0.01788	0.01077	0.01274	0.00952	0.00637	0.00535	0.00170	0.00896	0.00451	0.00325	0.00927
51	0.02026	0.54142	0.11384	0.01414	0.02082	0.02631	0.01437	0.13307	0.01814	0.02268	0.01170	0.01308	0.00983	0.00673	0.00537	0.00175	0.00816	0.00451	0.00381	0.01001
52	0.71002	0.01387	0.01138	0.00994	0.01456	0.01567	0.00819	0.02295	0.01332	0.10817	0.01221	0.01326	0.00901	0.00700	0.00481	0.00225	0.00569	0.00432	0.00500	0.00838
53	0.01023	0.00770	0.00977	0.01092	0.01262	0.00724	0.00890	0.01274	0.01619	0.02053	0.04981	0.19304	0.24864	0.02003	0.00945	0.00300	0.00531	0.34077	0.00672	0.00638
54	0.01534	0.10501	0.56690	0.02103	0.03095	0.01821	0.09812	0.02293	0.01549	0.02247	0.01294	0.01547	0.00942	0.00675	0.00688	0.00225	0.01062	0.00559	0.00314	0.01050
55	0.02557	0.01633	0.09435	0.01445	0.02013	0.01393	0.01279	0.03513	0.24953	0.39531	0.02723	0.02450	0.01845	0.00906	0.00729	0.00233	0.00655	0.00740	0.00778	0.01189
56	0.00885	0.00660	0.00824	0.00947	0.01039	0.00599	0.00648	0.01031	0.01473	0.01915	0.06966	0.56673	0.19388	0.02153	0.00910	0.00282	0.00407	0.01922	0.00679	0.00599
57	0.01055	0.00826	0.00971	0.00980	0.01166	0.00800	0.00716	0.01539	0.11284	0.02378	0.24842	0.25915	0.21314	0.01740	0.00862	0.00255	0.00406	0.01524	0.00723	0.00706
58	0.01102	0.01048	0.08656	0.00937	0.01058	0.00815	0.00693	0.01197	0.01111	0.01510	0.02179	0.04394	0.02449	0.66155	0.03361	0.00651	0.00746	0.00999	0.00425	0.00512
59	0.02013	0.01404	0.01531	0.01287	0.01703	0.01494	0.01025	0.22003	0.20756	0.10857	0.06346	0.03269	0.13824	0.01102	0.00740	0.00228	0.00579	0.00895	0.07918	0.01027
60	0.03239	0.01274	0.01710	0.01311	0.01874	0.01123	0.01083	0.06468	0.02142	0.67411	0.02816	0.02441	0.01774	0.00898	0.00731	0.00225	0.00627	0.00727	0.00892	0.01237
61	0.01975	0.72013	0.03739	0.01269	0.01881	0.05643	0.01250	0.02206	0.01500	0.01713	0.01015	0.01172	0.00933	0.00627	0.00474	0.00157	0.00799	0.00392	0.00314	0.00929
62	0.79588	0.01406	0.01068	0.00956	0.01406	0.01631	0.00787	0.02137	0.01237	0.03261	0.01012	0.01181	0.00787	0.00675	0.00450	0.00225	0.00562	0.00394	0.00450	0.00787
63	0.01943	0.74891	0.03809	0.01244	0.01866	0.02876	0.01244	0.02177	0.01477	0.01710	0.01011	0.01166	0.00933	0.00622	0.00466	0.00155	0.00777	0.00389	0.00311	0.00933
64	0.01034	0.00739	0.01014	0.01182	0.01289	0.00719	0.00933	0.01269	0.01538	0.02022	0.03924	0.39734	0.04483	0.02137	0.00967	0.00316	0.00551	0.34844	0.00672	0.00632
65	0.01373	0.01292	0.02180	0.72707	0.05006	0.01615	0.02019	0.01857	0.01453	0.01857	0.01292	0.01938	0.00969	0.00727	0.00727	0.00242	0.00969	0.00646	0.00323	0.00807
66	0.01749	0.01616	0.02155	0.23560	0.22287	0.07047	0.01681	0.12807	0.01934	0.02505	0.04689	0.02620	0.10445	0.00907	0.00742	0.00226	0.00834	0.00777	0.00469	0.00950
67	0.03032	0.01188	0.01602	0.01245	0.01774	0.01026	0.01022	0.03309	0.02052	0.63772	0.05345	0.02864	0.06363	0.00980	0.00743	0.00226	0.00593	0.00802	0.00882	0.01179
68	0.00935	0.00706	0.00864	0.00895	0.01046	0.00635	0.00645	0.01164	0.01731	0.02307	0.30973	0.27828	0.23944	0.01840	0.00880	0.00255	0.00375	0.01617	0.00725	0.00635
69	0.11364	0.03233	0.01948	0.01770	0.02153	0.63671	0.01335	0.02816	0.01967	0.01946	0.01111	0.01296	0.00920	0.00741	0.00632	0.00192	0.01227	0.00460	0.00383	0.00836
70	0.02483	0.02817	0.01832	0.01642	0.02004	0.51372	0.01245	0.09958	0.02119	0.02257	0.01411	0.01604	0.01132	0.00780	0.00638	0.00188	0.01084	0.00526	0.14050	0.00858
71	0.00886	0.00633	0.00843	0.01012	0.01054	0.00590	0.00675	0.01012	0.01392	0.01856	0.04006	0.73979	0.04808	0.02277	0.00928	0.00295	0.00422	0.02066	0.00675	0.00590
72	0.01716	0.01961	0.04289	0.03064	0.03799	0.01838	0.67279	0.02328	0.01716	0.02328	0.01471	0.01961	0.01103	0.00613	0.00858	0.00245	0.01225	0.00858	0.00368	0.00980
73	0.02672	0.01917	0.01850	0.01492	0.01991	0.14291	0.01200	0.29900	0.02587	0.22377	0.02610	0.02489	0.09372	0.00972	0.00731	0.00218	0.00791	0.00746	0.00706	0.01092
74	0.01792	0.01269	0.01449	0.01283	0.01645	0.01362	0.00999	0.03071	0.38798	0.13055	0.22838	0.03489	0.03543	0.01123	0.00774	0.00238	0.00512	0.00956	0.00782	0.01025
75	0.04226	0.01174	0.01431	0.01233	0.01554	0.01247	0.00982	0.19306	0.02103	0.10575	0.18471	0.03087	0.02859	0.02453	0.22941	0.00518	0.01005	0.00856	0.03093	0.00886
76	0.02679	0.01681	0.01941	0.01550	0.02020	0.04252	0.01270	0.25726	0.09903	0.28084	0.02165	0.02085	0.01505	0.00945	0.00950	0.00236	0.10438	0.00692	0.00724	0.01154
77	0.58779	0.01360	0.01237	0.01048	0.01528	0.01477	0.00864	0.02520	0.01467	0.21572	0.01518	0.01533	0.01063	0.00736	0.00526	0.00225	0.00578	0.00486	0.00572	0.00910
78	0.01026	0.00697	0.00828	0.00858	0.00874	0.00699	0.00515	0.01066	0.01123	0.01507	0.02566	0.16706	0.02962	0.56965	0.08026	0.00666	0.00743	0.01214	0.00478	0.00481
79	0.29654	0.06844	0.13911	0.05043	0.10141	0.06776	0.01511	0.11059	0.04132	0.02889	0.01294	0.01489	0.00993	0.00716	0.00600	0.00218	0.00805	0.00515	0.00442	0.00968
80	0.01145	0.00972	0.01187	0.01387	0.08893	0.04042	0.00895	0.01448	0.03951	0.02258	0.21284	0.27186	0.17132	0.01681	0.00856	0.00254	0.00495	0.03557	0.00660	0.00716
81	0.00975	0.00741	0.00897	0.00858	0.01053	0.00663	0.00644	0.01268	0.01931	0.02614	0.49852	0.05926	0.26730	0.01598	0.00858	0.00234	0.00351	0.01384	0.00761	0.00663
82	0.02354	0.02730	0.09700	0.01755	0.02259	0.32146	0.01480	0.16026	0.19113	0.02719	0.01733	0.01778	0.01319	0.00827	0.00695	0.00213	0.00996	0.00603	0.00530	0.01026
83	0.01636	0.01509	0.02420	0.23938	0.38257	0.01606	0.01919	0.06612	0.01721	0.02333	0.02047	0.02421	0.08807	0.00821	0.00738	0.00227	0.00834	0.00747	0.00410	0.00996
84	0.01688	0.21641	0.37626	0.01785	0.02647	0.01899	0.06847	0.02273	0.01554	0.05150	0.01308	0.01509	0.00994	0.00659	0.00630	0.00198	0.00928	0.00519	0.00352	0.09793
85	0.02721	0.03304	0.02074	0.01850	0.02248	0.63741	0.01402	0.10169	0.02213	0.02094	0.01194	0.01360	0.00970	0.00763	0.00664	0.00191	0.01253	0.00489	0.00414	0.00887
86	0.01029	0.00743	0.00972	0.00914	0.01086	0.00686	0.00686	0.01372	0.02058	0.02915	0.69536	0.05430	0.06859	0.01486	0.00857	0.00229	0.00343	0.01315	0.00800	0.00686
87	0.01092	0.01439	0.17932	0.01249	0.01550	0.00943	0.01155	0.01390	0.01309	0.01832	0.02578	0.27485	0.02818	0.18923	0.14456	0.00533	0.00925	0.01227	0.00479	0.00685
88	0.01907	0.01960	0.02742	0.03804	0.52581	0.11776	0.02041	0.02273	0.01652	0.02219	0.01286	0.01706	0.01098	0.00732	0.00898	0.00223	0.09057	0.00621	0.00357	0.01067
89	0.01244	0.00797	0.01003	0.00920	0.01151	0.00714	0.00701	0.01547	0.01976	0.10309	0.48952	0.05427	0.19499	0.01495	0.00843	0.00232	0.00379	0.01295	0.00785	0.00733
90	0.01595	0.00909	0.00933	0.00847	0.01086	0.00946	0.00657	0.12891	0.01847	0.03028	0.02265	0.02546	0.01756	0.00851	0.00545	0.00178	0.00417	0.00674	0.65256	0.00773
91	0.01943	0.74891	0.03809	0.01244	0.01866	0.02876	0.01244	0.02177	0.01477	0.01710	0.01011	0.01166	0.00933	0.00622	0.00466	0.00155	0.00777	0.00389	0.00311	0.00933
92	0.01263	0.01195	0.01064	0.01001	0.01277	0.09748	0.00758	0.03804	0.07441	0.02264	0.15478	0.05502	0.43431	0.01545	0.00819	0.00235	0.00515	0.01277	0.00663	0.00720
93	0.01507	0.01292	0.01507	0.01077	0.01723	0.00969	0.00861	0.01830	0.01507	0.02369	0.01292	0.01507	0.01077	0.00538	0.00538	0.00108	0.00538	0.00431	0.00431	0.78898
94	0.02316	0.01771	0.01941	0.01460	0.02065	0.01796	0.01196	0.44087	0.02737	0.03792	0.01584	0.01660	0.01179	0.00753	0.00660	0.00179	0.00707	0.00575	0.00621	0.28921
95	0.01541	0.01322	0.01523	0.01122	0.01742	0.01063	0.00894	0.02059	0.09056	0.02444	0.01479	0.01643	0.01205	0.00589	0.00561	0.00123	0.00542	0.00475	0.00465	0.70151
96	0.01556	0.16653	0.56069	0.01957	0.02937	0.01910	0.04792	0.02280	0.01531	0.02195	0.01257	0.01483	0.00930	0.00675	0.00656	0.00217	0.01026	0.00522	0.00310	0.01045
97	0.01691	0.09452	0.02028	0.14370	0.16870	0.01369	0.01414	0.02000	0.01603	0.12959	0.02430	0.20662	0.02378	0.01225	0.00771	0.00245	0.00705	0.06388	0.00540	0.00898
98	0.00893	0.00712	0.00800	0.00832	0.01016	0.00620	0.00603	0.01088	0.01657	0.02090	0.16507	0.22960	0.43882	0.01890	0.00875	0.00255	0.00377	0.01628	0.00695	0.00620
99	0.01571	0.01992	0.14487	0.31818	0.12946	0.04936	0.09603	0.02076	0.01515	0.02044	0.01279	0.01783	0.00998	0.00759	0.00918	0.00243	0.09136	0.00642	0.00332	0.00921
100	0.05129	0.05317	0.02300	0.08256	0.19487	0.14257	0.01570	0.17068	0.02157	0.15038	0.01644	0.01783	0.01211	0.00768	0.00691	0.00213	0.00879	0.00611	0.00540	0.01079
101	0.01252	0.00806	0.01030	0.01087	0.01292	0.00743	0.00869	0.01490	0.01650	0.09720	0.04778	0.22287	0.22737	0.01897	0.00914	0.00288	0.00521	0.25242	0.00698	0.00699
102	0.00916	0.00649	0.00851	0.01001	0.01043	0.00613	0.00668	0.01037	0.01365	0.01818	0.03807	0.63566	0.04539	0.10386	0.01243	0.00343	0.00463	0.04466	0.00648	0.00577
