[name]
unknown

[dist]
# distance from previous block
# <min> <max>
132	510

[block]
# block no. 0 follows, 30 sequences, length 10
# corresponding to MSA columns:
# 814-823
name=unknown_A
#
# <colnr> <probs for GDERKNQSTAVLIFYWHMCP>
#	G	D	E	R	K	N	Q	S	T	A	V	L	I	F	Y	W	H	M	C	P
0	0.01687	0.03457	0.05765	0.07404	0.02109	0.11884	0.07057	0.04275	0.16496	0.04877	0.01991	0.06653	0.01685	0.05290	0.06511	0.00308	0.00864	0.00750	0.06856	0.04082
1	0.06752	0.04961	0.01912	0.06459	0.13046	0.12598	0.01299	0.21697	0.02035	0.02681	0.01824	0.14434	0.01732	0.04482	0.00826	0.00238	0.00782	0.00826	0.00509	0.00907
2	0.07806	0.01278	0.07247	0.01076	0.01377	0.04362	0.00893	0.09917	0.01655	0.05281	0.02965	0.18587	0.11780	0.09665	0.01021	0.00275	0.00575	0.01049	0.12455	0.00737
3	0.08631	0.09327	0.07866	0.08564	0.04935	0.01446	0.01222	0.12740	0.01842	0.10281	0.10447	0.11168	0.06609	0.01051	0.00691	0.00219	0.00646	0.00868	0.00561	0.00885
4	0.09028	0.01468	0.10158	0.05876	0.01917	0.03477	0.06979	0.03848	0.06307	0.02267	0.06149	0.12047	0.20354	0.01186	0.00728	0.00226	0.00636	0.01014	0.00522	0.05813
5	0.01631	0.10840	0.28423	0.07975	0.06070	0.09142	0.08504	0.04457	0.01545	0.02060	0.01264	0.01609	0.01001	0.01065	0.06576	0.00288	0.05730	0.00566	0.00333	0.00922
6	0.01704	0.01735	0.08145	0.06465	0.13674	0.07349	0.07336	0.07530	0.12197	0.05379	0.10407	0.08045	0.02192	0.00958	0.00793	0.00227	0.03574	0.00832	0.00521	0.00939
7	0.00903	0.00655	0.00811	0.00913	0.00988	0.00613	0.00625	0.01027	0.01337	0.01739	0.04030	0.43694	0.15028	0.16894	0.01424	0.00358	0.00472	0.07341	0.00602	0.00548
8	0.01056	0.00722	0.00861	0.00885	0.00954	0.00746	0.00583	0.01278	0.05525	0.01720	0.02544	0.18573	0.02747	0.37268	0.12181	0.00572	0.00740	0.01123	0.09374	0.00550
9	0.01482	0.01632	0.11891	0.16363	0.12097	0.01480	0.04758	0.08479	0.04633	0.02332	0.07765	0.06861	0.01972	0.01198	0.04523	0.00283	0.06203	0.04711	0.00454	0.00881

[dist]
# distance from previous block
# <min> <max>
0	1

[block]
# block no. 1 follows, 30 sequences, length 9
# corresponding to MSA columns:
# 825-833
name=unknown_B
#
# <colnr> <probs for GDERKNQSTAVLIFYWHMCP>
#	G	D	E	R	K	N	Q	S	T	A	V	L	I	F	Y	W	H	M	C	P
0	0.01197	0.00828	0.01134	0.01216	0.04422	0.00867	0.00874	0.01406	0.01379	0.05579	0.07790	0.15292	0.03086	0.16384	0.13449	0.00490	0.05185	0.14325	0.04451	0.00645
1	0.00953	0.00672	0.00810	0.00835	0.00905	0.00639	0.00543	0.01078	0.01376	0.01855	0.19872	0.21673	0.09751	0.33633	0.02018	0.00434	0.00499	0.01345	0.00580	0.00529
2	0.07310	0.02009	0.16477	0.07345	0.02216	0.10665	0.01474	0.06533	0.01690	0.12580	0.07028	0.02240	0.05671	0.01043	0.02980	0.00253	0.10433	0.00674	0.00485	0.00895
3	0.01781	0.01503	0.01641	0.01457	0.07343	0.08974	0.01051	0.08469	0.01706	0.07579	0.01542	0.04657	0.01296	0.01054	0.06419	0.00229	0.00758	0.00568	0.00470	0.41505
4	0.01115	0.00793	0.01108	0.01076	0.01218	0.00870	0.00826	0.01342	0.01318	0.05507	0.10855	0.08816	0.08120	0.07057	0.41741	0.00762	0.05373	0.00965	0.00489	0.00649
5	0.00907	0.00631	0.00793	0.00899	0.00926	0.00604	0.00571	0.00986	0.01226	0.01634	0.03281	0.50849	0.03902	0.27330	0.01804	0.00418	0.00498	0.01651	0.00571	0.00517
6	0.01637	0.01426	0.02400	0.14086	0.23010	0.01452	0.13819	0.07163	0.01726	0.06225	0.02244	0.03112	0.07191	0.00942	0.00768	0.00236	0.00825	0.10348	0.00466	0.00924
7	0.07171	0.02101	0.12605	0.11266	0.14063	0.11310	0.01683	0.14071	0.01870	0.09141	0.01410	0.01640	0.01057	0.00763	0.00794	0.00219	0.06828	0.00574	0.00450	0.00984
8	0.01736	0.01594	0.01764	0.21253	0.08146	0.14529	0.01376	0.02367	0.15074	0.07666	0.02075	0.13209	0.01832	0.01128	0.02956	0.00256	0.00829	0.00842	0.00500	0.00870

[dist]
# distance from previous block
# <min> <max>
3	26

[block]
# block no. 2 follows, 30 sequences, length 18
# corresponding to MSA columns:
# 860-877
name=unknown_C
#
# <colnr> <probs for GDERKNQSTAVLIFYWHMCP>
#	G	D	E	R	K	N	Q	S	T	A	V	L	I	F	Y	W	H	M	C	P
0	0.00960	0.00703	0.00879	0.00879	0.00988	0.00700	0.00617	0.01127	0.01352	0.01824	0.16283	0.09200	0.15684	0.25144	0.19995	0.00596	0.00837	0.01141	0.00532	0.00559
1	0.01039	0.00784	0.01100	0.01078	0.01162	0.00910	0.00802	0.01217	0.01090	0.01555	0.01887	0.03126	0.01891	0.23038	0.49985	0.00950	0.06616	0.00807	0.00382	0.00581
2	0.08740	0.01151	0.01323	0.01075	0.01493	0.01081	0.00849	0.08386	0.04351	0.07365	0.11087	0.02547	0.04571	0.04619	0.09783	0.00310	0.00696	0.00687	0.00538	0.29351
3	0.80405	0.01350	0.01026	0.00918	0.01350	0.01565	0.00756	0.02051	0.01188	0.03131	0.00972	0.01134	0.00756	0.00648	0.00432	0.00216	0.00540	0.00378	0.00432	0.00756
4	0.01709	0.01800	0.02577	0.19981	0.25643	0.13562	0.13310	0.02117	0.01620	0.02039	0.01490	0.02267	0.01286	0.00770	0.00730	0.00224	0.00969	0.06631	0.00368	0.00906
5	0.01449	0.01316	0.01877	0.05843	0.26903	0.04155	0.02822	0.01847	0.06126	0.02083	0.02255	0.13432	0.06182	0.06259	0.01060	0.00261	0.07388	0.00919	0.06978	0.00844
6	0.01028	0.00834	0.01209	0.01135	0.01263	0.00840	0.06307	0.01221	0.01447	0.01971	0.17801	0.31207	0.09399	0.13157	0.01399	0.00325	0.06839	0.01423	0.00585	0.00614
7	0.01386	0.01496	0.07803	0.01581	0.10062	0.08415	0.01159	0.02012	0.13841	0.02346	0.20581	0.06387	0.12923	0.01418	0.05244	0.00278	0.00692	0.00975	0.00575	0.00826
8	0.01032	0.00744	0.00852	0.00820	0.01049	0.00648	0.00629	0.01268	0.01732	0.06522	0.25756	0.06050	0.43985	0.01616	0.00823	0.00234	0.00375	0.04518	0.00697	0.00650
9	0.25209	0.08593	0.07507	0.15690	0.09044	0.12395	0.01418	0.02258	0.01504	0.08611	0.01258	0.01490	0.00956	0.00682	0.00583	0.00207	0.00815	0.00499	0.00405	0.00875
10	0.22539	0.41431	0.02633	0.01247	0.01733	0.12994	0.01120	0.02163	0.01424	0.02044	0.00984	0.01166	0.00860	0.00662	0.00569	0.00180	0.04672	0.00399	0.00343	0.00839
11	0.00959	0.00757	0.01102	0.01086	0.01214	0.00707	0.06807	0.01123	0.01376	0.01811	0.06231	0.43308	0.12889	0.14049	0.01314	0.00336	0.00516	0.03242	0.00588	0.00585
12	0.01799	0.01769	0.06303	0.13395	0.10886	0.07784	0.01501	0.14868	0.15803	0.02689	0.09121	0.02223	0.01848	0.00880	0.00816	0.00224	0.05899	0.00704	0.00521	0.00966
13	0.01012	0.00684	0.00805	0.00837	0.00858	0.00680	0.00519	0.01058	0.01108	0.01472	0.02511	0.11353	0.02887	0.60826	0.03029	0.00602	0.00648	0.08185	0.00467	0.00460
14	0.00915	0.00653	0.00809	0.00876	0.00946	0.00614	0.00580	0.01047	0.01389	0.01859	0.15575	0.37944	0.10547	0.21137	0.01567	0.00370	0.00458	0.01556	0.00610	0.00548
15	0.01021	0.00777	0.00946	0.00893	0.01089	0.00735	0.00673	0.01459	0.07529	0.02646	0.53841	0.05263	0.17606	0.01447	0.00814	0.00224	0.00352	0.01260	0.00742	0.00683
16	0.01830	0.01278	0.01485	0.01266	0.01559	0.01397	0.00979	0.28471	0.10978	0.02828	0.05715	0.02226	0.01670	0.01713	0.05909	0.27935	0.00726	0.00686	0.00546	0.00802
17	0.02618	0.06693	0.02072	0.06646	0.09867	0.01594	0.01315	0.22639	0.02254	0.34060	0.02041	0.01970	0.01383	0.00799	0.00681	0.00209	0.00706	0.00642	0.00679	0.01130

[dist]
# distance from previous block
# <min> <max>
5	10

[block]
# block no. 3 follows, 30 sequences, length 8
# corresponding to MSA columns:
# 888-895
name=unknown_D
#
# <colnr> <probs for GDERKNQSTAVLIFYWHMCP>
#	G	D	E	R	K	N	Q	S	T	A	V	L	I	F	Y	W	H	M	C	P
0	0.01386	0.00992	0.01171	0.00941	0.01357	0.00804	0.00734	0.01672	0.01593	0.07888	0.13737	0.06283	0.11081	0.00959	0.00635	0.00163	0.00446	0.00806	0.08789	0.38566
1	0.80405	0.01350	0.01026	0.00918	0.01350	0.01565	0.00756	0.02051	0.01188	0.03131	0.00972	0.01134	0.00756	0.00648	0.00432	0.00216	0.00540	0.00378	0.00432	0.00756
2	0.01042	0.00777	0.00944	0.00928	0.01020	0.00809	0.00639	0.01284	0.05604	0.01830	0.14100	0.11764	0.09646	0.32753	0.10065	0.00524	0.04032	0.01137	0.00532	0.00573
3	0.09180	0.00776	0.00805	0.00778	0.01014	0.00711	0.00591	0.01202	0.01660	0.02279	0.24816	0.05699	0.44975	0.01552	0.00783	0.00229	0.00366	0.01298	0.00660	0.00627
4	0.07050	0.28347	0.02340	0.05293	0.01927	0.13835	0.01163	0.05064	0.16841	0.02113	0.01472	0.01630	0.01206	0.00881	0.00768	0.07477	0.00773	0.00524	0.00426	0.00869
5	0.12310	0.11334	0.11436	0.07831	0.20065	0.05947	0.01556	0.02064	0.01477	0.02229	0.01180	0.01460	0.00961	0.00618	0.00582	0.00182	0.00776	0.00490	0.00356	0.17146
6	0.02109	0.26552	0.02513	0.06133	0.05381	0.19943	0.01311	0.17312	0.01982	0.02335	0.01422	0.07288	0.01273	0.00818	0.00613	0.00189	0.00868	0.00607	0.00436	0.00916
7	0.01736	0.01499	0.01578	0.01420	0.01815	0.01736	0.01105	0.03708	0.69862	0.02919	0.02840	0.02604	0.02130	0.00947	0.00710	0.00237	0.00552	0.00789	0.00710	0.01105

[dist]
# distance from previous block
# <min> <max>
0	7

[block]
# block no. 4 follows, 30 sequences, length 35
# corresponding to MSA columns:
# 903-937
name=unknown_E
#
# <colnr> <probs for GDERKNQSTAVLIFYWHMCP>
#	G	D	E	R	K	N	Q	S	T	A	V	L	I	F	Y	W	H	M	C	P
0	0.01923	0.06408	0.34861	0.01803	0.06799	0.01556	0.01846	0.10952	0.01857	0.16514	0.07248	0.01983	0.01571	0.00782	0.00679	0.00214	0.00824	0.00628	0.00503	0.01050
1	0.00867	0.00711	0.00766	0.00759	0.00978	0.00610	0.00574	0.01079	0.01670	0.02079	0.20108	0.06439	0.55643	0.01702	0.00828	0.00235	0.00357	0.03318	0.00673	0.00605
2	0.01198	0.00991	0.01199	0.01169	0.01338	0.05364	0.00899	0.01647	0.09582	0.01810	0.01966	0.02695	0.01770	0.06838	0.54327	0.00904	0.01571	0.00741	0.03302	0.00687
3	0.00927	0.00723	0.00833	0.00831	0.01014	0.00632	0.00592	0.01106	0.01514	0.01976	0.15205	0.22647	0.31490	0.09644	0.01109	0.00282	0.00410	0.01430	0.00623	0.07011
4	0.28828	0.05787	0.01755	0.05784	0.01999	0.15006	0.01144	0.21011	0.02013	0.08627	0.01350	0.01454	0.01000	0.00732	0.00582	0.00205	0.00777	0.00502	0.00514	0.00930
5	0.01142	0.00712	0.00937	0.00936	0.01069	0.00664	0.00678	0.01305	0.01577	0.07188	0.28770	0.21070	0.08062	0.07559	0.01291	0.10210	0.00448	0.05127	0.00648	0.00608
6	0.01866	0.75896	0.03657	0.01194	0.01791	0.02761	0.01194	0.02090	0.01418	0.01642	0.00970	0.01119	0.00896	0.00597	0.00448	0.00149	0.00746	0.00373	0.00299	0.00896
7	0.01545	0.07274	0.01546	0.01111	0.01581	0.01236	0.00901	0.06163	0.13282	0.02474	0.01886	0.05129	0.01620	0.00797	0.00591	0.00163	0.00535	0.04108	0.10360	0.37697
8	0.01074	0.00743	0.01010	0.00968	0.01092	0.00758	0.00699	0.01192	0.01218	0.01726	0.12211	0.03263	0.02483	0.17724	0.29681	0.14872	0.01063	0.00826	0.00434	0.06963
9	0.51914	0.13135	0.16284	0.01184	0.01767	0.01758	0.01205	0.02090	0.01282	0.02712	0.01030	0.01203	0.00804	0.00643	0.00483	0.00207	0.00674	0.00406	0.00383	0.00835
10	0.01451	0.02839	0.49806	0.01713	0.02535	0.01470	0.02047	0.07281	0.01619	0.02403	0.05084	0.01817	0.01318	0.00983	0.04887	0.00261	0.00950	0.00577	0.04225	0.06734
11	0.01052	0.00698	0.00874	0.00874	0.00943	0.00743	0.00594	0.01191	0.01121	0.01638	0.02092	0.03612	0.02138	0.38883	0.27969	0.00759	0.01052	0.00863	0.12373	0.00529
12	0.01855	0.15470	0.02642	0.17002	0.24772	0.06164	0.05012	0.07563	0.01700	0.06622	0.01433	0.04158	0.01182	0.00723	0.00658	0.00205	0.00843	0.00627	0.00403	0.00967
13	0.05761	0.01936	0.06221	0.27711	0.14130	0.14126	0.01714	0.13393	0.01860	0.04704	0.01335	0.01661	0.01011	0.00714	0.00670	0.00213	0.00920	0.00577	0.00413	0.00931
14	0.00930	0.00711	0.00853	0.00818	0.01007	0.00634	0.00613	0.01206	0.01840	0.02477	0.48338	0.05742	0.29202	0.01547	0.00824	0.00225	0.00338	0.01336	0.00726	0.00634
15	0.01626	0.01485	0.01898	0.01626	0.01777	0.01912	0.01334	0.09839	0.12604	0.02267	0.05090	0.02204	0.05529	0.01174	0.01688	0.00275	0.45635	0.00724	0.00460	0.00853
16	0.00928	0.00707	0.00829	0.00801	0.00976	0.00634	0.00586	0.01166	0.01731	0.02303	0.39490	0.05720	0.30684	0.09085	0.01101	0.00272	0.00374	0.01317	0.00687	0.00608
17	0.01840	0.01133	0.01294	0.01157	0.01458	0.05175	0.00916	0.10508	0.01977	0.19393	0.18790	0.12958	0.03420	0.01284	0.00765	0.00231	0.00552	0.09185	0.07115	0.00849
18	0.01447	0.01240	0.01447	0.01034	0.01654	0.00930	0.00827	0.01757	0.01447	0.02274	0.01240	0.01447	0.01034	0.00517	0.00517	0.00103	0.00517	0.00413	0.00413	0.79742
19	0.00932	0.00651	0.00796	0.00879	0.00917	0.00626	0.00563	0.01011	0.01220	0.01612	0.03282	0.38080	0.06997	0.34169	0.02053	0.00454	0.00531	0.04171	0.00549	0.00508
20	0.05622	0.01247	0.01639	0.12241	0.07538	0.01342	0.01236	0.17011	0.01883	0.11481	0.02318	0.06675	0.05793	0.01780	0.13348	0.00388	0.00902	0.06116	0.00554	0.00887
21	0.01866	0.75896	0.03657	0.01194	0.01791	0.02761	0.01194	0.02090	0.01418	0.01642	0.00970	0.01119	0.00896	0.00597	0.00448	0.00149	0.00746	0.00373	0.00299	0.00896
22	0.01736	0.01499	0.01578	0.01420	0.01815	0.01736	0.01105	0.03708	0.69862	0.02919	0.02840	0.02604	0.02130	0.00947	0.00710	0.00237	0.00552	0.00789	0.00710	0.01105
23	0.00847	0.00621	0.00795	0.00935	0.01002	0.00570	0.00631	0.00976	0.01372	0.01796	0.04297	0.65456	0.13889	0.02128	0.00881	0.00277	0.00398	0.01912	0.00648	0.00570
24	0.01447	0.01240	0.01447	0.01034	0.01654	0.00930	0.00827	0.01757	0.01447	0.02274	0.01240	0.01447	0.01034	0.00517	0.00517	0.00103	0.00517	0.00413	0.00413	0.79742
25	0.01690	0.01661	0.05647	0.02040	0.09749	0.01666	0.15186	0.06449	0.36129	0.02743	0.07581	0.02460	0.02037	0.00856	0.00737	0.00230	0.00728	0.00793	0.00580	0.01037
26	0.01923	0.01685	0.01593	0.01422	0.01815	0.11367	0.01103	0.03421	0.51602	0.08285	0.02803	0.02606	0.05366	0.00950	0.00704	0.00227	0.00643	0.00769	0.00671	0.01045
27	0.00997	0.00748	0.01121	0.01121	0.01246	0.00872	0.00872	0.01246	0.01121	0.01620	0.01869	0.02741	0.01745	0.05234	0.72710	0.01121	0.01869	0.00748	0.00374	0.00623
28	0.02076	0.06240	0.18396	0.12712	0.02736	0.18475	0.01715	0.22413	0.02112	0.02646	0.01314	0.01527	0.00988	0.00747	0.00706	0.00208	0.03034	0.00546	0.00435	0.00973
29	0.01013	0.00729	0.01003	0.01016	0.01102	0.00802	0.00744	0.01186	0.01126	0.01570	0.02126	0.03761	0.02191	0.28159	0.44041	0.00910	0.01376	0.06175	0.00412	0.00559
30	0.02002	0.46022	0.02987	0.10719	0.02282	0.22116	0.01333	0.02245	0.01571	0.01678	0.01035	0.01254	0.00901	0.00644	0.00531	0.00169	0.00913	0.00426	0.00317	0.00856
31	0.00868	0.00642	0.00788	0.00885	0.00972	0.00588	0.00599	0.01001	0.01395	0.01814	0.07898	0.48698	0.19556	0.09503	0.01143	0.00309	0.00417	0.01732	0.00631	0.00562
32	0.00997	0.00717	0.00896	0.00930	0.00970	0.00746	0.00621	0.01083	0.01160	0.01561	0.02759	0.22114	0.05305	0.39830	0.09623	0.00571	0.04396	0.04720	0.00488	0.00514
33	0.01588	0.07838	0.22349	0.02540	0.20405	0.01625	0.15655	0.02163	0.04065	0.04718	0.01987	0.02206	0.08205	0.00762	0.00706	0.00217	0.00884	0.00710	0.00392	0.00985
34	0.01787	0.63724	0.15141	0.01328	0.01998	0.02569	0.01427	0.02110	0.01427	0.01737	0.01018	0.01179	0.00894	0.00608	0.00484	0.00161	0.00794	0.00397	0.00298	0.00918

[dist]
# distance from previous block
# <min> <max>
0	1

[block]
# block no. 5 follows, 30 sequences, length 36
# corresponding to MSA columns:
# 939-974
name=unknown_F
#
# <colnr> <probs for GDERKNQSTAVLIFYWHMCP>
#	G	D	E	R	K	N	Q	S	T	A	V	L	I	F	Y	W	H	M	C	P
0	0.00890	0.00661	0.00829	0.00889	0.01008	0.00601	0.00628	0.01089	0.01594	0.02132	0.26180	0.38899	0.18326	0.01857	0.00856	0.00253	0.00370	0.01649	0.00687	0.00601
1	0.01627	0.01832	0.11685	0.12007	0.35941	0.01622	0.09673	0.06527	0.01632	0.02293	0.01377	0.01808	0.01107	0.01022	0.06562	0.00290	0.00988	0.00642	0.00361	0.01002
2	0.01509	0.01277	0.01480	0.01063	0.01680	0.00994	0.00853	0.05204	0.01541	0.02383	0.01263	0.01459	0.01041	0.00533	0.00526	0.00109	0.00530	0.00424	0.00428	0.75703
3	0.01178	0.00753	0.01007	0.00976	0.01081	0.00800	0.00691	0.01322	0.01147	0.07198	0.02083	0.03498	0.02085	0.35140	0.37058	0.00856	0.01252	0.00859	0.00435	0.00583
4	0.00918	0.00653	0.00773	0.00839	0.00893	0.00618	0.00532	0.00995	0.01236	0.01612	0.03634	0.33861	0.14027	0.33873	0.02033	0.00446	0.00515	0.01484	0.00550	0.00508
5	0.01841	0.01979	0.12868	0.17301	0.10644	0.10280	0.01671	0.13028	0.01825	0.07017	0.01650	0.09144	0.01409	0.00904	0.00799	0.00226	0.05302	0.00728	0.00453	0.00931
6	0.11695	0.01870	0.16938	0.23070	0.09793	0.07191	0.01669	0.01886	0.01442	0.02095	0.01659	0.14447	0.01559	0.00939	0.00683	0.00230	0.00826	0.00791	0.00389	0.00828
7	0.01782	0.01978	0.02193	0.08430	0.07942	0.23721	0.09173	0.02060	0.01499	0.01800	0.01250	0.01741	0.01087	0.01591	0.13524	0.00385	0.18089	0.00611	0.00343	0.00803
8	0.01560	0.01276	0.01545	0.10662	0.02036	0.01331	0.01077	0.11647	0.16290	0.02476	0.01822	0.02237	0.01510	0.07510	0.12096	0.00369	0.00838	0.00653	0.00499	0.22567
9	0.01420	0.00923	0.01198	0.01266	0.06817	0.00931	0.00807	0.10041	0.01465	0.06138	0.02245	0.19005	0.02372	0.22962	0.02003	0.17614	0.00620	0.01041	0.00503	0.00630
10	0.01531	0.03793	0.07838	0.27199	0.17397	0.01636	0.01757	0.07983	0.01602	0.02204	0.05966	0.02003	0.01414	0.01071	0.05228	0.00283	0.09167	0.00655	0.00386	0.00888
11	0.01530	0.01259	0.01278	0.01198	0.01486	0.08317	0.00893	0.02216	0.20816	0.07835	0.03064	0.29368	0.06302	0.01370	0.00752	0.00231	0.00559	0.01183	0.00627	0.09714
12	0.01022	0.00753	0.00911	0.00897	0.00940	0.00801	0.00590	0.01090	0.01119	0.01499	0.02729	0.09105	0.10329	0.48328	0.10407	0.00616	0.06842	0.01070	0.00449	0.00501
13	0.01949	0.01481	0.02109	0.28485	0.03131	0.01670	0.07052	0.18299	0.08903	0.11501	0.01729	0.01964	0.01250	0.00797	0.00779	0.00227	0.04279	0.00667	0.02757	0.00970
14	0.01151	0.01328	0.12093	0.08982	0.09904	0.01040	0.03212	0.01512	0.01499	0.02062	0.11561	0.22498	0.07158	0.01685	0.06645	0.00318	0.00745	0.05343	0.00510	0.00754
15	0.57886	0.07577	0.01369	0.01060	0.01446	0.05001	0.00880	0.01992	0.01230	0.02709	0.01055	0.01311	0.00875	0.01103	0.07177	0.00297	0.05440	0.00430	0.00404	0.00758
16	0.01813	0.67752	0.11340	0.01284	0.01930	0.02633	0.01350	0.02103	0.01424	0.01706	0.01002	0.01159	0.00894	0.00604	0.00472	0.00157	0.00778	0.00389	0.00298	0.00911
17	0.01764	0.01414	0.01485	0.01262	0.01627	0.04356	0.00997	0.24636	0.17508	0.03215	0.22109	0.03449	0.10942	0.01131	0.00748	0.00220	0.00568	0.00934	0.00701	0.00934
18	0.01013	0.00684	0.00798	0.00798	0.00810	0.00696	0.00469	0.01038	0.01026	0.01380	0.02165	0.04381	0.02456	0.68324	0.10593	0.00722	0.00798	0.00988	0.00418	0.00443
19	0.01641	0.01480	0.01767	0.15243	0.02360	0.07280	0.05720	0.09170	0.23505	0.02357	0.01997	0.02527	0.01665	0.12806	0.07116	0.00370	0.00874	0.00747	0.00507	0.00869
20	0.01006	0.00713	0.00948	0.00948	0.01013	0.00778	0.00656	0.01135	0.01070	0.01492	0.02028	0.03620	0.02126	0.39036	0.39430	0.00907	0.01295	0.00876	0.00397	0.00527
21	0.12093	0.01762	0.01904	0.21609	0.09429	0.14422	0.01461	0.13711	0.01798	0.02446	0.01452	0.07543	0.01263	0.00865	0.00762	0.00223	0.05288	0.00670	0.00434	0.00866
22	0.75175	0.01390	0.01098	0.00964	0.01404	0.01606	0.00794	0.06541	0.01328	0.03216	0.01019	0.01170	0.00785	0.00661	0.00450	0.00215	0.00555	0.00395	0.00450	0.00785
23	0.00969	0.00713	0.00906	0.00858	0.01031	0.00650	0.00643	0.01280	0.01930	0.02692	0.63322	0.05388	0.14083	0.01466	0.00823	0.00221	0.00332	0.01287	0.00754	0.00650
24	0.01594	0.08394	0.23341	0.02528	0.03318	0.01805	0.44338	0.02216	0.01579	0.02180	0.01331	0.01704	0.00996	0.00610	0.00747	0.00224	0.01100	0.00699	0.00332	0.00963
25	0.01015	0.00677	0.00761	0.00761	0.00761	0.00677	0.00423	0.01015	0.01015	0.01353	0.02199	0.04567	0.02537	0.75476	0.03552	0.00677	0.00677	0.01015	0.00423	0.00423
26	0.01577	0.01505	0.02562	0.29724	0.46852	0.01619	0.02067	0.02010	0.01518	0.02098	0.01286	0.01776	0.01041	0.00650	0.00693	0.00217	0.00866	0.00621	0.00332	0.00985
27	0.00885	0.00699	0.00797	0.00794	0.00985	0.00611	0.00588	0.01110	0.01701	0.02198	0.29297	0.13138	0.41340	0.01689	0.00831	0.00235	0.00350	0.01450	0.00691	0.00611
28	0.01152	0.00927	0.01060	0.01029	0.01273	0.00937	0.00807	0.01856	0.19227	0.02444	0.23687	0.05410	0.24406	0.01484	0.00816	0.00245	0.00443	0.11351	0.00697	0.00750
29	0.21280	0.09057	0.01773	0.01260	0.01739	0.07401	0.01051	0.07205	0.01782	0.34258	0.01841	0.01768	0.01264	0.00790	0.00687	0.00210	0.04448	0.00561	0.00622	0.01002
30	0.01431	0.01147	0.01266	0.01146	0.01424	0.01245	0.00866	0.06877	0.32606	0.02714	0.22392	0.03807	0.07805	0.10831	0.01119	0.00287	0.00506	0.00987	0.00685	0.00861
31	0.01637	0.19614	0.26556	0.01795	0.09146	0.01807	0.01698	0.10934	0.01698	0.02330	0.05541	0.01899	0.01432	0.04157	0.06609	0.00293	0.00920	0.00593	0.00395	0.00947
32	0.01492	0.01369	0.01925	0.05996	0.08457	0.01261	0.06722	0.01824	0.01424	0.02164	0.01219	0.01544	0.01021	0.00635	0.00800	0.00158	0.10217	0.00505	0.00382	0.50884
33	0.01904	0.01503	0.01737	0.04999	0.06077	0.10865	0.03949	0.10171	0.01862	0.14416	0.07939	0.03085	0.09710	0.01408	0.06725	0.00302	0.06907	0.05002	0.00565	0.00876
34	0.10836	0.09559	0.01881	0.04398	0.01936	0.12410	0.01193	0.16415	0.15318	0.02735	0.01790	0.02227	0.01483	0.00901	0.00743	0.00219	0.05189	0.06030	0.03812	0.00925
35	0.01381	0.09265	0.07292	0.01229	0.04297	0.01225	0.01012	0.08848	0.05309	0.02512	0.22404	0.03862	0.10249	0.07306	0.00954	0.00252	0.00560	0.04699	0.06559	0.00785

[dist]
# distance from previous block
# <min> <max>
0	26

[block]
# block no. 6 follows, 30 sequences, length 67
# corresponding to MSA columns:
# 1001-1067
name=unknown_G
#
# <colnr> <probs for GDERKNQSTAVLIFYWHMCP>
#	G	D	E	R	K	N	Q	S	T	A	V	L	I	F	Y	W	H	M	C	P
0	0.01285	0.01004	0.01490	0.09959	0.19462	0.01043	0.01163	0.01624	0.01505	0.02229	0.10417	0.02980	0.08013	0.01622	0.12333	0.00350	0.00776	0.00799	0.21172	0.00773
1	0.31720	0.01304	0.01439	0.01194	0.01630	0.01379	0.00991	0.07258	0.01689	0.31485	0.01930	0.02146	0.01409	0.00876	0.00739	0.00229	0.06242	0.04746	0.00634	0.00959
2	0.01318	0.01240	0.02093	0.73798	0.04806	0.01550	0.01938	0.01783	0.01395	0.01783	0.01240	0.01860	0.00930	0.00698	0.00698	0.00233	0.00930	0.00620	0.00310	0.00775
3	0.00915	0.00710	0.00832	0.00801	0.00998	0.00627	0.00601	0.01176	0.01803	0.02390	0.42275	0.05885	0.35319	0.01579	0.00824	0.00227	0.00340	0.01356	0.00714	0.00627
4	0.54168	0.06937	0.01427	0.01115	0.01556	0.08117	0.00914	0.06334	0.09162	0.02948	0.01235	0.01343	0.00960	0.00696	0.00498	0.00210	0.00635	0.00446	0.00463	0.00836
5	0.01735	0.10398	0.06995	0.01483	0.06732	0.01334	0.04214	0.02080	0.01553	0.11982	0.05063	0.01815	0.01417	0.00684	0.00665	0.00163	0.03916	0.00550	0.02932	0.34287
6	0.01939	0.04493	0.17921	0.12830	0.07633	0.26854	0.01726	0.07472	0.05046	0.02140	0.01410	0.04816	0.01162	0.00778	0.00668	0.00208	0.01004	0.00599	0.00390	0.00910
7	0.01918	0.01590	0.01681	0.01457	0.01884	0.01821	0.01149	0.16666	0.56607	0.03214	0.02608	0.02419	0.01942	0.00925	0.00708	0.00231	0.00595	0.00757	0.00708	0.01121
8	0.01616	0.01337	0.04471	0.06640	0.05038	0.04370	0.05368	0.06145	0.11463	0.10523	0.18757	0.07041	0.07350	0.05636	0.00925	0.00253	0.00635	0.00957	0.00616	0.00860
9	0.00878	0.00709	0.00781	0.00763	0.00975	0.00612	0.00572	0.01105	0.01716	0.02184	0.27890	0.06224	0.49833	0.01656	0.00824	0.00230	0.00346	0.01404	0.00687	0.00612
10	0.01302	0.01258	0.06492	0.04393	0.04429	0.01308	0.01178	0.01896	0.13565	0.02018	0.02071	0.02572	0.04669	0.04591	0.26826	0.00569	0.12849	0.00739	0.06493	0.00782
11	0.01113	0.00825	0.00953	0.00937	0.01112	0.00841	0.00683	0.01627	0.13341	0.02231	0.16959	0.14199	0.14471	0.10582	0.07275	0.00359	0.00556	0.01168	0.10088	0.00680
12	0.29591	0.07677	0.09284	0.01792	0.05523	0.01657	0.19137	0.04838	0.01505	0.05315	0.01436	0.06683	0.01206	0.00753	0.00627	0.00220	0.00791	0.00658	0.00426	0.00882
13	0.40881	0.21243	0.13171	0.01152	0.01691	0.01820	0.01141	0.02007	0.01281	0.02454	0.01111	0.01449	0.00950	0.06384	0.00713	0.00235	0.00684	0.00448	0.00374	0.00812
14	0.01967	0.01459	0.01640	0.01272	0.01803	0.01416	0.01034	0.24855	0.08747	0.07300	0.01793	0.02033	0.01402	0.00765	0.00627	0.00172	0.00607	0.03497	0.04170	0.33439
15	0.00913	0.00686	0.00846	0.00857	0.01010	0.00619	0.00623	0.01154	0.01725	0.02324	0.38608	0.22298	0.22393	0.01695	0.00840	0.00239	0.00353	0.01488	0.00709	0.00619
16	0.01717	0.12753	0.11547	0.07192	0.17234	0.15217	0.01574	0.02226	0.07903	0.02067	0.04863	0.07533	0.03555	0.00866	0.00668	0.00207	0.00839	0.00712	0.00417	0.00909
17	0.01439	0.01229	0.01426	0.01058	0.01635	0.00971	0.00838	0.01860	0.06357	0.02297	0.01480	0.05044	0.01283	0.00627	0.00549	0.00122	0.00514	0.00515	0.00446	0.70310
18	0.01918	0.01650	0.02216	0.11374	0.13656	0.01854	0.06240	0.21378	0.21052	0.02945	0.01809	0.01970	0.01374	0.00827	0.00831	0.00229	0.06407	0.00683	0.00540	0.01048
19	0.00914	0.00649	0.00799	0.00867	0.00949	0.00602	0.00582	0.01012	0.01358	0.01776	0.10054	0.36841	0.17818	0.14753	0.01473	0.06435	0.00450	0.01540	0.00593	0.00534
20	0.01280	0.00915	0.01078	0.01056	0.01275	0.00922	0.00820	0.01843	0.15158	0.06591	0.11924	0.05355	0.16642	0.14322	0.01301	0.00330	0.00533	0.17286	0.00648	0.00723
21	0.01866	0.75896	0.03657	0.01194	0.01791	0.02761	0.01194	0.02090	0.01418	0.01642	0.00970	0.01119	0.00896	0.00597	0.00448	0.00149	0.00746	0.00373	0.00299	0.00896
22	0.00867	0.00666	0.00794	0.00852	0.00991	0.00593	0.00605	0.01050	0.01557	0.02017	0.17958	0.35434	0.30348	0.01880	0.00852	0.00253	0.00371	0.01649	0.00671	0.00593
23	0.00844	0.00633	0.00783	0.00903	0.00994	0.00573	0.00617	0.00979	0.01402	0.01808	0.04685	0.57240	0.21855	0.02077	0.00874	0.00271	0.00391	0.01851	0.00648	0.00573
24	0.02011	0.01580	0.01748	0.01319	0.01895	0.01543	0.01071	0.32093	0.07104	0.03276	0.01549	0.01632	0.01180	0.00692	0.00612	0.00161	0.00632	0.00537	0.00563	0.38804
25	0.07396	0.01464	0.01457	0.01161	0.01648	0.09183	0.00921	0.08311	0.03875	0.11240	0.06901	0.02340	0.08139	0.00818	0.00620	0.00169	0.00608	0.00643	0.00548	0.32557
26	0.01775	0.17199	0.35582	0.01867	0.06597	0.03702	0.01941	0.06940	0.01612	0.07524	0.01309	0.01502	0.00989	0.00730	0.00781	0.00212	0.07840	0.00524	0.00373	0.01001
27	0.01461	0.06066	0.02315	0.12432	0.02548	0.01442	0.20611	0.09853	0.03324	0.02279	0.04147	0.11500	0.12817	0.01284	0.04505	0.00278	0.00842	0.00989	0.00486	0.00823
28	0.00962	0.00745	0.01068	0.01042	0.01185	0.00687	0.05830	0.01129	0.01464	0.01938	0.14823	0.36668	0.16479	0.06300	0.01140	0.05332	0.00472	0.01538	0.00609	0.00589
29	0.01921	0.02428	0.15618	0.16343	0.06488	0.21255	0.06076	0.08663	0.01760	0.03743	0.01258	0.01576	0.00972	0.00755	0.00837	0.00219	0.08237	0.00568	0.00375	0.00909
30	0.01410	0.01323	0.01515	0.20697	0.02331	0.09796	0.01201	0.06340	0.01574	0.01985	0.02776	0.03096	0.17820	0.01800	0.13321	0.00382	0.06868	0.00827	0.04210	0.00731
31	0.00895	0.00694	0.00819	0.00851	0.01020	0.00618	0.00632	0.01111	0.01639	0.02121	0.23182	0.21327	0.34435	0.01779	0.00849	0.00248	0.00379	0.06115	0.00680	0.00607
32	0.01430	0.01409	0.02229	0.37785	0.12034	0.05145	0.10493	0.01895	0.03429	0.01965	0.02034	0.02746	0.07684	0.00875	0.00742	0.00234	0.00881	0.05775	0.00391	0.00822
33	0.01437	0.01191	0.01757	0.44455	0.03423	0.01403	0.01509	0.10830	0.01632	0.02169	0.01730	0.05854	0.01537	0.08090	0.00986	0.00276	0.00804	0.04906	0.05237	0.00772
34	0.01240	0.00838	0.00984	0.00999	0.01146	0.00848	0.00714	0.12092	0.01660	0.02346	0.03096	0.45062	0.03389	0.05501	0.00917	0.00268	0.00462	0.01448	0.16312	0.00676
35	0.02132	0.01267	0.01550	0.01145	0.01732	0.01043	0.00930	0.06612	0.01762	0.27443	0.01814	0.01797	0.01294	0.00662	0.00595	0.00151	0.00561	0.00531	0.00594	0.46384
36	0.01705	0.04996	0.01479	0.01043	0.01542	0.00989	0.00836	0.01987	0.01605	0.15849	0.11798	0.02354	0.02069	0.05245	0.00778	0.00179	0.00526	0.00629	0.00548	0.43844
37	0.01536	0.01787	0.13946	0.29746	0.07950	0.07146	0.01666	0.05136	0.01575	0.02181	0.01423	0.01815	0.01091	0.00700	0.00638	0.00202	0.00830	0.00578	0.13145	0.06910
38	0.01340	0.01171	0.01944	0.01584	0.01919	0.01188	0.18641	0.09588	0.01675	0.02290	0.10503	0.09198	0.07627	0.02504	0.24920	0.00532	0.01129	0.00976	0.00499	0.00771
39	0.01503	0.01535	0.02921	0.37272	0.15901	0.01643	0.24997	0.02001	0.01516	0.02025	0.01312	0.01845	0.01005	0.00647	0.00740	0.00229	0.00998	0.00691	0.00331	0.00890
40	0.01572	0.07311	0.22311	0.01529	0.02236	0.01471	0.05743	0.07087	0.01587	0.02340	0.01252	0.01481	0.00988	0.00631	0.00680	0.00168	0.04570	0.00493	0.00383	0.36168
41	0.01125	0.00943	0.01091	0.01262	0.07357	0.05920	0.00779	0.01257	0.01291	0.01669	0.02848	0.27084	0.07217	0.26119	0.10434	0.00496	0.00767	0.01253	0.00493	0.00594
42	0.02109	0.01019	0.01333	0.01181	0.01513	0.00948	0.00925	0.08404	0.01847	0.34857	0.03121	0.28963	0.02896	0.01421	0.00790	0.00248	0.00545	0.06206	0.00753	0.00921
43	0.00901	0.00687	0.00837	0.00910	0.01057	0.00623	0.00679	0.01101	0.01556	0.02002	0.14003	0.30603	0.28892	0.01892	0.00869	0.00263	0.00412	0.11452	0.00663	0.00599
44	0.01148	0.00830	0.00987	0.00967	0.01106	0.00851	0.00701	0.07269	0.01595	0.02214	0.12933	0.26346	0.13080	0.11084	0.01236	0.00298	0.05135	0.01313	0.10264	0.00643
45	0.02060	0.01929	0.02337	0.07207	0.11299	0.19264	0.15478	0.08065	0.01870	0.10533	0.01908	0.02105	0.05594	0.00778	0.00700	0.00208	0.00917	0.00687	0.06136	0.00925
46	0.01797	0.00881	0.01107	0.00981	0.01242	0.00794	0.00727	0.01957	0.01551	0.28828	0.03463	0.09931	0.14300	0.24264	0.01633	0.00372	0.00565	0.04175	0.00662	0.00771
47	0.01982	0.00906	0.01223	0.01089	0.01391	0.00804	0.00833	0.02207	0.01753	0.35955	0.13260	0.29246	0.03501	0.01429	0.00789	0.00241	0.00486	0.01252	0.00771	0.00883
48	0.02067	0.08430	0.02910	0.07121	0.02811	0.01879	0.26762	0.20878	0.08335	0.09209	0.01687	0.01866	0.01230	0.00724	0.00724	0.00219	0.00896	0.00700	0.00520	0.01031
49	0.01885	0.07467	0.13052	0.02067	0.02615	0.08265	0.22028	0.08715	0.04872	0.06617	0.01412	0.01691	0.01085	0.00784	0.00995	0.00231	0.14206	0.00646	0.00414	0.00954
50	0.00944	0.00694	0.00898	0.01035	0.01114	0.00679	0.00727	0.01226	0.06624	0.01897	0.03755	0.63176	0.04368	0.02067	0.00884	0.00283	0.00438	0.07921	0.00652	0.00615
51	0.07847	0.61201	0.03189	0.01154	0.01741	0.02449	0.01116	0.02047	0.01404	0.01832	0.01003	0.01160	0.00901	0.00591	0.00455	0.00149	0.00703	0.00378	0.00323	0.10358
52	0.01722	0.06752	0.06103	0.01223	0.01769	0.04915	0.01051	0.05279	0.05743	0.09279	0.01771	0.07140	0.01530	0.00796	0.00611	0.00164	0.00623	0.03301	0.00498	0.39727
53	0.01930	0.20906	0.11031	0.01753	0.02364	0.07094	0.15165	0.19463	0.02013	0.02575	0.01835	0.01977	0.07309	0.00780	0.00663	0.00201	0.00875	0.00653	0.00449	0.00963
54	0.02193	0.10555	0.07299	0.01380	0.01880	0.01662	0.01212	0.29617	0.02335	0.15958	0.07953	0.10767	0.02101	0.01011	0.00700	0.00214	0.00672	0.00819	0.00650	0.01021
55	0.00861	0.00642	0.00802	0.00902	0.01000	0.00583	0.00623	0.01020	0.01469	0.01926	0.12597	0.51533	0.19492	0.02002	0.00868	0.00265	0.00384	0.01784	0.00662	0.00583
56	0.07796	0.24453	0.14064	0.01384	0.01867	0.01658	0.05536	0.01876	0.04975	0.02035	0.02069	0.19663	0.02120	0.01127	0.00671	0.00224	0.00704	0.06511	0.00447	0.00820
57	0.01318	0.01240	0.02093	0.73798	0.04806	0.01550	0.01938	0.01783	0.01395	0.01783	0.01240	0.01860	0.00930	0.00698	0.00698	0.00233	0.00930	0.00620	0.00310	0.00775
58	0.00878	0.00679	0.00802	0.00835	0.00992	0.00602	0.00602	0.01081	0.01622	0.02111	0.24048	0.26906	0.32741	0.01798	0.00844	0.00245	0.00362	0.01568	0.00682	0.00602
59	0.01207	0.00954	0.01337	0.01218	0.01417	0.00991	0.06888	0.06178	0.05774	0.01974	0.02775	0.10914	0.08300	0.20278	0.19621	0.00577	0.00963	0.07463	0.00505	0.00667
60	0.17557	0.01602	0.01577	0.05838	0.01914	0.10009	0.01043	0.08191	0.01600	0.02502	0.01184	0.01414	0.00961	0.00659	0.00667	0.00168	0.05864	0.00458	0.00423	0.36369
61	0.02330	0.04773	0.01884	0.01471	0.01933	0.11841	0.01193	0.27865	0.11094	0.12876	0.02114	0.02197	0.04563	0.00901	0.00749	0.00210	0.03761	0.02488	0.00624	0.05131
62	0.14675	0.12240	0.05212	0.01324	0.01796	0.07796	0.01145	0.06112	0.11105	0.20882	0.02031	0.01994	0.04402	0.00842	0.00722	0.00213	0.05356	0.00610	0.00569	0.00972
63	0.08265	0.25933	0.07779	0.01471	0.01993	0.20473	0.01311	0.16990	0.01958	0.02435	0.01307	0.04671	0.01118	0.00763	0.00586	0.00187	0.00874	0.00534	0.00429	0.00922
64	0.10787	0.04442	0.01478	0.01208	0.01597	0.12427	0.00968	0.08422	0.04910	0.18880	0.05877	0.04817	0.15514	0.01098	0.00698	0.00219	0.00653	0.04496	0.00628	0.00880
65	0.02138	0.01978	0.01967	0.16447	0.02620	0.25547	0.05641	0.08526	0.01872	0.12692	0.01700	0.02243	0.01368	0.01151	0.05789	0.00280	0.01035	0.05651	0.00480	0.00877
66	0.23961	0.01717	0.01636	0.04859	0.01933	0.16368	0.06483	0.06892	0.05179	0.02480	0.01750	0.11526	0.01644	0.00961	0.00649	0.00219	0.00765	0.04678	0.00478	0.05821

[dist]
# distance from previous block
# <min> <max>
25	187

[block]
# block no. 7 follows, 30 sequences, length 18
# corresponding to MSA columns:
# 1306-1323
name=unknown_H
#
# <colnr> <probs for GDERKNQSTAVLIFYWHMCP>
#	G	D	E	R	K	N	Q	S	T	A	V	L	I	F	Y	W	H	M	C	P
0	0.11376	0.09740	0.03564	0.01365	0.01778	0.10539	0.01134	0.18753	0.10271	0.02810	0.07033	0.05736	0.01874	0.00979	0.00748	0.01804	0.03056	0.03680	0.00544	0.03216
1	0.08463	0.03568	0.11522	0.01428	0.01917	0.14551	0.01288	0.16431	0.01996	0.04390	0.06068	0.02835	0.06915	0.00980	0.00687	0.00213	0.00781	0.08492	0.00524	0.06951
2	0.04941	0.15870	0.06609	0.01137	0.01495	0.01421	0.00974	0.08448	0.07982	0.04854	0.02694	0.14263	0.10590	0.11239	0.01149	0.03468	0.00618	0.00948	0.00520	0.00781
3	0.05184	0.12665	0.29495	0.04212	0.04947	0.01615	0.01681	0.04848	0.06832	0.06432	0.05234	0.02216	0.06709	0.01014	0.03792	0.00251	0.00835	0.00653	0.00439	0.00945
4	0.01997	0.17241	0.02179	0.12372	0.07516	0.07065	0.01282	0.07080	0.03413	0.16236	0.01669	0.01964	0.01310	0.04624	0.08527	0.00316	0.00896	0.00602	0.00480	0.03230
5	0.07147	0.09066	0.20246	0.01687	0.06196	0.06939	0.07091	0.02046	0.01525	0.02239	0.04748	0.01631	0.01241	0.00646	0.00602	0.00175	0.00794	0.00526	0.00378	0.25077
6	0.01322	0.01080	0.01611	0.01374	0.01669	0.01065	0.13277	0.08146	0.05207	0.02396	0.11231	0.13058	0.11360	0.06883	0.01007	0.00275	0.00620	0.10031	0.07643	0.00745
7	0.01301	0.00650	0.00650	0.00650	0.00813	0.00650	0.00488	0.01626	0.01463	0.02602	0.02276	0.02602	0.01789	0.00813	0.00488	0.00163	0.00325	0.00650	0.79350	0.00650
8	0.01970	0.01435	0.01573	0.01349	0.01767	0.01574	0.01067	0.13619	0.42043	0.12437	0.06199	0.02842	0.06991	0.00999	0.00721	0.00229	0.00567	0.00823	0.00728	0.01071
9	0.00964	0.00712	0.00899	0.00853	0.01028	0.00648	0.00640	0.01270	0.01919	0.02664	0.61363	0.05434	0.16060	0.01477	0.00823	0.00222	0.00333	0.01293	0.00750	0.00648
10	0.01301	0.00650	0.00650	0.00650	0.00813	0.00650	0.00488	0.01626	0.01463	0.02602	0.02276	0.02602	0.01789	0.00813	0.00488	0.00163	0.00325	0.00650	0.79350	0.00650
11	0.01193	0.00819	0.00960	0.00961	0.01100	0.00874	0.00686	0.01685	0.14085	0.02055	0.02549	0.16701	0.02491	0.15611	0.12288	0.04493	0.00697	0.01009	0.19087	0.00656
12	0.07064	0.05453	0.37308	0.01716	0.02424	0.01543	0.06958	0.09904	0.01668	0.02458	0.03292	0.13676	0.01668	0.00942	0.00696	0.00228	0.00846	0.00796	0.00426	0.00933
13	0.01794	0.01848	0.10227	0.07177	0.02293	0.12503	0.08882	0.02401	0.11833	0.11430	0.02200	0.05835	0.05535	0.01387	0.08536	0.00323	0.03632	0.00769	0.00498	0.00897
14	0.00916	0.00672	0.00801	0.00858	0.00957	0.00624	0.00588	0.01051	0.01394	0.01811	0.10629	0.28627	0.21129	0.21129	0.01566	0.00370	0.00469	0.05261	0.00600	0.00548
15	0.05284	0.12055	0.14760	0.01995	0.10826	0.10111	0.10905	0.07010	0.01681	0.02221	0.01964	0.09733	0.06704	0.00904	0.00685	0.00213	0.00854	0.00777	0.00419	0.00899
16	0.01896	0.12747	0.19893	0.02084	0.11242	0.19001	0.06692	0.05605	0.04683	0.02163	0.01280	0.01493	0.01011	0.00667	0.00634	0.00192	0.00960	0.00526	0.00368	0.06865
17	0.25980	0.07391	0.07047	0.01357	0.01812	0.10748	0.04336	0.08900	0.07706	0.05350	0.01484	0.01805	0.01210	0.06732	0.05122	0.00298	0.00832	0.00564	0.00463	0.00861

[dist]
# distance from previous block
# <min> <max>
0	2

[block]
# block no. 8 follows, 30 sequences, length 22
# corresponding to MSA columns:
# 1326-1347
name=unknown_I
#
# <colnr> <probs for GDERKNQSTAVLIFYWHMCP>
#	G	D	E	R	K	N	Q	S	T	A	V	L	I	F	Y	W	H	M	C	P
0	0.01847	0.29911	0.15019	0.01401	0.01980	0.06012	0.01379	0.10904	0.09242	0.04349	0.01757	0.04611	0.03685	0.00805	0.00598	0.00192	0.00758	0.00605	0.03996	0.00950
1	0.09391	0.02290	0.18234	0.06721	0.13234	0.16870	0.01625	0.07409	0.01673	0.02259	0.01518	0.08221	0.01368	0.05245	0.00834	0.00242	0.00896	0.00681	0.00402	0.00886
2	0.01559	0.01106	0.01262	0.05405	0.01558	0.01155	0.00883	0.17029	0.08226	0.05546	0.17169	0.03703	0.15074	0.04371	0.00840	0.00234	0.00515	0.00948	0.12593	0.00823
3	0.01000	0.00779	0.00978	0.01074	0.06135	0.00720	0.00710	0.01227	0.01631	0.02165	0.28756	0.05493	0.26660	0.14429	0.01298	0.00309	0.00452	0.04926	0.00630	0.00626
4	0.06038	0.01417	0.02022	0.17681	0.26039	0.01548	0.01568	0.05475	0.16761	0.02486	0.07049	0.02400	0.04872	0.00834	0.00698	0.00222	0.00711	0.00731	0.00486	0.00962
5	0.00877	0.00628	0.00843	0.00976	0.01024	0.00608	0.00660	0.01006	0.01292	0.01737	0.03521	0.62518	0.04162	0.06925	0.09280	0.00403	0.00589	0.01784	0.00603	0.00565
6	0.01919	0.10653	0.01966	0.04836	0.01998	0.04318	0.04045	0.09379	0.21073	0.11263	0.02118	0.06262	0.01715	0.00882	0.00666	0.00203	0.00665	0.02714	0.00580	0.12745
7	0.01301	0.00650	0.00650	0.00650	0.00813	0.00650	0.00488	0.01626	0.01463	0.02602	0.02276	0.02602	0.01789	0.00813	0.00488	0.00163	0.00325	0.00650	0.79350	0.00650
8	0.50746	0.01356	0.01503	0.01269	0.01674	0.01505	0.09439	0.06091	0.01405	0.02852	0.01500	0.10052	0.01390	0.00896	0.00635	0.00233	0.03184	0.03023	0.00467	0.00781
9	0.01527	0.01527	0.02137	0.01832	0.01832	0.02137	0.01527	0.01679	0.01069	0.01679	0.00916	0.01527	0.00916	0.01221	0.02290	0.00305	0.74198	0.00611	0.00305	0.00763
10	0.01365	0.00897	0.01081	0.00995	0.01257	0.00861	0.00769	0.01893	0.12141	0.12121	0.31754	0.07544	0.18934	0.01400	0.00798	0.00232	0.00422	0.04019	0.00737	0.00780
11	0.01012	0.00687	0.00816	0.00816	0.00835	0.00706	0.00491	0.01050	0.01031	0.01394	0.02149	0.04290	0.02417	0.64833	0.14031	0.00744	0.00857	0.00974	0.00415	0.00453
12	0.01527	0.01527	0.02137	0.01832	0.01832	0.02137	0.01527	0.01679	0.01069	0.01679	0.00916	0.01527	0.00916	0.01221	0.02290	0.00305	0.74198	0.00611	0.00305	0.00763
13	0.01405	0.01245	0.07490	0.01835	0.15841	0.01138	0.01224	0.05599	0.01317	0.01835	0.01590	0.11604	0.01587	0.01663	0.01719	0.33879	0.07197	0.00787	0.00382	0.00663
14	0.04154	0.04345	0.14177	0.02932	0.27830	0.09932	0.18661	0.02225	0.01607	0.02212	0.01322	0.01672	0.01046	0.00640	0.00689	0.00210	0.00966	0.00622	0.03778	0.00981
15	0.01301	0.00650	0.00650	0.00650	0.00813	0.00650	0.00488	0.01626	0.01463	0.02602	0.02276	0.02602	0.01789	0.00813	0.00488	0.00163	0.00325	0.00650	0.79350	0.00650
16	0.01816	0.00897	0.01165	0.01003	0.01322	0.00789	0.00785	0.02084	0.01882	0.30305	0.28869	0.08680	0.14904	0.01303	0.00779	0.00225	0.00444	0.01116	0.00780	0.00855
17	0.01575	0.01612	0.02150	0.20476	0.19511	0.12313	0.06204	0.01892	0.01490	0.01890	0.01625	0.11816	0.01568	0.05151	0.01024	0.00257	0.07424	0.00816	0.00381	0.00823
18	0.02225	0.02223	0.22261	0.09160	0.02546	0.08274	0.01674	0.11227	0.01889	0.24354	0.01744	0.01809	0.01199	0.00793	0.00782	0.00220	0.05447	0.00600	0.00536	0.01036
19	0.01212	0.00606	0.00909	0.00909	0.00909	0.00606	0.00606	0.00909	0.00909	0.01212	0.01212	0.02121	0.01212	0.02424	0.02727	0.79697	0.00606	0.00606	0.00303	0.00303
20	0.00937	0.00685	0.00842	0.00938	0.01015	0.00658	0.00638	0.01135	0.04398	0.01775	0.03820	0.45632	0.11533	0.17031	0.01423	0.00358	0.00475	0.05534	0.00604	0.00569
21	0.01594	0.01643	0.02106	0.36990	0.19374	0.13884	0.01735	0.01975	0.01588	0.01954	0.05856	0.02166	0.04655	0.00780	0.00698	0.00217	0.00899	0.00672	0.00372	0.00842

[dist]
# distance from previous block
# <min> <max>
0	1

[block]
# block no. 9 follows, 30 sequences, length 13
# corresponding to MSA columns:
# 1349-1361
name=unknown_J
#
# <colnr> <probs for GDERKNQSTAVLIFYWHMCP>
#	G	D	E	R	K	N	Q	S	T	A	V	L	I	F	Y	W	H	M	C	P
0	0.01437	0.05323	0.05447	0.13839	0.01958	0.05264	0.01102	0.06112	0.01560	0.02192	0.02076	0.03321	0.01914	0.11357	0.01059	0.00279	0.00679	0.11407	0.22954	0.00719
1	0.12729	0.02276	0.02018	0.02055	0.14478	0.26598	0.01394	0.21436	0.05751	0.02830	0.01370	0.01516	0.01064	0.00738	0.00638	0.00201	0.00909	0.00540	0.00482	0.00979
2	0.01786	0.01496	0.05388	0.01618	0.09853	0.09189	0.01148	0.07844	0.07102	0.12998	0.11342	0.16924	0.02762	0.06211	0.00937	0.00257	0.00666	0.01002	0.00603	0.00876
3	0.01935	0.01542	0.01631	0.01374	0.01805	0.01711	0.01095	0.27948	0.33459	0.03311	0.03089	0.02923	0.12999	0.01039	0.00724	0.00226	0.00602	0.00840	0.00695	0.01051
4	0.01301	0.00650	0.00650	0.00650	0.00813	0.00650	0.00488	0.01626	0.01463	0.02602	0.02276	0.02602	0.01789	0.00813	0.00488	0.00163	0.00325	0.00650	0.79350	0.00650
5	0.01447	0.01240	0.01447	0.01034	0.01654	0.00930	0.00827	0.01757	0.01447	0.02274	0.01240	0.01447	0.01034	0.00517	0.00517	0.00103	0.00517	0.00413	0.00413	0.79742
6	0.01864	0.02075	0.01444	0.01383	0.01620	0.38972	0.01023	0.02059	0.01671	0.01838	0.01933	0.17551	0.01921	0.01557	0.08779	0.00306	0.01013	0.00843	0.11433	0.00714
