[name]
unknown

[dist]
# distance from previous block
# <min> <max>
0	2

[block]
# block no. 0 follows, 29 sequences, length 52
# corresponding to MSA columns:
# 14-30,37-71
name=unknown_A
#
# <colnr> <probs for GDERKNQSTAVLIFYWHMCP>
#	G	D	E	R	K	N	Q	S	T	A	V	L	I	F	Y	W	H	M	C	P
0	0.01948	0.01205	0.01737	0.01626	0.07671	0.01155	0.06595	0.09598	0.02004	0.21841	0.13848	0.04182	0.08022	0.01216	0.00808	0.00244	0.00643	0.14022	0.00696	0.00938
1	0.08885	0.01443	0.02115	0.02642	0.32794	0.01427	0.01523	0.07399	0.01811	0.22287	0.02016	0.09086	0.01640	0.00882	0.00706	0.00223	0.00704	0.00774	0.00570	0.01073
2	0.08492	0.49792	0.21628	0.01412	0.02125	0.02400	0.01559	0.02162	0.01442	0.01962	0.01067	0.01240	0.00898	0.00632	0.00514	0.00178	0.00821	0.00420	0.00315	0.00939
3	0.01695	0.28352	0.26803	0.01876	0.02591	0.02162	0.12851	0.04441	0.01534	0.02077	0.01183	0.01459	0.00950	0.00705	0.00799	0.00211	0.08477	0.00541	0.00327	0.00965
4	0.01737	0.01721	0.01709	0.01535	0.01748	0.18024	0.01214	0.09190	0.04018	0.02047	0.01512	0.02038	0.01338	0.02686	0.29206	0.00596	0.17825	0.00648	0.00411	0.00793
5	0.01017	0.00763	0.01144	0.01144	0.01272	0.00890	0.00890	0.01272	0.01144	0.01653	0.01907	0.02797	0.01780	0.05340	0.72153	0.01144	0.01907	0.00763	0.00381	0.00636
6	0.01969	0.69212	0.03584	0.01271	0.01860	0.08776	0.01232	0.02193	0.01496	0.01681	0.00999	0.01154	0.00914	0.00620	0.00473	0.00155	0.00806	0.00387	0.00310	0.00906
7	0.01019	0.00757	0.01113	0.01113	0.01229	0.00873	0.00851	0.01251	0.01135	0.01630	0.01936	0.02958	0.01850	0.11328	0.66261	0.01105	0.01803	0.00786	0.00386	0.00618
8	0.00868	0.00620	0.00826	0.00991	0.01033	0.00578	0.00661	0.00991	0.01363	0.01818	0.03925	0.74510	0.04710	0.02231	0.00909	0.00289	0.00413	0.02024	0.00661	0.00578
9	0.01026	0.00729	0.00971	0.00971	0.01038	0.00796	0.00674	0.01160	0.01093	0.01525	0.02066	0.03675	0.02161	0.38144	0.39871	0.00930	0.01334	0.00891	0.00405	0.00540
10	0.01762	0.01692	0.02890	0.04371	0.70533	0.01692	0.02185	0.02185	0.01621	0.02326	0.01339	0.01762	0.01128	0.00634	0.00705	0.00211	0.00846	0.00634	0.00352	0.01128
11	0.00857	0.00713	0.00749	0.00759	0.00976	0.00605	0.00562	0.01046	0.01633	0.01991	0.12100	0.12545	0.59392	0.01812	0.00847	0.00243	0.00363	0.01530	0.00671	0.00605
12	0.01008	0.00728	0.00952	0.00896	0.01064	0.00672	0.00672	0.01344	0.02016	0.02855	0.70158	0.05319	0.06719	0.01456	0.00840	0.00224	0.00336	0.01288	0.00784	0.00672
13	0.00868	0.00620	0.00826	0.00991	0.01033	0.00578	0.00661	0.00991	0.01363	0.01818	0.03925	0.74510	0.04710	0.02231	0.00909	0.00289	0.00413	0.02024	0.00661	0.00578
14	0.00842	0.00721	0.00721	0.00721	0.00962	0.00601	0.00541	0.01022	0.01623	0.01924	0.07213	0.06853	0.70244	0.01803	0.00842	0.00240	0.00361	0.01503	0.00661	0.00601
15	0.80005	0.01377	0.01047	0.00936	0.01377	0.01597	0.00771	0.02093	0.01212	0.03195	0.00991	0.01157	0.00771	0.00661	0.00441	0.00220	0.00551	0.00386	0.00441	0.00771
16	0.01904	0.75404	0.03731	0.01218	0.01828	0.02818	0.01218	0.02132	0.01447	0.01675	0.00990	0.01142	0.00914	0.00609	0.00457	0.00152	0.00761	0.00381	0.00305	0.00914
17	0.02707	0.01995	0.02137	0.01638	0.02208	0.02208	0.01353	0.68159	0.03348	0.04488	0.01710	0.01710	0.01211	0.00855	0.00712	0.00214	0.00784	0.00641	0.00712	0.01211
18	0.50626	0.02143	0.01416	0.01278	0.01690	0.28384	0.01001	0.02378	0.01518	0.02643	0.01033	0.01205	0.00827	0.00689	0.00517	0.00206	0.00829	0.00413	0.00413	0.00792
19	0.01008	0.00728	0.00952	0.00896	0.01064	0.00672	0.00672	0.01344	0.02016	0.02855	0.70158	0.05319	0.06719	0.01456	0.00840	0.00224	0.00336	0.01288	0.00784	0.00672
20	0.80005	0.01377	0.01047	0.00936	0.01377	0.01597	0.00771	0.02093	0.01212	0.03195	0.00991	0.01157	0.00771	0.00661	0.00441	0.00220	0.00551	0.00386	0.00441	0.00771
21	0.01762	0.01692	0.02890	0.04371	0.70533	0.01692	0.02185	0.02185	0.01621	0.02326	0.01339	0.01762	0.01128	0.00634	0.00705	0.00211	0.00846	0.00634	0.00352	0.01128
22	0.02707	0.01995	0.02137	0.01638	0.02208	0.02208	0.01353	0.68159	0.03348	0.04488	0.01710	0.01710	0.01211	0.00855	0.00712	0.00214	0.00784	0.00641	0.00712	0.01211
23	0.02660	0.03394	0.02018	0.01834	0.02201	0.72116	0.01376	0.02843	0.02018	0.01743	0.01101	0.01284	0.00917	0.00734	0.00642	0.00183	0.01284	0.00459	0.00367	0.00825
24	0.00900	0.00643	0.00864	0.01029	0.01084	0.00606	0.00717	0.01048	0.01395	0.01854	0.03907	0.66789	0.04639	0.02200	0.00918	0.00294	0.00441	0.09425	0.00660	0.00587
25	0.00868	0.00620	0.00826	0.00991	0.01033	0.00578	0.00661	0.00991	0.01363	0.01818	0.03925	0.74510	0.04710	0.02231	0.00909	0.00289	0.00413	0.02024	0.00661	0.00578
26	0.02434	0.24246	0.02541	0.01464	0.02032	0.02261	0.01269	0.37641	0.07621	0.09239	0.01675	0.01670	0.01240	0.00791	0.00636	0.00198	0.00745	0.00581	0.00604	0.01114
27	0.01381	0.01302	0.02201	0.67340	0.10548	0.01591	0.01995	0.01851	0.01441	0.01863	0.01272	0.01887	0.00965	0.00705	0.00711	0.00235	0.00940	0.00633	0.00320	0.00820
28	0.01034	0.00696	0.00804	0.00804	0.00814	0.00705	0.00466	0.01053	0.01044	0.01401	0.02218	0.04519	0.02528	0.69729	0.08787	0.00725	0.00782	0.01015	0.00428	0.00447
29	0.01661	0.01258	0.01413	0.01265	0.01609	0.01374	0.00982	0.03014	0.42995	0.08792	0.23372	0.03447	0.03522	0.01108	0.00759	0.00234	0.00498	0.00944	0.00756	0.00996
30	0.01503	0.01428	0.02422	0.47095	0.29833	0.01624	0.02056	0.01958	0.01499	0.02012	0.01294	0.01847	0.01017	0.00682	0.00709	0.00227	0.00910	0.00633	0.00330	0.00919
31	0.25743	0.47437	0.02785	0.01179	0.01719	0.07667	0.01094	0.02174	0.01418	0.02143	0.00999	0.01157	0.00871	0.00634	0.00466	0.00175	0.00737	0.00388	0.00351	0.00864
32	0.01770	0.03525	0.50178	0.01956	0.02801	0.20475	0.02239	0.02469	0.04179	0.02145	0.01291	0.01488	0.00954	0.00703	0.00669	0.00215	0.01096	0.00519	0.00334	0.00995
33	0.01036	0.00690	0.00777	0.00777	0.00777	0.00690	0.00431	0.01036	0.01036	0.01381	0.02244	0.04660	0.02589	0.74975	0.03624	0.00690	0.00690	0.01036	0.00431	0.00431
34	0.02387	0.02875	0.02284	0.02607	0.23009	0.50671	0.01622	0.02643	0.01897	0.01920	0.01173	0.01430	0.00981	0.00704	0.00661	0.00192	0.01151	0.00512	0.00362	0.00918
35	0.00941	0.00708	0.00996	0.01269	0.06741	0.00670	0.00786	0.01090	0.01384	0.01860	0.03712	0.68536	0.04415	0.02100	0.00892	0.00283	0.00449	0.01910	0.00636	0.00624
36	0.01612	0.31413	0.45166	0.01716	0.02597	0.02104	0.02085	0.02208	0.01482	0.02031	0.01167	0.01364	0.00907	0.00650	0.00592	0.00197	0.00940	0.00470	0.00302	0.00999
37	0.02630	0.01956	0.02094	0.01623	0.02179	0.02172	0.01335	0.62872	0.08760	0.04364	0.01807	0.01787	0.01290	0.00864	0.00713	0.00216	0.00765	0.00655	0.00713	0.01204
38	0.01762	0.01692	0.02890	0.04371	0.70533	0.01692	0.02185	0.02185	0.01621	0.02326	0.01339	0.01762	0.01128	0.00634	0.00705	0.00211	0.00846	0.00634	0.00352	0.01128
39	0.02707	0.01995	0.02137	0.01638	0.02208	0.02208	0.01353	0.68159	0.03348	0.04488	0.01710	0.01710	0.01211	0.00855	0.00712	0.00214	0.00784	0.00641	0.00712	0.01211
40	0.01771	0.01530	0.01610	0.01449	0.01852	0.01771	0.01127	0.03784	0.69247	0.02979	0.02898	0.02657	0.02174	0.00966	0.00725	0.00242	0.00564	0.00805	0.00725	0.01127
41	0.00842	0.00721	0.00721	0.00721	0.00962	0.00601	0.00541	0.01022	0.01623	0.01924	0.07213	0.06853	0.70244	0.01803	0.00842	0.00240	0.00361	0.01503	0.00661	0.00601
42	0.80005	0.01377	0.01047	0.00936	0.01377	0.01597	0.00771	0.02093	0.01212	0.03195	0.00991	0.01157	0.00771	0.00661	0.00441	0.00220	0.00551	0.00386	0.00441	0.00771
43	0.01008	0.00728	0.00952	0.00896	0.01064	0.00672	0.00672	0.01344	0.02016	0.02855	0.70158	0.05319	0.06719	0.01456	0.00840	0.00224	0.00336	0.01288	0.00784	0.00672
44	0.01428	0.03683	0.71286	0.02030	0.03082	0.01654	0.02631	0.02255	0.01503	0.02255	0.01278	0.01503	0.00902	0.00677	0.00677	0.00226	0.01052	0.00526	0.00301	0.01052
45	0.01036	0.00690	0.00777	0.00777	0.00777	0.00690	0.00431	0.01036	0.01036	0.01381	0.02244	0.04660	0.02589	0.74975	0.03624	0.00690	0.00690	0.01036	0.00431	0.00431
46	0.03195	0.01212	0.01652	0.01267	0.01818	0.01047	0.01047	0.03470	0.02038	0.71026	0.02809	0.02424	0.01763	0.00881	0.00716	0.00220	0.00606	0.00716	0.00881	0.01212
47	0.01771	0.01530	0.01610	0.01449	0.01852	0.01771	0.01127	0.03784	0.69247	0.02979	0.02898	0.02657	0.02174	0.00966	0.00725	0.00242	0.00564	0.00805	0.00725	0.01127
48	0.01830	0.01820	0.02825	0.04180	0.65385	0.06997	0.02124	0.02235	0.01651	0.02282	0.01321	0.01726	0.01112	0.00642	0.00700	0.00209	0.00879	0.00621	0.00354	0.01105
49	0.02618	0.02257	0.02005	0.01640	0.02134	0.20929	0.01309	0.37893	0.10844	0.08578	0.01772	0.01763	0.01289	0.00838	0.00695	0.00209	0.00879	0.00617	0.00633	0.01097
50	0.00998	0.00788	0.00973	0.00915	0.01093	0.00764	0.00698	0.01272	0.01825	0.02482	0.45557	0.05508	0.25848	0.01547	0.00953	0.00236	0.05868	0.01304	0.00711	0.00658
51	0.01485	0.01484	0.03872	0.01545	0.01961	0.06158	0.12698	0.02312	0.20841	0.02343	0.06728	0.03294	0.12870	0.01540	0.09051	0.00332	0.00849	0.02769	0.00550	0.07317

[dist]
# distance from previous block
# <min> <max>
1	2

[block]
# block no. 1 follows, 29 sequences, length 129
# corresponding to MSA columns:
# 74-120,134-215
name=unknown_B
#
# <colnr> <probs for GDERKNQSTAVLIFYWHMCP>
#	G	D	E	R	K	N	Q	S	T	A	V	L	I	F	Y	W	H	M	C	P
0	0.02168	0.10123	0.22649	0.01905	0.02517	0.40686	0.05763	0.02570	0.01793	0.01919	0.01163	0.01374	0.00922	0.00697	0.00647	0.00196	0.01162	0.00494	0.00341	0.00909
1	0.56317	0.12450	0.01600	0.05074	0.01722	0.08943	0.00965	0.02160	0.01340	0.02748	0.01018	0.01209	0.00817	0.00664	0.00479	0.00208	0.00678	0.00406	0.00406	0.00799
2	0.01744	0.01802	0.06677	0.04241	0.66799	0.01690	0.02210	0.02189	0.01615	0.02322	0.01336	0.01748	0.01115	0.00637	0.00703	0.00212	0.00857	0.00628	0.00350	0.01124
3	0.01000	0.00782	0.00913	0.00870	0.01081	0.00723	0.00655	0.01396	0.06574	0.02520	0.42208	0.05699	0.29860	0.01550	0.00832	0.00231	0.00361	0.01333	0.00734	0.00678
4	0.01648	0.00875	0.01037	0.00908	0.01235	0.00755	0.00712	0.01885	0.01783	0.24209	0.11312	0.04968	0.37104	0.01401	0.00775	0.00227	0.00435	0.01166	0.06757	0.00808
5	0.01762	0.01692	0.02890	0.04371	0.70533	0.01692	0.02185	0.02185	0.01621	0.02326	0.01339	0.01762	0.01128	0.00634	0.00705	0.00211	0.00846	0.00634	0.00352	0.01128
6	0.03027	0.01175	0.01599	0.01238	0.01760	0.01018	0.01018	0.03307	0.02036	0.65788	0.07984	0.02646	0.02143	0.00925	0.00726	0.00221	0.00585	0.00760	0.00874	0.01170
7	0.01681	0.01921	0.04202	0.03001	0.03721	0.01801	0.67947	0.02281	0.01681	0.02281	0.01441	0.01921	0.01080	0.00600	0.00840	0.00240	0.01200	0.00840	0.00360	0.00960
8	0.00842	0.00721	0.00721	0.00721	0.00962	0.00601	0.00541	0.01022	0.01623	0.01924	0.07213	0.06853	0.70244	0.01803	0.00842	0.00240	0.00361	0.01503	0.00661	0.00601
9	0.01237	0.00618	0.00928	0.00928	0.00928	0.00618	0.00618	0.00928	0.00928	0.01237	0.01237	0.02165	0.01237	0.02474	0.02783	0.79283	0.00618	0.00618	0.00309	0.00309
10	0.01904	0.75404	0.03731	0.01218	0.01828	0.02818	0.01218	0.02132	0.01447	0.01675	0.00990	0.01142	0.00914	0.00609	0.00457	0.00152	0.00761	0.00381	0.00305	0.00914
11	0.01771	0.01530	0.01610	0.01449	0.01852	0.01771	0.01127	0.03784	0.69247	0.02979	0.02898	0.02657	0.02174	0.00966	0.00725	0.00242	0.00564	0.00805	0.00725	0.01127
12	0.03195	0.01212	0.01652	0.01267	0.01818	0.01047	0.01047	0.03470	0.02038	0.71026	0.02809	0.02424	0.01763	0.00881	0.00716	0.00220	0.00606	0.00716	0.00881	0.01212
13	0.80005	0.01377	0.01047	0.00936	0.01377	0.01597	0.00771	0.02093	0.01212	0.03195	0.00991	0.01157	0.00771	0.00661	0.00441	0.00220	0.00551	0.00386	0.00441	0.00771
14	0.01681	0.01921	0.04202	0.03001	0.03721	0.01801	0.67947	0.02281	0.01681	0.02281	0.01441	0.01921	0.01080	0.00600	0.00840	0.00240	0.01200	0.00840	0.00360	0.00960
15	0.01428	0.03683	0.71286	0.02030	0.03082	0.01654	0.02631	0.02255	0.01503	0.02255	0.01278	0.01503	0.00902	0.00677	0.00677	0.00226	0.01052	0.00526	0.00301	0.01052
16	0.01345	0.01266	0.02136	0.73264	0.04904	0.01582	0.01978	0.01819	0.01424	0.01819	0.01266	0.01898	0.00949	0.00712	0.00712	0.00237	0.00949	0.00633	0.00316	0.00791
17	0.01017	0.00763	0.01144	0.01144	0.01272	0.00890	0.00890	0.01272	0.01144	0.01653	0.01907	0.02797	0.01780	0.05340	0.72153	0.01144	0.01907	0.00763	0.00381	0.00636
18	0.01345	0.01266	0.02136	0.73264	0.04904	0.01582	0.01978	0.01819	0.01424	0.01819	0.01266	0.01898	0.00949	0.00712	0.00712	0.00237	0.00949	0.00633	0.00316	0.00791
19	0.03168	0.01255	0.01679	0.01287	0.01839	0.01111	0.01064	0.07052	0.02111	0.67343	0.02748	0.02384	0.01732	0.00880	0.00716	0.00220	0.00616	0.00712	0.00872	0.01212
20	0.00844	0.00712	0.00731	0.00747	0.00968	0.00599	0.00552	0.01019	0.01599	0.01914	0.06906	0.13179	0.64116	0.01843	0.00848	0.00245	0.00366	0.01552	0.00661	0.00599
21	0.01771	0.01530	0.01610	0.01449	0.01852	0.01771	0.01127	0.03784	0.69247	0.02979	0.02898	0.02657	0.02174	0.00966	0.00725	0.00242	0.00564	0.00805	0.00725	0.01127
22	0.02707	0.01995	0.02137	0.01638	0.02208	0.02208	0.01353	0.68159	0.03348	0.04488	0.01710	0.01710	0.01211	0.00855	0.00712	0.00214	0.00784	0.00641	0.00712	0.01211
23	0.03061	0.01182	0.01610	0.01244	0.01772	0.01024	0.01024	0.03340	0.02037	0.66868	0.06918	0.02600	0.02065	0.00916	0.00724	0.00221	0.00589	0.00751	0.00875	0.01179
24	0.01017	0.00763	0.01144	0.01144	0.01272	0.00890	0.00890	0.01272	0.01144	0.01653	0.01907	0.02797	0.01780	0.05340	0.72153	0.01144	0.01907	0.00763	0.00381	0.00636
25	0.01017	0.00763	0.01144	0.01144	0.01272	0.00890	0.00890	0.01272	0.01144	0.01653	0.01907	0.02797	0.01780	0.05340	0.72153	0.01144	0.01907	0.00763	0.00381	0.00636
26	0.01345	0.01266	0.02136	0.73264	0.04904	0.01582	0.01978	0.01819	0.01424	0.01819	0.01266	0.01898	0.00949	0.00712	0.00712	0.00237	0.00949	0.00633	0.00316	0.00791
27	0.80005	0.01377	0.01047	0.00936	0.01377	0.01597	0.00771	0.02093	0.01212	0.03195	0.00991	0.01157	0.00771	0.00661	0.00441	0.00220	0.00551	0.00386	0.00441	0.00771
28	0.03195	0.01212	0.01652	0.01267	0.01818	0.01047	0.01047	0.03470	0.02038	0.71026	0.02809	0.02424	0.01763	0.00881	0.00716	0.00220	0.00606	0.00716	0.00881	0.01212
29	0.01123	0.00888	0.01300	0.14726	0.05683	0.00913	0.01063	0.01476	0.01793	0.02472	0.40565	0.09062	0.04856	0.01386	0.00832	0.00244	0.00526	0.09734	0.00648	0.00712
30	0.80005	0.01377	0.01047	0.00936	0.01377	0.01597	0.00771	0.02093	0.01212	0.03195	0.00991	0.01157	0.00771	0.00661	0.00441	0.00220	0.00551	0.00386	0.00441	0.00771
31	0.03195	0.01212	0.01652	0.01267	0.01818	0.01047	0.01047	0.03470	0.02038	0.71026	0.02809	0.02424	0.01763	0.00881	0.00716	0.00220	0.00606	0.00716	0.00881	0.01212
32	0.00872	0.00662	0.00804	0.00896	0.01013	0.00594	0.00624	0.01034	0.01508	0.01949	0.11172	0.46362	0.25896	0.02021	0.00881	0.00267	0.00389	0.01788	0.00673	0.00594
33	0.00886	0.00671	0.00818	0.00892	0.01017	0.00603	0.00627	0.01067	0.01564	0.02045	0.17347	0.41019	0.24954	0.01956	0.00876	0.00262	0.00383	0.01728	0.00684	0.00603
34	0.01017	0.00722	0.00908	0.00862	0.01036	0.00665	0.00646	0.01338	0.01939	0.02753	0.59059	0.05258	0.12283	0.01440	0.00814	0.00221	0.00338	0.01260	0.06777	0.00665
35	0.01017	0.00763	0.01144	0.01144	0.01272	0.00890	0.00890	0.01272	0.01144	0.01653	0.01907	0.02797	0.01780	0.05340	0.72153	0.01144	0.01907	0.00763	0.00381	0.00636
36	0.01904	0.75404	0.03731	0.01218	0.01828	0.02818	0.01218	0.02132	0.01447	0.01675	0.00990	0.01142	0.00914	0.00609	0.00457	0.00152	0.00761	0.00381	0.00305	0.00914
37	0.00843	0.00715	0.00728	0.00738	0.00966	0.00600	0.00548	0.01020	0.01607	0.01917	0.07013	0.10980	0.66246	0.01829	0.00846	0.00243	0.00364	0.01535	0.00661	0.00600
38	0.02470	0.01548	0.01760	0.01440	0.01933	0.01652	0.01160	0.20353	0.30648	0.25173	0.02562	0.02337	0.01793	0.00910	0.00719	0.00228	0.00634	0.00734	0.00772	0.01176
39	0.01915	0.01595	0.02325	0.09598	0.37071	0.01682	0.01722	0.19528	0.02042	0.02894	0.01561	0.01880	0.01226	0.00726	0.00680	0.00208	0.00771	0.00640	0.10880	0.01057
40	0.01559	0.01702	0.08974	0.32613	0.37113	0.01643	0.02141	0.02041	0.01529	0.02110	0.01303	0.01794	0.01033	0.00670	0.00705	0.00223	0.00908	0.00624	0.00333	0.00982
41	0.02330	0.02112	0.02564	0.01982	0.02521	0.16980	0.20120	0.23134	0.04589	0.09741	0.05441	0.01980	0.01503	0.00796	0.00741	0.00217	0.00960	0.00707	0.00559	0.01024
42	0.02605	0.01944	0.02080	0.01618	0.02169	0.02161	0.01329	0.61158	0.10515	0.04324	0.01839	0.01813	0.01316	0.00867	0.00714	0.00217	0.00760	0.00659	0.00714	0.01202
43	0.01034	0.00695	0.00799	0.00799	0.00807	0.00703	0.00459	0.01050	0.01042	0.01397	0.02223	0.04546	0.02539	0.70727	0.07805	0.00718	0.00765	0.01019	0.00428	0.00444
44	0.01576	0.02722	0.38271	0.01791	0.02502	0.08123	0.04771	0.06548	0.06204	0.02353	0.05699	0.02012	0.01499	0.01431	0.11027	0.00355	0.01110	0.00640	0.00406	0.00959
45	0.02667	0.03194	0.02035	0.01807	0.02202	0.62159	0.01373	0.12146	0.02207	0.02134	0.01187	0.01345	0.00959	0.00751	0.00652	0.00188	0.01213	0.00485	0.00416	0.00880
46	0.00982	0.00727	0.00916	0.00869	0.01048	0.00661	0.00652	0.01294	0.01955	0.02711	0.60400	0.05557	0.16566	0.01510	0.00840	0.00227	0.00340	0.01321	0.00765	0.00661
47	0.02020	0.04840	0.31032	0.01947	0.07740	0.01830	0.01900	0.27398	0.02263	0.06364	0.04704	0.01811	0.01348	0.00785	0.00695	0.00217	0.00871	0.00618	0.00512	0.01104
48	0.01465	0.01388	0.02353	0.53434	0.23794	0.01614	0.02037	0.01925	0.01481	0.01965	0.01287	0.01859	0.01001	0.00690	0.00710	0.00230	0.00919	0.00633	0.00327	0.00888
49	0.01237	0.00618	0.00928	0.00928	0.00928	0.00618	0.00618	0.00928	0.00928	0.01237	0.01237	0.02165	0.01237	0.02474	0.02783	0.79283	0.00618	0.00618	0.00309	0.00309
50	0.00868	0.00620	0.00826	0.00991	0.01033	0.00578	0.00661	0.00991	0.01363	0.01818	0.03925	0.74510	0.04710	0.02231	0.00909	0.00289	0.00413	0.02024	0.00661	0.00578
51	0.01872	0.01756	0.02448	0.05429	0.42750	0.05646	0.01812	0.07523	0.18391	0.02600	0.01735	0.01956	0.01374	0.00740	0.00707	0.00218	0.00799	0.00667	0.00470	0.01107
52	0.01428	0.03683	0.71286	0.02030	0.03082	0.01654	0.02631	0.02255	0.01503	0.02255	0.01278	0.01503	0.00902	0.00677	0.00677	0.00226	0.01052	0.00526	0.00301	0.01052
53	0.00868	0.00620	0.00826	0.00991	0.01033	0.00578	0.00661	0.00991	0.01363	0.01818	0.03925	0.74510	0.04710	0.02231	0.00909	0.00289	0.00413	0.02024	0.00661	0.00578
54	0.01620	0.01704	0.02120	0.50381	0.03994	0.14894	0.01809	0.01997	0.01491	0.01791	0.01191	0.01738	0.00941	0.00787	0.00915	0.00237	0.10670	0.00599	0.00325	0.00796
55	0.01795	0.57860	0.16319	0.01407	0.02065	0.02564	0.01502	0.02132	0.01438	0.01786	0.01041	0.01233	0.00913	0.00657	0.00602	0.00175	0.04853	0.00421	0.00304	0.00932
56	0.01463	0.01452	0.01647	0.01508	0.01627	0.12389	0.01202	0.01672	0.01261	0.01688	0.01438	0.02124	0.01347	0.03176	0.36338	0.00700	0.27231	0.00666	0.00354	0.00716
57	0.17578	0.01286	0.01566	0.01225	0.01757	0.01214	0.01012	0.06793	0.01956	0.54617	0.02407	0.02146	0.01546	0.00839	0.00664	0.00220	0.00605	0.00650	0.00789	0.01129
58	0.01871	0.69707	0.03558	0.01206	0.01817	0.02674	0.01190	0.02106	0.01449	0.01725	0.01011	0.01168	0.00925	0.00603	0.00462	0.00149	0.00744	0.00384	0.00314	0.06939
59	0.02058	0.01575	0.05671	0.01391	0.02017	0.01324	0.05181	0.14745	0.04230	0.15946	0.01712	0.01771	0.01251	0.00685	0.00632	0.00167	0.00662	0.00564	0.00565	0.37852
60	0.02575	0.03253	0.02030	0.01837	0.02176	0.66742	0.01390	0.02757	0.01947	0.01740	0.01088	0.01305	0.00919	0.00773	0.00772	0.00193	0.06847	0.00471	0.00363	0.00822
61	0.01062	0.00838	0.00937	0.00923	0.01166	0.00774	0.00732	0.06303	0.01804	0.02268	0.13470	0.06500	0.45138	0.01721	0.00858	0.00253	0.00446	0.13463	0.00678	0.00666
62	0.01085	0.00833	0.01006	0.00944	0.01154	0.00808	0.00713	0.01621	0.10888	0.02737	0.52127	0.05187	0.15297	0.01441	0.00825	0.00229	0.00370	0.01255	0.00758	0.00722
63	0.00865	0.00722	0.00754	0.00746	0.00976	0.00611	0.00560	0.01068	0.01679	0.02056	0.16187	0.06634	0.61187	0.01754	0.00841	0.00238	0.00357	0.01472	0.00679	0.00611
64	0.01306	0.00719	0.00917	0.00958	0.01105	0.00668	0.00683	0.01505	0.01516	0.12041	0.06280	0.46046	0.03765	0.01709	0.00792	0.00251	0.00421	0.01518	0.17107	0.00692
65	0.00868	0.00620	0.00826	0.00991	0.01033	0.00578	0.00661	0.00991	0.01363	0.01818	0.03925	0.74510	0.04710	0.02231	0.00909	0.00289	0.00413	0.02024	0.00661	0.00578
66	0.01102	0.00749	0.00982	0.00912	0.01096	0.00688	0.00688	0.01435	0.02017	0.05792	0.67257	0.05194	0.06505	0.01431	0.00835	0.00224	0.00348	0.01263	0.00788	0.00695
67	0.80005	0.01377	0.01047	0.00936	0.01377	0.01597	0.00771	0.02093	0.01212	0.03195	0.00991	0.01157	0.00771	0.00661	0.00441	0.00220	0.00551	0.00386	0.00441	0.00771
68	0.02660	0.03394	0.02018	0.01834	0.02201	0.72116	0.01376	0.02843	0.02018	0.01743	0.01101	0.01284	0.00917	0.00734	0.00642	0.00183	0.01284	0.00459	0.00367	0.00825
69	0.01762	0.01692	0.02890	0.04371	0.70533	0.01692	0.02185	0.02185	0.01621	0.02326	0.01339	0.01762	0.01128	0.00634	0.00705	0.00211	0.00846	0.00634	0.00352	0.01128
70	0.02371	0.01657	0.01824	0.01435	0.01913	0.01790	0.01171	0.49149	0.02938	0.08168	0.13471	0.02420	0.02217	0.00957	0.00722	0.00213	0.00671	0.00757	0.05065	0.01089
71	0.01904	0.75404	0.03731	0.01218	0.01828	0.02818	0.01218	0.02132	0.01447	0.01675	0.00990	0.01142	0.00914	0.00609	0.00457	0.00152	0.00761	0.00381	0.00305	0.00914
72	0.00889	0.00635	0.00851	0.01016	0.01067	0.00597	0.00698	0.01029	0.01385	0.01842	0.03913	0.69402	0.04663	0.02211	0.00915	0.00292	0.00432	0.06920	0.00661	0.00584
73	0.01602	0.01695	0.08714	0.08731	0.27160	0.01585	0.05746	0.02509	0.20400	0.02518	0.10018	0.02434	0.02049	0.00833	0.00733	0.00227	0.00756	0.00762	0.00500	0.01027
74	0.01807	0.01958	0.02077	0.01785	0.01930	0.18338	0.01449	0.01984	0.01342	0.01777	0.01004	0.01487	0.00942	0.01060	0.01773	0.00262	0.49990	0.00566	0.00335	0.08135
75	0.00964	0.07613	0.01098	0.01013	0.01107	0.00788	0.00713	0.01098	0.01371	0.01804	0.03650	0.67650	0.04355	0.02079	0.00867	0.00276	0.00446	0.01871	0.00628	0.00610
76	0.01345	0.01266	0.02136	0.73264	0.04904	0.01582	0.01978	0.01819	0.01424	0.01819	0.01266	0.01898	0.00949	0.00712	0.00712	0.00237	0.00949	0.00633	0.00316	0.00791
77	0.01880	0.02049	0.24043	0.01625	0.02259	0.01390	0.06654	0.02725	0.15699	0.19105	0.12672	0.02587	0.02288	0.00901	0.00734	0.00228	0.00744	0.00772	0.00608	0.01040
78	0.00982	0.00727	0.00916	0.00869	0.01048	0.00661	0.00652	0.01294	0.01955	0.02711	0.60400	0.05557	0.16566	0.01510	0.00840	0.00227	0.00340	0.01321	0.00765	0.00661
79	0.02453	0.02117	0.01924	0.01602	0.02076	0.17530	0.01272	0.30475	0.22340	0.07808	0.01996	0.01940	0.01465	0.00862	0.00701	0.00216	0.00818	0.00654	0.00650	0.01101
80	0.01703	0.13028	0.02923	0.02625	0.23041	0.01769	0.18702	0.06729	0.04641	0.02383	0.08016	0.02230	0.01746	0.03753	0.03414	0.00264	0.00892	0.00739	0.00433	0.00969
81	0.01925	0.13194	0.40892	0.01791	0.02603	0.12701	0.02020	0.05560	0.01717	0.09197	0.01387	0.01523	0.01008	0.00705	0.00647	0.00208	0.00990	0.00520	0.00390	0.01022
82	0.08966	0.32093	0.37755	0.01604	0.02422	0.02113	0.01893	0.02191	0.01454	0.02112	0.01136	0.01327	0.00894	0.00648	0.00567	0.00196	0.00889	0.00455	0.00315	0.00971
83	0.30400	0.01270	0.01438	0.01150	0.01662	0.01242	0.00949	0.02982	0.01745	0.47001	0.02165	0.01975	0.01411	0.00803	0.00619	0.00220	0.00586	0.00599	0.00725	0.01056
84	0.01644	0.02029	0.23919	0.01591	0.02176	0.01433	0.05591	0.02659	0.22273	0.07808	0.02283	0.02727	0.01798	0.00919	0.00707	0.00232	0.00738	0.06763	0.11722	0.00989
85	0.02028	0.01671	0.06254	0.15685	0.14634	0.01617	0.11927	0.11413	0.07308	0.15247	0.01857	0.02172	0.01375	0.00788	0.00739	0.00229	0.00851	0.02631	0.00529	0.01047
86	0.01004	0.00689	0.00838	0.00866	0.00892	0.00700	0.00537	0.01062	0.01107	0.01494	0.02481	0.16290	0.02833	0.52519	0.13066	0.00688	0.00819	0.01165	0.00463	0.00486
87	0.03011	0.01290	0.01661	0.01283	0.01813	0.01189	0.01057	0.12582	0.02192	0.57369	0.02623	0.02336	0.01688	0.00874	0.00702	0.00216	0.00615	0.00702	0.05619	0.01178
88	0.06081	0.02252	0.16265	0.15407	0.18781	0.13039	0.01887	0.02350	0.07889	0.02192	0.01373	0.01693	0.01080	0.00748	0.00792	0.00225	0.06030	0.00585	0.00374	0.00958
89	0.01718	0.01973	0.17793	0.19142	0.17405	0.01623	0.01886	0.11711	0.05921	0.05463	0.01719	0.07401	0.01413	0.00848	0.00719	0.00229	0.00847	0.00731	0.00453	0.01005
90	0.01823	0.03590	0.49091	0.01967	0.02800	0.24231	0.02229	0.02444	0.01668	0.02091	0.01221	0.01433	0.00907	0.00695	0.00665	0.00212	0.01127	0.00505	0.00322	0.00980
91	0.20515	0.11953	0.02300	0.02008	0.12611	0.24395	0.05416	0.02328	0.01581	0.02197	0.01102	0.01374	0.00927	0.00725	0.00753	0.00208	0.07865	0.00497	0.00368	0.00875
92	0.00930	0.00681	0.00888	0.01030	0.01127	0.00638	0.00759	0.01110	0.01464	0.01906	0.04342	0.49490	0.13599	0.02110	0.00917	0.00292	0.00463	0.16994	0.00660	0.00600
93	0.02286	0.01004	0.01333	0.01143	0.01527	0.00881	0.00911	0.02523	0.01825	0.43569	0.03687	0.17239	0.11774	0.01341	0.00789	0.00244	0.00539	0.05623	0.00793	0.00969
94	0.01077	0.00687	0.00761	0.00761	0.00784	0.00687	0.00441	0.01124	0.01101	0.01562	0.02255	0.04374	0.02480	0.64404	0.03179	0.00616	0.00639	0.00982	0.11623	0.00465
95	0.00949	0.00718	0.00808	0.00844	0.00981	0.00659	0.00602	0.01089	0.01417	0.01771	0.04877	0.11517	0.34100	0.25305	0.01759	0.00401	0.00512	0.10552	0.00587	0.00553
96	0.01428	0.03683	0.71286	0.02030	0.03082	0.01654	0.02631	0.02255	0.01503	0.02255	0.01278	0.01503	0.00902	0.00677	0.00677	0.00226	0.01052	0.00526	0.00301	0.01052
97	0.01940	0.01418	0.01543	0.01363	0.01768	0.01583	0.01067	0.03576	0.54459	0.12655	0.02841	0.02623	0.02088	0.00943	0.00706	0.00233	0.00552	0.00782	0.06756	0.01104
98	0.02707	0.01995	0.02137	0.01638	0.02208	0.02208	0.01353	0.68159	0.03348	0.04488	0.01710	0.01710	0.01211	0.00855	0.00712	0.00214	0.00784	0.00641	0.00712	0.01211
99	0.02596	0.01036	0.01336	0.01074	0.01501	0.00924	0.00871	0.02890	0.01864	0.49119	0.02653	0.02498	0.01783	0.00865	0.00646	0.00203	0.00518	0.00699	0.25889	0.01036
100	0.00868	0.00620	0.00826	0.00991	0.01033	0.00578	0.00661	0.00991	0.01363	0.01818	0.03925	0.74510	0.04710	0.02231	0.00909	0.00289	0.00413	0.02024	0.00661	0.00578
101	0.02257	0.24031	0.13265	0.01662	0.02231	0.32134	0.01522	0.11019	0.01946	0.02159	0.01175	0.01332	0.00952	0.00705	0.00603	0.00185	0.01032	0.00470	0.00383	0.00936
102	0.07584	0.01890	0.01887	0.01496	0.02022	0.11876	0.01216	0.32448	0.02575	0.26888	0.01956	0.01860	0.01331	0.00835	0.00687	0.00212	0.00781	0.00625	0.00704	0.01129
103	0.01788	0.05318	0.21060	0.01596	0.02188	0.01761	0.01551	0.16133	0.27775	0.02920	0.02221	0.08798	0.01808	0.00966	0.00714	0.00232	0.00738	0.00790	0.00580	0.01063
104	0.02660	0.03394	0.02018	0.01834	0.02201	0.72116	0.01376	0.02843	0.02018	0.01743	0.01101	0.01284	0.00917	0.00734	0.00642	0.00183	0.01284	0.00459	0.00367	0.00825
105	0.00984	0.00727	0.00919	0.00871	0.01049	0.00662	0.00653	0.01297	0.01959	0.02721	0.61060	0.05541	0.15900	0.01506	0.00840	0.00226	0.00340	0.01319	0.00766	0.00662
106	0.01737	0.36015	0.35489	0.01649	0.02448	0.07593	0.01897	0.02245	0.01517	0.01954	0.01134	0.01324	0.00909	0.00651	0.00575	0.00189	0.00939	0.00455	0.00308	0.00972
107	0.01631	0.01734	0.11639	0.01632	0.02097	0.05664	0.11395	0.02501	0.20693	0.07728	0.11423	0.13773	0.02716	0.01110	0.00774	0.00239	0.00723	0.00996	0.00598	0.00934
108	0.03089	0.01236	0.01649	0.01280	0.01820	0.01101	0.01053	0.03494	0.07050	0.65952	0.02816	0.02441	0.01793	0.00888	0.00717	0.00222	0.00603	0.00723	0.00870	0.01206
109	0.01036	0.00690	0.00777	0.00777	0.00777	0.00690	0.00431	0.01036	0.01036	0.01381	0.02244	0.04660	0.02589	0.74975	0.03624	0.00690	0.00690	0.01036	0.00431	0.00431
110	0.04735	0.01528	0.02237	0.02122	0.11103	0.01838	0.07678	0.02263	0.11467	0.07417	0.01529	0.01903	0.01263	0.01239	0.05408	0.00317	0.33919	0.00678	0.00436	0.00919
111	0.01486	0.02574	0.34456	0.19143	0.03708	0.01682	0.22441	0.02160	0.01539	0.02160	0.01325	0.01724	0.00968	0.00662	0.00735	0.00233	0.01073	0.00647	0.00323	0.00963
112	0.00866	0.00666	0.00793	0.00881	0.01007	0.00593	0.00615	0.01025	0.01504	0.01922	0.09237	0.44125	0.30176	0.02018	0.00879	0.00266	0.00388	0.01778	0.00669	0.00593
113	0.00866	0.00627	0.00818	0.00971	0.01027	0.00580	0.00652	0.00994	0.01383	0.01826	0.04177	0.69311	0.09745	0.02198	0.00904	0.00285	0.00409	0.01984	0.00661	0.00580
114	0.02490	0.02389	0.07323	0.01685	0.02184	0.22328	0.01419	0.28253	0.08732	0.09563	0.01672	0.01718	0.01229	0.00841	0.00781	0.00214	0.04948	0.00601	0.00575	0.01055
115	0.01618	0.02653	0.39538	0.06504	0.11788	0.01596	0.02112	0.06905	0.06861	0.05379	0.01703	0.07149	0.01375	0.00833	0.00708	0.00229	0.00895	0.00696	0.00422	0.01035
116	0.00842	0.00721	0.00721	0.00721	0.00962	0.00601	0.00541	0.01022	0.01623	0.01924	0.07213	0.06853	0.70244	0.01803	0.00842	0.00240	0.00361	0.01503	0.00661	0.00601
117	0.07276	0.00911	0.01132	0.01074	0.01263	0.01024	0.00827	0.08014	0.01409	0.02172	0.01909	0.02717	0.01728	0.10396	0.42803	0.00797	0.01350	0.00733	0.11776	0.00688
118	0.01832	0.15638	0.11716	0.01960	0.12612	0.12722	0.01520	0.06108	0.14528	0.02295	0.01865	0.08823	0.01658	0.00918	0.00678	0.00215	0.00823	0.02652	0.00468	0.00969
119	0.01610	0.01553	0.01677	0.01974	0.17121	0.14457	0.01220	0.05976	0.06983	0.02332	0.12863	0.23620	0.03091	0.01287	0.00776	0.00233	0.00697	0.01124	0.00563	0.00844
120	0.01567	0.01626	0.02232	0.40991	0.03684	0.11041	0.06828	0.01941	0.01444	0.01816	0.01231	0.01804	0.00998	0.01063	0.04973	0.00295	0.14709	0.00631	0.00329	0.00798
121	0.01925	0.02107	0.15677	0.02573	0.17014	0.01747	0.18382	0.11939	0.10874	0.07975	0.01726	0.01915	0.01273	0.00728	0.00738	0.00226	0.00909	0.00696	0.00486	0.01090
122	0.01640	0.08771	0.12541	0.14688	0.41657	0.01745	0.02090	0.02108	0.01557	0.02167	0.01367	0.01899	0.01146	0.00695	0.00688	0.00216	0.00878	0.02773	0.00345	0.01027
123	0.01366	0.01203	0.01843	0.19082	0.23227	0.01300	0.01448	0.01804	0.06609	0.01975	0.02129	0.05924	0.05861	0.14470	0.08391	0.00403	0.00879	0.00844	0.00422	0.00820
124	0.16327	0.11528	0.07068	0.08652	0.02811	0.01803	0.27469	0.02245	0.06737	0.02413	0.05187	0.01891	0.01373	0.00703	0.00684	0.00223	0.00891	0.00677	0.00412	0.00905
125	0.07859	0.17398	0.04491	0.01217	0.01621	0.11569	0.01028	0.02123	0.01633	0.15413	0.02756	0.17275	0.10524	0.01171	0.00683	0.00217	0.00679	0.00943	0.00554	0.00845
126	0.06991	0.01788	0.14687	0.01461	0.01990	0.01496	0.01359	0.05707	0.27586	0.12684	0.02322	0.02563	0.01788	0.01256	0.06193	0.00303	0.00778	0.04650	0.00607	0.03793
127	0.17364	0.12921	0.07430	0.01799	0.12516	0.08275	0.01354	0.06839	0.01767	0.18011	0.04190	0.01769	0.01353	0.00750	0.00616	0.00205	0.00755	0.00567	0.00519	0.00999
128	0.15500	0.02131	0.01806	0.01540	0.01925	0.27673	0.05455	0.09580	0.04487	0.06988	0.06896	0.02033	0.01611	0.05800	0.00911	0.00243	0.03427	0.00631	0.00500	0.00864

[dist]
# distance from previous block
# <min> <max>
4	13

[block]
# block no. 2 follows, 29 sequences, length 6
# corresponding to MSA columns:
# 229-234
name=unknown_C
#
# <colnr> <probs for GDERKNQSTAVLIFYWHMCP>
#	G	D	E	R	K	N	Q	S	T	A	V	L	I	F	Y	W	H	M	C	P
0	0.25018	0.01447	0.01803	0.06695	0.19849	0.01549	0.01323	0.07174	0.08730	0.12727	0.01691	0.01830	0.01259	0.00745	0.00620	0.00218	0.00667	0.00593	0.05071	0.00992
1	0.01880	0.02269	0.16932	0.02351	0.13083	0.10739	0.15445	0.06310	0.01784	0.07257	0.05409	0.01901	0.01404	0.00749	0.00791	0.00216	0.04271	0.00661	0.00432	0.06114
2	0.19592	0.01306	0.01639	0.01869	0.18407	0.01308	0.01164	0.02161	0.08343	0.07279	0.11061	0.06619	0.02163	0.00882	0.00649	0.00207	0.00587	0.00740	0.00535	0.13490
3	0.00924	0.00713	0.00844	0.00835	0.01019	0.00633	0.00617	0.01173	0.01782	0.02359	0.37043	0.13643	0.32481	0.01684	0.00848	0.00238	0.00355	0.01458	0.00720	0.00633
4	0.01990	0.01801	0.01981	0.14132	0.10043	0.13903	0.01450	0.15312	0.07859	0.06009	0.10456	0.02246	0.01908	0.00905	0.00849	0.00224	0.06744	0.00707	0.00530	0.00951
5	0.00926	0.00665	0.00879	0.00951	0.01046	0.00618	0.00666	0.01139	0.01637	0.02253	0.31719	0.45474	0.05553	0.01906	0.00880	0.00262	0.00381	0.01715	0.00713	0.00618

[dist]
# distance from previous block
# <min> <max>
1	66

# created by:
# /home/berkeley/.conda/envs/busco_data_prod/bin/msa2prfl.pl pipeline/OGs_align_augustus/5794/8326.fs
