[name]
unknown

[dist]
# distance from previous block
# <min> <max>
19	240

[block]
# block no. 0 follows, 28 sequences, length 10
# corresponding to MSA columns:
# 297-306
name=unknown_A
#
# <colnr> <probs for GDERKNQSTAVLIFYWHMCP>
#	G	D	E	R	K	N	Q	S	T	A	V	L	I	F	Y	W	H	M	C	P
0	0.01331	0.01719	0.16419	0.37975	0.09308	0.01438	0.01913	0.01816	0.01475	0.01994	0.01835	0.16004	0.01729	0.01017	0.00758	0.00248	0.00875	0.00902	0.00392	0.00850
1	0.24724	0.01705	0.01891	0.01581	0.01961	0.14821	0.13976	0.02036	0.01458	0.02273	0.01448	0.02049	0.01273	0.08022	0.17309	0.00481	0.01169	0.00644	0.00404	0.00775
2	0.05509	0.05321	0.01967	0.01565	0.01900	0.05336	0.15024	0.04838	0.01717	0.02340	0.13364	0.17138	0.04824	0.01712	0.07212	0.00334	0.00839	0.07727	0.00557	0.00778
3	0.05902	0.07582	0.05349	0.01243	0.01574	0.08396	0.03742	0.01886	0.01601	0.10076	0.12082	0.14818	0.02875	0.14942	0.01289	0.00314	0.00691	0.01008	0.00558	0.04072
4	0.02296	0.24112	0.02473	0.01451	0.01982	0.09323	0.01233	0.23801	0.07890	0.07848	0.01743	0.05616	0.01425	0.00855	0.00643	0.00197	0.00779	0.00640	0.00559	0.05131
5	0.08798	0.17575	0.09320	0.01450	0.02030	0.09382	0.01323	0.18098	0.02113	0.11530	0.06337	0.01848	0.01531	0.00800	0.00637	0.00199	0.00789	0.00589	0.00546	0.05106
6	0.17184	0.01774	0.05052	0.01341	0.01729	0.14713	0.01113	0.05978	0.12421	0.04498	0.13119	0.03260	0.06203	0.01088	0.00716	0.00234	0.00714	0.07400	0.00593	0.00869
7	0.09377	0.09665	0.11869	0.02074	0.14855	0.12704	0.01577	0.06259	0.01856	0.20507	0.01671	0.01741	0.01207	0.00749	0.00658	0.00211	0.00859	0.00577	0.00522	0.01064
8	0.01910	0.01594	0.01443	0.01324	0.01621	0.18065	0.00991	0.08495	0.01911	0.12250	0.07560	0.29473	0.03007	0.01406	0.00785	0.00235	0.00705	0.01193	0.00635	0.05398
9	0.18147	0.07947	0.11660	0.09543	0.16649	0.01691	0.01552	0.08808	0.01676	0.02715	0.01428	0.01718	0.01115	0.00717	0.00609	0.00211	0.00752	0.00562	0.11552	0.00950

[dist]
# distance from previous block
# <min> <max>
0	2

[block]
# block no. 1 follows, 28 sequences, length 6
# corresponding to MSA columns:
# 309,310,325-328
name=unknown_B
#
# <colnr> <probs for GDERKNQSTAVLIFYWHMCP>
#	G	D	E	R	K	N	Q	S	T	A	V	L	I	F	Y	W	H	M	C	P
0	0.01333	0.13946	0.05553	0.01059	0.01390	0.01149	0.00925	0.01580	0.01599	0.06939	0.08199	0.09287	0.25139	0.08871	0.01082	0.00288	0.00576	0.09761	0.00589	0.00735
1	0.09943	0.00957	0.01085	0.01044	0.01214	0.01008	0.00760	0.09257	0.01575	0.02304	0.09173	0.12909	0.03047	0.27818	0.07918	0.00497	0.00732	0.07540	0.00560	0.00659
2	0.01763	0.01853	0.10889	0.06597	0.02081	0.10144	0.01309	0.18869	0.02193	0.02888	0.17313	0.09736	0.06284	0.01143	0.00761	0.00227	0.00736	0.00944	0.03371	0.00897
3	0.02030	0.41487	0.09404	0.01345	0.01926	0.02170	0.01302	0.08786	0.01750	0.11524	0.01737	0.10404	0.01558	0.00896	0.00607	0.00196	0.00742	0.00683	0.00478	0.00977
4	0.01567	0.01532	0.01293	0.01233	0.01482	0.20267	0.00919	0.01800	0.01646	0.02087	0.07210	0.20935	0.02714	0.01682	0.07521	0.00305	0.00820	0.03455	0.11051	0.10481
5	0.20135	0.01803	0.01641	0.01331	0.01812	0.13701	0.01065	0.08730	0.01694	0.02637	0.01209	0.01429	0.00988	0.00715	0.00742	0.00181	0.07987	0.00472	0.00444	0.31282

[dist]
# distance from previous block
# <min> <max>
0	2

[block]
# block no. 2 follows, 28 sequences, length 15
# corresponding to MSA columns:
# 331-345
name=unknown_C
#
# <colnr> <probs for GDERKNQSTAVLIFYWHMCP>
#	G	D	E	R	K	N	Q	S	T	A	V	L	I	F	Y	W	H	M	C	P
0	0.11531	0.48047	0.20068	0.01413	0.02126	0.02426	0.01545	0.02203	0.01461	0.02051	0.01084	0.01259	0.00912	0.00646	0.00520	0.00183	0.00824	0.00426	0.00327	0.00950
1	0.05056	0.01561	0.02351	0.24833	0.29939	0.01707	0.01846	0.13857	0.01876	0.02616	0.01574	0.06643	0.01340	0.00823	0.00726	0.00230	0.00843	0.00733	0.00440	0.01007
2	0.01507	0.01463	0.02302	0.01828	0.02149	0.04665	0.19899	0.04817	0.01810	0.02510	0.28548	0.03224	0.03368	0.01128	0.01186	0.00251	0.17009	0.00963	0.00546	0.00826
3	0.01407	0.00778	0.00787	0.00769	0.00966	0.00806	0.00581	0.01941	0.09161	0.02748	0.02438	0.02710	0.01904	0.00863	0.00534	0.00178	0.00366	0.00694	0.69639	0.00731
4	0.00926	0.00724	0.00839	0.00843	0.01031	0.00637	0.00620	0.01160	0.01766	0.02298	0.29779	0.16271	0.36964	0.01774	0.00869	0.00247	0.00367	0.01532	0.00721	0.00637
5	0.00900	0.00717	0.00808	0.00829	0.01018	0.00624	0.00605	0.01107	0.01689	0.02144	0.19868	0.20087	0.43332	0.01853	0.00872	0.00252	0.00374	0.01594	0.00701	0.00624
6	0.01448	0.01368	0.02316	0.60716	0.16412	0.01635	0.02056	0.01923	0.01489	0.01948	0.01305	0.01914	0.01001	0.00713	0.00725	0.00238	0.00950	0.00646	0.00329	0.00868
7	0.00992	0.00692	0.00798	0.00838	0.00878	0.00666	0.00510	0.01045	0.01211	0.01584	0.03331	0.21418	0.11527	0.48298	0.02689	0.00550	0.00596	0.01356	0.00525	0.00498
8	0.01507	0.01292	0.01507	0.01077	0.01723	0.00969	0.00861	0.01830	0.01507	0.02369	0.01292	0.01507	0.01077	0.00538	0.00538	0.00108	0.00538	0.00431	0.00431	0.78898
9	0.01633	0.13294	0.26764	0.01539	0.02279	0.03571	0.03627	0.02112	0.01537	0.05098	0.01455	0.04062	0.01217	0.03801	0.00750	0.00202	0.00817	0.00571	0.00393	0.25280
10	0.01890	0.15482	0.13720	0.05276	0.06850	0.03484	0.01504	0.02265	0.01554	0.15103	0.01632	0.01903	0.01274	0.01547	0.12665	0.00369	0.05981	0.00598	0.00451	0.06452
11	0.01352	0.00824	0.01020	0.00924	0.01183	0.00728	0.00709	0.01636	0.01939	0.13958	0.39418	0.05410	0.25115	0.01496	0.00837	0.00233	0.00397	0.01283	0.00779	0.00756
12	0.03112	0.01477	0.01836	0.01407	0.01975	0.01425	0.01163	0.22775	0.02483	0.50622	0.02530	0.02255	0.01630	0.00892	0.00730	0.00223	0.00673	0.00708	0.00848	0.01237
13	0.01913	0.13121	0.19522	0.02543	0.24432	0.09589	0.01878	0.02359	0.01685	0.08647	0.01829	0.02009	0.05833	0.00772	0.00679	0.00210	0.00896	0.00631	0.00414	0.01036
14	0.01233	0.01754	0.21538	0.01368	0.01832	0.01158	0.01356	0.01942	0.13348	0.02257	0.05589	0.19166	0.16147	0.01575	0.03376	0.00289	0.00694	0.03962	0.00571	0.00844

[dist]
# distance from previous block
# <min> <max>
7	41

[block]
# block no. 3 follows, 28 sequences, length 24
# corresponding to MSA columns:
# 397-420
name=unknown_D
#
# <colnr> <probs for GDERKNQSTAVLIFYWHMCP>
#	G	D	E	R	K	N	Q	S	T	A	V	L	I	F	Y	W	H	M	C	P
0	0.02018	0.02849	0.34084	0.02424	0.17029	0.11182	0.02125	0.05045	0.01785	0.12363	0.01540	0.01707	0.01113	0.00727	0.00699	0.00220	0.00984	0.00584	0.00431	0.01089
1	0.01937	0.18513	0.05409	0.01746	0.11849	0.05147	0.01304	0.04688	0.01674	0.10003	0.01454	0.01637	0.01159	0.00845	0.03492	0.00205	0.00780	0.00516	0.00447	0.27193
2	0.00990	0.00716	0.00908	0.01010	0.01089	0.00682	0.00684	0.01180	0.03698	0.01856	0.03543	0.52542	0.04143	0.15027	0.01404	0.00361	0.00496	0.05226	0.00625	0.03819
3	0.49041	0.10047	0.01615	0.01128	0.01615	0.01623	0.04199	0.02049	0.01380	0.02846	0.04000	0.01751	0.01260	0.00740	0.00526	0.00207	0.00614	0.03356	0.00451	0.11554
4	0.00942	0.00680	0.00851	0.00953	0.01031	0.00637	0.00652	0.01081	0.01429	0.01881	0.08400	0.44073	0.12835	0.15032	0.01414	0.00360	0.00477	0.06053	0.00641	0.00578
5	0.12380	0.01767	0.13094	0.01729	0.09669	0.01516	0.01386	0.04875	0.22622	0.05563	0.09203	0.04664	0.06531	0.00989	0.00713	0.00235	0.00658	0.00816	0.00590	0.00998
6	0.00885	0.00729	0.00769	0.00775	0.00989	0.00623	0.00569	0.01073	0.01652	0.02025	0.12891	0.11396	0.56340	0.04834	0.00981	0.00266	0.00383	0.01530	0.00677	0.00612
7	0.01700	0.02091	0.19481	0.02097	0.07402	0.01578	0.16651	0.04628	0.15779	0.07154	0.04357	0.02692	0.09251	0.00903	0.00769	0.00237	0.00850	0.00829	0.00524	0.01028
8	0.01454	0.01229	0.01452	0.01092	0.01676	0.00942	0.00875	0.01769	0.01514	0.02331	0.01601	0.05351	0.01472	0.00724	0.00590	0.00133	0.00542	0.05120	0.00459	0.69673
9	0.05303	0.01516	0.01757	0.13446	0.04989	0.01765	0.01320	0.03387	0.51758	0.02828	0.02531	0.02478	0.01904	0.00916	0.00723	0.00244	0.00651	0.00766	0.00642	0.01077
10	0.24147	0.08521	0.04889	0.01263	0.01822	0.12928	0.01073	0.05439	0.01614	0.02576	0.01182	0.01364	0.00959	0.00643	0.00542	0.00170	0.00731	0.00438	0.00425	0.29273
11	0.01307	0.09824	0.11358	0.21815	0.02724	0.01399	0.06124	0.01663	0.01416	0.01873	0.02101	0.20480	0.02173	0.11241	0.01162	0.00308	0.00805	0.01034	0.00428	0.00765
12	0.01151	0.01317	0.13551	0.01319	0.01571	0.01036	0.01187	0.01400	0.01247	0.01779	0.02107	0.17598	0.02157	0.03227	0.29523	0.11381	0.06370	0.00980	0.00420	0.00677
13	0.02273	0.36475	0.07791	0.01567	0.02135	0.25169	0.01418	0.11359	0.01937	0.02168	0.01169	0.01319	0.00975	0.00703	0.00580	0.00180	0.00976	0.00462	0.00388	0.00955
14	0.01411	0.01021	0.01259	0.01151	0.01334	0.01127	0.00854	0.15288	0.01609	0.02210	0.02018	0.03250	0.01967	0.27350	0.34018	0.00813	0.01291	0.00845	0.00478	0.00705
15	0.01373	0.01292	0.02180	0.72707	0.05006	0.01615	0.02019	0.01857	0.01453	0.01857	0.01292	0.01938	0.00969	0.00727	0.00727	0.00242	0.00969	0.00646	0.00323	0.00807
16	0.01338	0.01638	0.20893	0.01241	0.01694	0.00982	0.01233	0.01697	0.01569	0.09819	0.06159	0.15743	0.21310	0.10043	0.01143	0.00301	0.00647	0.01182	0.00572	0.00795
17	0.01053	0.00720	0.00872	0.00872	0.00900	0.00748	0.00539	0.01108	0.01081	0.01468	0.02218	0.04355	0.02468	0.59882	0.18033	0.00803	0.00967	0.00998	0.00430	0.00484
18	0.01650	0.32932	0.02566	0.01715	0.13121	0.06855	0.01225	0.01905	0.01603	0.01970	0.08068	0.06368	0.09969	0.04289	0.00787	0.00222	0.00720	0.02733	0.00444	0.00857
19	0.00960	0.00740	0.00876	0.00842	0.01044	0.00657	0.00632	0.01239	0.01895	0.02530	0.44386	0.06063	0.32249	0.01630	0.00858	0.00235	0.00353	0.01403	0.00750	0.00657
20	0.01650	0.01757	0.06300	0.11533	0.21448	0.06740	0.01742	0.02178	0.08801	0.02121	0.01616	0.07004	0.01450	0.01131	0.03448	0.00283	0.18703	0.00750	0.00408	0.00936
21	0.00971	0.00719	0.00853	0.00852	0.00991	0.00658	0.00596	0.01170	0.01652	0.02203	0.30100	0.14193	0.22870	0.17231	0.01472	0.00343	0.00437	0.01413	0.00674	0.00602
22	0.01847	0.01681	0.06961	0.17235	0.16856	0.04111	0.01671	0.14011	0.05012	0.07004	0.02035	0.09587	0.01798	0.01014	0.00763	0.00241	0.00817	0.05842	0.00524	0.00989
23	0.57021	0.04810	0.01428	0.01200	0.01637	0.19433	0.00962	0.02333	0.01455	0.02824	0.01040	0.01213	0.00831	0.00692	0.00503	0.00213	0.00761	0.00412	0.00425	0.00807

[dist]
# distance from previous block
# <min> <max>
0	2

[block]
# block no. 4 follows, 28 sequences, length 29
# corresponding to MSA columns:
# 472-495,498-502
name=unknown_E
#
# <colnr> <probs for GDERKNQSTAVLIFYWHMCP>
#	G	D	E	R	K	N	Q	S	T	A	V	L	I	F	Y	W	H	M	C	P
0	0.19665	0.01538	0.04771	0.07102	0.21961	0.01533	0.08922	0.02160	0.07206	0.02559	0.04388	0.08766	0.01816	0.00926	0.00710	0.00239	0.00757	0.03582	0.00468	0.00931
1	0.01664	0.16127	0.11478	0.10929	0.24234	0.01756	0.01752	0.02091	0.01546	0.02172	0.01263	0.01590	0.01039	0.00632	0.00625	0.00184	0.00811	0.00532	0.00356	0.19221
2	0.00950	0.00682	0.00927	0.01028	0.01089	0.00693	0.00710	0.01097	0.01287	0.01752	0.03217	0.45450	0.03702	0.12280	0.20927	0.00590	0.00882	0.01581	0.00566	0.00588
3	0.01198	0.00904	0.01286	0.13570	0.01888	0.00987	0.01029	0.04850	0.01567	0.02135	0.16383	0.08831	0.05064	0.05765	0.19751	0.07022	0.00968	0.05600	0.00527	0.00675
4	0.73127	0.01391	0.01121	0.00984	0.01444	0.01583	0.00811	0.02256	0.01308	0.08946	0.01169	0.01290	0.00873	0.00694	0.00474	0.00225	0.00567	0.00422	0.00488	0.00825
5	0.00902	0.00738	0.00796	0.00781	0.01008	0.00632	0.00586	0.01126	0.01758	0.02205	0.23107	0.06599	0.53731	0.01751	0.00859	0.00241	0.00362	0.01479	0.00707	0.00632
6	0.00886	0.00633	0.00843	0.01012	0.01054	0.00590	0.00675	0.01012	0.01392	0.01856	0.04006	0.73979	0.04808	0.02277	0.00928	0.00295	0.00422	0.02066	0.00675	0.00590
7	0.15208	0.00840	0.00962	0.00942	0.01137	0.00837	0.00702	0.01435	0.01770	0.02756	0.43434	0.19001	0.05331	0.01505	0.00798	0.00242	0.00399	0.01305	0.00711	0.00684
8	0.01553	0.17653	0.57625	0.01910	0.02896	0.01920	0.02404	0.02278	0.01523	0.02186	0.01247	0.01463	0.00923	0.00677	0.00647	0.00216	0.01016	0.00508	0.00308	0.01047
9	0.00886	0.00633	0.00843	0.01012	0.01054	0.00590	0.00675	0.01012	0.01392	0.01856	0.04006	0.73979	0.04808	0.02277	0.00928	0.00295	0.00422	0.02066	0.00675	0.00590
10	0.01683	0.01384	0.01597	0.01176	0.01785	0.01170	0.00946	0.12207	0.01793	0.02685	0.01397	0.01613	0.01140	0.00841	0.04173	0.00179	0.00651	0.00484	0.00476	0.62622
11	0.01627	0.01215	0.01177	0.01094	0.01381	0.04914	0.00839	0.02715	0.31156	0.02807	0.02565	0.02637	0.01971	0.00903	0.00618	0.00204	0.00494	0.00730	0.40057	0.00895
12	0.01490	0.01535	0.01545	0.01435	0.01569	0.15013	0.01110	0.01666	0.01524	0.01910	0.08456	0.19469	0.12575	0.01506	0.01352	0.00269	0.25222	0.01127	0.00506	0.00721
13	0.00898	0.00728	0.00797	0.00801	0.01011	0.00627	0.00592	0.01110	0.01716	0.02155	0.20240	0.13099	0.50073	0.01808	0.00865	0.00247	0.00368	0.01539	0.00702	0.00627
14	0.01458	0.03760	0.70688	0.02072	0.03146	0.01688	0.02686	0.02302	0.01535	0.02302	0.01304	0.01535	0.00921	0.00691	0.00691	0.00230	0.01074	0.00537	0.00307	0.01074
15	0.02070	0.01175	0.01415	0.01197	0.01594	0.01155	0.00949	0.06165	0.17534	0.26822	0.19035	0.03756	0.11626	0.01175	0.00779	0.00233	0.00522	0.00986	0.00802	0.01009
16	0.01325	0.01201	0.01718	0.01553	0.01615	0.01594	0.01263	0.01533	0.01140	0.01720	0.01431	0.02198	0.01369	0.03279	0.35608	0.00726	0.38946	0.00705	0.00352	0.00725
17	0.01799	0.01727	0.02950	0.04462	0.69919	0.01727	0.02231	0.02231	0.01655	0.02375	0.01367	0.01799	0.01151	0.00648	0.00720	0.00216	0.00864	0.00648	0.00360	0.01151
18	0.02161	0.01737	0.01842	0.01551	0.02025	0.01973	0.01236	0.27367	0.44528	0.03610	0.02510	0.02355	0.01856	0.00944	0.00735	0.00236	0.00658	0.00760	0.00735	0.01182
19	0.00902	0.00656	0.00851	0.00976	0.01052	0.00605	0.00666	0.01062	0.01501	0.02003	0.12826	0.59345	0.10598	0.02137	0.00913	0.00282	0.00407	0.01923	0.00691	0.00605
20	0.02083	0.61972	0.03493	0.01358	0.01935	0.15295	0.01273	0.02308	0.01582	0.01723	0.01031	0.01192	0.00933	0.00645	0.00501	0.00161	0.00874	0.00403	0.00322	0.00917
21	0.14686	0.01615	0.01526	0.12663	0.05526	0.14042	0.01148	0.09942	0.01797	0.02705	0.01625	0.01921	0.01265	0.00775	0.00597	0.00202	0.00733	0.00584	0.25813	0.00837
22	0.02010	0.46057	0.16505	0.01537	0.02196	0.17007	0.01559	0.02353	0.01610	0.01840	0.01092	0.01268	0.00931	0.00662	0.00550	0.00177	0.00947	0.00434	0.00323	0.00942
23	0.01652	0.01526	0.01370	0.01312	0.01562	0.15777	0.00986	0.14432	0.01979	0.02408	0.03354	0.31891	0.11040	0.01611	0.00829	0.00254	0.00693	0.05923	0.00622	0.00778
24	0.00957	0.00683	0.00925	0.01093	0.01166	0.00652	0.00798	0.01135	0.01462	0.01935	0.03967	0.57662	0.04653	0.02211	0.00947	0.00305	0.00483	0.17685	0.00673	0.00610
25	0.01053	0.00720	0.00871	0.00871	0.00898	0.00747	0.00538	0.01107	0.01080	0.01468	0.02219	0.04359	0.02470	0.60020	0.17898	0.00802	0.00965	0.00999	0.00430	0.00484
26	0.01799	0.01727	0.02950	0.04462	0.69919	0.01727	0.02231	0.02231	0.01655	0.02375	0.01367	0.01799	0.01151	0.00648	0.00720	0.00216	0.00864	0.00648	0.00360	0.01151
27	0.02621	0.01844	0.02012	0.01588	0.02132	0.02024	0.01297	0.46797	0.16900	0.11865	0.02129	0.02032	0.01507	0.00899	0.00730	0.00225	0.00732	0.00698	0.00750	0.01218
28	0.24745	0.02105	0.01644	0.01415	0.01871	0.26776	0.01113	0.02924	0.04654	0.23578	0.01711	0.01695	0.01216	0.00785	0.00624	0.00212	0.00851	0.00544	0.00575	0.00962

[dist]
# distance from previous block
# <min> <max>
1	106

[block]
# block no. 5 follows, 28 sequences, length 12
# corresponding to MSA columns:
# 609-620
name=unknown_F
#
# <colnr> <probs for GDERKNQSTAVLIFYWHMCP>
#	G	D	E	R	K	N	Q	S	T	A	V	L	I	F	Y	W	H	M	C	P
0	0.01083	0.00846	0.00944	0.00911	0.01139	0.00783	0.00681	0.07512	0.01868	0.02402	0.19587	0.17406	0.38690	0.01745	0.00858	0.00248	0.00413	0.01492	0.00707	0.00685
1	0.02362	0.01749	0.01732	0.01403	0.01832	0.08331	0.01115	0.39332	0.02639	0.07270	0.01915	0.02212	0.01490	0.07948	0.00967	0.00253	0.00744	0.00684	0.15003	0.01019
2	0.01817	0.01968	0.04086	0.02930	0.03650	0.01878	0.60929	0.08608	0.01880	0.02546	0.01497	0.01940	0.01116	0.00638	0.00845	0.00243	0.01184	0.00838	0.00402	0.01005
3	0.01087	0.00792	0.01066	0.01213	0.01369	0.00770	0.01016	0.01370	0.01626	0.02098	0.04306	0.18540	0.12336	0.02030	0.00974	0.00317	0.00593	0.47175	0.00671	0.00650
4	0.00953	0.00725	0.00893	0.01001	0.01150	0.00665	0.00764	0.01156	0.01563	0.01981	0.05175	0.32117	0.28019	0.02047	0.00924	0.00288	0.00469	0.18817	0.00673	0.00620
5	0.00989	0.00761	0.01018	0.01007	0.01175	0.00789	0.00773	0.01244	0.01462	0.01988	0.15884	0.04426	0.20670	0.03764	0.39802	0.00751	0.01233	0.01078	0.00541	0.00646
6	0.01348	0.00820	0.01035	0.00936	0.01186	0.00731	0.00718	0.01647	0.01975	0.13474	0.45482	0.05297	0.19603	0.01469	0.00838	0.00232	0.00392	0.01269	0.00789	0.00758
7	0.01148	0.00917	0.01481	0.01315	0.01497	0.00976	0.09775	0.01397	0.01231	0.01751	0.01982	0.03182	0.01919	0.21076	0.42809	0.00891	0.01485	0.00852	0.03669	0.00645
8	0.01754	0.47142	0.29899	0.01567	0.02365	0.02413	0.01806	0.02226	0.01499	0.01941	0.01125	0.01310	0.00928	0.00649	0.00554	0.00185	0.00893	0.00447	0.00309	0.00988
9	0.01917	0.04364	0.01989	0.11400	0.13099	0.01341	0.01315	0.05795	0.01723	0.13827	0.01582	0.01774	0.01198	0.00664	0.00633	0.00171	0.00686	0.00555	0.00495	0.35471
10	0.01925	0.11027	0.03144	0.06024	0.17082	0.10349	0.23255	0.07435	0.05014	0.02345	0.01467	0.01881	0.01192	0.03679	0.00849	0.00237	0.01006	0.00689	0.00406	0.00992
11	0.01728	0.15499	0.17302	0.01788	0.05473	0.05091	0.09525	0.10439	0.01926	0.02613	0.15499	0.02410	0.02271	0.00865	0.00700	0.00211	0.00818	0.00734	0.04157	0.00951

[dist]
# distance from previous block
# <min> <max>
2	34

[block]
# block no. 6 follows, 28 sequences, length 6
# corresponding to MSA columns:
# 655-660
name=unknown_G
#
# <colnr> <probs for GDERKNQSTAVLIFYWHMCP>
#	G	D	E	R	K	N	Q	S	T	A	V	L	I	F	Y	W	H	M	C	P
0	0.01619	0.21392	0.02391	0.02088	0.21060	0.01752	0.01319	0.02171	0.11614	0.02265	0.13119	0.02738	0.02397	0.09897	0.01043	0.00266	0.00690	0.00766	0.00487	0.00926
1	0.01288	0.00797	0.00979	0.00977	0.01201	0.00707	0.00742	0.01500	0.01685	0.12711	0.10507	0.24747	0.29177	0.01803	0.00873	0.00264	0.00451	0.08156	0.00720	0.00716
2	0.08167	0.06238	0.19846	0.01812	0.08037	0.01472	0.08957	0.04547	0.03966	0.05054	0.07013	0.03102	0.16783	0.01005	0.00731	0.00229	0.00764	0.00855	0.00497	0.00925
3	0.01886	0.12400	0.06466	0.02157	0.17181	0.06694	0.05540	0.06541	0.04114	0.09287	0.05346	0.02388	0.05714	0.01408	0.09405	0.00329	0.00956	0.00721	0.00488	0.00979
4	0.01342	0.01265	0.01347	0.01616	0.09551	0.12564	0.01056	0.01546	0.01576	0.01953	0.03188	0.43427	0.03633	0.01788	0.00869	0.00274	0.00659	0.11047	0.00586	0.00711
5	0.01434	0.01126	0.01596	0.19314	0.12746	0.01216	0.01267	0.07372	0.01624	0.02267	0.02358	0.07426	0.05883	0.13245	0.01220	0.00310	0.00704	0.04749	0.13360	0.00783

[dist]
# distance from previous block
# <min> <max>
0	1

[block]
# block no. 7 follows, 28 sequences, length 15
# corresponding to MSA columns:
# 662-676
name=unknown_H
#
# <colnr> <probs for GDERKNQSTAVLIFYWHMCP>
#	G	D	E	R	K	N	Q	S	T	A	V	L	I	F	Y	W	H	M	C	P
0	0.02054	0.05791	0.07928	0.08190	0.18324	0.24013	0.06966	0.07914	0.01935	0.02331	0.06467	0.01887	0.01475	0.00768	0.00708	0.00211	0.01012	0.00637	0.00420	0.00967
1	0.01867	0.02080	0.02196	0.11295	0.07935	0.27405	0.11918	0.02182	0.01718	0.01982	0.01786	0.13343	0.01694	0.01175	0.03877	0.00266	0.01051	0.00850	0.04554	0.00827
2	0.01894	0.02106	0.02188	0.01889	0.02210	0.27468	0.13725	0.02190	0.01727	0.02004	0.01949	0.07421	0.01904	0.01145	0.01003	0.00251	0.10578	0.13670	0.03874	0.00805
3	0.01186	0.00659	0.00890	0.00890	0.00890	0.00659	0.00560	0.00988	0.00988	0.01317	0.01645	0.03156	0.01776	0.29263	0.03160	0.49802	0.00659	0.00790	0.00362	0.00362
4	0.01554	0.03091	0.46006	0.02441	0.03389	0.01744	0.26697	0.02312	0.01602	0.02312	0.01366	0.01693	0.00989	0.00662	0.00753	0.00236	0.01130	0.00656	0.00330	0.01039
5	0.01147	0.00642	0.00901	0.00940	0.00950	0.00632	0.00615	0.00977	0.01065	0.01421	0.02042	0.19185	0.02277	0.12550	0.02518	0.49707	0.00593	0.01023	0.00416	0.00397
6	0.01747	0.01778	0.01822	0.07386	0.10573	0.17446	0.01257	0.02056	0.01602	0.02097	0.01354	0.01722	0.01149	0.01304	0.10560	0.00299	0.00990	0.00532	0.00394	0.33931
7	0.02344	0.18025	0.02071	0.01251	0.01721	0.01711	0.01071	0.17966	0.02099	0.21089	0.01998	0.02028	0.01454	0.00831	0.00676	0.00198	0.03154	0.00619	0.18671	0.01023
8	0.68889	0.01382	0.01155	0.01003	0.01469	0.01552	0.00827	0.02334	0.01355	0.12676	0.01272	0.01362	0.00929	0.00706	0.00489	0.00225	0.00570	0.00441	0.00513	0.00850
9	0.00874	0.00679	0.00795	0.00888	0.01022	0.00601	0.00619	0.01026	0.01512	0.01904	0.05524	0.43710	0.34098	0.02080	0.00897	0.00273	0.00398	0.01826	0.00675	0.00601
10	0.02008	0.01789	0.01698	0.01504	0.01890	0.11490	0.01163	0.18005	0.33395	0.03030	0.02589	0.13731	0.02227	0.01134	0.00755	0.00239	0.00706	0.00933	0.00675	0.01037
11	0.01952	0.02296	0.07219	0.01452	0.02031	0.27258	0.01208	0.02266	0.01715	0.02144	0.01230	0.01436	0.01012	0.00629	0.00594	0.00147	0.00868	0.00453	0.00400	0.43688
12	0.15197	0.01445	0.01937	0.10480	0.19357	0.01423	0.01390	0.05177	0.01672	0.13831	0.01544	0.01747	0.01160	0.00686	0.00632	0.00195	0.00701	0.00564	0.00494	0.20366
13	0.01959	0.01390	0.01566	0.01348	0.01748	0.01504	0.01062	0.11757	0.35148	0.12663	0.18200	0.03179	0.03103	0.01075	0.00764	0.00236	0.00558	0.00901	0.00774	0.01067
14	0.01957	0.02305	0.08029	0.08613	0.17231	0.19513	0.09595	0.05154	0.01705	0.02138	0.01239	0.01640	0.01021	0.00817	0.01059	0.00236	0.15818	0.00616	0.00365	0.00948

[dist]
# distance from previous block
# <min> <max>
0	3

[block]
# block no. 8 follows, 28 sequences, length 6
# corresponding to MSA columns:
# 680-685
name=unknown_I
#
# <colnr> <probs for GDERKNQSTAVLIFYWHMCP>
#	G	D	E	R	K	N	Q	S	T	A	V	L	I	F	Y	W	H	M	C	P
0	0.02312	0.02287	0.02305	0.10525	0.18885	0.23023	0.01656	0.21690	0.05399	0.02816	0.01470	0.01694	0.01140	0.00769	0.00704	0.00212	0.00979	0.00603	0.00486	0.01043
1	0.01313	0.01151	0.01825	0.45156	0.09212	0.01349	0.01558	0.01646	0.01350	0.01765	0.01601	0.02780	0.01491	0.23057	0.01627	0.00380	0.00880	0.00771	0.00362	0.00725
2	0.01798	0.01775	0.02450	0.26715	0.27454	0.09395	0.01930	0.06762	0.01690	0.02215	0.01291	0.01763	0.01048	0.00778	0.00920	0.00234	0.09821	0.00627	0.00370	0.00964
3	0.01054	0.00717	0.00856	0.00856	0.00877	0.00739	0.00519	0.01097	0.01076	0.01456	0.02233	0.04439	0.02505	0.62914	0.15051	0.00782	0.00912	0.01011	0.00432	0.00475
4	0.01660	0.01935	0.11366	0.17005	0.37358	0.01721	0.13962	0.02186	0.01613	0.02258	0.01364	0.01822	0.01079	0.00662	0.00742	0.00228	0.00975	0.00672	0.00348	0.01045
5	0.02434	0.16262	0.10225	0.01783	0.02282	0.51274	0.01522	0.02704	0.01896	0.01827	0.01124	0.01311	0.00934	0.00720	0.00626	0.00186	0.01188	0.00462	0.00355	0.00885

[dist]
# distance from previous block
# <min> <max>
0	1

[block]
# block no. 9 follows, 28 sequences, length 15
# corresponding to MSA columns:
# 687-701
name=unknown_J
#
# <colnr> <probs for GDERKNQSTAVLIFYWHMCP>
#	G	D	E	R	K	N	Q	S	T	A	V	L	I	F	Y	W	H	M	C	P
0	0.01614	0.01107	0.01316	0.01367	0.06768	0.04252	0.00916	0.02035	0.09863	0.13909	0.07768	0.17213	0.08739	0.15139	0.04365	0.00370	0.00659	0.01154	0.00636	0.00811
1	0.01892	0.35364	0.16770	0.02050	0.13952	0.09544	0.01715	0.02404	0.06238	0.02044	0.01278	0.01472	0.01058	0.00679	0.00594	0.00191	0.00894	0.00502	0.00355	0.01005
2	0.01060	0.07711	0.06680	0.01096	0.01302	0.00908	0.00889	0.01302	0.01560	0.02115	0.18171	0.46236	0.04603	0.01823	0.00851	0.00262	0.00488	0.01623	0.00640	0.00681
3	0.01050	0.00731	0.00926	0.00926	0.00972	0.00777	0.00606	0.01142	0.01096	0.01508	0.02169	0.04084	0.02351	0.50036	0.27719	0.00869	0.01144	0.00959	0.00422	0.00514
4	0.02097	0.34881	0.02955	0.01974	0.13752	0.14572	0.01441	0.07349	0.10357	0.02220	0.01396	0.01542	0.01159	0.00714	0.00598	0.00188	0.00862	0.00523	0.00416	0.01005
5	0.01636	0.01699	0.01815	0.15359	0.05730	0.18536	0.04964	0.04754	0.01678	0.01985	0.02475	0.02852	0.12864	0.02064	0.17926	0.00452	0.01190	0.00798	0.00434	0.00790
6	0.08891	0.02793	0.33195	0.02013	0.02657	0.09352	0.08958	0.02220	0.01481	0.02203	0.01191	0.01536	0.00938	0.00828	0.01093	0.00248	0.18547	0.00574	0.00337	0.00945
7	0.01617	0.27137	0.48708	0.01800	0.02725	0.02079	0.02212	0.02261	0.01516	0.02108	0.01208	0.01414	0.00925	0.00668	0.00617	0.00206	0.00977	0.00488	0.00308	0.01028
8	0.00913	0.00733	0.00814	0.00805	0.01018	0.00635	0.00600	0.01143	0.01767	0.02252	0.26366	0.09881	0.47011	0.01753	0.00862	0.00243	0.00363	0.01493	0.00714	0.00635
9	0.01357	0.01221	0.01961	0.20003	0.25423	0.01315	0.01578	0.01725	0.01506	0.02054	0.05396	0.02900	0.09991	0.02019	0.17934	0.00458	0.01067	0.00820	0.00417	0.00856
10	0.01539	0.18933	0.34933	0.01565	0.02238	0.05604	0.01747	0.02005	0.01435	0.01924	0.01468	0.02221	0.01342	0.18573	0.01368	0.00326	0.00931	0.00626	0.00344	0.00876
11	0.03261	0.01237	0.01687	0.01293	0.01856	0.01068	0.01068	0.03543	0.02081	0.70423	0.02868	0.02474	0.01799	0.00900	0.00731	0.00225	0.00619	0.00731	0.00900	0.01237
12	0.01458	0.03760	0.70688	0.02072	0.03146	0.01688	0.02686	0.02302	0.01535	0.02302	0.01304	0.01535	0.00921	0.00691	0.00691	0.00230	0.01074	0.00537	0.00307	0.01074
13	0.01391	0.01307	0.02309	0.22843	0.18083	0.01369	0.12765	0.01786	0.01543	0.02075	0.02191	0.20254	0.02210	0.01164	0.00817	0.00256	0.00832	0.05503	0.00450	0.00850
14	0.01361	0.02817	0.46697	0.01901	0.02685	0.01448	0.09029	0.01996	0.01490	0.02158	0.01828	0.13140	0.01695	0.07338	0.01007	0.00283	0.00957	0.00854	0.00382	0.00934

[dist]
# distance from previous block
# <min> <max>
0	14

[block]
# block no. 10 follows, 28 sequences, length 30
# corresponding to MSA columns:
# 716-745
name=unknown_K
#
# <colnr> <probs for GDERKNQSTAVLIFYWHMCP>
#	G	D	E	R	K	N	Q	S	T	A	V	L	I	F	Y	W	H	M	C	P
0	0.01041	0.00824	0.01230	0.18329	0.02048	0.00907	0.01038	0.01276	0.01348	0.01805	0.02867	0.39483	0.03190	0.05227	0.15439	0.00476	0.00876	0.01423	0.00523	0.00649
1	0.00952	0.00682	0.00911	0.01025	0.01112	0.00641	0.00733	0.01154	0.01584	0.02147	0.19795	0.50125	0.05233	0.02057	0.00919	0.00284	0.00430	0.08891	0.00704	0.00622
2	0.02412	0.02475	0.02130	0.01890	0.04273	0.32789	0.01456	0.13659	0.02011	0.07071	0.01312	0.01562	0.01060	0.00927	0.01168	0.00233	0.21610	0.00572	0.00455	0.00934
3	0.33757	0.01488	0.03937	0.01262	0.01696	0.04493	0.01087	0.09378	0.01763	0.13833	0.02090	0.03162	0.01829	0.01058	0.00677	0.00249	0.00675	0.16075	0.00597	0.00893
4	0.01502	0.01405	0.01588	0.01605	0.07811	0.09143	0.03599	0.02058	0.13042	0.02229	0.02606	0.27401	0.02673	0.01309	0.00766	0.00229	0.00652	0.03163	0.00562	0.16655
5	0.01593	0.01351	0.01573	0.16644	0.02281	0.06240	0.01186	0.13091	0.08212	0.02568	0.14362	0.03324	0.05044	0.09844	0.07499	0.00371	0.00842	0.02586	0.00563	0.00827
6	0.01387	0.01348	0.02482	0.41269	0.03956	0.01524	0.17533	0.01856	0.01458	0.01936	0.01469	0.02131	0.01175	0.01666	0.15256	0.00432	0.01231	0.00724	0.00347	0.00817
7	0.01943	0.74891	0.03809	0.01244	0.01866	0.02876	0.01244	0.02177	0.01477	0.01710	0.01011	0.01166	0.00933	0.00622	0.00466	0.00155	0.00777	0.00389	0.00311	0.00933
8	0.01743	0.01507	0.01561	0.01454	0.01771	0.09063	0.01169	0.12473	0.21355	0.02655	0.02579	0.03763	0.02319	0.02103	0.15288	0.00446	0.00994	0.16235	0.00609	0.00911
9	0.01037	0.00767	0.01107	0.01093	0.01229	0.00847	0.00838	0.01307	0.01379	0.01973	0.18262	0.03546	0.03063	0.06999	0.52054	0.00925	0.01515	0.00918	0.00490	0.00650
10	0.01685	0.17146	0.19857	0.01746	0.02268	0.02110	0.03717	0.02505	0.17593	0.02211	0.01554	0.01771	0.01251	0.00902	0.01118	0.00243	0.20308	0.00612	0.00417	0.00986
11	0.00951	0.00747	0.00858	0.00873	0.01050	0.00699	0.00649	0.01130	0.01474	0.01842	0.05270	0.06027	0.40885	0.14879	0.13219	0.00487	0.00718	0.07062	0.00586	0.00595
12	0.01458	0.08818	0.46198	0.01761	0.02562	0.01616	0.02086	0.04933	0.01590	0.02298	0.06134	0.01996	0.01491	0.01513	0.12074	0.00374	0.01127	0.00623	0.00373	0.00975
13	0.01135	0.00768	0.00959	0.00907	0.01114	0.00689	0.00681	0.01423	0.01922	0.07306	0.46252	0.10375	0.20576	0.01581	0.00854	0.00237	0.00373	0.01376	0.00770	0.00701
14	0.01610	0.01533	0.02447	0.02991	0.34133	0.01667	0.06257	0.02087	0.06278	0.02335	0.10411	0.02518	0.04842	0.00962	0.01113	0.00245	0.16346	0.00796	0.00448	0.00980
15	0.02125	0.01713	0.01824	0.01526	0.02008	0.01921	0.01216	0.25892	0.42517	0.03542	0.02452	0.02314	0.01819	0.00924	0.00725	0.00230	0.00652	0.00744	0.00720	0.05137
16	0.01730	0.01588	0.13628	0.05051	0.02023	0.01295	0.01346	0.02433	0.14251	0.15976	0.07083	0.10350	0.02327	0.01797	0.11997	0.00392	0.04289	0.00899	0.00597	0.00948
17	0.01826	0.01814	0.02572	0.02309	0.10550	0.09684	0.19133	0.10121	0.07859	0.02450	0.01833	0.09590	0.01634	0.01282	0.05869	0.00309	0.08887	0.00859	0.00473	0.00947
18	0.01548	0.16989	0.58249	0.01918	0.02908	0.01909	0.02418	0.02279	0.01524	0.02192	0.01250	0.01466	0.00923	0.00678	0.00649	0.00216	0.01019	0.00510	0.00308	0.01048
19	0.01133	0.00811	0.01118	0.01224	0.01393	0.00796	0.01041	0.01470	0.01777	0.02375	0.21545	0.07453	0.04904	0.01867	0.00965	0.00306	0.00581	0.47863	0.00705	0.00674
20	0.01651	0.10598	0.06798	0.03395	0.03793	0.12995	0.01349	0.04299	0.01559	0.02002	0.06353	0.11918	0.02003	0.01654	0.09206	0.00350	0.17998	0.00834	0.00433	0.00813
21	0.01664	0.15983	0.23798	0.09555	0.02808	0.06773	0.09706	0.02398	0.10591	0.02186	0.01898	0.02083	0.05890	0.00796	0.00689	0.00220	0.00926	0.00663	0.00405	0.00970
22	0.01684	0.01488	0.02194	0.01810	0.02125	0.06296	0.17055	0.02113	0.06987	0.09334	0.02458	0.21498	0.04143	0.01301	0.01152	0.00268	0.15587	0.01114	0.00536	0.00859
23	0.01129	0.00801	0.01044	0.08554	0.01517	0.00762	0.00813	0.01373	0.01683	0.06897	0.20418	0.25683	0.23194	0.01701	0.00856	0.00254	0.00459	0.01489	0.00683	0.00688
24	0.01672	0.07596	0.28005	0.08742	0.11180	0.03823	0.09612	0.02210	0.01519	0.04350	0.01296	0.01661	0.01010	0.00783	0.00992	0.00240	0.13366	0.00608	0.00345	0.00990
25	0.01728	0.01637	0.01979	0.02044	0.13804	0.11887	0.08412	0.12485	0.01899	0.02407	0.02580	0.21189	0.07004	0.06369	0.00999	0.00272	0.00798	0.01107	0.00533	0.00866
26	0.04689	0.01613	0.16688	0.01414	0.01782	0.01213	0.06323	0.04676	0.01358	0.01976	0.01814	0.03034	0.01771	0.29021	0.16724	0.00606	0.03356	0.00808	0.00405	0.00730
27	0.01565	0.01582	0.02964	0.37608	0.18624	0.01705	0.21191	0.02076	0.01574	0.02107	0.01361	0.01915	0.01048	0.00676	0.00764	0.00237	0.01021	0.00708	0.00344	0.00932
28	0.07484	0.05173	0.23857	0.01850	0.04256	0.25554	0.01751	0.02559	0.06332	0.04398	0.01515	0.01693	0.02897	0.00812	0.00803	0.00221	0.06932	0.00563	0.00402	0.00948
29	0.28337	0.07166	0.13812	0.01693	0.05163	0.05022	0.08391	0.05332	0.06312	0.10146	0.01502	0.01629	0.01107	0.00724	0.00620	0.00222	0.00801	0.00560	0.00481	0.00980

[dist]
# distance from previous block
# <min> <max>
0	26

[block]
# block no. 11 follows, 28 sequences, length 19
# corresponding to MSA columns:
# 772-790
name=unknown_L
#
# <colnr> <probs for GDERKNQSTAVLIFYWHMCP>
#	G	D	E	R	K	N	Q	S	T	A	V	L	I	F	Y	W	H	M	C	P
0	0.02296	0.01935	0.07288	0.01473	0.01994	0.14749	0.01240	0.03058	0.18929	0.22165	0.02251	0.04917	0.01686	0.00879	0.00696	0.00210	0.00758	0.00698	0.00635	0.12144
1	0.01626	0.14912	0.01941	0.08403	0.04910	0.06626	0.01147	0.07450	0.13775	0.02422	0.10599	0.03425	0.17705	0.01106	0.00721	0.00219	0.00661	0.00898	0.00568	0.00886
2	0.01243	0.01088	0.03995	0.03822	0.12185	0.00986	0.01014	0.01709	0.07123	0.02422	0.15367	0.04410	0.25506	0.01262	0.00753	0.00224	0.00501	0.01077	0.14520	0.00791
3	0.01816	0.08513	0.35300	0.01744	0.02493	0.01692	0.01942	0.14220	0.01940	0.07544	0.01928	0.02801	0.01625	0.00969	0.00738	0.00240	0.00895	0.12076	0.00492	0.01032
4	0.15451	0.06902	0.08531	0.34079	0.09524	0.01794	0.01776	0.01993	0.01404	0.02174	0.01192	0.01658	0.00944	0.00760	0.00840	0.00238	0.08953	0.00571	0.00346	0.00868
5	0.00935	0.00739	0.00842	0.00816	0.01028	0.00646	0.00612	0.01190	0.01836	0.02389	0.35165	0.06295	0.41558	0.01682	0.00858	0.00238	0.00357	0.01436	0.00731	0.00646
6	0.00912	0.00721	0.00821	0.00832	0.01024	0.00631	0.00611	0.01132	0.01729	0.02219	0.24653	0.17453	0.41065	0.01810	0.00870	0.00249	0.00370	0.01558	0.00711	0.00631
7	0.33924	0.01814	0.01516	0.01318	0.01735	0.13169	0.01042	0.20664	0.02014	0.03192	0.01664	0.11715	0.01511	0.00971	0.00630	0.00227	0.00733	0.00718	0.00548	0.00896
8	0.01810	0.01423	0.01759	0.03925	0.11879	0.01441	0.01216	0.18788	0.08687	0.03046	0.07425	0.04372	0.02027	0.00911	0.00692	0.00201	0.00635	0.03519	0.09300	0.16944
9	0.01613	0.36473	0.02455	0.01238	0.01632	0.04859	0.01065	0.02078	0.11000	0.01938	0.02134	0.20141	0.02178	0.01494	0.06402	0.00288	0.00775	0.00914	0.00474	0.00849
10	0.01762	0.48372	0.28743	0.01552	0.02343	0.02433	0.01781	0.02223	0.01498	0.01931	0.01120	0.01303	0.00928	0.00648	0.00550	0.00183	0.00888	0.00444	0.00309	0.00986
11	0.02243	0.47332	0.03142	0.01476	0.02013	0.25969	0.01305	0.05563	0.01767	0.01871	0.01084	0.01243	0.00949	0.00677	0.00543	0.00169	0.00958	0.00428	0.00352	0.00917
12	0.01181	0.00923	0.01096	0.01074	0.01277	0.00944	0.00794	0.01896	0.18872	0.02616	0.31847	0.22631	0.08827	0.01585	0.00846	0.00251	0.00424	0.01397	0.00745	0.00776
13	0.01526	0.11590	0.04684	0.14111	0.02323	0.01549	0.04344	0.06073	0.11070	0.03776	0.02060	0.10355	0.01888	0.07094	0.13953	0.00438	0.00983	0.00856	0.00481	0.00849
14	0.04571	0.05655	0.14252	0.01801	0.07648	0.08080	0.01525	0.18598	0.09619	0.09844	0.09327	0.02219	0.01910	0.00876	0.00709	0.00220	0.00798	0.00695	0.00589	0.01065
15	0.01016	0.00729	0.00973	0.01038	0.01166	0.00722	0.00788	0.01184	0.01429	0.01884	0.07215	0.20602	0.16987	0.02859	0.17430	0.09276	0.00826	0.12704	0.00574	0.00597
16	0.00948	0.00727	0.00883	0.00983	0.01140	0.00663	0.00752	0.01151	0.01572	0.01982	0.05340	0.29757	0.31170	0.02030	0.00919	0.00285	0.00463	0.17942	0.00673	0.00620
17	0.02107	0.10356	0.02681	0.14002	0.14163	0.20207	0.09213	0.11336	0.04763	0.02383	0.01381	0.01673	0.01091	0.00725	0.00693	0.00211	0.01009	0.00604	0.00419	0.00981
18	0.02018	0.05334	0.07841	0.14609	0.08884	0.01529	0.09016	0.09625	0.01875	0.18115	0.02100	0.09868	0.01740	0.00965	0.00757	0.00237	0.00819	0.03105	0.00558	0.01005

[dist]
# distance from previous block
# <min> <max>
1	22

[block]
# block no. 12 follows, 28 sequences, length 20
# corresponding to MSA columns:
# 813-832
name=unknown_M
#
# <colnr> <probs for GDERKNQSTAVLIFYWHMCP>
#	G	D	E	R	K	N	Q	S	T	A	V	L	I	F	Y	W	H	M	C	P
0	0.21315	0.14983	0.32849	0.01627	0.02375	0.11258	0.01797	0.02320	0.01521	0.02374	0.01158	0.01354	0.00891	0.00683	0.00588	0.00211	0.00928	0.00467	0.00353	0.00948
1	0.11342	0.08367	0.05812	0.01167	0.01559	0.01311	0.01013	0.07285	0.01574	0.02357	0.05945	0.02838	0.10698	0.02442	0.23968	0.00518	0.01051	0.00756	0.00478	0.09520
2	0.05645	0.01541	0.13269	0.01544	0.01962	0.01182	0.09994	0.01981	0.06637	0.08056	0.02647	0.18391	0.02635	0.10026	0.01163	0.00319	0.00746	0.10878	0.00555	0.00827
3	0.02334	0.01938	0.02128	0.01645	0.02204	0.08073	0.06268	0.40409	0.02686	0.03582	0.01702	0.05544	0.01359	0.00852	0.00705	0.00200	0.00807	0.00685	0.00608	0.16273
4	0.01900	0.68536	0.09784	0.01318	0.01980	0.02770	0.01373	0.02188	0.01482	0.01763	0.01037	0.01199	0.00932	0.00628	0.00486	0.00162	0.00804	0.00402	0.00311	0.00945
5	0.01610	0.14154	0.01702	0.01165	0.01467	0.01319	0.00951	0.01929	0.04973	0.13656	0.10279	0.14534	0.11649	0.01857	0.09677	0.00352	0.06242	0.01056	0.00602	0.00826
6	0.02763	0.02036	0.02182	0.01672	0.02254	0.02254	0.01382	0.67496	0.03418	0.04581	0.01745	0.01745	0.01236	0.00873	0.00727	0.00218	0.00800	0.00654	0.00727	0.01236
7	0.01742	0.45452	0.31488	0.01586	0.02396	0.02385	0.01841	0.02229	0.01501	0.01955	0.01132	0.01319	0.00928	0.00650	0.00559	0.00186	0.00900	0.00450	0.00309	0.00991
8	0.01007	0.00786	0.00893	0.00880	0.01087	0.00713	0.00652	0.04482	0.01812	0.02342	0.23791	0.17590	0.37803	0.01767	0.00864	0.00248	0.00392	0.01518	0.00712	0.00661
9	0.01006	0.00731	0.00953	0.01085	0.01200	0.00698	0.00833	0.01211	0.01511	0.01960	0.04261	0.34268	0.13019	0.07617	0.01160	0.00335	0.00532	0.26353	0.00655	0.00613
10	0.01048	0.00707	0.00824	0.00852	0.00868	0.00702	0.00514	0.01084	0.01133	0.01507	0.02569	0.11896	0.02965	0.62265	0.03238	0.00638	0.00674	0.05566	0.00480	0.00471
11	0.19060	0.22600	0.02262	0.10799	0.02216	0.14455	0.01235	0.09391	0.01742	0.02473	0.01253	0.01479	0.01011	0.00715	0.00563	0.00196	0.00820	0.00489	0.06359	0.00882
12	0.34550	0.01572	0.10417	0.01199	0.01658	0.01416	0.01093	0.06118	0.05793	0.04991	0.02247	0.05923	0.08848	0.01519	0.09435	0.00350	0.00792	0.00725	0.00510	0.00845
13	0.02004	0.23226	0.09180	0.01886	0.08291	0.02128	0.06965	0.13471	0.13326	0.05232	0.01645	0.01759	0.01275	0.00759	0.00697	0.00206	0.02719	0.00605	0.00490	0.04136
14	0.08858	0.01401	0.01680	0.01395	0.01746	0.01555	0.01143	0.15587	0.01845	0.10872	0.02187	0.02533	0.07654	0.01494	0.08149	0.00330	0.17515	0.02894	0.00551	0.10611
15	0.04427	0.16859	0.04373	0.01328	0.01775	0.07707	0.01136	0.08819	0.11130	0.08042	0.04437	0.02457	0.06796	0.01668	0.12611	0.00366	0.00930	0.00701	0.00533	0.03904
16	0.04636	0.07534	0.05683	0.01512	0.01947	0.11015	0.07046	0.15410	0.04568	0.06329	0.04317	0.14114	0.02052	0.01056	0.00711	0.00222	0.00764	0.00884	0.09283	0.00919
17	0.11042	0.03376	0.08584	0.10368	0.01919	0.03890	0.01123	0.01670	0.01520	0.04487	0.08069	0.04001	0.16503	0.09466	0.01181	0.04259	0.00677	0.06628	0.00513	0.00724
18	0.09600	0.01715	0.01966	0.08312	0.13656	0.07152	0.01424	0.20064	0.05678	0.02985	0.01763	0.02426	0.01493	0.00883	0.00701	0.00219	0.00783	0.07793	0.00531	0.10859
19	0.02171	0.02012	0.07108	0.06797	0.11325	0.19469	0.01421	0.06292	0.01862	0.15957	0.03702	0.08198	0.01790	0.07499	0.00991	0.00264	0.00885	0.00783	0.00533	0.00942

[dist]
# distance from previous block
# <min> <max>
0	239

# created by:
# /home/berkeley/.conda/envs/busco_data_prod/bin/msa2prfl.pl pipeline/OGs_align_augustus/5794/8327.fs
