[name]
unknown

[dist]
# distance from previous block
# <min> <max>
13	901

[block]
# block no. 0 follows, 27 sequences, length 132
# corresponding to MSA columns:
# 942-1073
name=unknown_A
#
# <colnr> <probs for GDERKNQSTAVLIFYWHMCP>
#	G	D	E	R	K	N	Q	S	T	A	V	L	I	F	Y	W	H	M	C	P
0	0.06171	0.01412	0.01801	0.05259	0.05303	0.04018	0.05520	0.04999	0.12506	0.14960	0.05254	0.09954	0.07336	0.01153	0.00875	0.00246	0.05043	0.03034	0.00636	0.04521
1	0.06123	0.07704	0.19341	0.01763	0.05545	0.08612	0.01629	0.17446	0.05176	0.08860	0.04571	0.02232	0.06029	0.00890	0.00706	0.00223	0.00854	0.00686	0.00549	0.01062
2	0.14323	0.06585	0.02208	0.04479	0.17043	0.07061	0.04579	0.08946	0.10887	0.02817	0.06249	0.02022	0.01633	0.00794	0.00673	0.00214	0.00772	0.00652	0.00507	0.07556
3	0.14045	0.07516	0.04023	0.09845	0.07004	0.04605	0.01236	0.02080	0.05065	0.06758	0.13241	0.02965	0.04913	0.01563	0.09379	0.00349	0.00855	0.03163	0.00532	0.00861
4	0.09432	0.01851	0.02159	0.08063	0.10193	0.08228	0.05462	0.19274	0.07738	0.06755	0.01650	0.01812	0.01241	0.00765	0.00689	0.00210	0.00824	0.00622	0.00546	0.12486
5	0.15568	0.01468	0.01719	0.07901	0.10675	0.06044	0.01286	0.06303	0.04896	0.08216	0.01971	0.09862	0.01760	0.01379	0.06038	0.00315	0.06524	0.02636	0.04536	0.00903
6	0.14826	0.01580	0.01857	0.01596	0.06410	0.01614	0.02976	0.22615	0.02236	0.14672	0.03963	0.02154	0.04719	0.00866	0.00728	0.00213	0.02654	0.00671	0.00633	0.13017
7	0.07270	0.05675	0.01986	0.01733	0.07642	0.12941	0.01280	0.18008	0.11167	0.03002	0.05052	0.02290	0.01717	0.00882	0.00691	0.00208	0.00787	0.04127	0.00567	0.12974
8	0.06943	0.01569	0.01915	0.08878	0.16647	0.04422	0.01391	0.10129	0.18690	0.05224	0.02235	0.02652	0.04285	0.10500	0.01128	0.00298	0.00757	0.00777	0.00558	0.01001
9	0.10085	0.01201	0.01506	0.01360	0.01714	0.01220	0.03726	0.12497	0.02060	0.12040	0.11761	0.05051	0.06280	0.01427	0.00848	0.00273	0.00651	0.24710	0.00707	0.00882
10	0.34292	0.02247	0.01585	0.01407	0.01850	0.28066	0.01095	0.02663	0.09506	0.02649	0.01337	0.01470	0.01060	0.00744	0.00582	0.00208	0.00866	0.00486	0.00463	0.07424
11	0.01147	0.00822	0.01081	0.01179	0.01316	0.00819	0.00941	0.01473	0.04132	0.02181	0.12269	0.14753	0.04360	0.14469	0.01465	0.00385	0.00612	0.35277	0.00664	0.00654
12	0.01459	0.01130	0.01446	0.01354	0.06030	0.01041	0.03909	0.02009	0.11088	0.08150	0.14649	0.04396	0.25505	0.01266	0.00787	0.00222	0.00525	0.01087	0.00663	0.13285
13	0.00983	0.00686	0.00874	0.00992	0.01033	0.00660	0.00658	0.01090	0.01340	0.01781	0.03535	0.46670	0.04170	0.24502	0.01832	0.00435	0.00542	0.07039	0.00614	0.00562
14	0.01755	0.14491	0.10307	0.01754	0.02224	0.15686	0.11795	0.02117	0.01673	0.02066	0.09192	0.02526	0.01971	0.06057	0.07834	0.00347	0.04361	0.02567	0.00424	0.00855
15	0.01837	0.01764	0.03013	0.04557	0.69279	0.01764	0.02278	0.02278	0.01690	0.02425	0.01396	0.01837	0.01176	0.00661	0.00735	0.00220	0.00882	0.00661	0.00367	0.01176
16	0.01817	0.01743	0.02977	0.07656	0.66337	0.01759	0.02268	0.02261	0.01681	0.02401	0.01393	0.01844	0.01167	0.00665	0.00735	0.00222	0.00887	0.00661	0.00366	0.01160
17	0.01322	0.01112	0.01546	0.01736	0.12814	0.01264	0.01072	0.01464	0.01235	0.01736	0.02093	0.03571	0.05221	0.36218	0.07782	0.00556	0.17249	0.00913	0.00415	0.00681
18	0.79154	0.01436	0.01091	0.00976	0.01436	0.01665	0.00804	0.02182	0.01263	0.03331	0.01034	0.01206	0.00804	0.00689	0.00459	0.00230	0.00574	0.00402	0.00459	0.00804
19	0.01752	0.02003	0.04380	0.03129	0.03880	0.01877	0.66583	0.02378	0.01752	0.02378	0.01502	0.02003	0.01126	0.00626	0.00876	0.00250	0.01252	0.00876	0.00375	0.01001
20	0.01624	0.01624	0.02274	0.01949	0.01949	0.02274	0.01624	0.01787	0.01137	0.01787	0.00975	0.01624	0.00975	0.01299	0.02436	0.00325	0.72552	0.00650	0.00325	0.00812
21	0.01008	0.00720	0.00981	0.01152	0.01241	0.00693	0.00870	0.01213	0.01524	0.02011	0.04034	0.50269	0.04683	0.02228	0.00975	0.00316	0.00521	0.24242	0.00687	0.00632
22	0.00904	0.00646	0.00861	0.01034	0.01077	0.00603	0.00689	0.01034	0.01421	0.01895	0.04092	0.73426	0.04910	0.02326	0.00948	0.00301	0.00431	0.02110	0.00689	0.00603
23	0.01801	0.01726	0.02947	0.10261	0.63862	0.01754	0.02260	0.02246	0.01673	0.02381	0.01390	0.01849	0.01160	0.00668	0.00736	0.00223	0.00891	0.00661	0.00364	0.01146
24	0.02773	0.03538	0.02104	0.01913	0.02295	0.70930	0.01434	0.02964	0.02104	0.01817	0.01148	0.01339	0.00956	0.00765	0.00669	0.00191	0.01339	0.00478	0.00383	0.00861
25	0.01603	0.01430	0.01866	0.01374	0.02012	0.01199	0.08037	0.02198	0.10313	0.02505	0.01564	0.01752	0.01256	0.00618	0.00612	0.00144	0.00631	0.00540	0.00474	0.59875
26	0.70940	0.01417	0.01160	0.01014	0.01485	0.01603	0.00835	0.02338	0.01357	0.10531	0.01239	0.01349	0.00916	0.00714	0.00491	0.00230	0.00580	0.00439	0.00509	0.00854
27	0.00916	0.00754	0.00806	0.00793	0.01026	0.00643	0.00594	0.01140	0.01783	0.02222	0.21193	0.06788	0.55170	0.01799	0.00877	0.00247	0.00370	0.01517	0.00718	0.00643
28	0.00914	0.00654	0.00870	0.01027	0.01079	0.00609	0.00690	0.01058	0.01467	0.01967	0.08411	0.68900	0.05050	0.02272	0.00943	0.00297	0.00425	0.02059	0.00698	0.00609
29	0.01975	0.69517	0.03832	0.01489	0.06397	0.02859	0.01337	0.02227	0.01521	0.01792	0.01056	0.01234	0.00968	0.00637	0.00494	0.00163	0.00800	0.00415	0.00321	0.00968
30	0.01837	0.01764	0.03013	0.04557	0.69279	0.01764	0.02278	0.02278	0.01690	0.02425	0.01396	0.01837	0.01176	0.00661	0.00735	0.00220	0.00882	0.00661	0.00367	0.01176
31	0.00880	0.00742	0.00762	0.00778	0.01010	0.00625	0.00576	0.01062	0.01667	0.01995	0.07204	0.13259	0.63068	0.01921	0.00884	0.00255	0.00381	0.01617	0.00689	0.00625
32	0.00950	0.00742	0.00861	0.00857	0.01054	0.00653	0.00633	0.01196	0.01825	0.02381	0.31683	0.14188	0.36749	0.01787	0.00885	0.00250	0.00372	0.01540	0.00741	0.00653
33	0.01804	0.01679	0.09539	0.02064	0.07341	0.01410	0.18598	0.09198	0.01877	0.11666	0.02655	0.17486	0.06433	0.01311	0.03160	0.00283	0.00870	0.01089	0.00570	0.00969
34	0.03331	0.01263	0.01723	0.01321	0.01895	0.01091	0.01091	0.03618	0.02125	0.69794	0.02929	0.02527	0.01838	0.00919	0.00747	0.00230	0.00632	0.00747	0.00919	0.01263
35	0.03311	0.01295	0.01743	0.01336	0.01911	0.01138	0.01104	0.06085	0.02178	0.67251	0.02884	0.02498	0.01815	0.00918	0.00746	0.00229	0.00639	0.00743	0.00912	0.01263
36	0.01849	0.28331	0.26486	0.02243	0.13402	0.08379	0.05149	0.02350	0.01624	0.02103	0.01228	0.01479	0.00993	0.00675	0.00634	0.00203	0.00984	0.00523	0.00333	0.01033
37	0.00877	0.00752	0.00752	0.00752	0.01003	0.00627	0.00564	0.01065	0.01692	0.02005	0.07520	0.07144	0.68978	0.01880	0.00877	0.00251	0.00376	0.01567	0.00689	0.00627
38	0.01656	0.01569	0.02615	0.32673	0.38941	0.01720	0.02131	0.02205	0.05035	0.02239	0.01448	0.01945	0.01154	0.00713	0.00739	0.00233	0.00912	0.00670	0.00372	0.01029
39	0.02350	0.01806	0.02146	0.01975	0.12265	0.01853	0.01397	0.37141	0.05322	0.05930	0.01704	0.01799	0.01271	0.00782	0.00697	0.00197	0.00748	0.00623	0.00621	0.19373
40	0.02544	0.01941	0.02071	0.01652	0.02196	0.02172	0.01344	0.48871	0.21876	0.04230	0.02136	0.02064	0.01549	0.00924	0.00746	0.00231	0.00751	0.00717	0.00746	0.01238
41	0.01962	0.71123	0.06925	0.01309	0.01965	0.02882	0.01338	0.02229	0.01511	0.01774	0.01046	0.01208	0.00952	0.00638	0.00487	0.00162	0.00808	0.00404	0.00317	0.00959
42	0.01612	0.01355	0.01473	0.01339	0.01691	0.01516	0.01034	0.03203	0.49076	0.03031	0.19480	0.03627	0.06042	0.01167	0.00790	0.00247	0.00521	0.00992	0.00768	0.01036
43	0.01051	0.00759	0.00992	0.00934	0.01109	0.00700	0.00700	0.01401	0.02101	0.02977	0.68888	0.05545	0.07005	0.01518	0.00876	0.00233	0.00350	0.01343	0.00817	0.00700
44	0.00904	0.00646	0.00861	0.01034	0.01077	0.00603	0.00689	0.01034	0.01421	0.01895	0.04092	0.73426	0.04910	0.02326	0.00948	0.00301	0.00431	0.02110	0.00689	0.00603
45	0.01489	0.03840	0.70064	0.02116	0.03213	0.01724	0.02743	0.02351	0.01567	0.02351	0.01332	0.01567	0.00940	0.00705	0.00705	0.00235	0.01097	0.00549	0.00313	0.01097
46	0.00877	0.00752	0.00752	0.00752	0.01003	0.00627	0.00564	0.01065	0.01692	0.02005	0.07520	0.07144	0.68978	0.01880	0.00877	0.00251	0.00376	0.01567	0.00689	0.00627
47	0.79154	0.01436	0.01091	0.00976	0.01436	0.01665	0.00804	0.02182	0.01263	0.03331	0.01034	0.01206	0.00804	0.00689	0.00459	0.00230	0.00574	0.00402	0.00459	0.00804
48	0.01514	0.01218	0.01402	0.01034	0.01614	0.00941	0.00821	0.01847	0.01542	0.02476	0.01498	0.01738	0.01230	0.00601	0.00545	0.00120	0.00517	0.00481	0.13008	0.65853
49	0.79154	0.01436	0.01091	0.00976	0.01436	0.01665	0.00804	0.02182	0.01263	0.03331	0.01034	0.01206	0.00804	0.00689	0.00459	0.00230	0.00574	0.00402	0.00459	0.00804
50	0.01846	0.01595	0.01679	0.01511	0.01930	0.01846	0.01175	0.03945	0.67938	0.03105	0.03022	0.02770	0.02266	0.01007	0.00755	0.00252	0.00588	0.00839	0.00755	0.01175
51	0.79154	0.01436	0.01091	0.00976	0.01436	0.01665	0.00804	0.02182	0.01263	0.03331	0.01034	0.01206	0.00804	0.00689	0.00459	0.00230	0.00574	0.00402	0.00459	0.00804
52	0.02773	0.03538	0.02104	0.01913	0.02295	0.70930	0.01434	0.02964	0.02104	0.01817	0.01148	0.01339	0.00956	0.00765	0.00669	0.00191	0.01339	0.00478	0.00383	0.00861
53	0.00932	0.00650	0.00865	0.01017	0.01066	0.00607	0.00681	0.01030	0.01399	0.01855	0.04023	0.65477	0.07234	0.02326	0.01089	0.06079	0.00444	0.01980	0.00662	0.00583
54	0.01846	0.01595	0.01679	0.01511	0.01930	0.01846	0.01175	0.03945	0.67938	0.03105	0.03022	0.02770	0.02266	0.01007	0.00755	0.00252	0.00588	0.00839	0.00755	0.01175
55	0.01058	0.00781	0.01010	0.01060	0.01236	0.00733	0.00847	0.01358	0.01836	0.02454	0.30162	0.12535	0.16781	0.01834	0.00934	0.00280	0.00477	0.23213	0.00738	0.00673
56	0.01538	0.01459	0.02473	0.50972	0.25202	0.01685	0.02130	0.02016	0.01549	0.02062	0.01344	0.01935	0.01048	0.00717	0.00740	0.00239	0.00956	0.00660	0.00342	0.00935
57	0.00904	0.00650	0.00858	0.01024	0.01074	0.00604	0.00685	0.01035	0.01430	0.01899	0.04207	0.71201	0.07061	0.02311	0.00945	0.00300	0.00429	0.02092	0.00689	0.00604
58	0.00982	0.00684	0.00891	0.00980	0.01073	0.00639	0.00681	0.01194	0.01641	0.02289	0.24074	0.47665	0.05359	0.01978	0.00897	0.00272	0.00400	0.01778	0.05885	0.00639
59	0.06736	0.01348	0.01520	0.01122	0.01750	0.01098	0.00896	0.02044	0.06435	0.02531	0.01426	0.01608	0.01166	0.00593	0.00559	0.00128	0.00554	0.00467	0.00464	0.67554
60	0.00914	0.00683	0.00850	0.00956	0.01063	0.00619	0.00661	0.01081	0.01559	0.02038	0.11923	0.50376	0.20308	0.02133	0.00923	0.00282	0.00409	0.01898	0.00703	0.00619
61	0.03102	0.01196	0.01602	0.01247	0.01774	0.01044	0.01024	0.03396	0.02058	0.61908	0.02869	0.02555	0.01845	0.00912	0.00720	0.00223	0.00598	0.00740	0.09991	0.01196
62	0.01640	0.01632	0.02438	0.47154	0.22961	0.07530	0.02070	0.02094	0.01595	0.02039	0.01327	0.01885	0.01039	0.00721	0.00734	0.00235	0.00989	0.00645	0.00345	0.00927
63	0.01722	0.01925	0.10211	0.15695	0.48032	0.01746	0.05434	0.02226	0.01645	0.02325	0.01382	0.01840	0.01116	0.00678	0.00740	0.00228	0.00942	0.00659	0.00356	0.01099
64	0.01051	0.00759	0.00992	0.00934	0.01109	0.00700	0.00700	0.01401	0.02101	0.02977	0.68888	0.05545	0.07005	0.01518	0.00876	0.00233	0.00350	0.01343	0.00817	0.00700
65	0.01030	0.00866	0.01111	0.14861	0.01842	0.00849	0.00898	0.01324	0.01767	0.02260	0.23735	0.05673	0.37980	0.01553	0.00850	0.00245	0.00490	0.01324	0.00655	0.00687
66	0.02961	0.01334	0.01707	0.01353	0.01885	0.01255	0.01102	0.06656	0.12851	0.52745	0.05913	0.02668	0.02116	0.00959	0.00754	0.00233	0.00621	0.00785	0.00879	0.01223
67	0.00942	0.00726	0.00821	0.00869	0.01020	0.00652	0.00613	0.01098	0.01539	0.01933	0.08104	0.22768	0.36317	0.14286	0.01398	0.00347	0.00463	0.04854	0.00653	0.00597
68	0.01961	0.70911	0.07123	0.01312	0.01969	0.02878	0.01342	0.02229	0.01511	0.01776	0.01047	0.01209	0.00952	0.00639	0.00488	0.00163	0.00809	0.00404	0.00317	0.00960
69	0.00909	0.00753	0.00796	0.00785	0.01022	0.00640	0.00589	0.01127	0.01767	0.02183	0.18710	0.06853	0.57678	0.01814	0.00877	0.00248	0.00371	0.01526	0.00713	0.00640
70	0.01985	0.74357	0.03890	0.01270	0.01905	0.02937	0.01270	0.02223	0.01508	0.01747	0.01032	0.01191	0.00953	0.00635	0.00476	0.00159	0.00794	0.00397	0.00318	0.00953
71	0.02463	0.02010	0.10695	0.01510	0.02122	0.09600	0.01350	0.15873	0.02228	0.23702	0.06399	0.02142	0.01718	0.00844	0.00706	0.00204	0.00781	0.00660	0.00652	0.14342
72	0.01402	0.01319	0.02227	0.72126	0.05113	0.01649	0.02062	0.01897	0.01484	0.01897	0.01319	0.01979	0.00990	0.00742	0.00742	0.00247	0.00990	0.00660	0.00330	0.00825
73	0.01196	0.00854	0.01196	0.01367	0.01538	0.00854	0.01196	0.01538	0.01709	0.02222	0.03931	0.08374	0.04272	0.02051	0.01025	0.00342	0.00684	0.64283	0.00684	0.00684
74	0.01067	0.00813	0.00987	0.00934	0.01141	0.00761	0.00703	0.01499	0.06404	0.02779	0.51467	0.05700	0.19847	0.01561	0.00868	0.00238	0.00372	0.01357	0.00786	0.00716
75	0.17298	0.01879	0.01807	0.01458	0.01987	0.12313	0.01181	0.21247	0.02349	0.28319	0.01973	0.01884	0.01344	0.00844	0.00680	0.00222	0.00783	0.00618	0.00700	0.01115
76	0.01489	0.03840	0.70064	0.02116	0.03213	0.01724	0.02743	0.02351	0.01567	0.02351	0.01332	0.01567	0.00940	0.00705	0.00705	0.00235	0.01097	0.00549	0.00313	0.01097
77	0.01051	0.00759	0.00992	0.00934	0.01109	0.00700	0.00700	0.01401	0.02101	0.02977	0.68888	0.05545	0.07005	0.01518	0.00876	0.00233	0.00350	0.01343	0.00817	0.00700
78	0.01833	0.01776	0.03084	0.04483	0.65892	0.01770	0.05609	0.02283	0.01694	0.02423	0.01402	0.01846	0.01173	0.00660	0.00742	0.00222	0.00901	0.00673	0.00368	0.01167
79	0.01863	0.01850	0.02867	0.11162	0.57864	0.06871	0.02194	0.02291	0.01700	0.02327	0.01370	0.01815	0.01141	0.00677	0.00731	0.00221	0.00927	0.00648	0.00365	0.01117
80	0.01402	0.01319	0.02227	0.72126	0.05113	0.01649	0.02062	0.01897	0.01484	0.01897	0.01319	0.01979	0.00990	0.00742	0.00742	0.00247	0.00990	0.00660	0.00330	0.00825
81	0.02072	0.01070	0.01220	0.01032	0.01373	0.01063	0.00820	0.13275	0.02059	0.19102	0.06865	0.02727	0.02118	0.00926	0.00635	0.00199	0.00495	0.00744	0.41281	0.00926
82	0.01019	0.00775	0.01056	0.01052	0.01181	0.00724	0.04058	0.01205	0.01544	0.02057	0.16169	0.31392	0.13432	0.16639	0.01502	0.00366	0.00520	0.04045	0.00648	0.00617
83	0.02346	0.02068	0.02430	0.01915	0.02428	0.13665	0.13860	0.30000	0.02484	0.06255	0.01706	0.01967	0.01306	0.01577	0.12131	0.00380	0.01171	0.00700	0.00563	0.01046
84	0.01807	0.01862	0.12561	0.01504	0.01908	0.11657	0.01349	0.08893	0.01888	0.09480	0.02734	0.19771	0.02744	0.04188	0.00947	0.00282	0.00801	0.14148	0.00602	0.00872
85	0.79154	0.01436	0.01091	0.00976	0.01436	0.01665	0.00804	0.02182	0.01263	0.03331	0.01034	0.01206	0.00804	0.00689	0.00459	0.00230	0.00574	0.00402	0.00459	0.00804
86	0.01140	0.00878	0.01203	0.01161	0.01231	0.01032	0.00856	0.01302	0.01147	0.01635	0.01976	0.03410	0.02028	0.28301	0.39143	0.00919	0.10749	0.00873	0.00406	0.00610
87	0.02394	0.02370	0.02075	0.01776	0.02225	0.26385	0.04536	0.22213	0.14742	0.02991	0.02007	0.02534	0.01661	0.00981	0.00756	0.00231	0.00966	0.07535	0.00593	0.01028
88	0.02773	0.03538	0.02104	0.01913	0.02295	0.70930	0.01434	0.02964	0.02104	0.01817	0.01148	0.01339	0.00956	0.00765	0.00669	0.00191	0.01339	0.00478	0.00383	0.00861
89	0.00904	0.00646	0.00861	0.01034	0.01077	0.00603	0.00689	0.01034	0.01421	0.01895	0.04092	0.73426	0.04910	0.02326	0.00948	0.00301	0.00431	0.02110	0.00689	0.00603
90	0.01685	0.11378	0.49603	0.01923	0.02852	0.01790	0.04418	0.02469	0.04869	0.07109	0.04045	0.01815	0.01305	0.00755	0.00697	0.00227	0.00982	0.00600	0.00399	0.01078
91	0.01042	0.00758	0.00980	0.00925	0.01104	0.00697	0.00693	0.01384	0.02080	0.02927	0.65709	0.05628	0.10214	0.01536	0.00876	0.00234	0.00352	0.01354	0.00811	0.00697
92	0.01317	0.00988	0.01414	0.15636	0.07237	0.01016	0.01128	0.01622	0.01634	0.07800	0.11524	0.09393	0.21330	0.02063	0.12187	0.00400	0.00823	0.01134	0.00579	0.00776
93	0.01482	0.02984	0.45835	0.02033	0.02777	0.01761	0.05244	0.02113	0.01466	0.02186	0.01492	0.07666	0.01292	0.00973	0.01126	0.00262	0.17254	0.00718	0.00351	0.00986
94	0.65290	0.01366	0.01137	0.00997	0.01450	0.01535	0.00818	0.02316	0.01382	0.10901	0.01343	0.01461	0.00996	0.00727	0.00496	0.00226	0.00566	0.00461	0.05684	0.00849
95	0.02090	0.64918	0.03652	0.01356	0.01957	0.12000	0.01292	0.02322	0.01588	0.01756	0.01047	0.01211	0.00953	0.00652	0.00502	0.00163	0.00867	0.00408	0.00326	0.00940
96	0.03331	0.01263	0.01723	0.01321	0.01895	0.01091	0.01091	0.03618	0.02125	0.69794	0.02929	0.02527	0.01838	0.00919	0.00747	0.00230	0.00632	0.00747	0.00919	0.01263
97	0.00900	0.00663	0.00844	0.00988	0.01065	0.00607	0.00669	0.01039	0.01465	0.01913	0.04647	0.62689	0.15288	0.02254	0.00936	0.00293	0.00422	0.02022	0.00689	0.00607
98	0.01553	0.01473	0.02499	0.48736	0.27325	0.01689	0.02137	0.02029	0.01556	0.02080	0.01346	0.01930	0.01054	0.00714	0.00740	0.00238	0.00952	0.00660	0.00343	0.00946
99	0.04928	0.01527	0.01774	0.01508	0.01952	0.01652	0.04534	0.18342	0.27141	0.07679	0.03167	0.03540	0.09551	0.01157	0.00791	0.00252	0.00667	0.08058	0.00717	0.01062
100	0.01985	0.36407	0.02841	0.01487	0.03881	0.05031	0.03392	0.08835	0.12332	0.04706	0.08250	0.02208	0.04034	0.00860	0.00636	0.00199	0.00742	0.00661	0.00515	0.00998
101	0.00993	0.00688	0.00859	0.00943	0.00973	0.00676	0.00597	0.01073	0.01254	0.01680	0.03175	0.38283	0.03728	0.34602	0.06606	0.00545	0.00658	0.01566	0.00564	0.00538
102	0.42512	0.01381	0.01303	0.01034	0.01588	0.01346	0.00840	0.02034	0.01394	0.02900	0.01169	0.01363	0.00944	0.00623	0.00502	0.00173	0.00563	0.00420	0.00450	0.37460
103	0.01713	0.08550	0.09523	0.23052	0.20646	0.01698	0.01849	0.05465	0.01726	0.04892	0.06172	0.02050	0.01510	0.00760	0.00705	0.00216	0.00849	0.00657	0.00424	0.07541
104	0.01080	0.00720	0.00810	0.00810	0.00810	0.00720	0.00450	0.01080	0.01080	0.01439	0.02339	0.04858	0.02699	0.73910	0.03779	0.00720	0.00720	0.01080	0.00450	0.00450
105	0.02041	0.69538	0.03779	0.01299	0.01932	0.02895	0.01280	0.06528	0.01641	0.01942	0.01082	0.01230	0.00973	0.00652	0.00494	0.00163	0.00795	0.00415	0.00346	0.00973
106	0.01001	0.00757	0.00923	0.00882	0.01079	0.00679	0.00661	0.01305	0.01984	0.02698	0.51276	0.06004	0.24790	0.01622	0.00876	0.00238	0.00358	0.01407	0.00781	0.00679
107	0.01384	0.00692	0.00692	0.00692	0.00865	0.00692	0.00519	0.01730	0.01557	0.02768	0.02422	0.02768	0.01903	0.00865	0.00519	0.00173	0.00346	0.00692	0.78031	0.00692
108	0.02129	0.01425	0.01626	0.01430	0.01860	0.01542	0.01137	0.03584	0.44278	0.19344	0.05731	0.03237	0.02502	0.01083	0.00778	0.00252	0.00596	0.05532	0.00793	0.01141
109	0.03331	0.01263	0.01723	0.01321	0.01895	0.01091	0.01091	0.03618	0.02125	0.69794	0.02929	0.02527	0.01838	0.00919	0.00747	0.00230	0.00632	0.00747	0.00919	0.01263
110	0.02773	0.03538	0.02104	0.01913	0.02295	0.70930	0.01434	0.02964	0.02104	0.01817	0.01148	0.01339	0.00956	0.00765	0.00669	0.00191	0.01339	0.00478	0.00383	0.00861
111	0.00901	0.00660	0.00847	0.00997	0.01067	0.00606	0.00673	0.01038	0.01456	0.01909	0.04533	0.64892	0.13159	0.02268	0.00939	0.00295	0.00424	0.02040	0.00689	0.00606
112	0.01539	0.01319	0.01539	0.01100	0.01759	0.00990	0.00880	0.01869	0.01539	0.02419	0.01319	0.01539	0.01100	0.00550	0.00550	0.00110	0.00550	0.00440	0.00440	0.78449
113	0.01062	0.00790	0.01165	0.01165	0.01287	0.00913	0.00893	0.01307	0.01185	0.01702	0.02014	0.03060	0.01918	0.10625	0.65996	0.01158	0.01895	0.00816	0.00402	0.00647
114	0.01766	0.01964	0.04159	0.03360	0.14474	0.01859	0.56167	0.02362	0.01742	0.02386	0.01485	0.01976	0.01134	0.00632	0.00853	0.00245	0.01192	0.00841	0.00374	0.01030
115	0.00877	0.00752	0.00752	0.00752	0.01003	0.00627	0.00564	0.01065	0.01692	0.02005	0.07520	0.07144	0.68978	0.01880	0.00877	0.00251	0.00376	0.01567	0.00689	0.00627
116	0.02822	0.02079	0.02228	0.01708	0.02302	0.02302	0.01411	0.66804	0.03490	0.04679	0.01782	0.01782	0.01262	0.00891	0.00743	0.00223	0.00817	0.00668	0.00743	0.01262
117	0.02822	0.02079	0.02228	0.01708	0.02302	0.02302	0.01411	0.66804	0.03490	0.04679	0.01782	0.01782	0.01262	0.00891	0.00743	0.00223	0.00817	0.00668	0.00743	0.01262
118	0.01700	0.01348	0.01634	0.01210	0.01791	0.01137	0.00978	0.02008	0.01545	0.08038	0.01418	0.01632	0.01148	0.00662	0.00771	0.00143	0.08357	0.00488	0.00468	0.63522
119	0.01051	0.00708	0.00818	0.00846	0.00853	0.00701	0.00489	0.01072	0.01135	0.01513	0.02623	0.15965	0.03057	0.62315	0.03320	0.00652	0.00673	0.01247	0.00489	0.00475
120	0.00978	0.00739	0.00903	0.00898	0.01074	0.00664	0.00660	0.01247	0.01876	0.02527	0.41042	0.16870	0.24312	0.01750	0.00888	0.00249	0.00370	0.01529	0.00760	0.00664
121	0.01061	0.00712	0.00815	0.00834	0.00839	0.00707	0.00476	0.01075	0.01117	0.01489	0.02529	0.12287	0.02938	0.66155	0.03472	0.00674	0.00688	0.01191	0.00476	0.00466
122	0.01722	0.01646	0.02805	0.22415	0.52320	0.01734	0.02221	0.02177	0.01636	0.02286	0.01376	0.01875	0.01127	0.00683	0.00737	0.00228	0.00910	0.00661	0.00358	0.01083
123	0.00922	0.00668	0.00875	0.01034	0.01102	0.00622	0.00713	0.01070	0.01462	0.01926	0.04354	0.63820	0.09961	0.02272	0.00947	0.00300	0.00443	0.06212	0.00689	0.00610
124	0.00925	0.00690	0.00864	0.00977	0.01085	0.00629	0.00686	0.01097	0.01555	0.02028	0.10338	0.49362	0.19705	0.02142	0.00929	0.00286	0.00424	0.04959	0.00700	0.00621
125	0.03012	0.01638	0.01938	0.01501	0.02073	0.01665	0.01235	0.30941	0.07102	0.37213	0.02440	0.02221	0.01618	0.00913	0.00745	0.00228	0.00709	0.00719	0.00832	0.01257
126	0.01491	0.01438	0.02002	0.01761	0.01778	0.01949	0.01439	0.01662	0.01239	0.01880	0.05913	0.11348	0.01895	0.01449	0.02136	0.00316	0.58234	0.00888	0.00406	0.00777
127	0.04442	0.01428	0.02378	0.48609	0.10299	0.01606	0.07951	0.01984	0.01526	0.02105	0.01333	0.01888	0.01025	0.00700	0.00721	0.00229	0.00938	0.00645	0.00355	0.09840
128	0.01681	0.01589	0.01721	0.01334	0.01848	0.07799	0.01067	0.02037	0.04045	0.02283	0.01310	0.01581	0.01109	0.00713	0.00884	0.00159	0.12673	0.00494	0.00427	0.55246
129	0.01478	0.01109	0.01415	0.01496	0.07818	0.01072	0.01001	0.07236	0.08706	0.05905	0.03036	0.38263	0.03216	0.01558	0.00817	0.00248	0.00551	0.01386	0.00643	0.13044
130	0.01075	0.00738	0.00904	0.00904	0.00937	0.00771	0.00568	0.01140	0.01108	0.01510	0.02252	0.04378	0.02490	0.57009	0.20395	0.00837	0.01033	0.01009	0.00437	0.00502
131	0.01472	0.01391	0.02354	0.61181	0.15507	0.01668	0.02097	0.01959	0.01518	0.01982	0.01332	0.01956	0.01020	0.00729	0.00741	0.00243	0.00972	0.00660	0.00336	0.00882

[dist]
# distance from previous block
# <min> <max>
1	12

[block]
# block no. 1 follows, 27 sequences, length 44
# corresponding to MSA columns:
# 1144-1187
name=unknown_B
#
# <colnr> <probs for GDERKNQSTAVLIFYWHMCP>
#	G	D	E	R	K	N	Q	S	T	A	V	L	I	F	Y	W	H	M	C	P
0	0.03331	0.01263	0.01723	0.01321	0.01895	0.01091	0.01091	0.03618	0.02125	0.69794	0.02929	0.02527	0.01838	0.00919	0.00747	0.00230	0.00632	0.00747	0.00919	0.01263
1	0.01022	0.00758	0.00953	0.00904	0.01092	0.00688	0.00678	0.01346	0.02035	0.02818	0.58861	0.05807	0.17131	0.01577	0.00876	0.00236	0.00354	0.01379	0.00796	0.00688
2	0.00903	0.00651	0.00856	0.01020	0.01073	0.00604	0.00683	0.01035	0.01435	0.01901	0.04262	0.70132	0.08094	0.02304	0.00944	0.00299	0.00428	0.02083	0.00689	0.00604
3	0.01169	0.00842	0.01158	0.01301	0.01477	0.00831	0.01124	0.01503	0.01740	0.02272	0.09402	0.08082	0.07711	0.01999	0.01006	0.00328	0.00641	0.56037	0.00695	0.00682
4	0.01080	0.00720	0.00810	0.00810	0.00810	0.00720	0.00450	0.01080	0.01080	0.01439	0.02339	0.04858	0.02699	0.73910	0.03779	0.00720	0.00720	0.01080	0.00450	0.00450
5	0.01752	0.02003	0.04380	0.03129	0.03880	0.01877	0.66583	0.02378	0.01752	0.02378	0.01502	0.02003	0.01126	0.00626	0.00876	0.00250	0.01252	0.00876	0.00375	0.01001
6	0.01645	0.02069	0.17010	0.09490	0.43795	0.01644	0.02219	0.02152	0.01623	0.02318	0.01612	0.08059	0.01437	0.00823	0.00748	0.00233	0.00897	0.00764	0.00381	0.01079
7	0.01489	0.03840	0.70064	0.02116	0.03213	0.01724	0.02743	0.02351	0.01567	0.02351	0.01332	0.01567	0.00940	0.00705	0.00705	0.00235	0.01097	0.00549	0.00313	0.01097
8	0.01080	0.00720	0.00810	0.00810	0.00810	0.00720	0.00450	0.01080	0.01080	0.01439	0.02339	0.04858	0.02699	0.73910	0.03779	0.00720	0.00720	0.01080	0.00450	0.00450
9	0.19370	0.01300	0.01589	0.01248	0.01798	0.01213	0.01030	0.03314	0.01943	0.55734	0.02528	0.02247	0.01619	0.00870	0.00686	0.00230	0.00620	0.00674	0.00822	0.01166
10	0.01416	0.06583	0.55593	0.01898	0.02800	0.01596	0.02336	0.02128	0.01541	0.02248	0.01773	0.13390	0.01595	0.00969	0.00735	0.00243	0.00973	0.00799	0.00376	0.01009
11	0.01402	0.01319	0.02227	0.72126	0.05113	0.01649	0.02062	0.01897	0.01484	0.01897	0.01319	0.01979	0.00990	0.00742	0.00742	0.00247	0.00990	0.00660	0.00330	0.00825
12	0.00987	0.00705	0.00956	0.01128	0.01207	0.00674	0.00832	0.01176	0.01502	0.01987	0.04046	0.55079	0.04730	0.02248	0.00969	0.00313	0.00502	0.19645	0.00688	0.00626
13	0.00970	0.00693	0.00934	0.01093	0.01168	0.00657	0.00788	0.01153	0.01516	0.02020	0.07749	0.56918	0.04905	0.02226	0.00959	0.00305	0.00475	0.14150	0.00695	0.00624
14	0.03331	0.01263	0.01723	0.01321	0.01895	0.01091	0.01091	0.03618	0.02125	0.69794	0.02929	0.02527	0.01838	0.00919	0.00747	0.00230	0.00632	0.00747	0.00919	0.01263
15	0.02242	0.02747	0.15839	0.02472	0.12397	0.20044	0.11878	0.18240	0.02224	0.02794	0.01429	0.01666	0.01086	0.00748	0.00736	0.00221	0.01085	0.00626	0.00454	0.01072
16	0.01656	0.01251	0.01463	0.01176	0.01663	0.01130	0.00925	0.02394	0.16989	0.08601	0.17169	0.02817	0.02771	0.00907	0.00688	0.00181	0.00520	0.00763	0.00640	0.36295
17	0.48644	0.02165	0.01504	0.01352	0.01758	0.25365	0.01066	0.02427	0.01543	0.02726	0.01069	0.01275	0.00866	0.00750	0.00644	0.00222	0.04933	0.00442	0.00425	0.00824
18	0.01842	0.53995	0.22998	0.01514	0.02283	0.02587	0.01695	0.02260	0.01525	0.01921	0.01119	0.01300	0.00949	0.00655	0.00542	0.00181	0.00881	0.00441	0.00316	0.00994
19	0.01983	0.13864	0.10836	0.05842	0.32284	0.01971	0.01924	0.12149	0.01919	0.04653	0.01427	0.01704	0.01133	0.00703	0.00682	0.00209	0.00864	0.00598	0.00429	0.04824
20	0.01982	0.08487	0.02448	0.05931	0.23092	0.21862	0.01652	0.02254	0.01658	0.01986	0.01528	0.02001	0.03957	0.05019	0.01153	0.00255	0.12791	0.00645	0.00377	0.00924
21	0.01061	0.00795	0.01193	0.01193	0.01326	0.00928	0.00928	0.01326	0.01193	0.01723	0.01988	0.02916	0.01856	0.05568	0.70968	0.01193	0.01988	0.00795	0.00398	0.00663
22	0.28235	0.01216	0.01127	0.00987	0.01339	0.01338	0.00790	0.14541	0.01833	0.03332	0.01823	0.02042	0.01403	0.00810	0.00542	0.00202	0.00516	0.00588	0.36496	0.00841
23	0.01402	0.01319	0.02227	0.72126	0.05113	0.01649	0.02062	0.01897	0.01484	0.01897	0.01319	0.01979	0.00990	0.00742	0.00742	0.00247	0.00990	0.00660	0.00330	0.00825
24	0.00904	0.00646	0.00861	0.01034	0.01077	0.00603	0.00689	0.01034	0.01421	0.01895	0.04092	0.73426	0.04910	0.02326	0.00948	0.00301	0.00431	0.02110	0.00689	0.00603
25	0.02812	0.01544	0.01830	0.01463	0.02000	0.01579	0.01189	0.18563	0.20123	0.36570	0.02684	0.02417	0.01817	0.00936	0.00748	0.00234	0.00663	0.00753	0.00833	0.01239
26	0.01325	0.00820	0.01007	0.00944	0.01190	0.00723	0.00713	0.01583	0.01879	0.12838	0.29511	0.14228	0.27114	0.01651	0.00865	0.00247	0.00413	0.01424	0.00773	0.00750
27	0.02773	0.03538	0.02104	0.01913	0.02295	0.70930	0.01434	0.02964	0.02104	0.01817	0.01148	0.01339	0.00956	0.00765	0.00669	0.00191	0.01339	0.00478	0.00383	0.00861
28	0.01545	0.01278	0.01419	0.01292	0.01619	0.01412	0.00995	0.02981	0.42994	0.03057	0.27976	0.03821	0.04061	0.01201	0.00801	0.00245	0.00498	0.01030	0.00779	0.00995
29	0.01758	0.01660	0.02799	0.29057	0.25590	0.01820	0.11364	0.09020	0.01789	0.02432	0.01404	0.01898	0.01099	0.00741	0.00840	0.00240	0.04393	0.00692	0.00393	0.01012
30	0.00904	0.00646	0.00861	0.01034	0.01077	0.00603	0.00689	0.01034	0.01421	0.01895	0.04092	0.73426	0.04910	0.02326	0.00948	0.00301	0.00431	0.02110	0.00689	0.00603
31	0.01067	0.00714	0.00814	0.00826	0.00829	0.00711	0.00468	0.01076	0.01105	0.01473	0.02469	0.09939	0.02863	0.68606	0.03569	0.00689	0.00698	0.01156	0.00468	0.00461
32	0.01614	0.00897	0.00951	0.00867	0.01087	0.00917	0.00648	0.09898	0.01758	0.06019	0.02354	0.02934	0.01934	0.11423	0.01029	0.00261	0.00473	0.00748	0.53433	0.00756
33	0.01747	0.01689	0.04738	0.16013	0.29055	0.01773	0.01831	0.02848	0.27030	0.02584	0.02002	0.02212	0.01550	0.00811	0.00743	0.00238	0.00797	0.00725	0.00507	0.01107
34	0.01051	0.00759	0.00992	0.00934	0.01109	0.00700	0.00700	0.01401	0.02101	0.02977	0.68888	0.05545	0.07005	0.01518	0.00876	0.00233	0.00350	0.01343	0.00817	0.00700
35	0.01729	0.07874	0.02026	0.01536	0.01984	0.01740	0.08072	0.06978	0.38193	0.02837	0.06328	0.03265	0.12069	0.01080	0.00767	0.00241	0.00648	0.00925	0.00669	0.01039
36	0.01487	0.01406	0.02380	0.58984	0.17593	0.01672	0.02104	0.01971	0.01524	0.02000	0.01334	0.01952	0.01026	0.00726	0.00741	0.00242	0.00969	0.00660	0.00337	0.00893
37	0.01015	0.00757	0.00943	0.00897	0.01087	0.00685	0.00672	0.01332	0.02017	0.02777	0.56262	0.05874	0.19755	0.01592	0.00876	0.00237	0.00356	0.01389	0.00791	0.00685
38	0.01384	0.00692	0.00692	0.00692	0.00865	0.00692	0.00519	0.01730	0.01557	0.02768	0.02422	0.02768	0.01903	0.00865	0.00519	0.00173	0.00346	0.00692	0.78031	0.00692
39	0.02007	0.02101	0.02794	0.03894	0.52418	0.15245	0.02077	0.02384	0.01739	0.02271	0.01324	0.01728	0.01122	0.00718	0.00819	0.00221	0.05051	0.00625	0.00368	0.01094
40	0.01043	0.00759	0.00981	0.00926	0.01104	0.00697	0.00694	0.01385	0.02082	0.02932	0.66052	0.05619	0.09868	0.01534	0.00876	0.00234	0.00351	0.01353	0.00811	0.00697
41	0.02510	0.28213	0.07527	0.01426	0.02044	0.02033	0.01324	0.15579	0.02106	0.24415	0.01938	0.04601	0.01456	0.00850	0.00652	0.00206	0.00754	0.00643	0.00612	0.01112
42	0.02050	0.01302	0.01823	0.24594	0.02908	0.01239	0.01335	0.02421	0.01703	0.23171	0.01819	0.01991	0.01293	0.00728	0.00674	0.00192	0.00720	0.00608	0.00552	0.28875
43	0.45713	0.01880	0.01655	0.01628	0.08967	0.11173	0.01165	0.14867	0.01856	0.03291	0.01233	0.01403	0.00953	0.00736	0.00572	0.00222	0.00758	0.00492	0.00494	0.00941

[dist]
# distance from previous block
# <min> <max>
0	1

[block]
# block no. 2 follows, 27 sequences, length 21
# corresponding to MSA columns:
# 1189-1209
name=unknown_C
#
# <colnr> <probs for GDERKNQSTAVLIFYWHMCP>
#	G	D	E	R	K	N	Q	S	T	A	V	L	I	F	Y	W	H	M	C	P
0	0.02666	0.02020	0.02234	0.01739	0.02256	0.02298	0.01439	0.58325	0.03183	0.04301	0.01677	0.01762	0.01225	0.00944	0.00963	0.00236	0.10172	0.00666	0.00688	0.01204
1	0.01080	0.00720	0.00810	0.00810	0.00810	0.00720	0.00450	0.01080	0.01080	0.01439	0.02339	0.04858	0.02699	0.73910	0.03779	0.00720	0.00720	0.01080	0.00450	0.00450
2	0.02579	0.03165	0.02055	0.05634	0.02399	0.58197	0.01434	0.03035	0.10656	0.01989	0.01401	0.01560	0.01129	0.00795	0.00685	0.00202	0.01222	0.00535	0.00428	0.00900
3	0.01539	0.01319	0.01539	0.01100	0.01759	0.00990	0.00880	0.01869	0.01539	0.02419	0.01319	0.01539	0.01100	0.00550	0.00550	0.00110	0.00550	0.00440	0.00440	0.78449
4	0.01677	0.01315	0.01553	0.01117	0.01770	0.00997	0.00896	0.02004	0.01584	0.07599	0.01443	0.01615	0.01156	0.00578	0.00565	0.00119	0.00556	0.00463	0.00477	0.72514
5	0.01539	0.01319	0.01539	0.01100	0.01759	0.00990	0.00880	0.01869	0.01539	0.02419	0.01319	0.01539	0.01100	0.00550	0.00550	0.00110	0.00550	0.00440	0.00440	0.78449
6	0.01873	0.01862	0.03078	0.04329	0.61257	0.04864	0.07184	0.02317	0.01714	0.02394	0.01393	0.01828	0.01162	0.00663	0.00743	0.00221	0.00931	0.00670	0.00369	0.01148
7	0.01051	0.00759	0.00992	0.00934	0.01109	0.00700	0.00700	0.01401	0.02101	0.02977	0.68888	0.05545	0.07005	0.01518	0.00876	0.00233	0.00350	0.01343	0.00817	0.00700
8	0.02063	0.51980	0.12399	0.01501	0.02151	0.15220	0.01497	0.02376	0.01625	0.01840	0.01093	0.01268	0.00952	0.00668	0.00542	0.00175	0.00934	0.00432	0.00329	0.00955
9	0.02822	0.02079	0.02228	0.01708	0.02302	0.02302	0.01411	0.66804	0.03490	0.04679	0.01782	0.01782	0.01262	0.00891	0.00743	0.00223	0.00817	0.00668	0.00743	0.01262
10	0.01114	0.00816	0.01081	0.01171	0.01355	0.00783	0.00982	0.01436	0.01803	0.02376	0.20453	0.07499	0.14349	0.01895	0.00967	0.00302	0.00557	0.39665	0.00717	0.00679
11	0.00981	0.00756	0.00896	0.00861	0.01066	0.00671	0.00646	0.01266	0.01937	0.02587	0.44271	0.06187	0.31864	0.01663	0.00876	0.00240	0.00361	0.01432	0.00766	0.00671
12	0.01012	0.00740	0.00951	0.00934	0.01095	0.00679	0.00687	0.01314	0.01958	0.02721	0.53288	0.16471	0.12026	0.01677	0.00887	0.00246	0.00365	0.01484	0.00786	0.00679
13	0.01801	0.01727	0.02948	0.10194	0.63926	0.01754	0.02260	0.02246	0.01673	0.02381	0.01390	0.01849	0.01160	0.00668	0.00736	0.00223	0.00891	0.00661	0.00364	0.01147
14	0.00947	0.00708	0.00834	0.00890	0.01008	0.00645	0.00607	0.01100	0.01534	0.01988	0.13314	0.30895	0.25202	0.15180	0.01434	0.00353	0.00456	0.01648	0.00662	0.00595
15	0.01205	0.01358	0.11088	0.07075	0.01828	0.01059	0.01137	0.01830	0.10474	0.02576	0.29916	0.04702	0.20144	0.01358	0.00825	0.00241	0.00549	0.01160	0.00665	0.00812
16	0.01539	0.01319	0.01539	0.01100	0.01759	0.00990	0.00880	0.01869	0.01539	0.02419	0.01319	0.01539	0.01100	0.00550	0.00550	0.00110	0.00550	0.00440	0.00440	0.78449
17	0.01498	0.01399	0.02345	0.45400	0.23791	0.01595	0.01999	0.01964	0.01603	0.02155	0.07666	0.02271	0.01608	0.00791	0.00753	0.00238	0.00898	0.00724	0.00387	0.00917
18	0.01750	0.04921	0.23872	0.02706	0.24614	0.06979	0.03961	0.02348	0.04223	0.02356	0.01397	0.01681	0.01105	0.00675	0.00684	0.00204	0.00923	0.00577	0.00378	0.14645
19	0.01842	0.08312	0.11136	0.02010	0.05566	0.16180	0.15261	0.02391	0.06917	0.02228	0.02085	0.02286	0.07899	0.00844	0.00767	0.00215	0.02996	0.00720	0.03441	0.06901
20	0.01636	0.01553	0.01544	0.01391	0.04961	0.12100	0.01002	0.04765	0.01707	0.02291	0.02243	0.17206	0.05551	0.01056	0.00689	0.00182	0.00669	0.00885	0.00508	0.38061

[dist]
# distance from previous block
# <min> <max>
0	1

[block]
# block no. 3 follows, 27 sequences, length 30
# corresponding to MSA columns:
# 1211-1240
name=unknown_D
#
# <colnr> <probs for GDERKNQSTAVLIFYWHMCP>
#	G	D	E	R	K	N	Q	S	T	A	V	L	I	F	Y	W	H	M	C	P
0	0.01204	0.00971	0.01389	0.01249	0.01489	0.00903	0.07789	0.05204	0.01663	0.02262	0.11608	0.34316	0.08788	0.08752	0.01152	0.00301	0.00567	0.01492	0.00627	0.08275
1	0.01686	0.06417	0.04164	0.01826	0.11092	0.08816	0.04804	0.07700	0.01942	0.02592	0.20004	0.03273	0.02988	0.05211	0.00926	0.00241	0.00739	0.04580	0.00553	0.10445
2	0.00997	0.00745	0.00925	0.00904	0.01082	0.00674	0.00669	0.01287	0.01938	0.02645	0.48305	0.13184	0.20545	0.01685	0.00884	0.00245	0.00365	0.01475	0.00775	0.00674
3	0.02328	0.43741	0.03130	0.01531	0.02074	0.26982	0.01339	0.07419	0.01871	0.01995	0.01130	0.01288	0.00978	0.00701	0.00565	0.00175	0.00989	0.00446	0.00373	0.00944
4	0.01077	0.00731	0.00866	0.00866	0.00886	0.00750	0.00520	0.01116	0.01096	0.01481	0.02287	0.04572	0.02575	0.63829	0.13690	0.00790	0.00907	0.01038	0.00442	0.00481
5	0.09289	0.12791	0.02378	0.19070	0.11270	0.01695	0.07368	0.01911	0.01566	0.02252	0.09675	0.09838	0.02144	0.00992	0.00810	0.00237	0.04553	0.00850	0.00447	0.00864
6	0.01517	0.03643	0.63017	0.02225	0.03285	0.01741	0.09592	0.02354	0.01587	0.02354	0.01350	0.01614	0.00960	0.00697	0.00724	0.00237	0.01114	0.00584	0.00320	0.01087
7	0.01289	0.00645	0.00967	0.00967	0.00967	0.00645	0.00645	0.00967	0.00967	0.01289	0.01289	0.02257	0.01289	0.02579	0.02901	0.78401	0.00645	0.00645	0.00322	0.00322
8	0.02021	0.71113	0.03808	0.01300	0.01923	0.06052	0.01278	0.02257	0.01536	0.01750	0.01037	0.01198	0.00953	0.00641	0.00485	0.00160	0.00819	0.00401	0.00321	0.00948
9	0.55043	0.01738	0.01351	0.01178	0.01644	0.12446	0.00949	0.02535	0.01533	0.13718	0.01355	0.01438	0.00993	0.00738	0.00538	0.00224	0.00703	0.00469	0.00521	0.00886
10	0.01008	0.00720	0.00980	0.01152	0.01240	0.00692	0.00869	0.01213	0.01523	0.02011	0.04035	0.50363	0.04684	0.02228	0.00975	0.00316	0.00520	0.24153	0.00687	0.00632
11	0.01005	0.00753	0.00951	0.01054	0.01207	0.00699	0.00818	0.01239	0.01653	0.02135	0.11295	0.27933	0.22402	0.02037	0.00946	0.00294	0.00489	0.21745	0.00700	0.00645
12	0.01402	0.01319	0.02227	0.72126	0.05113	0.01649	0.02062	0.01897	0.01484	0.01897	0.01319	0.01979	0.00990	0.00742	0.00742	0.00247	0.00990	0.00660	0.00330	0.00825
13	0.00907	0.00756	0.00793	0.00793	0.01033	0.00643	0.00601	0.01118	0.01737	0.02117	0.13987	0.07015	0.60079	0.01847	0.00882	0.00252	0.00384	0.03717	0.00703	0.00637
14	0.01546	0.00749	0.00819	0.00793	0.00996	0.00726	0.00597	0.01864	0.01605	0.09874	0.02639	0.09632	0.02189	0.01013	0.00585	0.00192	0.00385	0.00836	0.62216	0.00745
15	0.01080	0.00720	0.00810	0.00810	0.00810	0.00720	0.00450	0.01080	0.01080	0.01439	0.02339	0.04858	0.02699	0.73910	0.03779	0.00720	0.00720	0.01080	0.00450	0.00450
16	0.10072	0.01874	0.01965	0.01574	0.02102	0.02091	0.01281	0.46912	0.14291	0.04160	0.02018	0.04852	0.01541	0.00951	0.00725	0.00232	0.00738	0.00731	0.00715	0.01175
17	0.01401	0.01285	0.02143	0.68218	0.04881	0.01597	0.01977	0.01888	0.01488	0.01944	0.01380	0.02022	0.01040	0.00749	0.00730	0.00243	0.00954	0.00661	0.04580	0.00817
18	0.01837	0.01764	0.03013	0.04557	0.69279	0.01764	0.02278	0.02278	0.01690	0.02425	0.01396	0.01837	0.01176	0.00661	0.00735	0.00220	0.00882	0.00661	0.00367	0.01176
19	0.01743	0.01828	0.02334	0.47134	0.15244	0.15229	0.01975	0.02169	0.01640	0.01969	0.01299	0.01830	0.01014	0.00733	0.00727	0.00232	0.01040	0.00624	0.00346	0.00890
20	0.01676	0.01599	0.02721	0.29640	0.45459	0.01721	0.02198	0.02137	0.01614	0.02229	0.01368	0.01890	0.01107	0.00691	0.00738	0.00230	0.00922	0.00661	0.00354	0.01046
21	0.01846	0.01595	0.01679	0.01511	0.01930	0.01846	0.01175	0.03945	0.67938	0.03105	0.03022	0.02770	0.02266	0.01007	0.00755	0.00252	0.00588	0.00839	0.00755	0.01175
22	0.00928	0.00684	0.00876	0.01019	0.01109	0.00631	0.00718	0.01088	0.01494	0.01945	0.04647	0.56048	0.15514	0.02225	0.00943	0.00297	0.00446	0.08082	0.00689	0.00615
23	0.04281	0.01511	0.02094	0.33723	0.03381	0.05485	0.01679	0.02288	0.01554	0.15813	0.01543	0.01942	0.01152	0.00920	0.01163	0.00260	0.19185	0.00657	0.00456	0.00913
24	0.03169	0.01524	0.01884	0.01444	0.02025	0.01477	0.01193	0.23763	0.02560	0.49034	0.02563	0.02289	0.01654	0.00910	0.00745	0.00228	0.00691	0.00722	0.00863	0.01263
25	0.01665	0.01361	0.01279	0.01214	0.01474	0.12539	0.00902	0.08072	0.01904	0.09520	0.07491	0.29678	0.16673	0.01641	0.00842	0.00254	0.00626	0.01399	0.00675	0.00791
26	0.01070	0.00716	0.00812	0.00821	0.00824	0.00714	0.00462	0.01077	0.01098	0.01463	0.02431	0.08463	0.02815	0.70147	0.03630	0.00698	0.00705	0.01134	0.00462	0.00458
27	0.01964	0.02021	0.02629	0.10391	0.43699	0.14206	0.01987	0.02543	0.08852	0.02337	0.01518	0.01862	0.01235	0.00725	0.00726	0.00221	0.00943	0.00647	0.00408	0.01085
28	0.05111	0.01862	0.02255	0.24146	0.19171	0.12154	0.01735	0.09230	0.05333	0.02484	0.01439	0.01794	0.01129	0.00735	0.00700	0.00216	0.00917	0.00611	0.00430	0.08548
29	0.10622	0.02222	0.02489	0.01963	0.02469	0.19006	0.15693	0.16356	0.02115	0.07236	0.01459	0.01682	0.01110	0.00806	0.00880	0.00227	0.07986	0.00631	0.00499	0.04548

[dist]
# distance from previous block
# <min> <max>
0	2

[block]
# block no. 4 follows, 27 sequences, length 6
# corresponding to MSA columns:
# 1243-1248
name=unknown_E
#
# <colnr> <probs for GDERKNQSTAVLIFYWHMCP>
#	G	D	E	R	K	N	Q	S	T	A	V	L	I	F	Y	W	H	M	C	P
0	0.00942	0.00684	0.00888	0.00986	0.01080	0.00631	0.00683	0.01134	0.01624	0.02193	0.21690	0.50238	0.10326	0.02076	0.00923	0.00279	0.00405	0.01864	0.00723	0.00631
1	0.08044	0.02007	0.02075	0.20504	0.02954	0.13253	0.01519	0.28434	0.05268	0.06460	0.01608	0.01798	0.01177	0.00822	0.00710	0.00226	0.00912	0.00626	0.00561	0.01042
2	0.01243	0.01052	0.01508	0.01963	0.19435	0.01003	0.01215	0.01560	0.01743	0.02289	0.11870	0.05885	0.25718	0.01560	0.00880	0.00266	0.00594	0.18802	0.00616	0.00798
3	0.01157	0.00900	0.01080	0.01161	0.01305	0.00936	0.00819	0.01813	0.19221	0.02219	0.03805	0.54519	0.04203	0.01973	0.00896	0.00288	0.00473	0.01770	0.00707	0.00756
4	0.01448	0.02825	0.42785	0.01928	0.02593	0.01723	0.02172	0.02026	0.01433	0.02140	0.01601	0.11072	0.01474	0.01078	0.01200	0.00268	0.20130	0.00782	0.00366	0.00956
5	0.08637	0.01981	0.02156	0.02043	0.10983	0.10533	0.03514	0.24285	0.10518	0.06286	0.01735	0.01868	0.01316	0.00872	0.00863	0.00232	0.07404	0.00653	0.03036	0.01085

[dist]
# distance from previous block
# <min> <max>
0	3

[block]
# block no. 5 follows, 27 sequences, length 9
# corresponding to MSA columns:
# 1252-1260
name=unknown_F
#
# <colnr> <probs for GDERKNQSTAVLIFYWHMCP>
#	G	D	E	R	K	N	Q	S	T	A	V	L	I	F	Y	W	H	M	C	P
0	0.01695	0.01565	0.01384	0.01283	0.01547	0.16202	0.00952	0.06086	0.12009	0.04530	0.18514	0.13286	0.07734	0.08560	0.01099	0.00285	0.00688	0.01113	0.00650	0.00816
1	0.01141	0.00684	0.00943	0.00961	0.01021	0.00670	0.00661	0.01065	0.01240	0.01656	0.09118	0.13090	0.09220	0.06680	0.07916	0.41278	0.00675	0.01045	0.00472	0.00464
