[name]
unknown

[dist]
# distance from previous block
# <min> <max>
0	51

[block]
# block no. 0 follows, 26 sequences, length 17
# corresponding to MSA columns:
# 117-133
name=unknown_A
#
# <colnr> <probs for GDERKNQSTAVLIFYWHMCP>
#	G	D	E	R	K	N	Q	S	T	A	V	L	I	F	Y	W	H	M	C	P
0	0.01680	0.01965	0.10053	0.05680	0.19568	0.05766	0.21575	0.02177	0.01750	0.02368	0.07948	0.02902	0.02022	0.05585	0.01025	0.00279	0.00998	0.05242	0.00443	0.00974
1	0.01667	0.11072	0.21963	0.01857	0.06598	0.01535	0.08314	0.02146	0.01711	0.08926	0.11087	0.07822	0.04723	0.06116	0.00985	0.00271	0.00831	0.00903	0.00513	0.00959
2	0.02140	0.01002	0.01287	0.01095	0.01470	0.00881	0.00863	0.02421	0.01995	0.33637	0.17701	0.09081	0.15577	0.01349	0.00815	0.00241	0.00503	0.01142	0.05837	0.00963
3	0.01272	0.01100	0.01433	0.07896	0.01795	0.05609	0.01111	0.01536	0.01296	0.01771	0.01860	0.02813	0.01742	0.08723	0.50444	0.00970	0.06743	0.00786	0.00397	0.00703
4	0.01642	0.10879	0.11635	0.02426	0.19621	0.01711	0.08322	0.02284	0.10237	0.02292	0.02284	0.02919	0.06743	0.10702	0.01172	0.00302	0.00852	0.02531	0.00460	0.00986
5	0.01209	0.01018	0.01291	0.01286	0.01403	0.01158	0.00962	0.01633	0.10333	0.02089	0.03740	0.38168	0.11634	0.02019	0.03366	0.00327	0.15433	0.01558	0.00627	0.00745
6	0.47754	0.01333	0.01265	0.01072	0.01546	0.01418	0.00879	0.02622	0.01588	0.23133	0.01791	0.01809	0.01260	0.00794	0.00564	0.00228	0.00579	0.00548	0.08865	0.00951
7	0.01555	0.01200	0.01909	0.08353	0.02221	0.01195	0.14162	0.07798	0.01826	0.06567	0.05447	0.25906	0.05553	0.01389	0.00836	0.00258	0.00699	0.01284	0.11000	0.00842
8	0.01944	0.09740	0.24051	0.02673	0.13745	0.08415	0.17502	0.08395	0.01897	0.02532	0.01409	0.01714	0.01079	0.00710	0.00745	0.00229	0.01089	0.00649	0.00392	0.01089
9	0.02355	0.02639	0.02285	0.02120	0.06497	0.34334	0.01589	0.09127	0.01915	0.02190	0.01193	0.01553	0.01031	0.00985	0.01346	0.00250	0.26677	0.00584	0.00407	0.00925
10	0.07120	0.27671	0.07083	0.02371	0.19475	0.17940	0.01671	0.04540	0.01783	0.02221	0.01222	0.01468	0.01033	0.00703	0.00623	0.00198	0.00967	0.00514	0.00376	0.01021
11	0.20209	0.23416	0.02500	0.01625	0.04807	0.22793	0.01300	0.10895	0.01940	0.02606	0.01207	0.01373	0.00990	0.00737	0.00589	0.00200	0.00933	0.00480	0.00437	0.00961
12	0.09385	0.02005	0.23865	0.04632	0.08325	0.01315	0.01572	0.01816	0.01477	0.02213	0.02640	0.03300	0.12694	0.15074	0.06233	0.00405	0.00907	0.00856	0.00439	0.00848
13	0.01012	0.00782	0.00980	0.08265	0.01442	0.00764	0.00753	0.01169	0.01455	0.01856	0.04477	0.29756	0.22601	0.19315	0.01628	0.00391	0.00555	0.01583	0.00606	0.00609
14	0.02125	0.02096	0.01798	0.01605	0.02011	0.19628	0.01238	0.08273	0.38590	0.02940	0.09283	0.02667	0.02393	0.01010	0.00761	0.00237	0.00793	0.00802	0.00678	0.01073
15	0.01273	0.01766	0.18088	0.01551	0.02098	0.01146	0.09802	0.01706	0.01607	0.02205	0.03547	0.15255	0.19299	0.01584	0.05052	0.00300	0.00815	0.01146	0.00516	0.11244
16	0.01563	0.17463	0.40490	0.08417	0.02989	0.01892	0.04339	0.02193	0.01572	0.02186	0.01598	0.09008	0.01398	0.00880	0.00708	0.00233	0.00982	0.00717	0.00365	0.01009

[dist]
# distance from previous block
# <min> <max>
4	16

[block]
# block no. 1 follows, 26 sequences, length 23
# corresponding to MSA columns:
# 150-172
name=unknown_B
#
# <colnr> <probs for GDERKNQSTAVLIFYWHMCP>
#	G	D	E	R	K	N	Q	S	T	A	V	L	I	F	Y	W	H	M	C	P
0	0.08236	0.01382	0.01697	0.06141	0.02001	0.07344	0.08022	0.02206	0.08420	0.10706	0.06986	0.21265	0.02876	0.07954	0.01094	0.00303	0.00728	0.01166	0.00620	0.00853
1	0.20919	0.08054	0.01982	0.07658	0.11594	0.06256	0.01287	0.08005	0.01811	0.02839	0.09613	0.02057	0.01793	0.00808	0.00644	0.00207	0.00731	0.00626	0.00496	0.12621
2	0.01410	0.00938	0.01263	0.07386	0.01589	0.01007	0.00911	0.09250	0.01481	0.01979	0.02167	0.09547	0.05054	0.09165	0.12499	0.31483	0.00893	0.00915	0.00461	0.00602
3	0.06078	0.08276	0.08499	0.06647	0.07654	0.27692	0.03688	0.09765	0.08055	0.02510	0.01470	0.01665	0.01154	0.00779	0.00691	0.00214	0.01050	0.00579	0.00455	0.03077
4	0.01896	0.01724	0.02055	0.12203	0.17664	0.08655	0.01528	0.15958	0.06506	0.02770	0.02834	0.08029	0.12739	0.01106	0.00789	0.00240	0.00810	0.00934	0.00560	0.00999
5	0.09226	0.01915	0.09053	0.01472	0.02025	0.04910	0.01298	0.26835	0.02443	0.07861	0.07623	0.05729	0.07830	0.01044	0.00741	0.00226	0.00737	0.00824	0.00652	0.07560
6	0.01938	0.23930	0.10565	0.02583	0.25514	0.02071	0.01774	0.07942	0.01849	0.04931	0.04850	0.03988	0.03301	0.00826	0.00685	0.00212	0.00831	0.00684	0.00449	0.01079
7	0.08134	0.00824	0.00844	0.00827	0.01023	0.00773	0.00583	0.01237	0.01563	0.02127	0.12507	0.05910	0.37037	0.21480	0.01675	0.00384	0.00497	0.01328	0.00630	0.00616
8	0.01215	0.01167	0.06230	0.07594	0.01779	0.00990	0.01038	0.01740	0.07686	0.02630	0.32453	0.11851	0.11868	0.01423	0.00840	0.00241	0.00523	0.01240	0.00687	0.06805
9	0.02070	0.01666	0.02181	0.17552	0.07711	0.10031	0.07403	0.08051	0.01940	0.14114	0.06990	0.02434	0.01817	0.01557	0.10739	0.00376	0.01087	0.00762	0.00543	0.00975
10	0.01576	0.00866	0.01080	0.00988	0.01205	0.00792	0.00712	0.01782	0.01739	0.17088	0.21083	0.10876	0.11317	0.21326	0.01680	0.00381	0.00536	0.01238	0.02979	0.00755
11	0.00971	0.00680	0.00866	0.00996	0.01028	0.00648	0.00639	0.01069	0.01360	0.01813	0.03707	0.54889	0.04419	0.21151	0.01733	0.00421	0.00518	0.01878	0.00639	0.00575
12	0.02421	0.02862	0.02321	0.02648	0.20564	0.45003	0.01681	0.02701	0.01996	0.02066	0.01504	0.02170	0.01351	0.00873	0.00736	0.00218	0.01177	0.06340	0.00415	0.00952
13	0.01488	0.01315	0.01943	0.14591	0.24373	0.01352	0.01517	0.07141	0.01812	0.02389	0.03559	0.12263	0.20629	0.01274	0.00821	0.00249	0.00711	0.01122	0.00535	0.00914
14	0.00969	0.00685	0.00896	0.01047	0.01094	0.00650	0.00705	0.01097	0.01423	0.01894	0.03920	0.59067	0.04658	0.12264	0.01377	0.00370	0.00499	0.06117	0.00670	0.00600
15	0.01704	0.01847	0.11701	0.02039	0.10455	0.01612	0.07235	0.07647	0.23034	0.03003	0.18257	0.03078	0.02978	0.01024	0.00802	0.00244	0.00732	0.00907	0.00638	0.01062
16	0.11581	0.02632	0.23516	0.02008	0.02717	0.11513	0.13127	0.07190	0.01877	0.07819	0.01725	0.02313	0.01379	0.00867	0.00750	0.00244	0.01022	0.06227	0.00474	0.01020
17	0.02598	0.01956	0.07735	0.04493	0.09089	0.07926	0.01505	0.20304	0.02372	0.24223	0.02248	0.08348	0.01733	0.00993	0.00768	0.00236	0.00826	0.00810	0.00685	0.01152
18	0.01467	0.01384	0.02338	0.66307	0.10166	0.01694	0.02124	0.01968	0.01533	0.01980	0.01354	0.02011	0.01026	0.00752	0.00758	0.00251	0.01003	0.00674	0.00340	0.00871
19	0.01723	0.01091	0.01470	0.01321	0.01610	0.04003	0.06037	0.01970	0.01744	0.18956	0.07969	0.30533	0.09280	0.01967	0.06294	0.00342	0.00714	0.01424	0.00709	0.00844
20	0.04126	0.00853	0.01005	0.00927	0.01151	0.00843	0.00695	0.01926	0.01605	0.13680	0.08006	0.03318	0.02455	0.12525	0.09789	0.00408	0.00677	0.00836	0.34406	0.00768
21	0.20405	0.01595	0.01676	0.01370	0.01837	0.01749	0.01116	0.31523	0.02493	0.08179	0.08962	0.02293	0.01935	0.01372	0.07101	0.00320	0.00804	0.00711	0.03521	0.01039
22	0.01046	0.00822	0.00923	0.00924	0.01114	0.00769	0.00663	0.01404	0.07232	0.02256	0.18406	0.16532	0.32246	0.10729	0.01266	0.00320	0.00450	0.01516	0.00706	0.00677

[dist]
# distance from previous block
# <min> <max>
5	36

[block]
# block no. 2 follows, 26 sequences, length 19
# corresponding to MSA columns:
# 209-227
name=unknown_C
#
# <colnr> <probs for GDERKNQSTAVLIFYWHMCP>
#	G	D	E	R	K	N	Q	S	T	A	V	L	I	F	Y	W	H	M	C	P
0	0.15049	0.06598	0.02387	0.09783	0.18384	0.01861	0.06898	0.07234	0.14853	0.02866	0.05451	0.02150	0.01659	0.00821	0.00710	0.00235	0.00789	0.00706	0.00518	0.01046
1	0.01272	0.01112	0.01609	0.01910	0.17021	0.01064	0.04474	0.01663	0.05404	0.02332	0.14132	0.12143	0.24772	0.06416	0.01067	0.00285	0.00590	0.01297	0.00618	0.00819
2	0.06816	0.01003	0.01255	0.01212	0.03214	0.01055	0.00906	0.05102	0.04656	0.08446	0.09280	0.03329	0.08378	0.02814	0.24708	0.06261	0.01047	0.00878	0.08851	0.00791
3	0.08206	0.01058	0.01186	0.01057	0.01361	0.01067	0.00802	0.02366	0.12559	0.15909	0.12763	0.03705	0.07367	0.12125	0.01199	0.00306	0.00533	0.00940	0.14616	0.00873
4	0.01599	0.01298	0.02144	0.17226	0.17860	0.01321	0.07988	0.01987	0.01748	0.08368	0.14082	0.08869	0.06118	0.04887	0.00982	0.00273	0.00770	0.01020	0.00549	0.00912
5	0.00991	0.00728	0.00940	0.01057	0.01172	0.00677	0.00773	0.01201	0.01642	0.02170	0.14040	0.43053	0.14211	0.02144	0.00960	0.00297	0.00463	0.12110	0.00722	0.00648
6	0.01432	0.01348	0.02275	0.71520	0.05224	0.01685	0.02107	0.01938	0.01517	0.01938	0.01348	0.02022	0.01011	0.00758	0.00758	0.00253	0.01011	0.00674	0.00337	0.00843
7	0.01945	0.22221	0.02441	0.01560	0.06497	0.01966	0.01223	0.10546	0.15091	0.02724	0.01732	0.01835	0.01386	0.00748	0.00619	0.00181	0.00689	0.00576	0.04072	0.21947
8	0.01975	0.08719	0.29198	0.02446	0.09575	0.01964	0.15670	0.12760	0.01997	0.06263	0.01539	0.01778	0.01128	0.00735	0.00749	0.00233	0.01035	0.00660	0.00443	0.01132
9	0.01673	0.14298	0.36058	0.01789	0.02530	0.09197	0.01999	0.02235	0.01683	0.02254	0.08739	0.02247	0.05089	0.00911	0.00837	0.00230	0.06169	0.00676	0.00404	0.00982
10	0.01424	0.01073	0.01270	0.01172	0.01432	0.01098	0.00900	0.11389	0.10410	0.03078	0.35050	0.14334	0.08381	0.01549	0.00876	0.00255	0.00488	0.04193	0.00784	0.00844
11	0.01576	0.01079	0.01376	0.11650	0.01983	0.01098	0.01033	0.02203	0.12726	0.12746	0.23348	0.04561	0.18893	0.01339	0.00834	0.00247	0.00546	0.01143	0.00735	0.00885
12	0.16590	0.01960	0.09010	0.02272	0.13322	0.05300	0.13105	0.11284	0.01899	0.02914	0.01693	0.02340	0.01413	0.02935	0.00812	0.00253	0.00888	0.04979	0.06039	0.00993
13	0.01871	0.01671	0.02943	0.03558	0.40743	0.01613	0.14853	0.02312	0.01780	0.08442	0.02400	0.02677	0.09939	0.00853	0.00800	0.00236	0.00888	0.00848	0.00471	0.01101
14	0.00958	0.00696	0.00904	0.01011	0.01103	0.00642	0.00698	0.01149	0.01640	0.02210	0.19830	0.51895	0.10168	0.02144	0.00945	0.00288	0.00416	0.01927	0.00736	0.00642
15	0.02120	0.05978	0.02649	0.09265	0.30041	0.12186	0.05176	0.05909	0.01897	0.08764	0.01760	0.05090	0.01495	0.00864	0.00757	0.00231	0.00941	0.03337	0.00474	0.01066
16	0.10598	0.01917	0.10396	0.13402	0.31554	0.01784	0.01974	0.02575	0.13473	0.02620	0.01665	0.01964	0.01302	0.00761	0.00720	0.00238	0.00853	0.00664	0.00446	0.01094
17	0.00924	0.00660	0.00880	0.01056	0.01100	0.00616	0.00704	0.01056	0.01452	0.01936	0.04181	0.72848	0.05017	0.02376	0.00968	0.00308	0.00440	0.02156	0.00704	0.00616
18	0.02270	0.18897	0.02946	0.02046	0.07914	0.02215	0.10973	0.18062	0.11664	0.08957	0.01809	0.01923	0.01373	0.00831	0.00810	0.00227	0.04710	0.00680	0.00563	0.01130

[dist]
# distance from previous block
# <min> <max>
0	1

[block]
# block no. 3 follows, 26 sequences, length 30
# corresponding to MSA columns:
# 229-258
name=unknown_D
#
# <colnr> <probs for GDERKNQSTAVLIFYWHMCP>
#	G	D	E	R	K	N	Q	S	T	A	V	L	I	F	Y	W	H	M	C	P
0	0.02221	0.40298	0.02945	0.01338	0.01956	0.09430	0.01204	0.02487	0.01706	0.11932	0.01417	0.01511	0.01140	0.00688	0.00564	0.00166	0.00793	0.00477	0.00449	0.17280
1	0.01494	0.14080	0.16033	0.01267	0.01755	0.03479	0.01241	0.01840	0.01671	0.06589	0.10202	0.06570	0.19530	0.09724	0.01124	0.00290	0.00702	0.01023	0.00548	0.00836
2	0.01890	0.34559	0.33407	0.01736	0.02595	0.02371	0.01994	0.09114	0.01784	0.02383	0.01275	0.01455	0.01001	0.00709	0.00621	0.00204	0.00954	0.00505	0.00369	0.01074
3	0.01164	0.00911	0.01291	0.01247	0.01338	0.01091	0.00949	0.01369	0.01189	0.01714	0.01962	0.03186	0.01942	0.18137	0.48482	0.01008	0.11111	0.00849	0.00407	0.00656
4	0.01955	0.01357	0.02085	0.06874	0.23219	0.01335	0.03926	0.06485	0.01860	0.16737	0.02714	0.21286	0.04352	0.01246	0.00823	0.00254	0.00724	0.01129	0.00618	0.01023
5	0.00998	0.00772	0.00909	0.00875	0.01087	0.00683	0.00656	0.01284	0.01968	0.02616	0.42277	0.06366	0.33356	0.01709	0.00895	0.00246	0.00369	0.01470	0.00779	0.00683
6	0.01093	0.00776	0.01033	0.01033	0.01105	0.00847	0.00717	0.01235	0.01164	0.01623	0.02201	0.03920	0.02305	0.37757	0.38827	0.00990	0.01417	0.00950	0.00432	0.00574
7	0.01613	0.01061	0.01340	0.01147	0.01447	0.01095	0.07621	0.06518	0.09900	0.02962	0.02406	0.02676	0.01861	0.00878	0.00615	0.00199	0.00515	0.00744	0.54561	0.00842
8	0.02140	0.01425	0.01860	0.01978	0.14627	0.01460	0.01301	0.09569	0.17694	0.17895	0.11351	0.07544	0.02706	0.01082	0.00785	0.00241	0.00641	0.00932	0.03661	0.01108
9	0.00966	0.00771	0.00865	0.00841	0.01067	0.00670	0.00631	0.01223	0.01893	0.02439	0.31464	0.06658	0.44280	0.01775	0.00896	0.00249	0.00374	0.01511	0.00756	0.00670
10	0.01521	0.03923	0.69413	0.02162	0.03283	0.01762	0.02802	0.02402	0.01601	0.02402	0.01361	0.01601	0.00961	0.00721	0.00721	0.00240	0.01121	0.00560	0.00320	0.01121
11	0.02035	0.10217	0.13882	0.02138	0.02782	0.17774	0.18139	0.02935	0.17677	0.02405	0.01748	0.01919	0.01343	0.00781	0.00745	0.00230	0.01059	0.00685	0.00463	0.01044
12	0.03248	0.01540	0.01915	0.01468	0.02061	0.01485	0.01213	0.22344	0.02588	0.49900	0.02642	0.02354	0.01702	0.00930	0.00762	0.00233	0.00702	0.00739	0.00885	0.01291
13	0.63888	0.01578	0.01762	0.01421	0.01948	0.01743	0.13347	0.02268	0.01387	0.03216	0.01148	0.01389	0.00885	0.00692	0.00551	0.00239	0.00720	0.00504	0.00453	0.00860
14	0.02646	0.10913	0.02345	0.01767	0.02258	0.33656	0.01408	0.22489	0.10170	0.02904	0.01584	0.01662	0.01230	0.00835	0.00695	0.00209	0.01050	0.00582	0.00541	0.01054
15	0.01912	0.02224	0.09707	0.21383	0.12266	0.14924	0.11114	0.02539	0.07415	0.04373	0.03755	0.02043	0.01387	0.00786	0.00764	0.00236	0.01047	0.00700	0.00430	0.00994
16	0.73631	0.01511	0.01192	0.01047	0.01526	0.01745	0.00863	0.06499	0.01443	0.03495	0.01107	0.01272	0.00853	0.00718	0.00489	0.00234	0.00603	0.00429	0.00489	0.00853
17	0.00942	0.00766	0.00834	0.00827	0.01055	0.00658	0.00616	0.01173	0.01823	0.02294	0.22736	0.09511	0.50425	0.01846	0.00899	0.00254	0.00380	0.01566	0.00737	0.00658
18	0.01484	0.00815	0.01125	0.01069	0.01133	0.00839	0.00742	0.07908	0.01262	0.01686	0.01371	0.02254	0.01315	0.02452	0.02730	0.69671	0.00677	0.00661	0.00375	0.00431
19	0.02192	0.01781	0.01887	0.01605	0.02089	0.02029	0.01275	0.23055	0.47719	0.03666	0.02699	0.02521	0.02001	0.00993	0.00768	0.00248	0.00672	0.00804	0.00768	0.01228
20	0.02931	0.01305	0.01884	0.18172	0.02724	0.01252	0.01353	0.03275	0.02014	0.53027	0.02598	0.02448	0.01670	0.00896	0.00762	0.00239	0.00733	0.00742	0.00795	0.01183
21	0.02028	0.73799	0.03975	0.01298	0.01947	0.03001	0.01298	0.02271	0.01541	0.01785	0.01055	0.01217	0.00973	0.00649	0.00487	0.00162	0.00811	0.00406	0.00324	0.00973
22	0.00905	0.00735	0.00803	0.00858	0.01048	0.00633	0.00616	0.01079	0.01643	0.02014	0.06597	0.27631	0.48674	0.02062	0.00919	0.00272	0.00402	0.01773	0.00704	0.00633
23	0.01927	0.01503	0.02347	0.43034	0.15578	0.01701	0.01942	0.09060	0.01859	0.11300	0.01632	0.02050	0.01190	0.00784	0.00758	0.00243	0.00924	0.00687	0.00469	0.01013
24	0.01741	0.01663	0.02832	0.25156	0.49177	0.01766	0.02260	0.02208	0.01663	0.02312	0.01403	0.01922	0.01143	0.00701	0.00753	0.00234	0.00935	0.00675	0.00364	0.01091
25	0.01969	0.02005	0.02245	0.01819	0.02264	0.18346	0.15556	0.14381	0.02175	0.02623	0.05469	0.08106	0.14938	0.03529	0.00920	0.00254	0.00927	0.01008	0.00563	0.00905
26	0.01749	0.01320	0.01455	0.01327	0.01689	0.01429	0.01016	0.03106	0.39996	0.07275	0.03088	0.14883	0.02635	0.01210	0.00765	0.00246	0.00546	0.01033	0.09058	0.06174
27	0.37373	0.02113	0.09148	0.02029	0.14807	0.09107	0.01477	0.10871	0.01803	0.03136	0.01275	0.01489	0.00989	0.00736	0.00612	0.00228	0.00821	0.00523	0.00465	0.00996
28	0.01058	0.08463	0.01215	0.01037	0.01186	0.00886	0.00755	0.01239	0.01584	0.02080	0.12770	0.49177	0.11721	0.02033	0.00899	0.00278	0.00463	0.01805	0.00681	0.00670
29	0.01691	0.01458	0.02428	0.09348	0.02672	0.01519	0.20101	0.06474	0.08893	0.06954	0.06808	0.18331	0.02582	0.01231	0.00973	0.00268	0.05609	0.01145	0.00582	0.00933

[dist]
# distance from previous block
# <min> <max>
2	12

[block]
# block no. 4 follows, 26 sequences, length 8
# corresponding to MSA columns:
# 273-280
name=unknown_E
#
# <colnr> <probs for GDERKNQSTAVLIFYWHMCP>
#	G	D	E	R	K	N	Q	S	T	A	V	L	I	F	Y	W	H	M	C	P
0	0.01495	0.01508	0.02893	0.02450	0.09766	0.01417	0.32391	0.01975	0.01833	0.02474	0.14296	0.04011	0.11947	0.01120	0.00894	0.00258	0.00897	0.06934	0.00536	0.00904
1	0.00993	0.00742	0.00923	0.00940	0.01100	0.00672	0.00681	0.01253	0.01865	0.02519	0.37273	0.24305	0.20235	0.01858	0.00915	0.00261	0.00386	0.01636	0.00770	0.00672
2	0.01920	0.02083	0.03471	0.02610	0.03245	0.08616	0.41359	0.02939	0.20231	0.02582	0.01936	0.02200	0.01461	0.00763	0.00840	0.00250	0.01097	0.00845	0.00493	0.01059
3	0.01586	0.01505	0.02552	0.48482	0.27064	0.01726	0.02183	0.02072	0.01589	0.02124	0.01375	0.01972	0.01077	0.00730	0.00756	0.00243	0.00973	0.00675	0.00350	0.00966
4	0.17828	0.01640	0.01724	0.01401	0.01918	0.01766	0.01141	0.26564	0.12154	0.15766	0.02621	0.02507	0.07749	0.00987	0.00716	0.00237	0.00673	0.00755	0.00731	0.01122
5	0.01103	0.00825	0.01040	0.01077	0.01237	0.00803	0.00799	0.01541	0.07959	0.02542	0.30353	0.28669	0.09369	0.01859	0.00923	0.00276	0.00444	0.07698	0.00763	0.00721
6	0.01834	0.01759	0.03001	0.11091	0.62511	0.01791	0.02307	0.02290	0.01707	0.02426	0.01419	0.01891	0.01183	0.00684	0.00752	0.00228	0.00912	0.00676	0.00372	0.01167
7	0.01733	0.01535	0.01806	0.01545	0.01874	0.09663	0.08545	0.14950	0.02167	0.02824	0.18581	0.13345	0.03507	0.05847	0.04562	0.00329	0.00825	0.04862	0.00642	0.00857

[dist]
# distance from previous block
# <min> <max>
3	4

[block]
# block no. 5 follows, 26 sequences, length 59
# corresponding to MSA columns:
# 285-343
name=unknown_F
#
# <colnr> <probs for GDERKNQSTAVLIFYWHMCP>
#	G	D	E	R	K	N	Q	S	T	A	V	L	I	F	Y	W	H	M	C	P
0	0.01569	0.07573	0.01833	0.08564	0.08708	0.07518	0.01243	0.01759	0.01468	0.01994	0.01976	0.16072	0.01989	0.01423	0.01300	0.10785	0.11517	0.00931	0.11021	0.00759
1	0.15396	0.01975	0.02485	0.16752	0.29830	0.13458	0.04958	0.02358	0.01684	0.02424	0.01308	0.01714	0.01056	0.00713	0.00699	0.00229	0.00966	0.00608	0.00387	0.01000
2	0.00947	0.00689	0.00899	0.01057	0.01133	0.00641	0.00736	0.01104	0.01505	0.01976	0.04512	0.60835	0.11206	0.02307	0.00968	0.00306	0.00457	0.07393	0.00704	0.00626
3	0.00918	0.00769	0.00798	0.00791	0.01038	0.00649	0.00593	0.01130	0.01779	0.02169	0.15008	0.07102	0.60905	0.01876	0.00896	0.00254	0.00381	0.01573	0.00720	0.00649
4	0.01777	0.01700	0.02898	0.19665	0.54382	0.01776	0.02278	0.02240	0.01680	0.02357	0.01409	0.01910	0.01159	0.00694	0.00753	0.00231	0.00926	0.00675	0.00367	0.01121
5	0.01815	0.01614	0.02714	0.01947	0.02649	0.01372	0.26096	0.02265	0.01709	0.08205	0.01562	0.01843	0.01199	0.00624	0.00708	0.00178	0.00847	0.00649	0.00466	0.41536
6	0.01034	0.00774	0.00959	0.00913	0.01109	0.00699	0.00685	0.01355	0.02054	0.02821	0.54739	0.06030	0.20768	0.01633	0.00895	0.00242	0.00364	0.01423	0.00806	0.00699
7	0.02013	0.02043	0.02588	0.07559	0.39697	0.13316	0.01933	0.02780	0.15534	0.02487	0.01728	0.02000	0.01386	0.00773	0.00744	0.00229	0.00923	0.00682	0.00459	0.01126
8	0.02739	0.13017	0.02464	0.01772	0.02291	0.32081	0.01432	0.29462	0.02659	0.03077	0.01429	0.01537	0.01108	0.00817	0.00687	0.00204	0.01064	0.00558	0.00536	0.01066
9	0.00949	0.00770	0.00841	0.00823	0.01057	0.00663	0.00618	0.01190	0.01853	0.02343	0.25606	0.06816	0.50198	0.01811	0.00896	0.00251	0.00376	0.01533	0.00743	0.00663
10	0.01856	0.01855	0.02301	0.06136	0.02248	0.08328	0.01650	0.07481	0.01478	0.02090	0.01104	0.01669	0.01020	0.01209	0.02076	0.00306	0.55295	0.00650	0.00374	0.00875
11	0.01454	0.07414	0.01914	0.01429	0.01746	0.01341	0.08805	0.08014	0.02000	0.02774	0.34318	0.03848	0.04202	0.01903	0.11267	0.00384	0.04674	0.01041	0.00638	0.00832
12	0.01839	0.01763	0.03009	0.10422	0.63145	0.01792	0.02309	0.02294	0.01709	0.02431	0.01420	0.01890	0.01185	0.00683	0.00752	0.00228	0.00911	0.00676	0.00372	0.01171
13	0.09441	0.02949	0.02043	0.01777	0.02230	0.46083	0.01371	0.13671	0.02317	0.09123	0.01452	0.01552	0.01105	0.00812	0.00686	0.00208	0.01139	0.00542	0.00514	0.00984
14	0.01432	0.01348	0.02275	0.71520	0.05224	0.01685	0.02107	0.01938	0.01517	0.01938	0.01348	0.02022	0.01011	0.00758	0.00758	0.00253	0.01011	0.00674	0.00337	0.00843
15	0.01851	0.01775	0.03031	0.08665	0.64810	0.01795	0.02315	0.02304	0.01714	0.02446	0.01422	0.01886	0.01190	0.00681	0.00751	0.00227	0.00908	0.00676	0.00373	0.01180
16	0.01133	0.00839	0.01085	0.01175	0.01322	0.00833	0.00897	0.01572	0.08177	0.02391	0.18066	0.33724	0.05042	0.01986	0.00954	0.00299	0.00508	0.18542	0.00738	0.00718
17	0.01085	0.00806	0.01184	0.01184	0.01308	0.00929	0.00905	0.01332	0.01209	0.01735	0.02064	0.03156	0.01973	0.11700	0.64430	0.01176	0.01917	0.00838	0.00411	0.00658
18	0.01000	0.00784	0.00918	0.00963	0.01171	0.00702	0.00754	0.01248	0.01775	0.02246	0.16164	0.12975	0.38848	0.01940	0.00936	0.00279	0.00455	0.15455	0.00724	0.00663
19	0.00924	0.00660	0.00880	0.01056	0.01100	0.00616	0.00704	0.01056	0.01452	0.01936	0.04181	0.72848	0.05017	0.02376	0.00968	0.00308	0.00440	0.02156	0.00704	0.00616
20	0.02352	0.01294	0.01616	0.01346	0.01744	0.01325	0.01066	0.15966	0.05254	0.27043	0.02433	0.02823	0.01886	0.10906	0.18821	0.00545	0.01046	0.00804	0.00699	0.01030
21	0.02097	0.20480	0.09459	0.01679	0.02169	0.10514	0.01524	0.15976	0.04923	0.02566	0.01443	0.01723	0.01196	0.01354	0.07827	0.00325	0.12694	0.00594	0.00455	0.01002
22	0.00938	0.00698	0.00874	0.00983	0.01089	0.00634	0.00679	0.01112	0.01600	0.02104	0.13234	0.50399	0.18540	0.02174	0.00944	0.00288	0.00418	0.01938	0.00721	0.00634
23	0.01592	0.07443	0.57850	0.02417	0.11115	0.01833	0.02664	0.02386	0.01613	0.02378	0.01353	0.01614	0.00991	0.00711	0.00712	0.00234	0.01078	0.00566	0.00327	0.01123
24	0.02061	0.01333	0.01623	0.01184	0.01835	0.01039	0.00956	0.02386	0.01732	0.20245	0.01787	0.01842	0.01325	0.00662	0.00615	0.00145	0.00584	0.00533	0.00580	0.57534
25	0.02996	0.09003	0.02233	0.01566	0.02150	0.07797	0.01303	0.30166	0.02703	0.29178	0.02144	0.02017	0.01459	0.00885	0.00727	0.00221	0.00805	0.00670	0.00754	0.01224
26	0.01738	0.08509	0.12061	0.11497	0.30789	0.01850	0.07565	0.02397	0.07517	0.02428	0.05141	0.02101	0.01541	0.00765	0.00746	0.00231	0.00913	0.00708	0.00419	0.01085
27	0.01636	0.03217	0.46782	0.02888	0.19948	0.01786	0.08285	0.02386	0.01650	0.02424	0.01393	0.01711	0.01039	0.00702	0.00744	0.00238	0.01079	0.00620	0.00340	0.01133
28	0.00959	0.00743	0.00874	0.00900	0.01078	0.00658	0.00653	0.01187	0.01788	0.02330	0.25651	0.23612	0.33004	0.01922	0.00914	0.00264	0.00390	0.01672	0.00745	0.00658
29	0.02301	0.03979	0.01673	0.01315	0.01778	0.01423	0.01062	0.12999	0.15949	0.24810	0.09979	0.03560	0.13519	0.01168	0.00790	0.00240	0.00600	0.00958	0.00803	0.01094
30	0.78701	0.01467	0.01115	0.00997	0.01467	0.01702	0.00821	0.02230	0.01291	0.03403	0.01056	0.01232	0.00821	0.00704	0.00469	0.00235	0.00587	0.00411	0.00469	0.00821
31	0.78701	0.01467	0.01115	0.00997	0.01467	0.01702	0.00821	0.02230	0.01291	0.03403	0.01056	0.01232	0.00821	0.00704	0.00469	0.00235	0.00587	0.00411	0.00469	0.00821
32	0.02669	0.01786	0.01963	0.01558	0.02095	0.01935	0.01270	0.40047	0.14042	0.14548	0.02279	0.02201	0.01615	0.00933	0.00742	0.00229	0.00723	0.00727	0.07413	0.01225
33	0.01103	0.00735	0.00827	0.00827	0.00827	0.00735	0.00460	0.01103	0.01103	0.01471	0.02390	0.04964	0.02758	0.73343	0.03861	0.00735	0.00735	0.01103	0.00460	0.00460
34	0.01084	0.00813	0.01219	0.01219	0.01354	0.00948	0.00948	0.01354	0.01219	0.01761	0.02032	0.02980	0.01896	0.05689	0.70337	0.01219	0.02032	0.00813	0.00406	0.00677
35	0.02006	0.07679	0.11214	0.01954	0.11472	0.04682	0.01508	0.12517	0.09331	0.09286	0.05247	0.05245	0.01955	0.07112	0.05169	0.00331	0.00884	0.00796	0.00569	0.01042
36	0.02580	0.25663	0.02723	0.01748	0.02220	0.49157	0.01413	0.02791	0.01958	0.01834	0.01135	0.01320	0.00976	0.00740	0.00622	0.00185	0.01193	0.00462	0.00370	0.00909
37	0.75019	0.01499	0.01171	0.01034	0.01510	0.01733	0.00852	0.05330	0.01401	0.03470	0.01093	0.01261	0.00844	0.00714	0.00483	0.00234	0.00599	0.00424	0.00483	0.00844
38	0.01549	0.07700	0.65876	0.02115	0.03211	0.01829	0.02721	0.02395	0.01598	0.02369	0.01345	0.01581	0.00962	0.00717	0.00708	0.00236	0.01104	0.00552	0.00321	0.01113
39	0.01103	0.00735	0.00827	0.00827	0.00827	0.00735	0.00460	0.01103	0.01103	0.01471	0.02390	0.04964	0.02758	0.73343	0.03861	0.00735	0.00735	0.01103	0.00460	0.00460
40	0.02573	0.26313	0.02740	0.01742	0.02216	0.48534	0.01411	0.02784	0.01953	0.01833	0.01134	0.01319	0.00976	0.00739	0.00620	0.00185	0.01188	0.00462	0.00369	0.00910
41	0.01561	0.02526	0.30849	0.02192	0.09807	0.04849	0.05758	0.02292	0.07324	0.02383	0.02250	0.09970	0.02097	0.01139	0.00817	0.00264	0.00934	0.11516	0.00475	0.00997
42	0.01829	0.07374	0.11331	0.02056	0.11411	0.04098	0.04688	0.05675	0.04098	0.09051	0.06289	0.09147	0.04932	0.01169	0.00972	0.00255	0.08201	0.05894	0.00547	0.00983
43	0.00980	0.00692	0.00894	0.01000	0.01059	0.00653	0.00664	0.01127	0.01509	0.02042	0.14628	0.49980	0.04991	0.14350	0.01449	0.00369	0.00477	0.01845	0.00684	0.00606
44	0.01074	0.00775	0.01014	0.00954	0.01133	0.00716	0.00716	0.01431	0.02147	0.03042	0.68211	0.05666	0.07157	0.01551	0.00895	0.00239	0.00358	0.01372	0.00835	0.00716
45	0.01763	0.33425	0.35203	0.01897	0.02782	0.02304	0.08385	0.02349	0.01594	0.02142	0.01248	0.01482	0.00985	0.00682	0.00638	0.00209	0.01005	0.00528	0.00328	0.01049
46	0.06415	0.01489	0.01942	0.08732	0.08064	0.04003	0.01437	0.06328	0.05137	0.08058	0.01870	0.02305	0.03789	0.01987	0.15341	0.00462	0.20517	0.00729	0.00479	0.00917
47	0.00940	0.00746	0.00867	0.00930	0.01108	0.00674	0.00685	0.01131	0.01604	0.02004	0.05941	0.26372	0.40041	0.02391	0.06916	0.00360	0.00562	0.05409	0.00678	0.00640
48	0.01607	0.01608	0.02971	0.41709	0.17313	0.01765	0.17763	0.02135	0.01625	0.02164	0.01409	0.02000	0.01083	0.00713	0.00790	0.00248	0.01055	0.00729	0.00356	0.00957
49	0.01892	0.20778	0.37341	0.01962	0.02857	0.02138	0.07651	0.10347	0.01864	0.04410	0.01403	0.01599	0.01047	0.00726	0.00684	0.00221	0.01009	0.00572	0.00399	0.01102
50	0.01988	0.02247	0.03726	0.03363	0.20302	0.13371	0.38722	0.02504	0.01834	0.02346	0.01446	0.01889	0.01135	0.00673	0.00823	0.00238	0.01197	0.00771	0.00383	0.01045
51	0.01032	0.00859	0.00911	0.00883	0.01143	0.00784	0.00666	0.01457	0.08621	0.02346	0.18159	0.06539	0.50373	0.01761	0.00883	0.00253	0.00402	0.01482	0.00735	0.00712
52	0.10890	0.01109	0.01233	0.08356	0.01739	0.01171	0.00927	0.07376	0.07427	0.06718	0.03525	0.10341	0.16535	0.01242	0.00724	0.00237	0.00545	0.01021	0.18045	0.00838
53	0.05113	0.01423	0.01641	0.05186	0.01923	0.01575	0.01141	0.19166	0.14525	0.07988	0.02513	0.09990	0.02279	0.13318	0.01393	0.00341	0.04165	0.04693	0.00660	0.00966
54	0.01100	0.00781	0.01022	0.01039	0.01120	0.00831	0.00736	0.01250	0.01235	0.01687	0.02592	0.04600	0.04867	0.36540	0.30274	0.00875	0.01242	0.07161	0.00470	0.00577
55	0.00921	0.00671	0.00869	0.01028	0.01093	0.00618	0.00691	0.01059	0.01480	0.01947	0.04529	0.66329	0.11311	0.02331	0.00961	0.00303	0.00435	0.02101	0.00704	0.00618
56	0.02072	0.06331	0.06915	0.11952	0.02643	0.01579	0.08144	0.11836	0.01975	0.16394	0.02126	0.02767	0.01690	0.01596	0.10328	0.00378	0.01024	0.06309	0.02931	0.01009
57	0.02627	0.02639	0.02415	0.02512	0.17921	0.29122	0.01659	0.26138	0.02573	0.03082	0.01472	0.01655	0.01145	0.00804	0.00727	0.00214	0.01061	0.00604	0.00523	0.01107
58	0.13478	0.02065	0.01902	0.04468	0.10937	0.23284	0.01354	0.02426	0.01687	0.09124	0.01554	0.02059	0.01322	0.08014	0.06794	0.00357	0.07185	0.00637	0.00458	0.00896

[dist]
# distance from previous block
# <min> <max>
0	2

[block]
# block no. 6 follows, 26 sequences, length 15
# corresponding to MSA columns:
# 346-360
name=unknown_G
#
# <colnr> <probs for GDERKNQSTAVLIFYWHMCP>
#	G	D	E	R	K	N	Q	S	T	A	V	L	I	F	Y	W	H	M	C	P
0	0.22551	0.01751	0.01807	0.08359	0.13161	0.11152	0.01371	0.02575	0.14347	0.02753	0.06710	0.02555	0.01916	0.00933	0.00701	0.00242	0.00780	0.04851	0.00531	0.00952
1	0.02634	0.01464	0.01716	0.04212	0.01968	0.01504	0.01134	0.26697	0.02527	0.25696	0.02355	0.02333	0.01637	0.00907	0.00704	0.00218	0.00660	0.00715	0.19792	0.01128
2	0.02439	0.02374	0.01995	0.01723	0.02186	0.23226	0.01345	0.19821	0.30529	0.03182	0.02165	0.02115	0.01634	0.00922	0.00741	0.00230	0.00899	0.00698	0.00650	0.01124
3	0.01172	0.00820	0.01074	0.01216	0.05602	0.00761	0.00783	0.01367	0.01634	0.05858	0.15833	0.32131	0.15083	0.11540	0.01308	0.00335	0.00498	0.01605	0.00686	0.00693
4	0.01814	0.02011	0.07415	0.02336	0.02908	0.05749	0.29887	0.04931	0.17863	0.02591	0.02118	0.06465	0.01766	0.00956	0.00935	0.00262	0.04943	0.03507	0.00517	0.01027
5	0.02154	0.05372	0.21229	0.02297	0.07251	0.01880	0.16543	0.14197	0.06930	0.11884	0.01823	0.01968	0.01304	0.00783	0.00769	0.00238	0.00975	0.00710	0.00535	0.01157
6	0.00936	0.00741	0.00842	0.00877	0.01064	0.00648	0.00635	0.01142	0.01733	0.02199	0.17708	0.24045	0.40805	0.01972	0.00915	0.00266	0.00394	0.01704	0.00728	0.00648
7	0.01678	0.01189	0.01488	0.01327	0.01665	0.01196	0.04706	0.07013	0.17512	0.11567	0.04169	0.23429	0.16787	0.01555	0.00859	0.00266	0.00572	0.01358	0.00737	0.00926
8	0.02421	0.09797	0.13248	0.01961	0.02588	0.24490	0.10136	0.07593	0.06696	0.11405	0.01669	0.01781	0.01237	0.00788	0.00721	0.00219	0.01070	0.00623	0.00500	0.01055
9	0.01092	0.00778	0.01042	0.01042	0.01116	0.00852	0.00727	0.01241	0.01167	0.01630	0.02194	0.03877	0.02286	0.36296	0.40263	0.01000	0.01445	0.00944	0.00430	0.00579
10	0.01050	0.00857	0.00944	0.00962	0.01180	0.00808	0.00704	0.01503	0.10532	0.02245	0.10617	0.23717	0.38328	0.01892	0.00898	0.00269	0.00426	0.01629	0.00723	0.00715
11	0.01940	0.02028	0.02560	0.17782	0.36522	0.16523	0.01971	0.02316	0.01733	0.02164	0.01420	0.02003	0.01217	0.05558	0.00945	0.00259	0.01014	0.00663	0.00376	0.01007
12	0.07306	0.02086	0.06723	0.01769	0.05789	0.10434	0.01410	0.25859	0.12686	0.03352	0.01892	0.02048	0.01452	0.01365	0.07906	0.00329	0.00969	0.00674	0.04870	0.01081
13	0.02019	0.13156	0.05949	0.01463	0.01931	0.01896	0.01247	0.26386	0.10803	0.03193	0.05042	0.14088	0.02319	0.05928	0.00961	0.00269	0.00725	0.00957	0.00641	0.01027
14	0.22548	0.06761	0.08143	0.01488	0.01952	0.21704	0.01297	0.05977	0.01846	0.02621	0.06202	0.02750	0.04232	0.01007	0.00688	0.00234	0.00886	0.08288	0.00501	0.00875

[dist]
# distance from previous block
# <min> <max>
2	18

[block]
# block no. 7 follows, 26 sequences, length 26
# corresponding to MSA columns:
# 412-437
name=unknown_H
#
# <colnr> <probs for GDERKNQSTAVLIFYWHMCP>
#	G	D	E	R	K	N	Q	S	T	A	V	L	I	F	Y	W	H	M	C	P
0	0.01869	0.17849	0.15471	0.01939	0.06278	0.10499	0.07106	0.05604	0.08507	0.02296	0.01606	0.01916	0.01312	0.01591	0.12548	0.00386	0.01172	0.00633	0.00422	0.00996
1	0.01031	0.00746	0.00909	0.00954	0.01066	0.00700	0.00668	0.01209	0.01588	0.02106	0.18480	0.21604	0.15848	0.21521	0.01739	0.00405	0.00518	0.07634	0.00666	0.00608
2	0.02323	0.01890	0.01926	0.04594	0.02179	0.08607	0.01297	0.38114	0.08342	0.03671	0.04566	0.14543	0.02196	0.01182	0.00794	0.00243	0.00789	0.00962	0.00699	0.01084
3	0.01679	0.22153	0.25484	0.02027	0.08954	0.05681	0.05624	0.02160	0.01613	0.02131	0.01775	0.13964	0.01708	0.00984	0.00711	0.00228	0.00919	0.00824	0.00401	0.00981
4	0.02006	0.06881	0.31183	0.01866	0.02614	0.10830	0.01962	0.16179	0.07546	0.02817	0.01620	0.01817	0.01227	0.01214	0.06647	0.00312	0.01109	0.00615	0.00469	0.01086
5	0.02058	0.66596	0.06478	0.01374	0.02025	0.07179	0.01369	0.02324	0.01582	0.01814	0.01074	0.01242	0.00973	0.00660	0.00508	0.00167	0.00859	0.00417	0.00328	0.00973
6	0.00952	0.00729	0.00873	0.00924	0.01081	0.00650	0.00660	0.01163	0.01731	0.02259	0.21749	0.31553	0.28945	0.01998	0.00923	0.00271	0.00399	0.01752	0.00737	0.00650
7	0.01553	0.08204	0.16728	0.05765	0.02649	0.07294	0.15921	0.02016	0.01589	0.02096	0.01952	0.14058	0.01860	0.01832	0.12640	0.00412	0.01183	0.00937	0.00422	0.00889
8	0.02094	0.01635	0.02172	0.19806	0.13639	0.01813	0.01617	0.21333	0.11320	0.07221	0.01935	0.02337	0.01510	0.07023	0.01024	0.00281	0.00837	0.00745	0.00577	0.01079
9	0.01024	0.00773	0.00945	0.00902	0.01103	0.00695	0.00677	0.01336	0.02030	0.02765	0.51319	0.06122	0.24223	0.01654	0.00895	0.00243	0.00365	0.01436	0.00799	0.00695
10	0.00925	0.00742	0.00826	0.00863	0.01057	0.00643	0.00625	0.01122	0.01710	0.02142	0.14174	0.23593	0.44933	0.01990	0.00914	0.00267	0.00395	0.01713	0.00720	0.00643
11	0.02107	0.02309	0.02764	0.13562	0.22099	0.22404	0.10329	0.05057	0.01857	0.02241	0.01332	0.01748	0.01084	0.00781	0.00899	0.00234	0.07159	0.00648	0.00387	0.00998
12	0.01626	0.01307	0.01442	0.01347	0.01681	0.01415	0.01057	0.11481	0.28584	0.02903	0.03988	0.14478	0.14252	0.01506	0.00857	0.00273	0.00586	0.09517	0.00739	0.00964
13	0.00924	0.00660	0.00880	0.01056	0.01100	0.00616	0.00704	0.01056	0.01452	0.01936	0.04181	0.72848	0.05017	0.02376	0.00968	0.00308	0.00440	0.02156	0.00704	0.00616
14	0.01075	0.01257	0.11738	0.01114	0.01450	0.00847	0.01021	0.01411	0.01725	0.02294	0.15354	0.17151	0.29440	0.01720	0.00878	0.00264	0.00529	0.06263	0.03738	0.00732
15	0.01072	0.00770	0.00980	0.01040	0.01133	0.00765	0.00716	0.03799	0.01512	0.02038	0.08988	0.38459	0.07326	0.16229	0.11069	0.00504	0.00722	0.01616	0.00630	0.00632
16	0.01592	0.13717	0.60241	0.02041	0.03096	0.01935	0.02592	0.02384	0.01593	0.02316	0.01318	0.01547	0.00963	0.00711	0.00688	0.00229	0.01078	0.00539	0.00321	0.01100
17	0.01950	0.05708	0.15999	0.02269	0.02910	0.18574	0.23650	0.05556	0.01877	0.02311	0.01736	0.10578	0.01553	0.00921	0.00794	0.00239	0.01123	0.00856	0.00429	0.00967
18	0.01665	0.01583	0.02684	0.10494	0.46012	0.01592	0.05853	0.02102	0.01752	0.02441	0.08531	0.02737	0.07483	0.00874	0.00787	0.00234	0.00837	0.00836	0.00445	0.01059
19	0.01122	0.00802	0.00934	0.00884	0.01126	0.00701	0.00669	0.01393	0.01938	0.06441	0.33911	0.06306	0.37610	0.01701	0.00888	0.00247	0.00388	0.01451	0.00775	0.00712
20	0.01272	0.01045	0.01627	0.01805	0.12853	0.01031	0.07365	0.01542	0.01488	0.02085	0.03052	0.17511	0.10005	0.12653	0.12860	0.00484	0.00894	0.01189	0.08486	0.00755
21	0.01765	0.01810	0.11021	0.08618	0.02177	0.07142	0.01325	0.16594	0.02163	0.02931	0.09299	0.03260	0.13296	0.01088	0.00744	0.00226	0.00730	0.00877	0.14016	0.00917
22	0.06942	0.01453	0.01542	0.01319	0.01684	0.08043	0.01037	0.13670	0.02143	0.16933	0.17175	0.03131	0.02869	0.05450	0.12771	0.00423	0.00922	0.00864	0.00685	0.00944
23	0.01730	0.01626	0.02098	0.04710	0.26476	0.07228	0.01528	0.04890	0.01802	0.02437	0.02417	0.03077	0.09645	0.00961	0.00745	0.00211	0.00774	0.06899	0.00483	0.20262
24	0.18248	0.01772	0.01562	0.01393	0.01795	0.13230	0.01081	0.09938	0.15761	0.09435	0.02570	0.12580	0.05288	0.01138	0.00726	0.00244	0.00725	0.00899	0.00645	0.00972
25	0.10739	0.08052	0.08821	0.01507	0.02056	0.10891	0.04145	0.04289	0.01808	0.19097	0.02022	0.09195	0.01670	0.01136	0.03545	0.00260	0.00861	0.00754	0.00572	0.08578

[dist]
# distance from previous block
# <min> <max>
6	63

[block]
# block no. 8 follows, 26 sequences, length 10
# corresponding to MSA columns:
# 503-510,515,516
name=unknown_I
#
# <colnr> <probs for GDERKNQSTAVLIFYWHMCP>
#	G	D	E	R	K	N	Q	S	T	A	V	L	I	F	Y	W	H	M	C	P
0	0.01654	0.07468	0.13434	0.01738	0.06753	0.06286	0.04422	0.07134	0.04989	0.02324	0.02220	0.02762	0.07213	0.10259	0.11096	0.00421	0.01030	0.00773	0.00463	0.07562
1	0.08520	0.18906	0.09812	0.01806	0.10382	0.05350	0.01441	0.02441	0.06695	0.10287	0.02119	0.02283	0.06092	0.01429	0.08993	0.00336	0.00946	0.00673	0.00491	0.00997
2	0.01833	0.01033	0.01281	0.01102	0.01447	0.00924	0.00839	0.05237	0.01875	0.19989	0.13992	0.15383	0.07372	0.07530	0.01052	0.00271	0.00534	0.01131	0.05222	0.11951
3	0.02039	0.07732	0.16799	0.01571	0.02120	0.06607	0.01476	0.20170	0.04638	0.06234	0.01854	0.02488	0.01579	0.16254	0.04857	0.00381	0.00954	0.00726	0.00532	0.00991
4	0.12117	0.11936	0.02380	0.06066	0.02413	0.25040	0.05924	0.09630	0.08694	0.06616	0.01554	0.01691	0.01196	0.00791	0.00672	0.00216	0.00987	0.00583	0.00500	0.00994
5	0.01382	0.00964	0.01132	0.01064	0.01251	0.00972	0.00756	0.06622	0.08746	0.05465	0.21416	0.14560	0.07193	0.23041	0.01764	0.00399	0.00559	0.01281	0.00690	0.00743
6	0.01513	0.01279	0.01506	0.01103	0.01718	0.00976	0.00877	0.01852	0.01642	0.02540	0.09370	0.02064	0.01847	0.00680	0.00602	0.00127	0.00537	0.00560	0.00496	0.68710
7	0.01414	0.00707	0.00707	0.00707	0.00884	0.00707	0.00530	0.01767	0.01591	0.02828	0.02474	0.02828	0.01944	0.00884	0.00530	0.00177	0.00353	0.00707	0.77554	0.00707
8	0.01655	0.01045	0.01211	0.01103	0.01294	0.01066	0.00764	0.10924	0.05760	0.10244	0.02707	0.14835	0.02771	0.38517	0.02393	0.00505	0.00684	0.01153	0.00618	0.00750
9	0.06914	0.10455	0.02323	0.05075	0.07565	0.02120	0.01415	0.29198	0.15162	0.09268	0.01977	0.01989	0.01454	0.00867	0.00711	0.00228	0.00769	0.00673	0.00657	0.01179

[dist]
# distance from previous block
# <min> <max>
0	4

[block]
# block no. 9 follows, 26 sequences, length 9
# corresponding to MSA columns:
# 521-529
name=unknown_J
#
# <colnr> <probs for GDERKNQSTAVLIFYWHMCP>
#	G	D	E	R	K	N	Q	S	T	A	V	L	I	F	Y	W	H	M	C	P
0	0.02314	0.28766	0.10971	0.01664	0.02278	0.18002	0.01549	0.17500	0.02176	0.02607	0.01444	0.01798	0.01212	0.00820	0.00652	0.00204	0.00976	0.03577	0.00460	0.01031
1	0.02263	0.02039	0.06964	0.02063	0.09649	0.07352	0.06339	0.23051	0.12529	0.08367	0.05746	0.02533	0.05729	0.00954	0.00777	0.00235	0.00836	0.00797	0.00644	0.01133
2	0.01378	0.00710	0.00721	0.00721	0.00877	0.00710	0.00522	0.01690	0.01534	0.02670	0.02465	0.03076	0.02039	0.09294	0.00917	0.00242	0.00398	0.00753	0.68606	0.00678
3	0.01978	0.02203	0.07364	0.06826	0.02559	0.16978	0.09776	0.12046	0.01943	0.02429	0.01932	0.02284	0.06587	0.01471	0.08306	0.00350	0.12844	0.00742	0.00455	0.00928
4	0.05685	0.01188	0.01524	0.09199	0.01962	0.01261	0.04856	0.09843	0.09337	0.02455	0.03231	0.13962	0.13603	0.09278	0.01364	0.08085	0.00675	0.01123	0.00582	0.00788
5	0.17343	0.18781	0.13624	0.08809	0.02469	0.05585	0.01543	0.14427	0.01912	0.02813	0.01460	0.05396	0.01226	0.00834	0.00639	0.00221	0.00852	0.00613	0.00461	0.00990
6	0.01743	0.09200	0.06868	0.07079	0.10401	0.09544	0.01382	0.06005	0.09009	0.02343	0.06625	0.08311	0.02214	0.12177	0.01219	0.00305	0.00821	0.00866	0.00506	0.03383
7	0.01513	0.05890	0.23647	0.02074	0.11175	0.05196	0.06236	0.01993	0.01644	0.02266	0.10582	0.07996	0.02386	0.09596	0.04263	0.00339	0.00944	0.00890	0.00453	0.00916
8	0.06572	0.11184	0.15445	0.01718	0.02248	0.12476	0.01609	0.08962	0.12624	0.02547	0.01612	0.01833	0.01288	0.01242	0.06154	0.00311	0.10085	0.00615	0.00467	0.01008

[dist]
# distance from previous block
# <min> <max>
0	40

[block]
# block no. 10 follows, 26 sequences, length 8
# corresponding to MSA columns:
# 570-577
name=unknown_K
#
# <colnr> <probs for GDERKNQSTAVLIFYWHMCP>
#	G	D	E	R	K	N	Q	S	T	A	V	L	I	F	Y	W	H	M	C	P
0	0.12314	0.00931	0.01006	0.00928	0.01207	0.00868	0.00696	0.01462	0.01720	0.02570	0.25080	0.09361	0.21789	0.06569	0.01010	0.00268	0.00455	0.01218	0.00665	0.09883
1	0.02232	0.01604	0.01480	0.01305	0.01657	0.14086	0.01007	0.11245	0.05458	0.16040	0.02523	0.12503	0.02124	0.01103	0.00713	0.00222	0.00693	0.00892	0.22164	0.00948
2	0.01403	0.01158	0.01421	0.01118	0.01613	0.00956	0.00882	0.01730	0.01585	0.02412	0.11164	0.02446	0.02151	0.01728	0.14539	0.00352	0.00826	0.00655	0.00497	0.51363
3	0.17117	0.01685	0.02303	0.02132	0.11241	0.01870	0.09077	0.14336	0.01954	0.09717	0.05509	0.02015	0.01521	0.00930	0.01071	0.00254	0.14998	0.00700	0.00543	0.01028
4	0.01894	0.06117	0.17203	0.01980	0.09493	0.17359	0.01649	0.06290	0.10321	0.02421	0.02621	0.06254	0.11145	0.01037	0.00751	0.00232	0.00912	0.00828	0.00503	0.00992
5	0.01697	0.01287	0.00995	0.00956	0.01175	0.14599	0.00717	0.02019	0.01702	0.02634	0.02214	0.02536	0.01751	0.00863	0.00561	0.00180	0.00556	0.00663	0.62150	0.00741
6	0.01439	0.08263	0.09471	0.01647	0.09563	0.04535	0.01219	0.01842	0.05868	0.02121	0.06341	0.17147	0.06012	0.15661	0.01391	0.00337	0.00720	0.01097	0.00520	0.04806
7	0.01809	0.01093	0.01452	0.01293	0.01578	0.01170	0.01018	0.11174	0.01741	0.15627	0.02218	0.02874	0.01866	0.08858	0.41650	0.00845	0.01490	0.00805	0.00567	0.00873

[dist]
# distance from previous block
# <min> <max>
0	14

[block]
# block no. 11 follows, 26 sequences, length 6
# corresponding to MSA columns:
# 592-597
name=unknown_L
#
# <colnr> <probs for GDERKNQSTAVLIFYWHMCP>
#	G	D	E	R	K	N	Q	S	T	A	V	L	I	F	Y	W	H	M	C	P
0	0.01247	0.00896	0.01130	0.01104	0.01282	0.00874	0.00810	0.01421	0.01497	0.06406	0.03879	0.30852	0.14873	0.10081	0.04107	0.00363	0.06715	0.03646	0.00623	0.08194
1	0.02083	0.14821	0.02288	0.01893	0.10247	0.21673	0.01341	0.09670	0.04809	0.02514	0.12565	0.08478	0.02461	0.01035	0.00729	0.00216	0.00871	0.00825	0.00535	0.00947
