[name]
unknown

[dist]
# distance from previous block
# <min> <max>
0	84

[block]
# block no. 0 follows, 30 sequences, length 48
# corresponding to MSA columns:
# 85-132
name=unknown_A
#
# <colnr> <probs for GDERKNQSTAVLIFYWHMCP>
#	G	D	E	R	K	N	Q	S	T	A	V	L	I	F	Y	W	H	M	C	P
0	0.01691	0.04473	0.23890	0.01848	0.02484	0.01517	0.14728	0.08454	0.07074	0.08512	0.02073	0.05526	0.01779	0.00970	0.00756	0.00240	0.00862	0.11664	0.00497	0.00961
1	0.23164	0.26771	0.02110	0.01149	0.01639	0.01770	0.01023	0.02420	0.04072	0.20293	0.01757	0.02133	0.01410	0.00817	0.00567	0.00204	0.00634	0.06621	0.00528	0.00918
2	0.02304	0.08060	0.07277	0.03640	0.01918	0.01386	0.01202	0.08747	0.01900	0.33915	0.10410	0.02342	0.02005	0.00895	0.00805	0.00212	0.06376	0.00694	0.00657	0.05255
3	0.08192	0.02082	0.02494	0.01964	0.02468	0.19754	0.23091	0.09537	0.12833	0.05346	0.04185	0.01903	0.01412	0.00752	0.00707	0.00216	0.00950	0.00679	0.00490	0.00944
4	0.05010	0.07471	0.13690	0.01882	0.13503	0.01356	0.07287	0.02085	0.01617	0.12795	0.06455	0.02673	0.12191	0.00876	0.00682	0.00205	0.00707	0.00754	0.00495	0.08270
5	0.01532	0.01489	0.01852	0.01667	0.08280	0.09022	0.08289	0.01899	0.04087	0.02180	0.07017	0.10447	0.01914	0.00881	0.00759	0.00183	0.05059	0.00756	0.00454	0.32235
6	0.01593	0.01734	0.09067	0.21704	0.47964	0.01627	0.02131	0.02057	0.01529	0.02147	0.01289	0.01737	0.01040	0.00645	0.00690	0.00215	0.00874	0.00611	0.00332	0.01015
7	0.01653	0.01582	0.02699	0.16853	0.59131	0.01639	0.02105	0.02077	0.01554	0.02190	0.01300	0.01751	0.01074	0.00635	0.00692	0.00212	0.00847	0.00621	0.00339	0.01046
8	0.01318	0.01240	0.02093	0.73798	0.04806	0.01550	0.01938	0.01783	0.01395	0.01783	0.01240	0.01860	0.00930	0.00698	0.00698	0.00233	0.00930	0.00620	0.00310	0.00775
9	0.01807	0.01535	0.01618	0.01435	0.01842	0.01769	0.01122	0.08787	0.64666	0.03035	0.02749	0.02531	0.02057	0.00938	0.00709	0.00235	0.00569	0.00776	0.00709	0.01111
10	0.01015	0.00677	0.00761	0.00761	0.00761	0.00677	0.00423	0.01015	0.01015	0.01353	0.02199	0.04567	0.02537	0.75476	0.03552	0.00677	0.00677	0.01015	0.00423	0.00423
11	0.01318	0.01240	0.02093	0.73798	0.04806	0.01550	0.01938	0.01783	0.01395	0.01783	0.01240	0.01860	0.00930	0.00698	0.00698	0.00233	0.00930	0.00620	0.00310	0.00775
12	0.01736	0.01499	0.01578	0.01420	0.01815	0.01736	0.01105	0.03708	0.69862	0.02919	0.02840	0.02604	0.02130	0.00947	0.00710	0.00237	0.00552	0.00789	0.00710	0.01105
13	0.01012	0.00688	0.00821	0.00821	0.00842	0.00709	0.00498	0.01053	0.01033	0.01398	0.02144	0.04262	0.02405	0.63763	0.15084	0.00751	0.00875	0.00970	0.00415	0.00456
14	0.01971	0.01645	0.02124	0.02260	0.20170	0.01853	0.01475	0.26071	0.11132	0.02951	0.01649	0.02013	0.01351	0.06684	0.01186	0.00265	0.12983	0.00675	0.00520	0.01024
15	0.00999	0.00740	0.01082	0.01082	0.01193	0.00851	0.00823	0.01221	0.01110	0.01591	0.01905	0.02942	0.01832	0.12964	0.65099	0.01073	0.01738	0.00777	0.00379	0.00601
16	0.01356	0.01279	0.02162	0.67331	0.10976	0.01560	0.01957	0.01816	0.01413	0.01829	0.01247	0.01848	0.00947	0.00691	0.00697	0.00230	0.00921	0.00620	0.00313	0.00806
17	0.80405	0.01350	0.01026	0.00918	0.01350	0.01565	0.00756	0.02051	0.01188	0.03131	0.00972	0.01134	0.00756	0.00648	0.00432	0.00216	0.00540	0.00378	0.00432	0.00756
18	0.00938	0.00718	0.00896	0.00874	0.01046	0.00685	0.00657	0.01188	0.01622	0.02182	0.32015	0.05113	0.26074	0.05151	0.17246	0.00446	0.00700	0.01204	0.00627	0.00619
19	0.01544	0.26044	0.50693	0.01742	0.02639	0.01975	0.02149	0.02173	0.01456	0.02034	0.01165	0.01363	0.00888	0.00643	0.00596	0.00199	0.00943	0.00471	0.00296	0.00989
20	0.00850	0.00607	0.00810	0.00972	0.01012	0.00567	0.00648	0.00972	0.01336	0.01781	0.03846	0.75020	0.04615	0.02186	0.00891	0.00283	0.00405	0.01984	0.00648	0.00567
21	0.01656	0.30921	0.36646	0.01892	0.08854	0.04946	0.01961	0.02181	0.01483	0.01980	0.01143	0.01354	0.00910	0.00636	0.00582	0.00191	0.00913	0.00469	0.00303	0.00977
22	0.01697	0.01840	0.09255	0.04070	0.64787	0.01655	0.02182	0.02148	0.01578	0.02273	0.01307	0.01704	0.01085	0.00626	0.00688	0.00209	0.00848	0.00612	0.00341	0.01098
23	0.00850	0.00607	0.00810	0.00972	0.01012	0.00567	0.00648	0.00972	0.01336	0.01781	0.03846	0.75020	0.04615	0.02186	0.00891	0.00283	0.00405	0.01984	0.00648	0.00567
24	0.00886	0.00634	0.00845	0.00976	0.01041	0.00594	0.00677	0.01048	0.01443	0.01945	0.13446	0.61134	0.04864	0.02062	0.00885	0.00276	0.00408	0.05586	0.00665	0.00584
25	0.01714	0.29848	0.24711	0.01524	0.02203	0.02098	0.01615	0.05276	0.19971	0.02279	0.01593	0.01655	0.01237	0.00722	0.00597	0.00198	0.00785	0.00541	0.00425	0.01007
26	0.00981	0.00702	0.00957	0.01098	0.01202	0.00677	0.00854	0.01208	0.01512	0.02008	0.10006	0.39600	0.04540	0.02004	0.00916	0.00294	0.00500	0.29676	0.00657	0.00608
27	0.01739	0.01559	0.01911	0.01997	0.19433	0.05169	0.01268	0.09633	0.07058	0.02535	0.01424	0.01624	0.01147	0.00624	0.00603	0.00156	0.00667	0.00522	0.00449	0.40481
28	0.01158	0.01206	0.07140	0.01709	0.08206	0.01000	0.12333	0.01486	0.01515	0.02014	0.03469	0.26464	0.13493	0.01540	0.00847	0.00264	0.00661	0.14220	0.00542	0.00734
29	0.01650	0.40352	0.34452	0.01673	0.05028	0.02203	0.01856	0.02146	0.01450	0.01923	0.01111	0.01303	0.00898	0.00628	0.00554	0.00184	0.00878	0.00447	0.00299	0.00965
30	0.01706	0.09069	0.26163	0.02617	0.16814	0.09587	0.19773	0.02256	0.01594	0.02126	0.01263	0.01579	0.00978	0.00635	0.00689	0.00211	0.01029	0.00599	0.00328	0.00986
31	0.00902	0.00641	0.00834	0.00926	0.00992	0.00601	0.00626	0.01061	0.01457	0.01983	0.20043	0.50178	0.04869	0.10066	0.01167	0.00311	0.00416	0.01700	0.00652	0.00573
32	0.00981	0.00749	0.00907	0.00878	0.01062	0.00698	0.00653	0.01354	0.05865	0.02499	0.45673	0.11544	0.21451	0.01546	0.00823	0.00230	0.00355	0.01347	0.00726	0.00660
33	0.04992	0.13405	0.40294	0.02120	0.11420	0.01849	0.04668	0.09168	0.01665	0.02407	0.01258	0.01478	0.00947	0.00663	0.00636	0.00208	0.00922	0.00527	0.00352	0.01022
34	0.00850	0.00607	0.00810	0.00972	0.01012	0.00567	0.00648	0.00972	0.01336	0.01781	0.03846	0.75020	0.04615	0.02186	0.00891	0.00283	0.00405	0.01984	0.00648	0.00567
35	0.00931	0.00641	0.00786	0.00868	0.00889	0.00621	0.00537	0.00993	0.01178	0.01571	0.03036	0.40369	0.03593	0.38232	0.02199	0.00477	0.00538	0.01507	0.00537	0.00496
36	0.01447	0.01286	0.01822	0.34042	0.06035	0.01289	0.01403	0.04378	0.01501	0.02135	0.01260	0.01654	0.00996	0.00615	0.00613	0.00170	0.00726	0.00524	0.00375	0.37728
37	0.03046	0.01324	0.01704	0.01306	0.01849	0.01228	0.01079	0.15017	0.02225	0.59667	0.02562	0.02251	0.01631	0.00859	0.00701	0.00215	0.00625	0.00689	0.00834	0.01187
38	0.01318	0.01240	0.02093	0.73798	0.04806	0.01550	0.01938	0.01783	0.01395	0.01783	0.01240	0.01860	0.00930	0.00698	0.00698	0.00233	0.00930	0.00620	0.00310	0.00775
39	0.01586	0.01727	0.03600	0.02977	0.14417	0.01636	0.51421	0.02102	0.01609	0.02200	0.01622	0.08662	0.01397	0.00742	0.00808	0.00235	0.01048	0.00899	0.00379	0.00933
40	0.01318	0.01240	0.02093	0.73798	0.04806	0.01550	0.01938	0.01783	0.01395	0.01783	0.01240	0.01860	0.00930	0.00698	0.00698	0.00233	0.00930	0.00620	0.00310	0.00775
41	0.01318	0.01240	0.02093	0.73798	0.04806	0.01550	0.01938	0.01783	0.01395	0.01783	0.01240	0.01860	0.00930	0.00698	0.00698	0.00233	0.00930	0.00620	0.00310	0.00775
42	0.01599	0.01527	0.02600	0.26102	0.50308	0.01624	0.02078	0.02029	0.01528	0.02124	0.01290	0.01769	0.01050	0.00646	0.00693	0.00215	0.00861	0.00621	0.00334	0.01002
43	0.00964	0.00690	0.00775	0.00775	0.00846	0.00669	0.00486	0.01029	0.01173	0.01512	0.03438	0.04982	0.20219	0.50846	0.08240	0.00597	0.00686	0.01113	0.00478	0.00482
44	0.02345	0.01716	0.02346	0.05849	0.08431	0.03587	0.12502	0.27262	0.08661	0.17210	0.01889	0.01942	0.01335	0.00782	0.00718	0.00218	0.00807	0.00685	0.00615	0.01100
45	0.01318	0.01240	0.02093	0.73798	0.04806	0.01550	0.01938	0.01783	0.01395	0.01783	0.01240	0.01860	0.00930	0.00698	0.00698	0.00233	0.00930	0.00620	0.00310	0.00775
46	0.74233	0.01341	0.01109	0.06605	0.01619	0.01564	0.00848	0.02030	0.01204	0.03026	0.00993	0.01190	0.00769	0.00652	0.00453	0.00217	0.00570	0.00397	0.00422	0.00757
47	0.01192	0.00785	0.00875	0.00799	0.01070	0.00677	0.00612	0.01436	0.01655	0.08662	0.15228	0.04983	0.37545	0.01374	0.00733	0.00209	0.00380	0.01149	0.13791	0.06843

[dist]
# distance from previous block
# <min> <max>
0	6

[block]
# block no. 1 follows, 30 sequences, length 93
# corresponding to MSA columns:
# 139-231
name=unknown_B
#
# <colnr> <probs for GDERKNQSTAVLIFYWHMCP>
#	G	D	E	R	K	N	Q	S	T	A	V	L	I	F	Y	W	H	M	C	P
0	0.02129	0.09146	0.02488	0.02760	0.31355	0.26237	0.01657	0.08629	0.05014	0.02250	0.01305	0.01545	0.01070	0.00688	0.00649	0.00194	0.00951	0.00548	0.00396	0.00991
1	0.01673	0.01407	0.02390	0.33502	0.18153	0.01523	0.10602	0.02215	0.06073	0.09917	0.01659	0.02198	0.01285	0.00755	0.00725	0.00230	0.00866	0.03469	0.00426	0.00930
2	0.01622	0.01656	0.04792	0.18510	0.46283	0.01649	0.11092	0.02082	0.01553	0.02168	0.01309	0.01769	0.01056	0.00634	0.00709	0.00217	0.00903	0.00646	0.00338	0.01012
3	0.02156	0.01497	0.08073	0.01342	0.01825	0.01341	0.01170	0.11758	0.17287	0.26828	0.02750	0.02654	0.07473	0.01429	0.08836	0.00324	0.00772	0.00764	0.00680	0.01040
4	0.01635	0.01468	0.09506	0.04569	0.14659	0.04429	0.01323	0.02089	0.07178	0.13854	0.04554	0.24841	0.04450	0.01241	0.00758	0.00237	0.00654	0.01093	0.00571	0.00891
5	0.02015	0.01545	0.01716	0.01416	0.01849	0.03932	0.01135	0.13035	0.28753	0.11933	0.02096	0.02064	0.01563	0.00867	0.00849	0.00212	0.08919	0.00656	0.00620	0.14826
6	0.00894	0.00631	0.00815	0.00925	0.00973	0.00596	0.00611	0.01018	0.01354	0.01824	0.11118	0.55226	0.04486	0.14497	0.01333	0.00343	0.00442	0.01738	0.00623	0.00553
7	0.00918	0.00668	0.00880	0.01025	0.01116	0.00630	0.00758	0.01096	0.01431	0.01871	0.04132	0.50908	0.11129	0.02078	0.00903	0.00288	0.00461	0.18473	0.00646	0.00588
8	0.02144	0.01959	0.02325	0.10976	0.34224	0.19751	0.01726	0.02480	0.01736	0.13803	0.01488	0.01732	0.01138	0.00696	0.00678	0.00205	0.00911	0.00591	0.00433	0.01006
9	0.01727	0.01658	0.02832	0.04283	0.71123	0.01658	0.02142	0.02142	0.01589	0.02280	0.01313	0.01727	0.01105	0.00622	0.00691	0.00207	0.00829	0.00622	0.00345	0.01105
10	0.00901	0.00612	0.00792	0.00935	0.00990	0.00576	0.00630	0.01046	0.01350	0.01874	0.03669	0.66848	0.04296	0.02031	0.00845	0.00270	0.00396	0.01833	0.09529	0.00576
11	0.01333	0.01256	0.02121	0.71167	0.07317	0.01554	0.01946	0.01797	0.01403	0.01802	0.01243	0.01855	0.00937	0.00695	0.00697	0.00232	0.00926	0.00620	0.00311	0.00788
12	0.02104	0.01716	0.02256	0.02930	0.39412	0.11786	0.01638	0.02431	0.01739	0.18064	0.02080	0.02216	0.06927	0.00785	0.00695	0.00208	0.00799	0.00685	0.00491	0.01039
13	0.03011	0.01380	0.01739	0.01333	0.01877	0.01311	0.01101	0.19816	0.02320	0.54736	0.02483	0.02200	0.01592	0.00857	0.00701	0.00214	0.00637	0.00683	0.00822	0.01187
14	0.01681	0.01611	0.02749	0.12128	0.63639	0.01646	0.02119	0.02101	0.01567	0.02224	0.01304	0.01742	0.01086	0.00630	0.00692	0.00210	0.00840	0.00622	0.00341	0.01068
15	0.01965	0.01578	0.02627	0.03769	0.59394	0.01551	0.01953	0.02355	0.01658	0.14006	0.01556	0.01837	0.01211	0.00663	0.00693	0.00209	0.00789	0.00635	0.00433	0.01119
16	0.01805	0.37681	0.27572	0.01555	0.02259	0.07974	0.01704	0.02232	0.01495	0.05078	0.01159	0.01332	0.00931	0.00669	0.00629	0.00187	0.04009	0.00455	0.00329	0.00944
17	0.01076	0.00634	0.00740	0.00811	0.00918	0.00612	0.00571	0.01307	0.01433	0.02235	0.06838	0.36130	0.03360	0.01480	0.00692	0.00221	0.00362	0.01299	0.38667	0.00612
18	0.01925	0.01665	0.14583	0.01271	0.01945	0.01086	0.01210	0.02316	0.01611	0.22288	0.01679	0.01720	0.01206	0.00644	0.00597	0.00158	0.00635	0.00516	0.00521	0.42424
19	0.01030	0.00875	0.04306	0.01097	0.01275	0.00824	0.00905	0.01319	0.01428	0.01994	0.18452	0.04367	0.05483	0.07713	0.33945	0.00678	0.01142	0.12005	0.00520	0.00640
20	0.80405	0.01350	0.01026	0.00918	0.01350	0.01565	0.00756	0.02051	0.01188	0.03131	0.00972	0.01134	0.00756	0.00648	0.00432	0.00216	0.00540	0.00378	0.00432	0.00756
21	0.01433	0.03376	0.62699	0.02118	0.03105	0.01640	0.11505	0.02213	0.01497	0.02213	0.01274	0.01529	0.00908	0.00653	0.00685	0.00223	0.01051	0.00557	0.00303	0.01019
22	0.01727	0.01658	0.02832	0.04283	0.71123	0.01658	0.02142	0.02142	0.01589	0.02280	0.01313	0.01727	0.01105	0.00622	0.00691	0.00207	0.00829	0.00622	0.00345	0.01105
23	0.01447	0.01240	0.01447	0.01034	0.01654	0.00930	0.00827	0.01757	0.01447	0.02274	0.01240	0.01447	0.01034	0.00517	0.00517	0.00103	0.00517	0.00413	0.00413	0.79742
24	0.01621	0.01932	0.23494	0.08401	0.08763	0.01275	0.01610	0.02185	0.04787	0.12156	0.13297	0.02341	0.02072	0.00812	0.00682	0.00203	0.00725	0.00686	0.00498	0.12460
25	0.01748	0.01145	0.01382	0.01038	0.01577	0.00902	0.00832	0.02034	0.01613	0.18322	0.05208	0.02417	0.09308	0.00777	0.00607	0.00149	0.00508	0.00636	0.00559	0.49236
26	0.00963	0.00712	0.00898	0.00852	0.01027	0.00648	0.00639	0.01269	0.01916	0.02659	0.61002	0.05443	0.16424	0.01479	0.00823	0.00222	0.00333	0.01294	0.00750	0.00648
27	0.01812	0.01917	0.02210	0.14797	0.29273	0.19721	0.01653	0.02149	0.01626	0.02032	0.01312	0.03984	0.01127	0.00695	0.00656	0.00191	0.00895	0.00590	0.00363	0.12998
28	0.01736	0.01499	0.01578	0.01420	0.01815	0.01736	0.01105	0.03708	0.69862	0.02919	0.02840	0.02604	0.02130	0.00947	0.00710	0.00237	0.00552	0.00789	0.00710	0.01105
29	0.01527	0.01527	0.02137	0.01832	0.01832	0.02137	0.01527	0.01679	0.01069	0.01679	0.00916	0.01527	0.00916	0.01221	0.02290	0.00305	0.74198	0.00611	0.00305	0.00763
30	0.00849	0.00612	0.00805	0.00959	0.01009	0.00568	0.00642	0.00973	0.01348	0.01786	0.03995	0.71869	0.07671	0.02167	0.00888	0.00281	0.00402	0.01960	0.00648	0.00568
31	0.01318	0.01240	0.02093	0.73798	0.04806	0.01550	0.01938	0.01783	0.01395	0.01783	0.01240	0.01860	0.00930	0.00698	0.00698	0.00233	0.00930	0.00620	0.00310	0.00775
32	0.02268	0.24375	0.02487	0.01625	0.02013	0.44240	0.01323	0.02457	0.01711	0.01685	0.01029	0.01248	0.00900	0.00740	0.00764	0.00185	0.09340	0.00445	0.00336	0.00829
33	0.01221	0.00849	0.01122	0.01190	0.01378	0.00850	0.00984	0.01674	0.08084	0.05464	0.15310	0.14042	0.04248	0.01727	0.00895	0.00286	0.00551	0.38738	0.00682	0.00706
34	0.01072	0.00857	0.00977	0.00921	0.01152	0.00835	0.00698	0.01655	0.14462	0.02513	0.36655	0.05235	0.27427	0.01452	0.00803	0.00228	0.00379	0.01245	0.00717	0.00718
35	0.00893	0.00710	0.00802	0.00779	0.00985	0.00618	0.00584	0.01134	0.01752	0.02269	0.33856	0.06084	0.43813	0.01624	0.00824	0.00229	0.00343	0.01384	0.00699	0.00618
36	0.00901	0.00693	0.00825	0.00828	0.00999	0.00616	0.00607	0.01136	0.01718	0.02273	0.34780	0.17602	0.31129	0.01687	0.00835	0.00237	0.00351	0.01466	0.00701	0.00616
37	0.01447	0.01240	0.01447	0.01034	0.01654	0.00930	0.00827	0.01757	0.01447	0.02274	0.01240	0.01447	0.01034	0.00517	0.00517	0.00103	0.00517	0.00413	0.00413	0.79742
38	0.01400	0.03610	0.71860	0.01989	0.03020	0.01621	0.02578	0.02210	0.01473	0.02210	0.01252	0.01473	0.00884	0.00663	0.00663	0.00221	0.01031	0.00516	0.00295	0.01031
39	0.01124	0.00803	0.01124	0.01285	0.01446	0.00803	0.01124	0.01446	0.01606	0.02088	0.03695	0.07871	0.04016	0.01928	0.00964	0.00321	0.00643	0.66426	0.00643	0.00643
40	0.00883	0.00709	0.00787	0.00768	0.00978	0.00614	0.00576	0.01113	0.01727	0.02209	0.29676	0.06182	0.48030	0.01646	0.00824	0.00230	0.00345	0.01398	0.00691	0.00614
41	0.71631	0.01418	0.01146	0.00995	0.01441	0.01633	0.00820	0.09583	0.01424	0.03274	0.01051	0.01195	0.00804	0.00669	0.00462	0.00215	0.00566	0.00406	0.00462	0.00804
42	0.02653	0.01955	0.02094	0.01606	0.02164	0.02164	0.01326	0.68796	0.03281	0.04398	0.01675	0.01675	0.01187	0.00838	0.00698	0.00209	0.00768	0.00628	0.00698	0.01187
43	0.00912	0.00707	0.00830	0.00805	0.00998	0.00625	0.00602	0.01168	0.01787	0.02367	0.40757	0.07893	0.34842	0.01599	0.00826	0.00228	0.00342	0.01376	0.00712	0.00625
44	0.01316	0.00792	0.01002	0.00904	0.01147	0.00706	0.00694	0.01604	0.01899	0.14247	0.46018	0.05045	0.19116	0.01402	0.00803	0.00222	0.00379	0.01211	0.00759	0.00734
45	0.65006	0.01317	0.01144	0.00982	0.01436	0.01458	0.00810	0.02320	0.01349	0.16776	0.01327	0.01381	0.00949	0.00691	0.00486	0.00216	0.00551	0.00442	0.00518	0.00842
46	0.00981	0.00713	0.00923	0.00871	0.01038	0.00655	0.00653	0.01303	0.01959	0.02759	0.68043	0.05277	0.09320	0.01441	0.00823	0.00220	0.00330	0.01271	0.00763	0.00655
47	0.01122	0.00932	0.01362	0.01290	0.01385	0.01172	0.01027	0.01349	0.01109	0.01634	0.01643	0.02454	0.01548	0.04283	0.56026	0.00928	0.19006	0.00715	0.00358	0.00656
48	0.02607	0.03326	0.01978	0.01798	0.02157	0.72674	0.01348	0.02787	0.01978	0.01708	0.01079	0.01258	0.00899	0.00719	0.00629	0.00180	0.01258	0.00449	0.00360	0.00809
49	0.80405	0.01350	0.01026	0.00918	0.01350	0.01565	0.00756	0.02051	0.01188	0.03131	0.00972	0.01134	0.00756	0.00648	0.00432	0.00216	0.00540	0.00378	0.00432	0.00756
50	0.01727	0.01658	0.02832	0.04283	0.71123	0.01658	0.02142	0.02142	0.01589	0.02280	0.01313	0.01727	0.01105	0.00622	0.00691	0.00207	0.00829	0.00622	0.00345	0.01105
51	0.01672	0.01774	0.03401	0.02512	0.03130	0.01757	0.49559	0.02651	0.20883	0.02428	0.01815	0.02086	0.01361	0.00689	0.00792	0.00236	0.01000	0.00814	0.00454	0.00987
52	0.01005	0.00716	0.00962	0.00962	0.01031	0.00785	0.00673	0.01143	0.01074	0.01502	0.02015	0.03551	0.02096	0.36404	0.42020	0.00924	0.01340	0.00866	0.00396	0.00534
53	0.01239	0.01140	0.00996	0.00947	0.01195	0.10743	0.00714	0.01625	0.08035	0.02192	0.16074	0.04856	0.36069	0.01380	0.00749	0.00217	0.00491	0.01138	0.09515	0.00686
54	0.02323	0.03049	0.09796	0.01755	0.02197	0.52657	0.01446	0.02877	0.13403	0.01969	0.01396	0.01510	0.01105	0.00751	0.00647	0.00194	0.01113	0.00514	0.00412	0.00884
55	0.00988	0.00713	0.00933	0.00878	0.01043	0.00658	0.00658	0.01317	0.01975	0.02798	0.70754	0.05213	0.06584	0.01427	0.00823	0.00219	0.00329	0.01262	0.00768	0.00658
56	0.01400	0.03610	0.71860	0.01989	0.03020	0.01621	0.02578	0.02210	0.01473	0.02210	0.01252	0.01473	0.00884	0.00663	0.00663	0.00221	0.01031	0.00516	0.00295	0.01031
57	0.00825	0.00707	0.00707	0.00707	0.00943	0.00589	0.00530	0.01001	0.01591	0.01885	0.07069	0.06716	0.70839	0.01767	0.00825	0.00236	0.00353	0.01473	0.00648	0.00589
58	0.01727	0.01658	0.02832	0.04283	0.71123	0.01658	0.02142	0.02142	0.01589	0.02280	0.01313	0.01727	0.01105	0.00622	0.00691	0.00207	0.00829	0.00622	0.00345	0.01105
59	0.01447	0.01240	0.01447	0.01034	0.01654	0.00930	0.00827	0.01757	0.01447	0.02274	0.01240	0.01447	0.01034	0.00517	0.00517	0.00103	0.00517	0.00413	0.00413	0.79742
60	0.01400	0.03610	0.71860	0.01989	0.03020	0.01621	0.02578	0.02210	0.01473	0.02210	0.01252	0.01473	0.00884	0.00663	0.00663	0.00221	0.01031	0.00516	0.00295	0.01031
61	0.01124	0.00803	0.01124	0.01285	0.01446	0.00803	0.01124	0.01446	0.01606	0.02088	0.03695	0.07871	0.04016	0.01928	0.00964	0.00321	0.00643	0.66426	0.00643	0.00643
62	0.00918	0.00711	0.00836	0.00805	0.01000	0.00629	0.00603	0.01181	0.01810	0.02406	0.43419	0.05858	0.34164	0.01573	0.00824	0.00226	0.00340	0.01352	0.00717	0.00629
63	0.80405	0.01350	0.01026	0.00918	0.01350	0.01565	0.00756	0.02051	0.01188	0.03131	0.00972	0.01134	0.00756	0.00648	0.00432	0.00216	0.00540	0.00378	0.00432	0.00756
64	0.01098	0.00874	0.01275	0.01256	0.01368	0.01051	0.01014	0.01345	0.01196	0.01708	0.02034	0.03426	0.02004	0.04070	0.49962	0.00863	0.12562	0.11836	0.00409	0.00647
65	0.00997	0.00748	0.01121	0.01121	0.01246	0.00872	0.00872	0.01246	0.01121	0.01620	0.01869	0.02741	0.01745	0.05234	0.72710	0.01121	0.01869	0.00748	0.00374	0.00623
66	0.00863	0.00617	0.00821	0.00963	0.01015	0.00575	0.00649	0.01004	0.01396	0.01877	0.10144	0.68449	0.04801	0.02115	0.00884	0.00277	0.00398	0.01916	0.00659	0.00575
67	0.80405	0.01350	0.01026	0.00918	0.01350	0.01565	0.00756	0.02051	0.01188	0.03131	0.00972	0.01134	0.00756	0.00648	0.00432	0.00216	0.00540	0.00378	0.00432	0.00756
68	0.01400	0.03610	0.71860	0.01989	0.03020	0.01621	0.02578	0.02210	0.01473	0.02210	0.01252	0.01473	0.00884	0.00663	0.00663	0.00221	0.01031	0.00516	0.00295	0.01031
69	0.01015	0.00677	0.00761	0.00761	0.00761	0.00677	0.00423	0.01015	0.01015	0.01353	0.02199	0.04567	0.02537	0.75476	0.03552	0.00677	0.00677	0.01015	0.00423	0.00423
70	0.02653	0.01955	0.02094	0.01606	0.02164	0.02164	0.01326	0.68796	0.03281	0.04398	0.01675	0.01675	0.01187	0.00838	0.00698	0.00209	0.00768	0.00628	0.00698	0.01187
71	0.00838	0.00711	0.00725	0.00732	0.00964	0.00598	0.00555	0.01020	0.01591	0.01894	0.06926	0.06765	0.67995	0.01774	0.00831	0.00239	0.00366	0.04238	0.00648	0.00591
72	0.01971	0.01616	0.01710	0.01468	0.01904	0.01846	0.01161	0.20415	0.52772	0.03299	0.02541	0.02365	0.01888	0.00919	0.00707	0.00230	0.00608	0.00748	0.00707	0.01126
73	0.00997	0.00748	0.01121	0.01121	0.01246	0.00872	0.00872	0.01246	0.01121	0.01620	0.01869	0.02741	0.01745	0.05234	0.72710	0.01121	0.01869	0.00748	0.00374	0.00623
74	0.01708	0.01639	0.02798	0.07490	0.68063	0.01653	0.02132	0.02125	0.01580	0.02257	0.01309	0.01733	0.01097	0.00625	0.00691	0.00208	0.00834	0.00622	0.00344	0.01090
75	0.01462	0.01294	0.01575	0.01182	0.01687	0.01155	0.00957	0.01743	0.01377	0.02163	0.01180	0.01462	0.01012	0.00648	0.00846	0.00141	0.14210	0.00450	0.00393	0.65064
76	0.01127	0.00859	0.01053	0.00979	0.01186	0.00859	0.00741	0.01761	0.14592	0.02821	0.58133	0.04728	0.05757	0.01337	0.00802	0.00223	0.00371	0.01174	0.00757	0.00741
77	0.01346	0.01246	0.02085	0.59128	0.11974	0.01492	0.01884	0.01792	0.01437	0.01868	0.01479	0.02411	0.01240	0.00805	0.00722	0.00238	0.00892	0.06814	0.00345	0.00800
78	0.01527	0.01527	0.02137	0.01832	0.01832	0.02137	0.01527	0.01679	0.01069	0.01679	0.00916	0.01527	0.00916	0.01221	0.02290	0.00305	0.74198	0.00611	0.00305	0.00763
79	0.80405	0.01350	0.01026	0.00918	0.01350	0.01565	0.00756	0.02051	0.01188	0.03131	0.00972	0.01134	0.00756	0.00648	0.00432	0.00216	0.00540	0.00378	0.00432	0.00756
80	0.01727	0.01658	0.02832	0.04283	0.71123	0.01658	0.02142	0.02142	0.01589	0.02280	0.01313	0.01727	0.01105	0.00622	0.00691	0.00207	0.00829	0.00622	0.00345	0.01105
81	0.01637	0.01234	0.01466	0.01057	0.01668	0.00941	0.00849	0.01943	0.01509	0.10098	0.01411	0.01552	0.01112	0.00556	0.00538	0.00116	0.00525	0.00446	0.00464	0.70877
82	0.80405	0.01350	0.01026	0.00918	0.01350	0.01565	0.00756	0.02051	0.01188	0.03131	0.00972	0.01134	0.00756	0.00648	0.00432	0.00216	0.00540	0.00378	0.00432	0.00756
83	0.01011	0.00818	0.00932	0.00876	0.01087	0.00789	0.00678	0.01208	0.01598	0.04559	0.14634	0.05771	0.51901	0.01627	0.00985	0.00241	0.08692	0.01319	0.00633	0.00640
84	0.71631	0.01418	0.01146	0.00995	0.01441	0.01633	0.00820	0.09583	0.01424	0.03274	0.01051	0.01195	0.00804	0.00669	0.00462	0.00215	0.00566	0.00406	0.00462	0.00804
85	0.02997	0.01274	0.01649	0.01270	0.01799	0.01169	0.01047	0.12394	0.02155	0.59746	0.02586	0.02287	0.01655	0.00858	0.00693	0.00213	0.00608	0.00690	0.03741	0.01168
86	0.10613	0.01482	0.01516	0.01363	0.01762	0.01716	0.01065	0.03521	0.62112	0.02943	0.02629	0.02438	0.01975	0.00913	0.00679	0.00234	0.00551	0.00743	0.00679	0.01065
87	0.01740	0.01614	0.02209	0.02070	0.09708	0.02088	0.01562	0.13084	0.01502	0.02207	0.01089	0.01574	0.00983	0.01089	0.01840	0.00278	0.53499	0.00615	0.00376	0.00874
88	0.02466	0.01818	0.01984	0.01551	0.02060	0.02018	0.01275	0.61173	0.03037	0.04084	0.01697	0.01796	0.01250	0.01334	0.08825	0.00312	0.00892	0.00642	0.00661	0.01123
89	0.02480	0.01825	0.01985	0.01569	0.02083	0.02010	0.01304	0.61195	0.03092	0.04137	0.01903	0.02375	0.01506	0.00961	0.00728	0.00222	0.00754	0.08053	0.00692	0.01125
90	0.01332	0.01240	0.02020	0.65587	0.04450	0.01480	0.01813	0.01780	0.01401	0.01838	0.01240	0.01814	0.00942	0.00677	0.00677	0.00218	0.00884	0.00597	0.00322	0.09687
91	0.01015	0.00677	0.00761	0.00761	0.00761	0.00677	0.00423	0.01015	0.01015	0.01353	0.02199	0.04567	0.02537	0.75476	0.03552	0.00677	0.00677	0.01015	0.00423	0.00423
92	0.00918	0.00840	0.01092	0.00959	0.01248	0.00722	0.08210	0.01141	0.01597	0.01925	0.06431	0.06170	0.62965	0.01634	0.00825	0.00236	0.00446	0.01399	0.00615	0.00629

[dist]
# distance from previous block
# <min> <max>
0	3

# created by:
# /home/berkeley/.conda/envs/busco_data_prod/bin/msa2prfl.pl pipeline/OGs_align_augustus/5794/8461.fs
