[name]
unknown

[dist]
# distance from previous block
# <min> <max>
0	5

[block]
# block no. 0 follows, 31 sequences, length 65
# corresponding to MSA columns:
# 5-69
name=unknown_A
#
# <colnr> <probs for GDERKNQSTAVLIFYWHMCP>
#	G	D	E	R	K	N	Q	S	T	A	V	L	I	F	Y	W	H	M	C	P
0	0.01412	0.07245	0.06402	0.01522	0.05141	0.03655	0.09153	0.01765	0.01663	0.07387	0.17014	0.06592	0.07125	0.01264	0.00787	0.00240	0.00664	0.19626	0.00566	0.00775
1	0.01372	0.03539	0.72412	0.01950	0.02961	0.01589	0.02528	0.02167	0.01444	0.02167	0.01228	0.01444	0.00867	0.00650	0.00650	0.00217	0.01011	0.00506	0.00289	0.01011
2	0.01471	0.01484	0.02775	0.38782	0.18875	0.01603	0.21132	0.01950	0.01479	0.01980	0.01279	0.01802	0.00985	0.00637	0.00718	0.00223	0.00959	0.00665	0.00323	0.00876
3	0.01896	0.01566	0.01656	0.01432	0.01853	0.01793	0.01130	0.17862	0.55910	0.03175	0.02538	0.02356	0.01888	0.00905	0.00694	0.00226	0.00587	0.00739	0.00694	0.01100
4	0.00988	0.00689	0.00878	0.00878	0.00924	0.00735	0.00579	0.01080	0.01034	0.01424	0.02035	0.03807	0.02196	0.49451	0.29590	0.00827	0.01101	0.00897	0.00397	0.00488
5	0.00841	0.00671	0.00753	0.00782	0.00956	0.00584	0.00568	0.01026	0.01562	0.01971	0.16760	0.22644	0.44923	0.01775	0.00824	0.00239	0.00355	0.01528	0.00655	0.00584
6	0.01215	0.00809	0.01130	0.01258	0.01436	0.00800	0.01097	0.01527	0.01597	0.06044	0.03570	0.07410	0.03809	0.01830	0.00930	0.00309	0.00627	0.63299	0.00642	0.00660
7	0.00931	0.00698	0.00863	0.00822	0.00999	0.00630	0.00616	0.01219	0.01849	0.02534	0.56296	0.05454	0.21618	0.01477	0.00807	0.00219	0.00328	0.01285	0.00726	0.00630
8	0.01693	0.01626	0.02777	0.04199	0.71689	0.01626	0.02100	0.02100	0.01558	0.02235	0.01287	0.01693	0.01084	0.00610	0.00677	0.00203	0.00813	0.00610	0.00339	0.01084
9	0.01419	0.01216	0.01419	0.01013	0.01621	0.00912	0.00811	0.01723	0.01419	0.02229	0.01216	0.01419	0.01013	0.00507	0.00507	0.00101	0.00507	0.00405	0.00405	0.80139
10	0.01829	0.76368	0.03585	0.01171	0.01756	0.02707	0.01171	0.02049	0.01390	0.01610	0.00951	0.01097	0.00878	0.00585	0.00439	0.00146	0.00732	0.00366	0.00293	0.00878
11	0.80789	0.01323	0.01006	0.00900	0.01323	0.01535	0.00741	0.02011	0.01164	0.03070	0.00953	0.01111	0.00741	0.00635	0.00423	0.00212	0.00529	0.00370	0.00423	0.00741
12	0.00944	0.00698	0.00881	0.00835	0.01007	0.00635	0.00626	0.01244	0.01879	0.02607	0.61501	0.05335	0.16367	0.01450	0.00807	0.00218	0.00326	0.01269	0.00735	0.00635
13	0.01551	0.01809	0.06863	0.10392	0.03410	0.01754	0.48857	0.02063	0.01497	0.02063	0.01288	0.01773	0.00996	0.00682	0.00995	0.00240	0.11811	0.00741	0.00332	0.00884
14	0.01312	0.01237	0.02089	0.70740	0.08125	0.01525	0.01910	0.01766	0.01378	0.01773	0.01220	0.01817	0.00921	0.00680	0.00684	0.00227	0.00907	0.00608	0.00306	0.00776
15	0.57063	0.01635	0.01612	0.01323	0.01785	0.09275	0.11274	0.04922	0.01402	0.02838	0.01058	0.01259	0.00819	0.00641	0.00514	0.00211	0.00709	0.00455	0.00415	0.00792
16	0.00846	0.00622	0.00794	0.00905	0.00986	0.00569	0.00620	0.00997	0.01420	0.01879	0.12251	0.57274	0.14332	0.01996	0.00856	0.00264	0.00381	0.01789	0.00649	0.00569
17	0.00938	0.00702	0.00851	0.00832	0.01014	0.00635	0.00635	0.01213	0.01777	0.02407	0.44181	0.05687	0.26334	0.01521	0.00808	0.00226	0.00353	0.06195	0.03068	0.00623
18	0.60475	0.01536	0.01247	0.01074	0.01503	0.06710	0.00876	0.10433	0.01481	0.03055	0.01054	0.01208	0.00817	0.00674	0.00524	0.00207	0.02682	0.00414	0.00447	0.03585
19	0.01416	0.02798	0.48957	0.01949	0.08260	0.01527	0.02094	0.02321	0.12628	0.02335	0.07650	0.01966	0.01573	0.00757	0.00673	0.00218	0.00858	0.00622	0.00400	0.00996
20	0.00886	0.00696	0.00800	0.00774	0.00972	0.00611	0.00581	0.01132	0.01742	0.02282	0.38163	0.05869	0.39908	0.01571	0.00808	0.00223	0.00335	0.01344	0.00692	0.00611
21	0.00859	0.00674	0.00764	0.00805	0.00964	0.00597	0.00584	0.01029	0.01496	0.01879	0.11488	0.22481	0.41105	0.07129	0.01023	0.00276	0.00395	0.05252	0.00630	0.00570
22	0.01940	0.01791	0.06188	0.08300	0.40758	0.01776	0.01850	0.23790	0.02073	0.02866	0.01393	0.01673	0.01085	0.00685	0.00679	0.00206	0.00811	0.00606	0.00445	0.01082
23	0.01326	0.01250	0.02113	0.68428	0.10333	0.01529	0.01917	0.01777	0.01384	0.01789	0.01222	0.01813	0.00926	0.00678	0.00683	0.00226	0.00904	0.00608	0.00307	0.00787
24	0.00992	0.00675	0.00805	0.00805	0.00825	0.00695	0.00488	0.01033	0.01012	0.01370	0.02102	0.04179	0.02358	0.64168	0.15093	0.00736	0.00858	0.00951	0.00407	0.00447
25	0.01395	0.03383	0.66114	0.02036	0.03018	0.01602	0.08669	0.02169	0.01460	0.02169	0.01242	0.01481	0.00882	0.00643	0.00664	0.00218	0.01024	0.00533	0.00294	0.01003
26	0.01647	0.01825	0.05248	0.09288	0.25833	0.09394	0.25343	0.02086	0.01586	0.02080	0.01502	0.05951	0.01308	0.00744	0.00736	0.00220	0.00964	0.02960	0.00364	0.00921
27	0.01485	0.01412	0.02400	0.40674	0.36846	0.01571	0.01996	0.01917	0.01459	0.01982	0.01250	0.01761	0.00994	0.00648	0.00681	0.00216	0.00864	0.00609	0.00321	0.00915
28	0.77503	0.01316	0.01030	0.00913	0.01341	0.01512	0.00752	0.02067	0.01198	0.05991	0.01026	0.01163	0.00781	0.00644	0.00435	0.00212	0.00531	0.00384	0.00441	0.00759
29	0.00931	0.00681	0.00966	0.01018	0.01102	0.00738	0.00742	0.01112	0.01159	0.01616	0.02503	0.26930	0.02713	0.10701	0.42858	0.00787	0.01250	0.01158	0.00460	0.00574
30	0.01588	0.01518	0.02604	0.14662	0.55049	0.01557	0.04342	0.02003	0.01552	0.02188	0.05272	0.01913	0.01362	0.00665	0.00690	0.00209	0.00812	0.00652	0.00357	0.01004
31	0.00865	0.00632	0.00821	0.00961	0.01039	0.00588	0.00681	0.01016	0.01374	0.01797	0.04127	0.58619	0.12398	0.02062	0.00875	0.00277	0.00421	0.10245	0.00634	0.00568
32	0.01356	0.00896	0.01010	0.00915	0.01156	0.04384	0.00700	0.01632	0.01836	0.13093	0.40527	0.04636	0.18096	0.01311	0.00761	0.00213	0.00413	0.01120	0.05227	0.00718
33	0.16959	0.01314	0.05092	0.01197	0.01732	0.01130	0.01036	0.03037	0.01789	0.56172	0.02310	0.02065	0.01480	0.00799	0.00638	0.00212	0.00594	0.00622	0.00742	0.01080
34	0.05747	0.00883	0.01151	0.01104	0.01374	0.00821	0.00880	0.01949	0.01608	0.26214	0.03403	0.25230	0.07090	0.01531	0.00801	0.00258	0.00524	0.17940	0.00696	0.00795
35	0.01660	0.01591	0.02716	0.10083	0.66068	0.01617	0.02083	0.02070	0.01542	0.02194	0.01281	0.01704	0.01069	0.00616	0.00678	0.00205	0.00821	0.00609	0.00336	0.01057
36	0.00979	0.00690	0.00878	0.00974	0.01052	0.00673	0.00715	0.01129	0.01310	0.01715	0.03359	0.24223	0.07521	0.26902	0.01773	0.00418	0.00564	0.24031	0.00559	0.00535
37	0.01248	0.01118	0.03835	0.01752	0.15774	0.01103	0.01141	0.01741	0.09917	0.02288	0.20014	0.19249	0.03492	0.01309	0.00880	0.00238	0.06054	0.04727	0.03332	0.00788
38	0.01593	0.01545	0.01839	0.01622	0.04301	0.13120	0.11837	0.09813	0.04025	0.02384	0.14073	0.03839	0.11569	0.01160	0.00824	0.00231	0.03228	0.11654	0.00548	0.00796
39	0.01751	0.01206	0.01453	0.01054	0.01646	0.00931	0.00850	0.02047	0.01527	0.16299	0.01514	0.01602	0.01150	0.00575	0.00543	0.00124	0.00522	0.00462	0.00494	0.64250
40	0.01947	0.08380	0.01910	0.01538	0.05407	0.04448	0.01180	0.21337	0.34425	0.03011	0.02263	0.02188	0.04221	0.00858	0.00663	0.00208	0.00647	0.00684	0.00612	0.04071
41	0.01785	0.06063	0.14253	0.08742	0.13110	0.03397	0.07249	0.02265	0.03976	0.13642	0.01595	0.01919	0.01225	0.00716	0.00698	0.00199	0.02858	0.02807	0.00440	0.13060
42	0.01824	0.11422	0.37845	0.01784	0.02574	0.01676	0.08888	0.06455	0.04792	0.13974	0.01553	0.01655	0.01098	0.00691	0.00652	0.00209	0.00884	0.00570	0.00431	0.01024
43	0.00844	0.00646	0.00774	0.00844	0.00971	0.00577	0.00594	0.01012	0.01492	0.01927	0.14596	0.40017	0.29475	0.01885	0.00840	0.00252	0.00368	0.01659	0.00652	0.00577
44	0.00887	0.00637	0.00842	0.00916	0.01004	0.00591	0.00639	0.01087	0.01558	0.02142	0.30544	0.47611	0.05290	0.01848	0.00847	0.00253	0.00368	0.01664	0.00682	0.00591
45	0.01654	0.02510	0.39732	0.06408	0.17657	0.01459	0.02090	0.02236	0.01531	0.12146	0.01574	0.05245	0.01212	0.00744	0.00674	0.00217	0.00871	0.00630	0.00397	0.01012
46	0.01539	0.02736	0.40646	0.08472	0.13129	0.04350	0.12549	0.04608	0.01564	0.02205	0.01268	0.01573	0.00940	0.00644	0.00681	0.00216	0.00995	0.00577	0.00323	0.00984
47	0.01497	0.01497	0.02095	0.01796	0.01796	0.02095	0.01497	0.01646	0.01048	0.01646	0.00898	0.01497	0.00898	0.01197	0.02245	0.00299	0.74704	0.00599	0.00299	0.00748
48	0.00977	0.00733	0.01100	0.01100	0.01222	0.00855	0.00855	0.01222	0.01100	0.01588	0.01833	0.02688	0.01710	0.05131	0.73245	0.01100	0.01833	0.00733	0.00367	0.00611
49	0.02391	0.01587	0.07837	0.01983	0.17420	0.01397	0.01407	0.16444	0.02067	0.32007	0.04420	0.02076	0.01547	0.00790	0.00679	0.00207	0.00687	0.00658	0.03298	0.01098
50	0.01698	0.16542	0.48795	0.01710	0.02569	0.01757	0.02056	0.05537	0.01576	0.09674	0.01355	0.01485	0.00972	0.00668	0.00617	0.00203	0.00901	0.00505	0.00369	0.01011
51	0.01253	0.01166	0.01618	0.01486	0.01501	0.01530	0.01180	0.01392	0.01144	0.01683	0.01953	0.28673	0.02230	0.01545	0.01741	0.00291	0.47420	0.01093	0.00423	0.00678
52	0.01696	0.01799	0.16268	0.07681	0.26052	0.01418	0.01712	0.09209	0.01720	0.09834	0.02146	0.08325	0.07348	0.00895	0.00702	0.00217	0.00755	0.00780	0.00467	0.00975
53	0.46291	0.18200	0.11544	0.01162	0.01681	0.01833	0.01130	0.02069	0.03186	0.02547	0.01039	0.01214	0.00834	0.00662	0.00554	0.00203	0.04245	0.00411	0.00377	0.00819
54	0.01632	0.01573	0.02726	0.06638	0.61744	0.01576	0.05919	0.02036	0.01542	0.02190	0.01411	0.05294	0.01242	0.00685	0.00695	0.00209	0.00816	0.00686	0.00352	0.01036
55	0.01464	0.01243	0.01443	0.01035	0.01640	0.00958	0.00829	0.04303	0.01487	0.02309	0.01232	0.01427	0.01019	0.00519	0.00513	0.00105	0.00516	0.00413	0.00416	0.77128
56	0.00995	0.00663	0.00746	0.00746	0.00746	0.00663	0.00415	0.00995	0.00995	0.01327	0.02156	0.04477	0.02487	0.75957	0.03482	0.00663	0.00663	0.00995	0.00415	0.00415
57	0.00946	0.00649	0.00791	0.00837	0.00860	0.00648	0.00517	0.01002	0.01096	0.01472	0.02602	0.25172	0.03018	0.48159	0.08756	0.00588	0.00686	0.01251	0.00475	0.00473
58	0.07524	0.07505	0.06465	0.05105	0.10418	0.06896	0.01212	0.04283	0.01516	0.02246	0.01188	0.01419	0.00971	0.00579	0.00549	0.00149	0.00681	0.00451	0.00383	0.40462
59	0.33736	0.11767	0.14488	0.01502	0.07948	0.01728	0.01304	0.07174	0.06826	0.02702	0.04155	0.01538	0.01186	0.00697	0.00545	0.00204	0.00677	0.00501	0.00429	0.00892
60	0.00834	0.00595	0.00794	0.00953	0.00992	0.00556	0.00635	0.00953	0.01310	0.01746	0.03771	0.75510	0.04525	0.02143	0.00873	0.00278	0.00397	0.01945	0.00635	0.00556
61	0.00946	0.00682	0.00787	0.00773	0.00953	0.00615	0.00575	0.01203	0.01692	0.02333	0.34158	0.09294	0.29315	0.01477	0.00764	0.00217	0.00335	0.01267	0.12000	0.00615
62	0.02195	0.17165	0.14108	0.01740	0.04446	0.12032	0.09432	0.10749	0.01858	0.17566	0.01541	0.01617	0.01115	0.00699	0.00635	0.00195	0.00872	0.00560	0.00478	0.00997
63	0.01111	0.00830	0.01201	0.01418	0.11762	0.00876	0.00852	0.01240	0.01111	0.01552	0.01821	0.03179	0.01872	0.31682	0.29189	0.07423	0.01119	0.00804	0.00375	0.00581
64	0.00955	0.00731	0.00897	0.00948	0.01136	0.00673	0.00772	0.01214	0.01642	0.02107	0.18673	0.06727	0.31968	0.01726	0.00861	0.00261	0.00452	0.26986	0.00657	0.00612

[dist]
# distance from previous block
# <min> <max>
0	1

[block]
# block no. 1 follows, 31 sequences, length 72
# corresponding to MSA columns:
# 71-142
name=unknown_B
#
# <colnr> <probs for GDERKNQSTAVLIFYWHMCP>
#	G	D	E	R	K	N	Q	S	T	A	V	L	I	F	Y	W	H	M	C	P
0	0.01935	0.07258	0.06111	0.02270	0.11434	0.01913	0.21216	0.22868	0.09767	0.02854	0.01548	0.01755	0.01174	0.00726	0.00768	0.00216	0.04015	0.00664	0.00479	0.01028
1	0.76977	0.01352	0.01057	0.00933	0.01362	0.01563	0.00768	0.05297	0.01264	0.03130	0.00986	0.01137	0.00762	0.00644	0.00436	0.00211	0.00540	0.00382	0.00436	0.00762
2	0.01419	0.01216	0.01419	0.01013	0.01621	0.00912	0.00811	0.01723	0.01419	0.02229	0.01216	0.01419	0.01013	0.00507	0.00507	0.00101	0.00507	0.00405	0.00405	0.80139
3	0.00968	0.00699	0.00914	0.00861	0.01022	0.00646	0.00646	0.01291	0.01937	0.02743	0.71328	0.05110	0.06455	0.01399	0.00807	0.00215	0.00323	0.01237	0.00753	0.00646
4	0.00956	0.00672	0.00817	0.00813	0.00895	0.00639	0.00538	0.01109	0.01442	0.01975	0.30610	0.12781	0.08001	0.33548	0.01964	0.00416	0.00479	0.01223	0.00588	0.00533
5	0.01860	0.00823	0.00969	0.00841	0.01133	0.00760	0.00663	0.02149	0.01624	0.26483	0.02733	0.02766	0.06776	0.00882	0.00574	0.00183	0.00412	0.00713	0.46840	0.00815
6	0.01317	0.00990	0.01250	0.01306	0.01533	0.01046	0.01113	0.06734	0.13921	0.02356	0.03330	0.06361	0.03408	0.01642	0.00882	0.00292	0.00623	0.50500	0.00646	0.00749
7	0.01542	0.00828	0.01061	0.00928	0.01205	0.00736	0.00722	0.01823	0.01867	0.22221	0.39319	0.04516	0.16101	0.01286	0.00766	0.00216	0.00400	0.01103	0.02580	0.00780
8	0.01161	0.00604	0.00871	0.00871	0.00871	0.00604	0.00569	0.00906	0.00906	0.01208	0.01325	0.02418	0.01372	0.12773	0.02788	0.68872	0.00604	0.00651	0.00314	0.00314
9	0.01470	0.03367	0.65358	0.01986	0.04834	0.01628	0.02427	0.07033	0.01576	0.02324	0.01259	0.01466	0.00894	0.00661	0.00653	0.00215	0.00987	0.00516	0.00319	0.01024
10	0.80789	0.01323	0.01006	0.00900	0.01323	0.01535	0.00741	0.02011	0.01164	0.03070	0.00953	0.01111	0.00741	0.00635	0.00423	0.00212	0.00529	0.00370	0.00423	0.00741
11	0.01389	0.01249	0.04865	0.01624	0.13351	0.01071	0.01121	0.01910	0.09272	0.04190	0.16890	0.06477	0.02712	0.00958	0.00682	0.00190	0.00552	0.05516	0.00535	0.25445
12	0.01951	0.39320	0.17526	0.01503	0.02116	0.20707	0.01499	0.04831	0.01614	0.01847	0.01063	0.01226	0.00887	0.00639	0.00539	0.00171	0.00921	0.00424	0.00322	0.00895
13	0.01681	0.00863	0.01109	0.00953	0.01259	0.00760	0.00748	0.01954	0.01868	0.27185	0.34051	0.04420	0.17815	0.01270	0.00765	0.00217	0.00420	0.01084	0.00763	0.00816
14	0.00925	0.00698	0.00855	0.00815	0.00996	0.00627	0.00612	0.01207	0.01835	0.02501	0.53923	0.05509	0.24011	0.01489	0.00807	0.00219	0.00329	0.01293	0.00721	0.00627
15	0.02001	0.05173	0.02459	0.03121	0.44970	0.05212	0.01738	0.08934	0.01791	0.12254	0.01598	0.01995	0.01285	0.00725	0.00677	0.00206	0.00783	0.03564	0.00456	0.01058
16	0.01335	0.01406	0.02797	0.02075	0.02579	0.01301	0.42954	0.01784	0.01661	0.02219	0.14937	0.03396	0.16426	0.00960	0.00808	0.00228	0.00841	0.01014	0.00478	0.00803
17	0.50919	0.01318	0.01263	0.01048	0.01513	0.01414	0.00864	0.07402	0.01562	0.24580	0.01545	0.01528	0.01067	0.00714	0.00525	0.00211	0.00562	0.00487	0.00574	0.00903
18	0.01292	0.01216	0.02052	0.74312	0.04712	0.01520	0.01900	0.01748	0.01368	0.01748	0.01216	0.01824	0.00912	0.00684	0.00684	0.00228	0.00912	0.00608	0.00304	0.00760
19	0.01734	0.01601	0.02298	0.12182	0.39315	0.04673	0.01739	0.09364	0.11647	0.02435	0.01643	0.05408	0.01374	0.00766	0.00689	0.00213	0.00778	0.00692	0.00437	0.01013
20	0.00916	0.00681	0.00870	0.00984	0.01108	0.00635	0.00753	0.01115	0.01473	0.01900	0.07030	0.36131	0.19814	0.01943	0.00878	0.00276	0.00454	0.21815	0.00638	0.00587
21	0.00895	0.00675	0.00839	0.00922	0.01057	0.00618	0.00691	0.01094	0.01517	0.01966	0.13635	0.32906	0.24453	0.01875	0.00859	0.00263	0.00416	0.14082	0.00650	0.00588
22	0.80789	0.01323	0.01006	0.00900	0.01323	0.01535	0.00741	0.02011	0.01164	0.03070	0.00953	0.01111	0.00741	0.00635	0.00423	0.00212	0.00529	0.00370	0.00423	0.00741
23	0.01795	0.01889	0.24979	0.01394	0.01966	0.01209	0.01433	0.09679	0.01894	0.19735	0.20496	0.05820	0.02754	0.00981	0.00715	0.00216	0.00667	0.00820	0.00609	0.00949
24	0.01702	0.01470	0.01547	0.01392	0.01779	0.01702	0.01083	0.03635	0.70453	0.02862	0.02785	0.02553	0.02088	0.00928	0.00696	0.00232	0.00541	0.00773	0.00696	0.01083
25	0.02014	0.02119	0.02081	0.28754	0.09761	0.27710	0.01606	0.13703	0.01910	0.02206	0.01238	0.01566	0.00960	0.00708	0.00659	0.00203	0.00992	0.00549	0.00390	0.00872
26	0.01419	0.01216	0.01419	0.01013	0.01621	0.00912	0.00811	0.01723	0.01419	0.02229	0.01216	0.01419	0.01013	0.00507	0.00507	0.00101	0.00507	0.00405	0.00405	0.80139
27	0.13747	0.01056	0.06201	0.08069	0.01588	0.00958	0.00938	0.03437	0.01526	0.02355	0.19357	0.26400	0.03535	0.01360	0.00728	0.00236	0.00507	0.02887	0.04432	0.00684
28	0.01721	0.19036	0.40125	0.01785	0.02562	0.14310	0.05244	0.04041	0.01574	0.02020	0.01157	0.01358	0.00888	0.00647	0.00607	0.00195	0.00990	0.00482	0.00314	0.00944
29	0.02768	0.01648	0.01887	0.01447	0.01988	0.01723	0.01195	0.45798	0.02767	0.28557	0.02020	0.01888	0.01353	0.00830	0.00686	0.00208	0.00692	0.00642	0.00742	0.01164
30	0.02560	0.04852	0.11920	0.01454	0.02002	0.16294	0.01307	0.08091	0.01936	0.37031	0.02032	0.04322	0.01427	0.00820	0.00664	0.00204	0.00793	0.00634	0.00623	0.01033
31	0.09156	0.01173	0.01335	0.01034	0.01540	0.01003	0.00820	0.01959	0.06788	0.08023	0.06820	0.05335	0.01700	0.00723	0.00568	0.00148	0.00499	0.00589	0.00502	0.50287
32	0.73124	0.01253	0.00995	0.00899	0.01281	0.01444	0.00727	0.01903	0.01138	0.02888	0.00975	0.01205	0.00784	0.00803	0.00640	0.07904	0.00535	0.00392	0.00411	0.00698
33	0.01702	0.01470	0.01547	0.01392	0.01779	0.01702	0.01083	0.03635	0.70453	0.02862	0.02785	0.02553	0.02088	0.00928	0.00696	0.00232	0.00541	0.00773	0.00696	0.01083
34	0.00815	0.00667	0.00720	0.00763	0.00943	0.00572	0.00551	0.00974	0.01492	0.01821	0.06075	0.25255	0.53293	0.01844	0.00826	0.00244	0.00360	0.01580	0.00635	0.00572
35	0.01292	0.01216	0.02052	0.74312	0.04712	0.01520	0.01900	0.01748	0.01368	0.01748	0.01216	0.01824	0.00912	0.00684	0.00684	0.00228	0.00912	0.00608	0.00304	0.00760
36	0.72094	0.01327	0.01084	0.00946	0.01381	0.01508	0.00779	0.04086	0.01290	0.08808	0.01117	0.01227	0.00832	0.00658	0.00453	0.00212	0.00540	0.00404	0.00466	0.00788
37	0.01779	0.65703	0.10114	0.01256	0.01873	0.02550	0.01297	0.02137	0.04762	0.01724	0.01067	0.01202	0.00936	0.00608	0.00472	0.00157	0.00749	0.00399	0.00312	0.00901
38	0.00991	0.00680	0.00833	0.00833	0.00864	0.00711	0.00523	0.01051	0.01021	0.01391	0.02076	0.04035	0.02295	0.58460	0.20716	0.00771	0.00952	0.00930	0.00403	0.00463
39	0.35697	0.00996	0.00910	0.00820	0.01137	0.01068	0.00654	0.01982	0.01381	0.11110	0.01737	0.01905	0.01311	0.00733	0.00480	0.00188	0.00441	0.00529	0.36177	0.00745
40	0.01007	0.00887	0.01408	0.01233	0.01480	0.00809	0.13554	0.01273	0.01565	0.02050	0.16245	0.25554	0.24558	0.01581	0.00832	0.00245	0.00520	0.03948	0.00601	0.00650
41	0.01546	0.22642	0.20303	0.01551	0.02151	0.01780	0.09014	0.04759	0.11211	0.02298	0.14015	0.02215	0.02076	0.00804	0.00645	0.00200	0.00751	0.00674	0.00452	0.00914
42	0.01349	0.00871	0.01137	0.01157	0.04247	0.00835	0.00851	0.01769	0.07917	0.12224	0.27743	0.14645	0.10185	0.01448	0.00804	0.00240	0.00456	0.10666	0.00699	0.00756
43	0.28419	0.01696	0.05032	0.13665	0.02301	0.04824	0.01291	0.23289	0.01884	0.03009	0.01228	0.01455	0.00930	0.00757	0.00733	0.00219	0.07392	0.00518	0.00465	0.00893
44	0.01330	0.01381	0.07099	0.39991	0.19275	0.01402	0.01756	0.01734	0.01368	0.01843	0.01447	0.04867	0.01270	0.08019	0.04185	0.00303	0.00894	0.00694	0.00337	0.00805
45	0.02556	0.03261	0.01939	0.01763	0.02115	0.73210	0.01322	0.02732	0.01939	0.01674	0.01058	0.01234	0.00881	0.00705	0.00617	0.00176	0.01234	0.00441	0.00353	0.00793
46	0.00958	0.00673	0.00817	0.00876	0.01022	0.00600	0.00628	0.01125	0.01487	0.05482	0.10029	0.40038	0.28117	0.01867	0.00838	0.00254	0.00390	0.03541	0.00655	0.00604
47	0.00944	0.00693	0.00830	0.00796	0.00977	0.00625	0.00597	0.01223	0.01791	0.02469	0.47596	0.05354	0.25007	0.01452	0.00784	0.00216	0.00329	0.01254	0.06439	0.00625
48	0.01497	0.01497	0.02095	0.01796	0.01796	0.02095	0.01497	0.01646	0.01048	0.01646	0.00898	0.01497	0.00898	0.01197	0.02245	0.00299	0.74704	0.00599	0.00299	0.00748
49	0.47359	0.01290	0.01278	0.01053	0.01523	0.01360	0.00869	0.05708	0.01565	0.29557	0.01653	0.01602	0.01125	0.00725	0.00537	0.00211	0.00560	0.00504	0.00598	0.00923
50	0.02601	0.01916	0.02053	0.01574	0.02122	0.02122	0.01300	0.69408	0.03217	0.04312	0.01643	0.01643	0.01163	0.00821	0.00684	0.00205	0.00753	0.00616	0.00684	0.01163
51	0.02068	0.53280	0.03110	0.01296	0.01869	0.02526	0.01211	0.22937	0.01957	0.02448	0.01166	0.01266	0.00966	0.00658	0.00515	0.00165	0.00738	0.00443	0.00414	0.00966
52	0.02487	0.01837	0.01964	0.01526	0.02048	0.02037	0.01254	0.62149	0.08019	0.04142	0.01747	0.01742	0.01252	0.00828	0.00678	0.00206	0.00722	0.00628	0.03596	0.01138
53	0.01303	0.00800	0.01082	0.01080	0.04472	0.00733	0.00764	0.01587	0.01820	0.13287	0.45532	0.14375	0.07674	0.01392	0.00792	0.00223	0.00397	0.01229	0.00727	0.00731
54	0.01674	0.10191	0.55009	0.01763	0.02660	0.01608	0.02165	0.02333	0.01517	0.12762	0.01425	0.01546	0.00994	0.00674	0.00635	0.00209	0.00919	0.00520	0.00374	0.01022
55	0.02386	0.24965	0.02504	0.01431	0.01989	0.02245	0.01245	0.45101	0.02585	0.06984	0.01483	0.01509	0.01102	0.00749	0.00608	0.00187	0.00737	0.00542	0.00571	0.01075
56	0.03037	0.01217	0.01620	0.01242	0.01773	0.01084	0.01026	0.07979	0.02047	0.67393	0.02625	0.02280	0.01656	0.00845	0.00688	0.00211	0.00594	0.00683	0.00835	0.01164
57	0.01782	0.02238	0.15166	0.02312	0.20472	0.19767	0.04232	0.02206	0.03423	0.05052	0.06577	0.04260	0.04943	0.00838	0.00745	0.00209	0.03769	0.00686	0.00415	0.00909
58	0.01504	0.04252	0.02209	0.51501	0.16396	0.01590	0.01829	0.03966	0.03793	0.04537	0.01338	0.01810	0.01017	0.00685	0.00674	0.00219	0.00858	0.00608	0.00354	0.00861
59	0.01372	0.03539	0.72412	0.01950	0.02961	0.01589	0.02528	0.02167	0.01444	0.02167	0.01228	0.01444	0.00867	0.00650	0.00650	0.00217	0.01011	0.00506	0.00289	0.01011
60	0.00956	0.00666	0.00686	0.00701	0.00891	0.00594	0.00518	0.01169	0.01497	0.02056	0.05169	0.11971	0.43369	0.01482	0.00712	0.00213	0.00343	0.01242	0.25171	0.00594
61	0.02602	0.02320	0.01935	0.01692	0.04744	0.33019	0.01286	0.21058	0.02244	0.17264	0.01566	0.01604	0.01138	0.00782	0.00715	0.00197	0.03752	0.00553	0.00545	0.00982
62	0.00826	0.00624	0.00764	0.00876	0.00972	0.00562	0.00601	0.00961	0.01384	0.01777	0.04709	0.55036	0.24393	0.02021	0.00854	0.00264	0.00382	0.01796	0.00635	0.00562
63	0.01188	0.00594	0.00891	0.00891	0.00891	0.00594	0.00594	0.00891	0.00891	0.01188	0.01188	0.02080	0.01188	0.02377	0.02674	0.80095	0.00594	0.00594	0.00297	0.00297
64	0.00987	0.00660	0.00749	0.00757	0.00759	0.00658	0.00426	0.00993	0.01011	0.01348	0.02239	0.08152	0.02593	0.72138	0.03347	0.00643	0.00649	0.01044	0.00426	0.00422
65	0.07471	0.01725	0.05135	0.06576	0.40693	0.04399	0.04774	0.06236	0.11697	0.02458	0.01492	0.01760	0.01184	0.00678	0.00665	0.00210	0.00793	0.00615	0.00414	0.01026
66	0.01786	0.01222	0.01535	0.01141	0.01697	0.01009	0.02802	0.05328	0.01599	0.16541	0.01589	0.01719	0.01210	0.00928	0.05827	0.00205	0.00648	0.00508	0.00504	0.52201
67	0.07306	0.32711	0.39521	0.01560	0.02357	0.02035	0.01852	0.02108	0.01402	0.02008	0.01096	0.01281	0.00862	0.00623	0.00549	0.00188	0.00864	0.00439	0.00300	0.00938
68	0.01371	0.06105	0.61635	0.01880	0.02800	0.01570	0.05179	0.02100	0.01485	0.02188	0.06299	0.01713	0.01279	0.00699	0.00660	0.00214	0.00956	0.00566	0.00325	0.00976
69	0.01027	0.00898	0.00943	0.01041	0.04673	0.05902	0.00686	0.01186	0.01474	0.01831	0.10057	0.23604	0.30147	0.12013	0.01177	0.00297	0.00490	0.01380	0.00578	0.00597
70	0.01190	0.00917	0.01283	0.01108	0.01351	0.00895	0.08325	0.06305	0.01755	0.02486	0.27019	0.10949	0.14858	0.01278	0.00788	0.00217	0.02657	0.01120	0.14801	0.00696
71	0.01961	0.12839	0.13867	0.01870	0.05663	0.01896	0.13163	0.23638	0.07553	0.05534	0.04267	0.01803	0.01349	0.00739	0.00670	0.00206	0.00823	0.00634	0.00499	0.01026

[dist]
# distance from previous block
# <min> <max>
0	13

# created by:
# /home/berkeley/.conda/envs/busco_data_prod/bin/msa2prfl.pl pipeline/OGs_align_augustus/5794/8569.fs
