[name]
unknown

[dist]
# distance from previous block
# <min> <max>
0	400

[block]
# block no. 0 follows, 25 sequences, length 6
# corresponding to MSA columns:
# 481-486
name=unknown_A
#
# <colnr> <probs for GDERKNQSTAVLIFYWHMCP>
#	G	D	E	R	K	N	Q	S	T	A	V	L	I	F	Y	W	H	M	C	P
0	0.01893	0.11559	0.07575	0.05991	0.06407	0.04822	0.01412	0.12058	0.01961	0.05997	0.02451	0.05634	0.06005	0.07595	0.01122	0.00291	0.03613	0.07666	0.05001	0.00944
1	0.09076	0.07076	0.04724	0.11235	0.12600	0.04473	0.04389	0.05790	0.05175	0.02605	0.08145	0.09656	0.06466	0.01075	0.00761	0.00239	0.00777	0.00920	0.00528	0.04287
2	0.06314	0.13698	0.08047	0.06039	0.06616	0.04242	0.01479	0.10282	0.05006	0.18336	0.01893	0.01990	0.01391	0.01093	0.04612	0.00276	0.00889	0.00636	0.00583	0.06578
3	0.05075	0.16657	0.10815	0.01771	0.06707	0.14864	0.01471	0.02478	0.09701	0.02286	0.06358	0.02308	0.01829	0.05034	0.09116	0.00367	0.01062	0.00684	0.00465	0.00953
4	0.01960	0.15278	0.02104	0.06683	0.02034	0.01684	0.01183	0.14544	0.01964	0.09928	0.02174	0.11714	0.01997	0.06057	0.12532	0.00428	0.00971	0.00888	0.00573	0.05303
5	0.07998	0.07309	0.12947	0.01805	0.05380	0.08568	0.05472	0.11088	0.02042	0.08784	0.05871	0.01984	0.01573	0.00801	0.00699	0.00208	0.00864	0.00638	0.00531	0.15436

[dist]
# distance from previous block
# <min> <max>
0	1

[block]
# block no. 1 follows, 25 sequences, length 37
# corresponding to MSA columns:
# 488-524
name=unknown_B
#
# <colnr> <probs for GDERKNQSTAVLIFYWHMCP>
#	G	D	E	R	K	N	Q	S	T	A	V	L	I	F	Y	W	H	M	C	P
0	0.01897	0.02245	0.23574	0.01680	0.02318	0.03966	0.04578	0.10017	0.02048	0.12613	0.09093	0.11904	0.08302	0.01204	0.00821	0.00252	0.00820	0.01020	0.00620	0.01028
1	0.02468	0.16240	0.18821	0.01886	0.05478	0.05106	0.01778	0.23293	0.02400	0.12730	0.01723	0.01783	0.01244	0.00819	0.00709	0.00222	0.00919	0.00616	0.00573	0.01192
2	0.01996	0.01946	0.13802	0.01596	0.02102	0.05528	0.01468	0.12545	0.10350	0.11409	0.06365	0.13807	0.02784	0.01333	0.00846	0.00268	0.00777	0.09362	0.00685	0.01032
3	0.01090	0.00758	0.00967	0.01012	0.01146	0.00705	0.00743	0.01232	0.01652	0.02176	0.18775	0.19059	0.19321	0.04774	0.01438	0.13947	0.00503	0.09419	0.00672	0.00612
4	0.01646	0.01559	0.02702	0.29375	0.23940	0.01677	0.10579	0.04549	0.01729	0.02335	0.01823	0.11111	0.01655	0.00953	0.00820	0.00256	0.00953	0.00917	0.00429	0.00988
5	0.09619	0.05104	0.12632	0.02311	0.12104	0.13547	0.07286	0.10379	0.10418	0.06674	0.01724	0.01874	0.01299	0.00806	0.00731	0.00234	0.00974	0.00653	0.00519	0.01113
6	0.11367	0.00970	0.01179	0.01197	0.01405	0.01008	0.00906	0.01835	0.07195	0.08169	0.03099	0.28369	0.03233	0.02333	0.08945	0.07859	0.00742	0.08786	0.00644	0.00760
7	0.01049	0.00766	0.00985	0.01096	0.01221	0.00721	0.00820	0.01270	0.01671	0.02198	0.12835	0.33807	0.14278	0.06676	0.01179	0.00336	0.00516	0.17198	0.00720	0.00658
8	0.49734	0.10842	0.01819	0.01307	0.01694	0.02066	0.01111	0.02184	0.01321	0.02872	0.01064	0.01364	0.00903	0.00868	0.00985	0.00254	0.17843	0.00482	0.00426	0.00862
9	0.11906	0.41677	0.11551	0.01394	0.02087	0.02390	0.01408	0.02439	0.03688	0.06034	0.01328	0.01464	0.01085	0.00701	0.00559	0.00188	0.00799	0.00476	0.00413	0.08413
10	0.02089	0.03095	0.38791	0.01953	0.02836	0.01969	0.02182	0.26814	0.02416	0.03426	0.01644	0.01801	0.01174	0.00822	0.00740	0.00237	0.00984	0.00631	0.05209	0.01187
11	0.01347	0.00673	0.01010	0.01010	0.01010	0.00673	0.00673	0.01010	0.01010	0.01347	0.01347	0.02357	0.01347	0.02694	0.03030	0.77441	0.00673	0.00673	0.00337	0.00337
12	0.05725	0.00928	0.01124	0.01116	0.01249	0.00989	0.00803	0.06231	0.01472	0.02094	0.02624	0.13152	0.02824	0.30165	0.19487	0.00713	0.01044	0.07068	0.00536	0.00657
13	0.01802	0.16614	0.30813	0.01914	0.02755	0.01995	0.08089	0.07958	0.01828	0.02569	0.03820	0.01776	0.01290	0.00760	0.00750	0.00216	0.03043	0.00605	0.00412	0.10992
14	0.02041	0.01181	0.01714	0.01677	0.08117	0.01162	0.02970	0.02344	0.01896	0.24843	0.16149	0.12489	0.05253	0.01590	0.04477	0.00314	0.06996	0.03071	0.00737	0.00981
15	0.00945	0.00675	0.00900	0.01080	0.01125	0.00630	0.00720	0.01080	0.01484	0.01979	0.04274	0.72245	0.05128	0.02429	0.00990	0.00315	0.00450	0.02204	0.00720	0.00630
16	0.02166	0.06868	0.10015	0.03273	0.32876	0.08771	0.04817	0.14176	0.02114	0.02829	0.01465	0.01783	0.01171	0.00772	0.00814	0.00231	0.03592	0.00652	0.00448	0.01167
17	0.27322	0.16919	0.13331	0.01486	0.02115	0.08177	0.01430	0.10666	0.04837	0.02980	0.01384	0.01535	0.01078	0.00767	0.00601	0.00220	0.00836	0.00518	0.02792	0.01005
18	0.01452	0.03283	0.53418	0.01931	0.02859	0.01559	0.02382	0.02231	0.01763	0.02603	0.16349	0.02577	0.02415	0.00929	0.00777	0.00245	0.00969	0.00761	0.00446	0.01052
19	0.00987	0.00720	0.00871	0.00963	0.01048	0.00667	0.00638	0.01115	0.01493	0.01947	0.07505	0.41026	0.17189	0.18206	0.01640	0.00400	0.00503	0.01810	0.00669	0.00603
20	0.11972	0.02087	0.08801	0.19858	0.12185	0.09628	0.06943	0.06149	0.03902	0.08907	0.01592	0.01894	0.01181	0.00781	0.00736	0.00241	0.00978	0.00655	0.00474	0.01037
21	0.01751	0.01886	0.09077	0.03535	0.41021	0.01694	0.05214	0.02445	0.10110	0.02541	0.02053	0.11397	0.01869	0.00972	0.00804	0.00249	0.00860	0.00916	0.00476	0.01131
22	0.06895	0.01722	0.01970	0.01469	0.02122	0.07424	0.07209	0.06877	0.01816	0.02706	0.01397	0.01632	0.01130	0.00638	0.00627	0.00154	0.00742	0.00522	0.00473	0.52475
23	0.01189	0.01228	0.09969	0.01348	0.01604	0.01048	0.01186	0.01487	0.01274	0.01841	0.01917	0.02797	0.01757	0.04855	0.54303	0.08480	0.01821	0.00782	0.00396	0.00717
24	0.11125	0.00855	0.00902	0.00895	0.00965	0.00886	0.00553	0.01299	0.01182	0.01797	0.02342	0.04747	0.02637	0.60201	0.03366	0.00667	0.00730	0.03839	0.00482	0.00529
25	0.04743	0.01998	0.09034	0.11840	0.14797	0.04249	0.25033	0.02381	0.05055	0.02549	0.08828	0.02407	0.01867	0.00814	0.00823	0.00249	0.01026	0.00832	0.00453	0.01024
26	0.02093	0.06434	0.04813	0.02679	0.22918	0.12336	0.04610	0.08482	0.10144	0.05093	0.02074	0.11053	0.01851	0.01009	0.00779	0.00239	0.00899	0.00874	0.00534	0.01086
27	0.01221	0.00812	0.00991	0.01036	0.01223	0.00748	0.00772	0.01482	0.01586	0.02366	0.03366	0.33583	0.03600	0.01702	0.00817	0.00256	0.00479	0.10422	0.22909	0.10630
28	0.01198	0.00734	0.01049	0.01115	0.01172	0.00744	0.00804	0.01177	0.01272	0.01707	0.02568	0.18850	0.02807	0.06537	0.12111	0.33842	0.00841	0.10460	0.00496	0.00517
29	0.09484	0.01924	0.08561	0.01935	0.06466	0.07972	0.09861	0.06393	0.08099	0.13822	0.04206	0.13496	0.02174	0.01104	0.00795	0.00253	0.00839	0.00963	0.00617	0.01037
30	0.01704	0.01478	0.02324	0.15993	0.29330	0.01611	0.01810	0.02157	0.04871	0.05130	0.01982	0.08034	0.01849	0.07323	0.01252	0.00306	0.07659	0.03731	0.00466	0.00989
31	0.01017	0.00764	0.00942	0.00951	0.01122	0.00689	0.00693	0.01287	0.01925	0.02595	0.38024	0.21251	0.22158	0.01872	0.00932	0.00265	0.00392	0.01643	0.00789	0.00689
32	0.02058	0.08616	0.05024	0.11935	0.15282	0.04350	0.11709	0.02523	0.03724	0.14782	0.02115	0.10686	0.01797	0.00975	0.00792	0.00245	0.00899	0.00896	0.00536	0.01054
33	0.02131	0.06773	0.13854	0.09887	0.12719	0.10215	0.14027	0.10979	0.04010	0.05669	0.01583	0.01872	0.01193	0.00767	0.00769	0.00236	0.01066	0.00685	0.00462	0.01103
34	0.01666	0.15258	0.47540	0.06628	0.06534	0.02017	0.05250	0.02400	0.01636	0.02324	0.01349	0.01633	0.01008	0.00721	0.00708	0.00233	0.01081	0.00575	0.00335	0.01102
35	0.01362	0.01234	0.02036	0.55110	0.04412	0.01508	0.01853	0.01807	0.01512	0.01963	0.01821	0.11256	0.01652	0.01477	0.07462	0.00361	0.01059	0.00899	0.00400	0.00815
36	0.02024	0.14689	0.06243	0.06133	0.23365	0.08605	0.16725	0.05935	0.01873	0.02451	0.01446	0.01816	0.01165	0.00714	0.00740	0.00224	0.01033	0.00673	0.03068	0.01080

[dist]
# distance from previous block
# <min> <max>
1	3

[block]
# block no. 2 follows, 25 sequences, length 15
# corresponding to MSA columns:
# 528-542
name=unknown_C
#
# <colnr> <probs for GDERKNQSTAVLIFYWHMCP>
#	G	D	E	R	K	N	Q	S	T	A	V	L	I	F	Y	W	H	M	C	P
0	0.14385	0.01801	0.02331	0.02886	0.30635	0.05027	0.01691	0.12044	0.06358	0.06736	0.01702	0.01978	0.01342	0.01193	0.06320	0.00316	0.00940	0.00668	0.00522	0.01125
1	0.01795	0.05015	0.02239	0.11600	0.21624	0.06158	0.01579	0.08494	0.02042	0.02769	0.18330	0.02824	0.02733	0.00949	0.00770	0.00221	0.00780	0.00824	0.00545	0.08710
2	0.01016	0.00789	0.00924	0.00890	0.01108	0.00697	0.00668	0.01306	0.02003	0.02653	0.40698	0.06542	0.34407	0.01755	0.00915	0.00252	0.00378	0.01507	0.00794	0.00697
3	0.01113	0.00810	0.01142	0.01142	0.01244	0.00912	0.00839	0.01317	0.01215	0.01722	0.02172	0.03576	0.02168	0.23294	0.52513	0.01117	0.01731	0.00908	0.00430	0.00634
4	0.01608	0.01378	0.01608	0.01148	0.01837	0.01034	0.00919	0.01952	0.01608	0.02527	0.01378	0.01608	0.01148	0.00574	0.00574	0.00115	0.00574	0.00459	0.00459	0.77491
5	0.01731	0.01451	0.01674	0.01207	0.01890	0.01160	0.00970	0.07776	0.01795	0.02743	0.01423	0.01631	0.01164	0.00607	0.00593	0.00126	0.00600	0.00481	0.00488	0.70492
6	0.02033	0.02493	0.26358	0.10081	0.03011	0.01771	0.05740	0.16121	0.02181	0.10203	0.08333	0.02294	0.01815	0.00908	0.00840	0.00247	0.03163	0.00744	0.00553	0.01112
7	0.02058	0.11151	0.13452	0.08791	0.02921	0.13242	0.09866	0.09811	0.01879	0.02407	0.01319	0.01689	0.01063	0.00886	0.01117	0.00250	0.16054	0.00634	0.00405	0.01004
8	0.01323	0.08285	0.01795	0.02029	0.17453	0.01194	0.01232	0.01568	0.01589	0.02129	0.03253	0.42204	0.03705	0.01803	0.00894	0.00283	0.00627	0.07215	0.00599	0.00819
9	0.01095	0.00812	0.01034	0.01034	0.01231	0.00751	0.00813	0.01428	0.02030	0.02757	0.43228	0.06717	0.17925	0.01771	0.00947	0.00271	0.00443	0.14199	0.00800	0.00714
10	0.01109	0.00744	0.00851	0.00869	0.00874	0.00739	0.00495	0.01123	0.01164	0.01551	0.02627	0.11840	0.03051	0.65668	0.03649	0.00708	0.00721	0.01236	0.00495	0.00486
11	0.02443	0.02733	0.02141	0.10174	0.06507	0.39161	0.01539	0.10525	0.05740	0.02398	0.01708	0.08158	0.01511	0.00970	0.00753	0.00227	0.01129	0.00735	0.00490	0.00959
12	0.03155	0.01225	0.01628	0.01275	0.01808	0.01073	0.01044	0.03465	0.02125	0.58013	0.02975	0.02679	0.01930	0.00951	0.00742	0.00230	0.00612	0.00771	0.13075	0.01225
13	0.01106	0.00743	0.00852	0.00873	0.00879	0.00737	0.00499	0.01122	0.01170	0.01560	0.02659	0.13017	0.03092	0.64435	0.03597	0.00700	0.00716	0.01255	0.00499	0.00489
14	0.01696	0.01868	0.10433	0.17148	0.33361	0.01677	0.04051	0.05123	0.01759	0.02446	0.01844	0.11580	0.01698	0.00962	0.00801	0.00250	0.00914	0.00892	0.00434	0.01061

[dist]
# distance from previous block
# <min> <max>
0	1

[block]
# block no. 3 follows, 25 sequences, length 24
# corresponding to MSA columns:
# 544-567
name=unknown_D
#
# <colnr> <probs for GDERKNQSTAVLIFYWHMCP>
#	G	D	E	R	K	N	Q	S	T	A	V	L	I	F	Y	W	H	M	C	P
0	0.01817	0.01548	0.01657	0.01497	0.01901	0.01768	0.01161	0.03764	0.57886	0.03225	0.11787	0.03282	0.03031	0.01123	0.00806	0.00260	0.00580	0.00947	0.00798	0.01161
1	0.01608	0.01378	0.01608	0.01148	0.01837	0.01034	0.00919	0.01952	0.01608	0.02527	0.01378	0.01608	0.01148	0.00574	0.00574	0.00115	0.00574	0.00459	0.00459	0.77491
2	0.00978	0.00698	0.00880	0.01012	0.01065	0.00655	0.00661	0.01091	0.01438	0.01897	0.04202	0.54249	0.09575	0.15923	0.01553	0.00395	0.00503	0.01953	0.00672	0.00601
3	0.02675	0.12183	0.09368	0.01818	0.02446	0.18503	0.01603	0.35587	0.02817	0.03514	0.01550	0.01645	0.01164	0.00844	0.00716	0.00217	0.01010	0.00600	0.00580	0.01157
4	0.02080	0.08118	0.02916	0.08019	0.43186	0.06388	0.02042	0.02558	0.04561	0.07496	0.01582	0.01924	0.01274	0.00764	0.00814	0.00231	0.03786	0.00668	0.00438	0.01154
5	0.01034	0.00790	0.00948	0.00909	0.01119	0.00705	0.00682	0.01340	0.02045	0.02754	0.46605	0.06377	0.28438	0.01718	0.00915	0.00250	0.00375	0.01484	0.00807	0.00705
6	0.02017	0.01834	0.02920	0.12649	0.50115	0.01912	0.02214	0.11850	0.02023	0.02819	0.01509	0.01929	0.01217	0.00738	0.00770	0.00234	0.00925	0.00692	0.00438	0.01196
7	0.01284	0.00834	0.01096	0.01007	0.01223	0.00764	0.00764	0.01644	0.02197	0.08225	0.62459	0.05545	0.06893	0.01536	0.00904	0.00244	0.00389	0.01353	0.00862	0.00778
8	0.01097	0.00793	0.01036	0.00975	0.01158	0.00732	0.00732	0.01463	0.02195	0.03109	0.67505	0.05792	0.07316	0.01585	0.00914	0.00244	0.00366	0.01402	0.00854	0.00732
9	0.00938	0.00786	0.00816	0.00808	0.01061	0.00664	0.00606	0.01155	0.01819	0.02217	0.15036	0.07261	0.60342	0.01918	0.00916	0.00260	0.00389	0.01608	0.00736	0.00664
10	0.01049	0.00766	0.00986	0.00984	0.01142	0.00703	0.00718	0.01350	0.02002	0.02776	0.48632	0.20849	0.11544	0.01804	0.00932	0.00261	0.00387	0.01601	0.00813	0.00703
11	0.78228	0.01499	0.01140	0.01020	0.01499	0.01739	0.00840	0.02279	0.01320	0.03479	0.01080	0.01260	0.00840	0.00720	0.00480	0.00240	0.00600	0.00420	0.00480	0.00840
12	0.01830	0.02092	0.04575	0.03268	0.04052	0.01961	0.65098	0.02484	0.01830	0.02484	0.01569	0.02092	0.01176	0.00654	0.00915	0.00261	0.01307	0.00915	0.00392	0.01046
13	0.02073	0.73217	0.04063	0.01327	0.01990	0.03068	0.01327	0.02322	0.01575	0.01824	0.01078	0.01244	0.00995	0.00663	0.00498	0.00166	0.00829	0.00415	0.00332	0.00995
14	0.01608	0.01378	0.01608	0.01148	0.01837	0.01034	0.00919	0.01952	0.01608	0.02527	0.01378	0.01608	0.01148	0.00574	0.00574	0.00115	0.00574	0.00459	0.00459	0.77491
15	0.01108	0.00831	0.01246	0.01246	0.01385	0.00969	0.00969	0.01385	0.01246	0.01800	0.02077	0.03046	0.01938	0.05815	0.69678	0.01246	0.02077	0.00831	0.00415	0.00692
16	0.01696	0.01696	0.02375	0.02036	0.02036	0.02375	0.01696	0.01866	0.01187	0.01866	0.01018	0.01696	0.01018	0.01357	0.02545	0.00339	0.71332	0.00679	0.00339	0.00848
17	0.08574	0.02143	0.04122	0.02990	0.03723	0.06292	0.55394	0.02505	0.01809	0.02533	0.01502	0.01974	0.01136	0.00669	0.00863	0.00256	0.01251	0.00845	0.00400	0.01018
18	0.01730	0.12351	0.02236	0.01776	0.12854	0.01477	0.01224	0.02079	0.01629	0.02421	0.01346	0.01604	0.01138	0.00607	0.00595	0.00142	0.00671	0.00491	0.00427	0.53201
19	0.47325	0.01528	0.01734	0.17301	0.11609	0.01775	0.01383	0.02210	0.01428	0.02947	0.01197	0.01550	0.00944	0.00753	0.00668	0.00247	0.03542	0.00528	0.00430	0.00899
20	0.01830	0.02092	0.04575	0.03268	0.04052	0.01961	0.65098	0.02484	0.01830	0.02484	0.01569	0.02092	0.01176	0.00654	0.00915	0.00261	0.01307	0.00915	0.00392	0.01046
21	0.03479	0.01320	0.01799	0.01380	0.01979	0.01140	0.01140	0.03779	0.02219	0.68451	0.03059	0.02639	0.01919	0.00960	0.00780	0.00240	0.00660	0.00780	0.00960	0.01320
22	0.01321	0.07212	0.01495	0.01419	0.01640	0.01083	0.01256	0.01669	0.01767	0.02277	0.03841	0.08091	0.04159	0.02013	0.01021	0.00340	0.00724	0.57253	0.00681	0.00739
23	0.74437	0.01490	0.01173	0.01038	0.01524	0.01709	0.00855	0.02355	0.01365	0.06774	0.01180	0.01330	0.00894	0.00732	0.00495	0.00240	0.00603	0.00438	0.00504	0.00864

[dist]
# distance from previous block
# <min> <max>
2	7

[block]
# block no. 4 follows, 25 sequences, length 19
# corresponding to MSA columns:
# 575-593
name=unknown_E
#
# <colnr> <probs for GDERKNQSTAVLIFYWHMCP>
#	G	D	E	R	K	N	Q	S	T	A	V	L	I	F	Y	W	H	M	C	P
0	0.01549	0.01347	0.02190	0.39083	0.17593	0.01508	0.01849	0.02006	0.01742	0.04797	0.13131	0.02938	0.05142	0.00956	0.00804	0.00249	0.00852	0.00858	0.00480	0.00925
1	0.67863	0.01483	0.01203	0.01037	0.01545	0.01644	0.00850	0.02235	0.01359	0.03350	0.01120	0.01307	0.00881	0.00700	0.00493	0.00223	0.00596	0.00425	0.00477	0.11208
2	0.01147	0.00966	0.01447	0.01234	0.01519	0.00877	0.09399	0.01506	0.02029	0.02748	0.42303	0.05747	0.22941	0.01562	0.00915	0.00251	0.00500	0.01400	0.00755	0.00753
3	0.01832	0.01350	0.01953	0.22659	0.11004	0.01382	0.01514	0.02379	0.07385	0.12844	0.04504	0.07218	0.04194	0.01005	0.00776	0.00235	0.00756	0.02895	0.00571	0.13544
4	0.01070	0.00847	0.01005	0.00989	0.01231	0.00720	0.00716	0.01287	0.01673	0.02238	0.11908	0.32188	0.24099	0.01862	0.00885	0.00255	0.00445	0.01629	0.00689	0.14265
5	0.01608	0.01378	0.01608	0.01148	0.01837	0.01034	0.00919	0.01952	0.01608	0.02527	0.01378	0.01608	0.01148	0.00574	0.00574	0.00115	0.00574	0.00459	0.00459	0.77491
6	0.01608	0.01378	0.01608	0.01148	0.01837	0.01034	0.00919	0.01952	0.01608	0.02527	0.01378	0.01608	0.01148	0.00574	0.00574	0.00115	0.00574	0.00459	0.00459	0.77491
7	0.02947	0.02172	0.02327	0.01784	0.02404	0.02404	0.01474	0.65329	0.03646	0.04887	0.01862	0.01862	0.01319	0.00931	0.00776	0.00233	0.00853	0.00698	0.00776	0.01319
8	0.00945	0.00675	0.00900	0.01080	0.01125	0.00630	0.00720	0.01080	0.01484	0.01979	0.04274	0.72245	0.05128	0.02429	0.00990	0.00315	0.00450	0.02204	0.00720	0.00630
9	0.01628	0.01534	0.02521	0.33200	0.21211	0.01641	0.06333	0.02170	0.04344	0.02290	0.01609	0.04964	0.01340	0.00798	0.00765	0.00234	0.00918	0.00746	0.00408	0.11343
10	0.02703	0.03382	0.02215	0.11316	0.02795	0.60451	0.01587	0.02945	0.02110	0.01909	0.01223	0.01489	0.01003	0.00796	0.00709	0.00208	0.01349	0.00525	0.00392	0.00894
11	0.00927	0.00786	0.00800	0.00796	0.01054	0.00659	0.00597	0.01133	0.01792	0.02153	0.11318	0.07365	0.64099	0.01942	0.00916	0.00261	0.00391	0.01623	0.00728	0.00659
12	0.01045	0.00729	0.00926	0.01005	0.01044	0.00730	0.00650	0.01143	0.01300	0.01753	0.03188	0.34050	0.03700	0.32584	0.12016	0.00632	0.00809	0.01554	0.00571	0.00571
13	0.02150	0.01884	0.03140	0.03933	0.46105	0.01885	0.10659	0.10819	0.02054	0.07339	0.01636	0.01984	0.01280	0.00736	0.00789	0.00235	0.00947	0.00728	0.00476	0.01222
14	0.01555	0.04011	0.68733	0.02210	0.03356	0.01801	0.02865	0.02455	0.01637	0.02455	0.01391	0.01637	0.00982	0.00737	0.00737	0.00246	0.01146	0.00573	0.00327	0.01146
15	0.01264	0.00852	0.00928	0.00880	0.01177	0.00719	0.00670	0.01472	0.01815	0.11065	0.07033	0.09947	0.55689	0.01850	0.00901	0.00261	0.00432	0.01548	0.00752	0.00743
16	0.47845	0.07577	0.01886	0.01891	0.15969	0.01813	0.01244	0.02454	0.01527	0.09625	0.01359	0.01539	0.01045	0.00733	0.00574	0.00232	0.00695	0.00514	0.00495	0.00985
17	0.01670	0.01491	0.02240	0.11737	0.07370	0.01588	0.12306	0.08450	0.12666	0.02798	0.11587	0.03409	0.11003	0.01106	0.00908	0.00254	0.03902	0.00982	0.03558	0.00974
18	0.07632	0.02117	0.06013	0.02088	0.12981	0.11788	0.01485	0.10248	0.15404	0.02929	0.01770	0.01901	0.01380	0.00789	0.00696	0.00208	0.00831	0.00622	0.00538	0.18580

[dist]
# distance from previous block
# <min> <max>
0	16

[block]
# block no. 5 follows, 25 sequences, length 49
# corresponding to MSA columns:
# 610-658
name=unknown_F
#
# <colnr> <probs for GDERKNQSTAVLIFYWHMCP>
#	G	D	E	R	K	N	Q	S	T	A	V	L	I	F	Y	W	H	M	C	P
0	0.02416	0.01742	0.01849	0.04241	0.02092	0.06930	0.01216	0.30049	0.02614	0.12045	0.04979	0.09128	0.02089	0.05419	0.00965	0.00262	0.00772	0.00879	0.03874	0.06441
1	0.07266	0.05766	0.01741	0.04200	0.01915	0.11304	0.01099	0.07395	0.07323	0.06048	0.08522	0.04714	0.03908	0.05396	0.06252	0.00320	0.00857	0.00784	0.00570	0.14618
2	0.01928	0.01779	0.02397	0.02021	0.02127	0.05695	0.04079	0.02129	0.01359	0.08035	0.01237	0.01783	0.01106	0.01265	0.02224	0.00320	0.58524	0.00688	0.00402	0.00902
3	0.78228	0.01499	0.01140	0.01020	0.01499	0.01739	0.00840	0.02279	0.01320	0.03479	0.01080	0.01260	0.00840	0.00720	0.00480	0.00240	0.00600	0.00420	0.00480	0.00840
4	0.02115	0.69651	0.03967	0.01361	0.02011	0.06483	0.01335	0.02361	0.01607	0.01828	0.01084	0.01252	0.00995	0.00670	0.00508	0.00168	0.00858	0.00419	0.00335	0.00990
5	0.00945	0.00675	0.00900	0.01080	0.01125	0.00630	0.00720	0.01080	0.01484	0.01979	0.04274	0.72245	0.05128	0.02429	0.00990	0.00315	0.00450	0.02204	0.00720	0.00630
6	0.02106	0.01714	0.01811	0.01551	0.02022	0.01926	0.01228	0.20958	0.41985	0.03582	0.03294	0.03091	0.09030	0.01115	0.00799	0.00254	0.00657	0.00908	0.00778	0.01192
7	0.08301	0.01857	0.02010	0.07996	0.02398	0.05207	0.01381	0.39181	0.02772	0.03817	0.04289	0.02148	0.01568	0.01681	0.11500	0.00393	0.01048	0.00714	0.00642	0.01099
8	0.01347	0.00673	0.01010	0.01010	0.01010	0.00673	0.00673	0.01010	0.01010	0.01347	0.01347	0.02357	0.01347	0.02694	0.03030	0.77441	0.00673	0.00673	0.00337	0.00337
9	0.03234	0.01443	0.02040	0.01558	0.02164	0.01314	0.06133	0.06855	0.05959	0.56314	0.02887	0.02571	0.01857	0.00940	0.00791	0.00243	0.00717	0.00792	0.00896	0.01293
10	0.02190	0.02436	0.14982	0.12876	0.06497	0.07597	0.16156	0.18643	0.02266	0.06415	0.01624	0.01908	0.01182	0.00788	0.00793	0.00243	0.01075	0.00710	0.00501	0.01117
11	0.01830	0.02092	0.04575	0.03268	0.04052	0.01961	0.65098	0.02484	0.01830	0.02484	0.01569	0.02092	0.01176	0.00654	0.00915	0.00261	0.01307	0.00915	0.00392	0.01046
12	0.78228	0.01499	0.01140	0.01020	0.01499	0.01739	0.00840	0.02279	0.01320	0.03479	0.01080	0.01260	0.00840	0.00720	0.00480	0.00240	0.00600	0.00420	0.00480	0.00840
13	0.01097	0.00793	0.01036	0.00975	0.01158	0.00732	0.00732	0.01463	0.02195	0.03109	0.67505	0.05792	0.07316	0.01585	0.00914	0.00244	0.00366	0.01402	0.00854	0.00732
14	0.01111	0.00752	0.00885	0.00925	0.00945	0.00745	0.00567	0.01158	0.01230	0.01636	0.02837	0.15063	0.03280	0.57103	0.03296	0.00658	0.00705	0.06069	0.00525	0.00512
15	0.00993	0.00709	0.00955	0.01135	0.01201	0.00671	0.00804	0.01163	0.01532	0.02033	0.04247	0.62182	0.05023	0.02384	0.01003	0.00322	0.00492	0.11791	0.00719	0.00643
16	0.00945	0.00675	0.00900	0.01080	0.01125	0.00630	0.00720	0.01080	0.01484	0.01979	0.04274	0.72245	0.05128	0.02429	0.00990	0.00315	0.00450	0.02204	0.00720	0.00630
17	0.02896	0.03695	0.02197	0.01998	0.02397	0.69638	0.01498	0.03096	0.02197	0.01898	0.01199	0.01398	0.00999	0.00799	0.00699	0.00200	0.01398	0.00499	0.00400	0.00899
18	0.02593	0.01888	0.02048	0.01663	0.02209	0.02093	0.01343	0.35025	0.28518	0.10381	0.02492	0.02347	0.01794	0.00982	0.00781	0.00245	0.00739	0.00777	0.00799	0.01282
19	0.01378	0.01017	0.01183	0.01111	0.01352	0.01002	0.00831	0.13423	0.02119	0.02810	0.20258	0.22507	0.20416	0.01831	0.01017	0.04225	0.00503	0.01497	0.00744	0.00777
20	0.00945	0.00675	0.00900	0.01080	0.01125	0.00630	0.00720	0.01080	0.01484	0.01979	0.04274	0.72245	0.05128	0.02429	0.00990	0.00315	0.00450	0.02204	0.00720	0.00630
21	0.02043	0.01722	0.01818	0.01601	0.02060	0.01982	0.01255	0.10994	0.59454	0.03428	0.03010	0.02777	0.02249	0.01038	0.00787	0.00260	0.00641	0.00857	0.00787	0.01238
22	0.01097	0.00793	0.01036	0.00975	0.01158	0.00732	0.00732	0.01463	0.02195	0.03109	0.67505	0.05792	0.07316	0.01585	0.00914	0.00244	0.00366	0.01402	0.00854	0.00732
23	0.01328	0.02108	0.26251	0.11659	0.06038	0.01309	0.01790	0.01880	0.01768	0.02467	0.18129	0.08888	0.10802	0.01220	0.00827	0.00254	0.00788	0.01047	0.00536	0.00912
24	0.01729	0.24680	0.27883	0.17426	0.09330	0.02180	0.02185	0.02302	0.01611	0.02162	0.01297	0.01637	0.01020	0.00718	0.00674	0.00222	0.01002	0.00561	0.00338	0.01044
25	0.21764	0.09098	0.02238	0.01813	0.07227	0.13293	0.01374	0.28223	0.02475	0.03562	0.01448	0.01578	0.01107	0.00811	0.00661	0.00222	0.00882	0.00567	0.00566	0.01091
26	0.01979	0.02016	0.05750	0.03388	0.27116	0.01951	0.24180	0.08956	0.11275	0.02850	0.01779	0.02104	0.01374	0.00755	0.00822	0.00247	0.01014	0.00793	0.00482	0.01170
27	0.01926	0.01368	0.01640	0.01188	0.01862	0.01052	0.00956	0.02263	0.01712	0.13734	0.01664	0.01783	0.01279	0.00640	0.00609	0.00136	0.00589	0.00514	0.00544	0.64542
28	0.08846	0.01015	0.01299	0.01291	0.01569	0.00989	0.01060	0.02094	0.01759	0.18316	0.03458	0.13641	0.03457	0.07487	0.01170	0.00345	0.00663	0.29966	0.00733	0.00842
29	0.02993	0.02099	0.02282	0.01749	0.02368	0.02296	0.01445	0.60059	0.03523	0.10329	0.01964	0.01928	0.01370	0.00933	0.00776	0.00233	0.00837	0.00705	0.00791	0.01319
30	0.01696	0.01696	0.02375	0.02036	0.02036	0.02375	0.01696	0.01866	0.01187	0.01866	0.01018	0.01696	0.01018	0.01357	0.02545	0.00339	0.71332	0.00679	0.00339	0.00848
31	0.02187	0.01838	0.02776	0.12395	0.40665	0.01931	0.02070	0.17806	0.02220	0.06181	0.01623	0.01958	0.01258	0.00773	0.00771	0.00235	0.00907	0.00697	0.00502	0.01207
32	0.12356	0.30366	0.02781	0.01811	0.10179	0.10410	0.01352	0.07660	0.04290	0.02452	0.01527	0.05723	0.01397	0.03793	0.00758	0.00230	0.00847	0.00634	0.00449	0.00985
33	0.01338	0.00832	0.01189	0.01178	0.01323	0.00884	0.00877	0.01515	0.01353	0.08376	0.02513	0.15008	0.02499	0.09628	0.39802	0.07978	0.01425	0.01070	0.00519	0.00694
34	0.78228	0.01499	0.01140	0.01020	0.01499	0.01739	0.00840	0.02279	0.01320	0.03479	0.01080	0.01260	0.00840	0.00720	0.00480	0.00240	0.00600	0.00420	0.00480	0.00840
35	0.01347	0.00673	0.01010	0.01010	0.01010	0.00673	0.00673	0.01010	0.01010	0.01347	0.01347	0.02357	0.01347	0.02694	0.03030	0.77441	0.00673	0.00673	0.00337	0.00337
36	0.01923	0.24307	0.29828	0.02044	0.02877	0.10293	0.10887	0.02562	0.04286	0.02235	0.01369	0.01604	0.01070	0.00723	0.00688	0.00219	0.01083	0.00577	0.00365	0.01061
37	0.01924	0.01708	0.08698	0.18279	0.05596	0.01585	0.06536	0.02852	0.18533	0.13748	0.05199	0.02900	0.07039	0.00986	0.00803	0.00254	0.00813	0.00861	0.00617	0.01069
38	0.01111	0.00745	0.00851	0.00867	0.00871	0.00740	0.00493	0.01123	0.01160	0.01547	0.02612	0.11272	0.03032	0.66262	0.03674	0.00711	0.00724	0.01227	0.00493	0.00485
39	0.01929	0.01666	0.01753	0.01578	0.02016	0.01929	0.01227	0.04120	0.66513	0.03243	0.03156	0.02893	0.02367	0.01052	0.00789	0.00263	0.00614	0.00877	0.00789	0.01227
40	0.02191	0.55286	0.03562	0.01431	0.02056	0.05616	0.01340	0.09607	0.08273	0.02312	0.01377	0.01483	0.01168	0.00737	0.00566	0.00184	0.00834	0.00496	0.00430	0.01050
41	0.01750	0.01755	0.09633	0.17069	0.28748	0.01577	0.01954	0.04620	0.01805	0.05312	0.04705	0.02669	0.04267	0.00895	0.00770	0.00240	0.00854	0.03075	0.07261	0.01043
42	0.01081	0.00792	0.01013	0.00958	0.01148	0.00724	0.00718	0.01431	0.02155	0.03016	0.62001	0.05946	0.12878	0.01620	0.00915	0.00246	0.00368	0.01424	0.00841	0.00724
43	0.00924	0.00756	0.00816	0.00864	0.01068	0.00648	0.00624	0.01104	0.01692	0.02064	0.06900	0.24740	0.50937	0.02088	0.00936	0.00276	0.00408	0.01788	0.00720	0.00648
44	0.02340	0.20292	0.05319	0.07022	0.02382	0.21113	0.01455	0.12342	0.02049	0.05813	0.01497	0.01912	0.01267	0.07455	0.01060	0.00263	0.04367	0.00608	0.00467	0.00976
45	0.01348	0.01232	0.07381	0.01262	0.03960	0.00972	0.01015	0.01839	0.07674	0.07627	0.19647	0.13293	0.26526	0.01611	0.00880	0.00260	0.00523	0.01382	0.00727	0.00839
46	0.00941	0.00757	0.00839	0.00880	0.01078	0.00656	0.00637	0.01138	0.01735	0.02163	0.12693	0.24135	0.45535	0.02048	0.00935	0.00274	0.00405	0.01761	0.00733	0.00656
47	0.02905	0.03436	0.02219	0.01961	0.02398	0.58208	0.01494	0.13676	0.02443	0.02406	0.01311	0.01477	0.01053	0.00821	0.00712	0.00205	0.01306	0.00533	0.00463	0.00970
48	0.01991	0.06562	0.20022	0.10564	0.13685	0.03935	0.02018	0.13960	0.14120	0.02941	0.01790	0.01980	0.01348	0.00825	0.00748	0.00240	0.00933	0.00674	0.00507	0.01156

[dist]
# distance from previous block
# <min> <max>
0	3

[block]
# block no. 6 follows, 25 sequences, length 39
# corresponding to MSA columns:
# 662-679,730-750
name=unknown_G
#
# <colnr> <probs for GDERKNQSTAVLIFYWHMCP>
#	G	D	E	R	K	N	Q	S	T	A	V	L	I	F	Y	W	H	M	C	P
0	0.01572	0.05376	0.07959	0.33366	0.14896	0.01673	0.01899	0.02188	0.06835	0.02271	0.01858	0.08395	0.01600	0.00931	0.00761	0.00248	0.00882	0.00819	0.05515	0.00956
1	0.01711	0.02924	0.38389	0.14438	0.10506	0.01805	0.04779	0.08255	0.01806	0.02563	0.01446	0.01812	0.01073	0.00840	0.00858	0.03637	0.01060	0.00635	0.00382	0.01082
2	0.23379	0.02251	0.02378	0.02339	0.14168	0.20528	0.10740	0.02512	0.01738	0.02591	0.01276	0.01583	0.01035	0.00735	0.00731	0.00223	0.03282	0.00575	0.00421	0.07514
3	0.01004	0.00765	0.00923	0.00934	0.01114	0.00684	0.00681	0.01264	0.01899	0.02527	0.33990	0.20645	0.26969	0.01893	0.00931	0.00265	0.00393	0.01653	0.00780	0.00684
4	0.01057	0.00782	0.00987	0.00955	0.01139	0.00712	0.00709	0.01379	0.02072	0.02863	0.53311	0.11406	0.16330	0.01711	0.00921	0.00252	0.00377	0.01503	0.00822	0.00712
5	0.01128	0.00752	0.00846	0.00846	0.00846	0.00752	0.00470	0.01128	0.01128	0.01503	0.02443	0.05074	0.02819	0.72751	0.03946	0.00752	0.00752	0.01128	0.00470	0.00470
6	0.01049	0.00750	0.01020	0.01199	0.01290	0.00720	0.00902	0.01261	0.01588	0.02096	0.04216	0.50433	0.04899	0.02330	0.01018	0.00329	0.00541	0.22983	0.00718	0.00659
7	0.00945	0.00675	0.00900	0.01080	0.01125	0.00630	0.00720	0.01080	0.01484	0.01979	0.04274	0.72245	0.05128	0.02429	0.00990	0.00315	0.00450	0.02204	0.00720	0.00630
8	0.01347	0.00673	0.01010	0.01010	0.01010	0.00673	0.00673	0.01010	0.01010	0.01347	0.01347	0.02357	0.01347	0.02694	0.03030	0.77441	0.00673	0.00673	0.00337	0.00337
9	0.78228	0.01499	0.01140	0.01020	0.01499	0.01739	0.00840	0.02279	0.01320	0.03479	0.01080	0.01260	0.00840	0.00720	0.00480	0.00240	0.00600	0.00420	0.00480	0.00840
10	0.02084	0.02118	0.02838	0.15984	0.36724	0.13620	0.05237	0.07514	0.01956	0.02510	0.01437	0.01860	0.01158	0.00742	0.00765	0.00232	0.01038	0.00669	0.00411	0.01103
11	0.02187	0.01595	0.01932	0.01717	0.07219	0.01661	0.01249	0.24526	0.02272	0.09045	0.01879	0.02443	0.01577	0.12678	0.04312	0.00347	0.06791	0.00734	0.00600	0.15236
12	0.03479	0.01320	0.01799	0.01380	0.01979	0.01140	0.01140	0.03779	0.02219	0.68451	0.03059	0.02639	0.01919	0.00960	0.00780	0.00240	0.00660	0.00780	0.00960	0.01320
13	0.01843	0.02070	0.13769	0.02423	0.03150	0.01602	0.35669	0.02411	0.01839	0.11018	0.02824	0.03021	0.12753	0.00934	0.00869	0.00256	0.01039	0.00968	0.00513	0.01030
14	0.01999	0.02067	0.10458	0.03789	0.41765	0.01800	0.11971	0.02615	0.05203	0.08193	0.01694	0.02027	0.01312	0.00732	0.00789	0.00239	0.00967	0.00730	0.00449	0.01199
15	0.01881	0.01803	0.03078	0.10357	0.62617	0.01832	0.02360	0.02346	0.01747	0.02486	0.01452	0.01932	0.01212	0.00698	0.00768	0.00233	0.00931	0.00691	0.00380	0.01197
16	0.08681	0.01200	0.01304	0.01097	0.01480	0.01226	0.00878	0.14579	0.02121	0.17669	0.02393	0.02498	0.01746	0.00905	0.00634	0.00209	0.00542	0.00705	0.39155	0.00979
17	0.05420	0.06292	0.05756	0.01843	0.07525	0.01878	0.01466	0.28185	0.02656	0.27868	0.02173	0.02084	0.01480	0.00888	0.00748	0.00232	0.00793	0.00694	0.00751	0.01267
18	0.23348	0.01822	0.02190	0.02667	0.27564	0.05401	0.01571	0.14793	0.01986	0.03147	0.01499	0.01951	0.01254	0.06564	0.00942	0.00274	0.00830	0.00642	0.00496	0.01060
19	0.00992	0.00788	0.00890	0.00865	0.01094	0.00687	0.00648	0.01259	0.01945	0.02517	0.32693	0.06766	0.42497	0.01806	0.00916	0.00254	0.00382	0.01539	0.00776	0.00687
20	0.02349	0.20529	0.02534	0.07370	0.02324	0.05114	0.01357	0.30009	0.04721	0.03382	0.01724	0.01875	0.01324	0.00842	0.00668	0.00210	0.00809	0.00624	0.11142	0.01092
21	0.01864	0.01988	0.07634	0.21612	0.11361	0.08283	0.03796	0.06256	0.12213	0.02559	0.01692	0.01995	0.01304	0.00780	0.00737	0.00224	0.00919	0.00662	0.00470	0.13651
22	0.02079	0.02095	0.10551	0.07762	0.13786	0.08272	0.01686	0.13348	0.12114	0.06231	0.04488	0.05400	0.01838	0.00950	0.00763	0.00239	0.00854	0.00788	0.05660	0.01097
23	0.01787	0.07737	0.02964	0.25489	0.42442	0.01908	0.02219	0.02248	0.01681	0.02298	0.01401	0.01909	0.01147	0.00715	0.00747	0.00234	0.00949	0.00667	0.00367	0.01092
24	0.01677	0.01669	0.02371	0.07864	0.02315	0.02320	0.01735	0.01876	0.01218	0.01876	0.01048	0.01728	0.01019	0.01308	0.02395	0.00332	0.65380	0.00679	0.00340	0.00849
25	0.01313	0.00965	0.01315	0.08611	0.08059	0.01007	0.00995	0.04324	0.01537	0.02177	0.02749	0.24041	0.02921	0.18581	0.06165	0.00442	0.00741	0.01263	0.12069	0.00724
26	0.01009	0.00774	0.00924	0.00918	0.01112	0.00689	0.00677	0.01281	0.01941	0.02579	0.36768	0.15205	0.29641	0.01839	0.00925	0.00260	0.00387	0.01596	0.00786	0.00689
27	0.00945	0.00675	0.00900	0.01080	0.01125	0.00630	0.00720	0.01080	0.01484	0.01979	0.04274	0.72245	0.05128	0.02429	0.00990	0.00315	0.00450	0.02204	0.00720	0.00630
28	0.01749	0.02089	0.15069	0.03295	0.36489	0.01706	0.02096	0.02549	0.11853	0.02667	0.07433	0.02685	0.02035	0.00904	0.00793	0.00246	0.00858	0.03846	0.00492	0.01145
29	0.02756	0.01398	0.01650	0.01312	0.01801	0.01388	0.01069	0.20982	0.02465	0.31769	0.02565	0.02485	0.01765	0.00936	0.00712	0.00221	0.00632	0.00740	0.22201	0.01152
30	0.58506	0.01452	0.01314	0.01115	0.01626	0.01581	0.00919	0.02675	0.01557	0.20621	0.01602	0.01624	0.01125	0.00783	0.00559	0.00240	0.00616	0.00515	0.00606	0.00966
31	0.01696	0.01696	0.02375	0.02036	0.02036	0.02375	0.01696	0.01866	0.01187	0.01866	0.01018	0.01696	0.01018	0.01357	0.02545	0.00339	0.71332	0.00679	0.00339	0.00848
32	0.01608	0.01378	0.01608	0.01148	0.01837	0.01034	0.00919	0.01952	0.01608	0.02527	0.01378	0.01608	0.01148	0.00574	0.00574	0.00115	0.00574	0.00459	0.00459	0.77491
33	0.02947	0.02172	0.02327	0.01784	0.02404	0.02404	0.01474	0.65329	0.03646	0.04887	0.01862	0.01862	0.01319	0.00931	0.00776	0.00233	0.00853	0.00698	0.00776	0.01319
34	0.01608	0.01378	0.01608	0.01148	0.01837	0.01034	0.00919	0.01952	0.01608	0.02527	0.01378	0.01608	0.01148	0.00574	0.00574	0.00115	0.00574	0.00459	0.00459	0.77491
35	0.00945	0.00675	0.00900	0.01080	0.01125	0.00630	0.00720	0.01080	0.01484	0.01979	0.04274	0.72245	0.05128	0.02429	0.00990	0.00315	0.00450	0.02204	0.00720	0.00630
36	0.03038	0.02026	0.02237	0.01715	0.02332	0.02189	0.01417	0.54828	0.03402	0.15731	0.02066	0.01994	0.01421	0.00936	0.00776	0.00234	0.00820	0.00712	0.00807	0.01319
37	0.01317	0.01204	0.01977	0.01597	0.01973	0.01145	0.17637	0.01864	0.07145	0.02666	0.28557	0.04820	0.18380	0.01592	0.04330	0.00304	0.00724	0.01255	0.00676	0.00835
38	0.01726	0.01645	0.02799	0.32816	0.41365	0.01792	0.02284	0.02210	0.01674	0.02299	0.01424	0.01982	0.01146	0.00727	0.00771	0.00242	0.00969	0.00690	0.00367	0.01073

[dist]
# distance from previous block
# <min> <max>
0	1

[block]
# block no. 7 follows, 25 sequences, length 27
# corresponding to MSA columns:
# 752-778
name=unknown_H
#
# <colnr> <probs for GDERKNQSTAVLIFYWHMCP>
#	G	D	E	R	K	N	Q	S	T	A	V	L	I	F	Y	W	H	M	C	P
0	0.08457	0.01285	0.01551	0.01590	0.06346	0.04779	0.01101	0.01634	0.01326	0.01974	0.02040	0.12766	0.02199	0.21306	0.10202	0.00531	0.18729	0.01004	0.00457	0.00726
1	0.01128	0.00752	0.00846	0.00846	0.00846	0.00752	0.00470	0.01128	0.01128	0.01503	0.02443	0.05074	0.02819	0.72751	0.03946	0.00752	0.00752	0.01128	0.00470	0.00470
2	0.01820	0.01354	0.02105	0.02184	0.15653	0.01302	0.09517	0.07099	0.02004	0.11989	0.13254	0.10412	0.10081	0.04048	0.00985	0.00275	0.00723	0.03560	0.00657	0.00977
3	0.65533	0.01870	0.01318	0.01184	0.01651	0.13181	0.00951	0.02417	0.01467	0.03212	0.01100	0.01283	0.00867	0.00733	0.00517	0.00233	0.00734	0.00433	0.00466	0.00850
4	0.01445	0.00723	0.00723	0.00723	0.00903	0.00723	0.00542	0.01807	0.01626	0.02891	0.02529	0.02891	0.01987	0.00903	0.00542	0.00181	0.00361	0.00723	0.77055	0.00723
5	0.18783	0.33918	0.03118	0.07114	0.02466	0.10836	0.09562	0.02403	0.01628	0.02294	0.01181	0.01442	0.00988	0.00700	0.00595	0.00206	0.00928	0.00513	0.00381	0.00945
6	0.01696	0.01696	0.02375	0.02036	0.02036	0.02375	0.01696	0.01866	0.01187	0.01866	0.01018	0.01696	0.01018	0.01357	0.02545	0.00339	0.71332	0.00679	0.00339	0.00848
7	0.01128	0.00752	0.00846	0.00846	0.00846	0.00752	0.00470	0.01128	0.01128	0.01503	0.02443	0.05074	0.02819	0.72751	0.03946	0.00752	0.00752	0.01128	0.00470	0.00470
8	0.02417	0.08232	0.02322	0.01903	0.04027	0.34774	0.05093	0.05495	0.02009	0.07256	0.01965	0.07821	0.04772	0.01041	0.00912	0.00232	0.07533	0.00769	0.00491	0.00937
9	0.01861	0.01783	0.03042	0.13228	0.59901	0.01827	0.02351	0.02329	0.01738	0.02462	0.01448	0.01938	0.01203	0.00702	0.00769	0.00234	0.00936	0.00691	0.00379	0.01181
10	0.01750	0.00812	0.00884	0.00821	0.01065	0.00785	0.00632	0.02102	0.01715	0.12720	0.02609	0.02853	0.01977	0.00912	0.00578	0.00190	0.00406	0.00731	0.65647	0.00812
11	0.02896	0.03695	0.02197	0.01998	0.02397	0.69638	0.01498	0.03096	0.02197	0.01898	0.01199	0.01398	0.00999	0.00799	0.00699	0.00200	0.01398	0.00499	0.00400	0.00899
12	0.01995	0.10981	0.41289	0.02095	0.03015	0.08964	0.08064	0.02661	0.01773	0.09842	0.01543	0.01725	0.01110	0.00753	0.00728	0.00233	0.01097	0.00603	0.00413	0.01114
13	0.01057	0.00775	0.01032	0.01064	0.01173	0.00804	0.00762	0.01252	0.01413	0.01931	0.09191	0.18460	0.09991	0.17038	0.29629	0.00767	0.01159	0.01306	0.00560	0.00637
14	0.00945	0.00675	0.00900	0.01080	0.01125	0.00630	0.00720	0.01080	0.01484	0.01979	0.04274	0.72245	0.05128	0.02429	0.00990	0.00315	0.00450	0.02204	0.00720	0.00630
15	0.01717	0.01721	0.06813	0.24386	0.19985	0.01709	0.04747	0.08037	0.07573	0.02641	0.06730	0.02676	0.06068	0.00920	0.00797	0.00248	0.00882	0.00822	0.00495	0.01033
16	0.05426	0.06545	0.17503	0.07637	0.31860	0.04579	0.05056	0.07667	0.01869	0.02653	0.01428	0.01779	0.01126	0.00729	0.00737	0.00233	0.00988	0.00639	0.00404	0.01142
17	0.01843	0.01816	0.02021	0.07273	0.02403	0.13072	0.07207	0.02824	0.24142	0.02512	0.02667	0.07104	0.02414	0.01263	0.00955	0.00278	0.04976	0.13653	0.00607	0.00968
18	0.35887	0.04569	0.07645	0.01878	0.06753	0.20593	0.07644	0.02548	0.01678	0.02743	0.01213	0.01456	0.00960	0.00733	0.00625	0.00228	0.00965	0.00522	0.00425	0.00933
19	0.01571	0.01544	0.02883	0.11295	0.16576	0.01529	0.23901	0.02043	0.01739	0.02335	0.02564	0.09917	0.05955	0.01166	0.00900	0.00276	0.00962	0.11412	0.00488	0.00944
20	0.02057	0.06909	0.16538	0.02107	0.10970	0.01763	0.04568	0.08654	0.13093	0.10505	0.04471	0.02178	0.01667	0.00833	0.00737	0.00224	0.00826	0.00699	0.00569	0.10631
21	0.01743	0.02040	0.18625	0.01436	0.02233	0.01236	0.01429	0.02225	0.01664	0.07739	0.01515	0.01697	0.01167	0.00646	0.00632	0.00158	0.00726	0.00514	0.00466	0.52110
22	0.00947	0.00787	0.00828	0.00818	0.01066	0.00668	0.00613	0.01173	0.01840	0.02268	0.18055	0.07176	0.57291	0.01899	0.00916	0.00259	0.00388	0.01596	0.00743	0.00668
23	0.02209	0.26251	0.12647	0.02020	0.10784	0.14267	0.01666	0.05422	0.01855	0.07493	0.01491	0.01701	0.01193	0.00964	0.03538	0.00247	0.01010	0.00561	0.03636	0.01047
24	0.01301	0.00690	0.00976	0.00976	0.00976	0.00690	0.00631	0.01034	0.01034	0.01379	0.01574	0.02919	0.01652	0.17196	0.03220	0.61566	0.00690	0.00767	0.00364	0.00364
25	0.01935	0.02019	0.17786	0.10968	0.18034	0.01513	0.01914	0.02551	0.05461	0.14882	0.07754	0.02872	0.04601	0.00965	0.00795	0.00248	0.00846	0.03197	0.00562	0.01096
26	0.01615	0.06900	0.01604	0.01275	0.01613	0.01306	0.00978	0.16339	0.02018	0.02739	0.02965	0.38190	0.03235	0.01624	0.00830	0.00250	0.00595	0.01414	0.00658	0.13850

[dist]
# distance from previous block
# <min> <max>
0	701

# created by:
# /home/berkeley/.conda/envs/busco_data_prod/bin/msa2prfl.pl pipeline/OGs_align_augustus/5794/8628.fs
