[name]
unknown

[dist]
# distance from previous block
# <min> <max>
0	1298

[block]
# block no. 0 follows, 27 sequences, length 7
# corresponding to MSA columns:
# 1298-1304
name=unknown_A
#
# <colnr> <probs for GDERKNQSTAVLIFYWHMCP>
#	G	D	E	R	K	N	Q	S	T	A	V	L	I	F	Y	W	H	M	C	P
0	0.01341	0.00834	0.01077	0.01006	0.01243	0.00758	0.00786	0.01660	0.02008	0.11494	0.45182	0.05665	0.14314	0.01544	0.00875	0.00247	0.00426	0.07979	0.00799	0.00762
1	0.01068	0.00767	0.01051	0.01051	0.01135	0.00851	0.00751	0.01235	0.01151	0.01618	0.02118	0.03636	0.02168	0.30879	0.46084	0.01018	0.01519	0.00901	0.00417	0.00584
2	0.01628	0.01534	0.01467	0.01358	0.01553	0.15499	0.01018	0.06832	0.04774	0.01978	0.01863	0.02858	0.01780	0.19396	0.27736	0.00700	0.06066	0.00778	0.00446	0.00736
3	0.11296	0.02118	0.01890	0.01572	0.02069	0.17689	0.01252	0.23181	0.13801	0.14816	0.01964	0.01914	0.01413	0.00864	0.00697	0.00223	0.00838	0.00638	0.00661	0.01104
4	0.07441	0.01843	0.01833	0.01562	0.01902	0.15117	0.01242	0.08247	0.08372	0.18356	0.01875	0.02132	0.01459	0.05481	0.04517	0.00318	0.16078	0.00675	0.00575	0.00974
5	0.07901	0.01415	0.01577	0.01279	0.01766	0.04927	0.01020	0.08944	0.05859	0.24382	0.06644	0.06719	0.02058	0.01162	0.04006	0.00252	0.00696	0.00765	0.00680	0.17948
6	0.12799	0.09275	0.02116	0.23230	0.02910	0.01858	0.01434	0.16492	0.07180	0.08652	0.01623	0.01827	0.01200	0.00780	0.00664	0.00220	0.00784	0.00606	0.00528	0.05823

[dist]
# distance from previous block
# <min> <max>
6	17

[block]
# block no. 1 follows, 27 sequences, length 23
# corresponding to MSA columns:
# 1322-1344
name=unknown_B
#
# <colnr> <probs for GDERKNQSTAVLIFYWHMCP>
#	G	D	E	R	K	N	Q	S	T	A	V	L	I	F	Y	W	H	M	C	P
0	0.08252	0.01298	0.05085	0.01191	0.01467	0.07157	0.00951	0.04808	0.01687	0.06908	0.03785	0.33475	0.14468	0.01692	0.00834	0.00266	0.00599	0.04679	0.00638	0.00758
1	0.01890	0.11392	0.10153	0.01479	0.02163	0.06343	0.05013	0.08097	0.01796	0.05618	0.01399	0.01578	0.01103	0.00647	0.00612	0.00161	0.00769	0.00510	0.00451	0.38827
2	0.06918	0.13342	0.05284	0.01447	0.01995	0.05641	0.01258	0.22270	0.05165	0.18498	0.09008	0.02233	0.01939	0.00901	0.00694	0.00216	0.00739	0.00691	0.00668	0.01094
3	0.22823	0.02042	0.01878	0.01665	0.05460	0.12028	0.01268	0.28929	0.11006	0.03585	0.01634	0.01697	0.01223	0.00823	0.00658	0.00224	0.00802	0.00592	0.00598	0.01067
4	0.01037	0.00774	0.00965	0.01083	0.01173	0.00772	0.00739	0.01416	0.10070	0.02027	0.03851	0.60260	0.04438	0.06286	0.01086	0.00319	0.00468	0.01885	0.00684	0.00669
5	0.01412	0.01177	0.01378	0.01136	0.01601	0.00999	0.00868	0.01919	0.10161	0.02370	0.02274	0.20710	0.02259	0.01079	0.00682	0.00179	0.00523	0.00934	0.00547	0.47793
6	0.02615	0.02036	0.02470	0.01880	0.02482	0.02215	0.09887	0.54061	0.07721	0.04270	0.01831	0.01879	0.01314	0.00865	0.00761	0.00228	0.00858	0.00707	0.00696	0.01222
7	0.01032	0.00769	0.00990	0.01011	0.01176	0.00683	0.00717	0.01256	0.01647	0.02298	0.23744	0.43091	0.05060	0.01845	0.00873	0.00256	0.00421	0.01656	0.00696	0.10777
8	0.01907	0.19908	0.25916	0.02248	0.08657	0.10187	0.12535	0.06111	0.01768	0.02291	0.01299	0.01559	0.01015	0.00690	0.00680	0.00212	0.01044	0.00575	0.00362	0.01036
9	0.01893	0.08359	0.34389	0.02217	0.03049	0.13065	0.16608	0.07392	0.01839	0.02406	0.01353	0.01617	0.01010	0.00706	0.00724	0.00225	0.01127	0.00609	0.00372	0.01040
10	0.01363	0.00793	0.00981	0.00947	0.01133	0.00756	0.00722	0.01659	0.01773	0.08490	0.28016	0.04840	0.04269	0.10799	0.01169	0.00295	0.00467	0.09637	0.21179	0.00713
11	0.01376	0.01226	0.02021	0.28869	0.19050	0.01402	0.01681	0.01770	0.01423	0.01957	0.01593	0.02303	0.01365	0.02564	0.27530	0.00602	0.01345	0.00712	0.00365	0.00847
12	0.01763	0.01799	0.01800	0.01595	0.01892	0.19588	0.08925	0.05378	0.11996	0.02194	0.02486	0.22030	0.02522	0.11163	0.01211	0.00312	0.00852	0.01124	0.00551	0.00819
13	0.01474	0.01387	0.01693	0.05987	0.15675	0.10608	0.01270	0.01767	0.01545	0.02030	0.10462	0.02938	0.02288	0.09100	0.27805	0.00635	0.01289	0.00813	0.00445	0.00791
14	0.01080	0.00720	0.00810	0.00810	0.00810	0.00720	0.00450	0.01080	0.01080	0.01439	0.02339	0.04858	0.02699	0.73910	0.03779	0.00720	0.00720	0.01080	0.00450	0.00450
15	0.02030	0.02020	0.08316	0.20604	0.03219	0.06652	0.09282	0.24495	0.06105	0.03022	0.01943	0.02175	0.05065	0.00859	0.00758	0.00235	0.00936	0.00728	0.00525	0.01031
16	0.02048	0.10735	0.02633	0.01936	0.02377	0.24339	0.15878	0.07079	0.03730	0.02184	0.01763	0.07427	0.03273	0.01249	0.05692	0.00292	0.05255	0.00770	0.00440	0.00898
17	0.01075	0.00737	0.00895	0.00895	0.00925	0.00766	0.00557	0.01135	0.01105	0.01503	0.02261	0.04424	0.02510	0.58618	0.18813	0.00826	0.01004	0.01016	0.00438	0.00497
18	0.00896	0.00680	0.00826	0.00943	0.01053	0.00611	0.00649	0.01044	0.01509	0.01931	0.05196	0.52072	0.25551	0.02182	0.00925	0.00285	0.00413	0.01935	0.00689	0.00611
19	0.02156	0.02316	0.02296	0.20289	0.12217	0.27073	0.01733	0.09935	0.01931	0.02253	0.01279	0.01659	0.01033	0.00826	0.00924	0.00230	0.09918	0.00594	0.00402	0.00936
20	0.02278	0.02056	0.02025	0.09975	0.02418	0.20092	0.01447	0.06256	0.13872	0.13038	0.01788	0.01951	0.01359	0.00957	0.01105	0.00247	0.16956	0.00656	0.00536	0.00988
21	0.18543	0.00909	0.01019	0.00993	0.01147	0.01011	0.00711	0.01420	0.01164	0.01971	0.01913	0.03300	0.01953	0.31455	0.28667	0.00791	0.01171	0.00820	0.00432	0.00610
22	0.13176	0.02568	0.02024	0.01689	0.02182	0.29307	0.01338	0.32821	0.02640	0.03366	0.01430	0.01529	0.01079	0.00814	0.00675	0.00211	0.00990	0.00557	0.00562	0.01042

[dist]
# distance from previous block
# <min> <max>
0	6

[block]
# block no. 2 follows, 27 sequences, length 8
# corresponding to MSA columns:
# 1351-1358
name=unknown_C
#
# <colnr> <probs for GDERKNQSTAVLIFYWHMCP>
#	G	D	E	R	K	N	Q	S	T	A	V	L	I	F	Y	W	H	M	C	P
0	0.36795	0.01735	0.12733	0.01290	0.01786	0.01523	0.01216	0.02293	0.05690	0.08802	0.12285	0.02207	0.02018	0.00908	0.00748	0.00239	0.05637	0.00652	0.00542	0.00900
1	0.01777	0.01815	0.10026	0.02038	0.15410	0.09743	0.01454	0.02134	0.01588	0.08678	0.01696	0.02220	0.01434	0.06871	0.17031	0.00460	0.01129	0.00658	0.00441	0.13399
2	0.00920	0.00696	0.00850	0.00934	0.01060	0.00626	0.00654	0.01102	0.01612	0.02102	0.15539	0.42710	0.24382	0.02063	0.00915	0.00275	0.00401	0.01825	0.00710	0.00626
3	0.01438	0.01276	0.02100	0.09597	0.31799	0.01369	0.01637	0.01803	0.01442	0.02051	0.01661	0.02347	0.01470	0.02924	0.33010	0.00670	0.01401	0.00723	0.00378	0.00906
4	0.01402	0.01319	0.02227	0.72126	0.05113	0.01649	0.02062	0.01897	0.01484	0.01897	0.01319	0.01979	0.00990	0.00742	0.00742	0.00247	0.00990	0.00660	0.00330	0.00825
5	0.01603	0.13914	0.24165	0.08098	0.09095	0.01831	0.01853	0.02408	0.13250	0.02300	0.02067	0.04530	0.04646	0.00932	0.00770	0.00236	0.03191	0.03660	0.00445	0.01006
6	0.01020	0.00773	0.01104	0.10941	0.01710	0.00788	0.00961	0.01234	0.01476	0.01948	0.03682	0.53111	0.04265	0.02062	0.00932	0.00300	0.00549	0.11860	0.00638	0.00647
7	0.00926	0.00674	0.00836	0.00956	0.01026	0.00624	0.00634	0.01045	0.01415	0.01847	0.04388	0.52795	0.14895	0.12662	0.01348	0.00354	0.00464	0.01873	0.00654	0.00585

[dist]
# distance from previous block
# <min> <max>
4	16

[block]
# block no. 3 follows, 27 sequences, length 22
# corresponding to MSA columns:
# 1375-1396
name=unknown_D
#
# <colnr> <probs for GDERKNQSTAVLIFYWHMCP>
#	G	D	E	R	K	N	Q	S	T	A	V	L	I	F	Y	W	H	M	C	P
0	0.01960	0.02285	0.01549	0.01432	0.01751	0.38405	0.01076	0.02256	0.04943	0.02077	0.11705	0.03630	0.21605	0.01197	0.00760	0.00217	0.00899	0.00922	0.00544	0.00786
1	0.24661	0.02572	0.11233	0.01586	0.02099	0.26984	0.01381	0.02850	0.15200	0.02595	0.01522	0.01624	0.01177	0.00784	0.00631	0.00221	0.00929	0.00539	0.00471	0.00941
2	0.02017	0.02729	0.14936	0.08911	0.12215	0.30389	0.03784	0.02433	0.01874	0.02177	0.09862	0.02069	0.01762	0.00828	0.00725	0.00216	0.01066	0.00657	0.00417	0.00931
3	0.01528	0.00989	0.01145	0.01082	0.01273	0.05170	0.00813	0.01765	0.01428	0.10567	0.02208	0.03056	0.01947	0.14866	0.31443	0.00710	0.01212	0.00794	0.17281	0.00723
4	0.01704	0.01306	0.01468	0.01352	0.01652	0.01416	0.01024	0.20999	0.18924	0.03016	0.03145	0.34533	0.03172	0.01571	0.00839	0.00266	0.00583	0.01366	0.00722	0.00941
5	0.00904	0.00646	0.00861	0.01034	0.01077	0.00603	0.00689	0.01034	0.01421	0.01895	0.04092	0.73426	0.04910	0.02326	0.00948	0.00301	0.00431	0.02110	0.00689	0.00603
6	0.01780	0.11398	0.21215	0.07994	0.09436	0.01765	0.04165	0.02238	0.01596	0.10708	0.02100	0.02306	0.08145	0.00924	0.00954	0.00239	0.10898	0.00707	0.00441	0.00993
7	0.00937	0.00684	0.00882	0.00980	0.01077	0.00629	0.00679	0.01126	0.01614	0.02169	0.20142	0.50117	0.12055	0.02084	0.00923	0.00280	0.00406	0.01868	0.00720	0.00629
8	0.01887	0.18313	0.22625	0.02798	0.26920	0.10804	0.02088	0.02375	0.01668	0.02179	0.01267	0.01555	0.01031	0.00682	0.00662	0.00208	0.00984	0.00548	0.00343	0.01065
9	0.01002	0.00744	0.00946	0.01083	0.01165	0.00732	0.00739	0.01335	0.08313	0.02020	0.03981	0.66105	0.04636	0.02189	0.00928	0.00296	0.00447	0.01979	0.00696	0.00662
10	0.01875	0.31182	0.08969	0.01600	0.02008	0.11979	0.01468	0.02124	0.01456	0.01800	0.01159	0.01653	0.01092	0.06465	0.01348	0.00262	0.21802	0.00548	0.00339	0.00873
11	0.01834	0.43912	0.03214	0.01554	0.01924	0.02660	0.01418	0.02040	0.01353	0.01763	0.01008	0.01372	0.00962	0.00913	0.01297	0.00228	0.30831	0.00503	0.00321	0.00894
12	0.00898	0.00673	0.00834	0.00962	0.01058	0.00609	0.00657	0.01042	0.01490	0.01923	0.04966	0.56526	0.21245	0.02212	0.00930	0.00289	0.00417	0.01972	0.00689	0.00609
13	0.01441	0.01147	0.01438	0.01571	0.10820	0.01198	0.01004	0.09881	0.08540	0.02321	0.03206	0.03978	0.15628	0.21004	0.13079	0.00521	0.00879	0.00997	0.00547	0.00800
14	0.01604	0.01508	0.07203	0.01935	0.10559	0.03751	0.10792	0.02005	0.01850	0.09458	0.23510	0.03836	0.10305	0.01171	0.00915	0.00243	0.04660	0.03194	0.00606	0.00897
15	0.01644	0.15064	0.06305	0.01420	0.01804	0.01440	0.09379	0.01915	0.01434	0.10429	0.01924	0.02889	0.01771	0.22392	0.16496	0.00562	0.01083	0.00789	0.00456	0.00804
16	0.11573	0.09772	0.16246	0.02472	0.03239	0.01931	0.39461	0.02332	0.01630	0.02429	0.01362	0.01735	0.01032	0.00650	0.00750	0.00235	0.01089	0.00705	0.00369	0.00989
17	0.01875	0.01879	0.01729	0.01520	0.01807	0.18028	0.01197	0.10430	0.10397	0.02477	0.08516	0.03195	0.15707	0.01222	0.01133	0.00248	0.16313	0.00884	0.00564	0.00880
18	0.01679	0.01178	0.01512	0.06687	0.01787	0.01292	0.01072	0.10048	0.05961	0.09559	0.19975	0.03510	0.09760	0.01427	0.01304	0.10192	0.10646	0.00950	0.00632	0.00828
19	0.14115	0.00888	0.00995	0.00938	0.01157	0.00889	0.00709	0.01648	0.01743	0.06099	0.33927	0.04396	0.04379	0.10547	0.01135	0.00293	0.00466	0.04506	0.10459	0.00712
20	0.02457	0.09440	0.18057	0.01787	0.02509	0.01947	0.06628	0.27507	0.02435	0.17243	0.01822	0.01846	0.01267	0.00809	0.00719	0.00223	0.00874	0.00646	0.00611	0.01174
21	0.03782	0.06036	0.28356	0.05299	0.02660	0.12124	0.01878	0.10720	0.06883	0.05024	0.01514	0.01681	0.01129	0.00773	0.00737	0.00218	0.03182	0.00572	0.00448	0.06983

[dist]
# distance from previous block
# <min> <max>
0	27

[block]
# block no. 4 follows, 27 sequences, length 42
# corresponding to MSA columns:
# 1424-1465
name=unknown_E
#
# <colnr> <probs for GDERKNQSTAVLIFYWHMCP>
#	G	D	E	R	K	N	Q	S	T	A	V	L	I	F	Y	W	H	M	C	P
0	0.05302	0.02296	0.11072	0.01978	0.09464	0.15798	0.01573	0.17697	0.07224	0.08861	0.04468	0.02452	0.01715	0.00935	0.00740	0.00231	0.00896	0.05669	0.00575	0.01057
1	0.06696	0.06608	0.13607	0.10851	0.12239	0.01542	0.01595	0.02150	0.10331	0.02275	0.02018	0.09414	0.01853	0.04901	0.07799	0.00360	0.00915	0.03471	0.00460	0.00916
2	0.01815	0.18645	0.02262	0.10177	0.09419	0.08023	0.01333	0.04061	0.06254	0.06963	0.05476	0.06628	0.06510	0.03849	0.00837	0.00244	0.00773	0.05310	0.00514	0.00909
3	0.19690	0.05535	0.02408	0.11012	0.10663	0.08345	0.10600	0.06459	0.03508	0.05153	0.01359	0.01680	0.01067	0.00785	0.00859	0.00237	0.08647	0.00608	0.00435	0.00950
4	0.12877	0.01647	0.06051	0.07216	0.03912	0.06181	0.01359	0.02137	0.10324	0.02318	0.02572	0.03084	0.12055	0.01182	0.01167	0.00267	0.18942	0.05366	0.00490	0.00853
5	0.02396	0.01503	0.02132	0.07529	0.21072	0.01506	0.01511	0.14892	0.02212	0.25353	0.10080	0.02513	0.02099	0.00900	0.00758	0.00228	0.00730	0.00773	0.00674	0.01138
6	0.07261	0.01181	0.01639	0.09838	0.13539	0.01193	0.01209	0.04973	0.01646	0.14572	0.02458	0.20265	0.02390	0.10910	0.01172	0.00310	0.00679	0.01071	0.00581	0.03112
7	0.06971	0.01402	0.01568	0.01213	0.01784	0.01275	0.00969	0.06953	0.13714	0.06317	0.04850	0.01994	0.01614	0.00730	0.00620	0.00164	0.00572	0.00584	0.00562	0.46145
8	0.01969	0.05547	0.15859	0.01501	0.02144	0.05154	0.01428	0.12713	0.06689	0.09503	0.06222	0.02070	0.01664	0.00996	0.03621	0.00236	0.00816	0.00633	0.00547	0.20687
9	0.02176	0.15181	0.02053	0.01421	0.01819	0.20117	0.01131	0.05122	0.11842	0.11201	0.06399	0.02471	0.01934	0.09756	0.03988	0.00308	0.00899	0.00704	0.00550	0.00926
10	0.01331	0.01361	0.11345	0.01501	0.06357	0.01120	0.01196	0.05849	0.01387	0.01954	0.01808	0.02833	0.01712	0.16278	0.29655	0.11126	0.01290	0.00773	0.00406	0.00719
11	0.02562	0.01426	0.01709	0.01392	0.01858	0.01437	0.01116	0.23401	0.07139	0.29964	0.06961	0.12847	0.02463	0.01160	0.00784	0.00240	0.00641	0.00965	0.00811	0.01124
12	0.11250	0.11367	0.05110	0.09202	0.02384	0.01937	0.04959	0.13356	0.06317	0.10849	0.01649	0.01840	0.01244	0.00861	0.00905	0.00234	0.10713	0.00625	0.04196	0.01003
13	0.12452	0.06611	0.13584	0.06787	0.02336	0.01448	0.11098	0.02213	0.01631	0.11427	0.02412	0.02563	0.09409	0.00882	0.00683	0.00225	0.00761	0.00745	0.11815	0.00919
14	0.00901	0.00660	0.00847	0.00996	0.01067	0.00606	0.00672	0.01038	0.01457	0.01910	0.04549	0.64589	0.13452	0.02266	0.00938	0.00295	0.00423	0.02038	0.00689	0.00606
15	0.01515	0.00871	0.01089	0.00969	0.01256	0.00767	0.00750	0.01805	0.01990	0.17751	0.36587	0.05320	0.23457	0.01486	0.00847	0.00238	0.00421	0.01272	0.00804	0.00806
16	0.01927	0.01581	0.02743	0.24661	0.18960	0.01649	0.15636	0.02529	0.06927	0.13267	0.01772	0.02103	0.01301	0.00748	0.00771	0.00239	0.00931	0.00735	0.00478	0.01043
17	0.10034	0.00881	0.00974	0.00882	0.01152	0.00864	0.00686	0.02007	0.01747	0.13758	0.18138	0.03219	0.02985	0.01010	0.00634	0.00203	0.00418	0.00824	0.38786	0.00799
18	0.00978	0.00677	0.00840	0.00940	0.00965	0.00652	0.00589	0.01053	0.01279	0.01705	0.03360	0.44793	0.03987	0.32218	0.02130	0.00476	0.00551	0.01680	0.00589	0.00539
19	0.01892	0.01666	0.02349	0.18169	0.26287	0.01842	0.01792	0.12330	0.20421	0.02837	0.01891	0.02121	0.01452	0.00810	0.00743	0.00236	0.00814	0.00712	0.00524	0.01111
20	0.01858	0.02828	0.30471	0.07085	0.07880	0.08334	0.13300	0.10941	0.01886	0.02561	0.01389	0.01699	0.01039	0.00752	0.00832	0.00236	0.04826	0.00635	0.00393	0.01053
21	0.01907	0.01224	0.01894	0.42491	0.03625	0.01367	0.01571	0.02277	0.01612	0.21136	0.01913	0.02519	0.01459	0.10547	0.01148	0.00305	0.00852	0.00740	0.00513	0.00899
22	0.01539	0.01319	0.01539	0.01100	0.01759	0.00990	0.00880	0.01869	0.01539	0.02419	0.01319	0.01539	0.01100	0.00550	0.00550	0.00110	0.00550	0.00440	0.00440	0.78449
23	0.00904	0.00646	0.00861	0.01034	0.01077	0.00603	0.00689	0.01034	0.01421	0.01895	0.04092	0.73426	0.04910	0.02326	0.00948	0.00301	0.00431	0.02110	0.00689	0.00603
24	0.01366	0.01216	0.01743	0.11810	0.20771	0.01246	0.01348	0.01927	0.09716	0.02418	0.15618	0.04129	0.21287	0.01211	0.00804	0.00239	0.00623	0.01060	0.00581	0.00887
25	0.01063	0.00785	0.01142	0.01142	0.01257	0.00900	0.00864	0.01293	0.01178	0.01685	0.02035	0.03175	0.01968	0.14679	0.62010	0.01130	0.01819	0.00833	0.00405	0.00634
26	0.00893	0.00690	0.00816	0.00916	0.01046	0.00613	0.00637	0.01047	0.01534	0.01941	0.05523	0.45748	0.31664	0.02140	0.00918	0.00280	0.00408	0.01883	0.00689	0.00613
27	0.01948	0.01568	0.01757	0.01312	0.01935	0.01445	0.01061	0.21639	0.06680	0.03149	0.01576	0.01697	0.01229	0.00684	0.00622	0.00154	0.00633	0.00536	0.00553	0.49822
28	0.01628	0.01392	0.01560	0.01387	0.01705	0.01594	0.01092	0.07340	0.35447	0.02842	0.11361	0.03612	0.13728	0.01245	0.01013	0.00257	0.10134	0.00984	0.00694	0.00984
29	0.01458	0.00793	0.00877	0.00817	0.01068	0.00726	0.00626	0.01748	0.01726	0.11493	0.10469	0.04331	0.22711	0.01243	0.00692	0.00210	0.00394	0.01027	0.36842	0.00749
30	0.01489	0.03840	0.70064	0.02116	0.03213	0.01724	0.02743	0.02351	0.01567	0.02351	0.01332	0.01567	0.00940	0.00705	0.00705	0.00235	0.01097	0.00549	0.00313	0.01097
31	0.05291	0.01811	0.11395	0.30912	0.12419	0.01729	0.06295	0.07728	0.01668	0.02355	0.01400	0.01901	0.01093	0.01102	0.05815	0.00311	0.04789	0.00657	0.00383	0.00945
32	0.02172	0.01007	0.01351	0.01124	0.01495	0.00893	0.00893	0.02491	0.02113	0.35824	0.36462	0.04061	0.04465	0.01223	0.00812	0.00232	0.00489	0.01050	0.00867	0.00977
33	0.01203	0.00688	0.00780	0.00821	0.00958	0.00668	0.00592	0.01488	0.01591	0.02548	0.11758	0.23223	0.03438	0.01367	0.00688	0.00218	0.00371	0.01182	0.45752	0.00668
34	0.01464	0.01753	0.14516	0.02751	0.30027	0.01414	0.01805	0.01901	0.01465	0.02120	0.01635	0.02294	0.01437	0.05260	0.26224	0.00594	0.01315	0.00705	0.00372	0.00948
35	0.01685	0.29747	0.37759	0.01717	0.02538	0.04993	0.01996	0.02236	0.01558	0.02072	0.01409	0.06528	0.01228	0.00797	0.00636	0.00210	0.00947	0.00600	0.00345	0.00999
36	0.01017	0.00758	0.00946	0.00899	0.01088	0.00686	0.00674	0.01336	0.02022	0.02789	0.56985	0.05855	0.19025	0.01588	0.00876	0.00237	0.00355	0.01386	0.00792	0.00686
37	0.01344	0.00784	0.00992	0.00960	0.01152	0.00815	0.00741	0.01640	0.01474	0.07267	0.04636	0.03238	0.07311	0.02932	0.29993	0.00611	0.01056	0.00827	0.31509	0.00717
38	0.01463	0.01726	0.17315	0.04543	0.18514	0.01218	0.01617	0.01864	0.01593	0.07191	0.02841	0.27431	0.06875	0.01359	0.00814	0.00256	0.00724	0.01212	0.00529	0.00915
39	0.01583	0.12209	0.23988	0.02024	0.11834	0.01685	0.01776	0.04767	0.09630	0.02373	0.02166	0.14606	0.02050	0.01100	0.00748	0.00242	0.00810	0.04935	0.00481	0.00992
40	0.01825	0.01401	0.01679	0.01475	0.01741	0.05820	0.03831	0.13669	0.01910	0.10585	0.02923	0.27290	0.07083	0.01515	0.01119	0.00270	0.13123	0.01237	0.00631	0.00874
41	0.01912	0.01542	0.01818	0.01565	0.01839	0.09795	0.04541	0.02294	0.06177	0.14549	0.12170	0.05207	0.07259	0.01261	0.01252	0.00264	0.20110	0.04952	0.00602	0.00891

[dist]
# distance from previous block
# <min> <max>
1	19

[block]
# block no. 5 follows, 27 sequences, length 13
# corresponding to MSA columns:
# 1506-1518
name=unknown_F
#
# <colnr> <probs for GDERKNQSTAVLIFYWHMCP>
#	G	D	E	R	K	N	Q	S	T	A	V	L	I	F	Y	W	H	M	C	P
0	0.01698	0.16380	0.20910	0.01660	0.02240	0.01870	0.04220	0.11121	0.01855	0.02553	0.10885	0.02581	0.02090	0.01211	0.04395	0.00282	0.08056	0.04560	0.00475	0.00958
1	0.17067	0.01983	0.18204	0.01653	0.07531	0.01525	0.01467	0.11139	0.05890	0.06056	0.04686	0.02897	0.14903	0.01011	0.00709	0.00235	0.00718	0.00799	0.00552	0.00976
2	0.01819	0.24162	0.05890	0.27142	0.07148	0.09939	0.01661	0.05351	0.01654	0.02005	0.01302	0.01801	0.01101	0.05165	0.00835	0.00239	0.00943	0.00579	0.00361	0.00901
3	0.01824	0.26344	0.23749	0.11508	0.02776	0.13390	0.01832	0.02291	0.01656	0.02039	0.05160	0.01697	0.01309	0.00745	0.00640	0.00205	0.00979	0.00549	0.00358	0.00950
4	0.12495	0.04967	0.01900	0.07430	0.05446	0.01673	0.04336	0.10962	0.10951	0.02690	0.02283	0.09371	0.04873	0.01395	0.05020	0.00311	0.07806	0.04635	0.00542	0.00913
5	0.01127	0.00863	0.01017	0.00985	0.01179	0.00802	0.00689	0.01456	0.06967	0.02132	0.12746	0.24921	0.11617	0.17666	0.01485	0.00348	0.00506	0.01371	0.00625	0.11498
6	0.01995	0.01997	0.01724	0.01447	0.01843	0.22570	0.01117	0.11089	0.01994	0.02500	0.10821	0.02350	0.02025	0.06893	0.01061	0.00233	0.06031	0.00677	0.00510	0.21121
7	0.01548	0.22126	0.06554	0.01496	0.01955	0.01725	0.10238	0.01843	0.01405	0.01903	0.01526	0.02333	0.01452	0.15671	0.09981	0.00416	0.05178	0.00677	0.00379	0.11593
8	0.00940	0.00754	0.00839	0.00818	0.01041	0.00653	0.00613	0.01186	0.01840	0.02356	0.29665	0.06567	0.46615	0.01749	0.00877	0.00244	0.00367	0.01486	0.00736	0.00653
9	0.01752	0.02003	0.04380	0.03129	0.03880	0.01877	0.66583	0.02378	0.01752	0.02378	0.01502	0.02003	0.01126	0.00626	0.00876	0.00250	0.01252	0.00876	0.00375	0.01001
10	0.00890	0.00703	0.00802	0.00881	0.01037	0.00616	0.00621	0.01051	0.01568	0.01955	0.05948	0.37548	0.39590	0.02085	0.00910	0.00274	0.00401	0.01816	0.00689	0.00616
11	0.02328	0.03179	0.12141	0.02258	0.02836	0.43280	0.18631	0.02726	0.01937	0.02038	0.01266	0.01544	0.00998	0.00720	0.00728	0.00213	0.01282	0.00592	0.00371	0.00930
12	0.00919	0.00683	0.00858	0.00963	0.01066	0.00621	0.00666	0.01091	0.01570	0.02068	0.13781	0.50717	0.18035	0.02124	0.00923	0.00282	0.00409	0.01895	0.00707	0.00621

[dist]
# distance from previous block
# <min> <max>
0	1

[block]
# block no. 6 follows, 27 sequences, length 72
# corresponding to MSA columns:
# 1520-1591
name=unknown_G
#
# <colnr> <probs for GDERKNQSTAVLIFYWHMCP>
#	G	D	E	R	K	N	Q	S	T	A	V	L	I	F	Y	W	H	M	C	P
0	0.01930	0.18728	0.02071	0.01380	0.01751	0.29123	0.01107	0.02173	0.01921	0.02125	0.19529	0.03055	0.10163	0.01057	0.00702	0.00202	0.00848	0.00807	0.00516	0.00814
1	0.02199	0.01776	0.01774	0.01500	0.01948	0.06314	0.01190	0.26375	0.31539	0.03548	0.02372	0.02319	0.01770	0.00931	0.00714	0.00227	0.00687	0.00735	0.10961	0.01122
2	0.09497	0.01771	0.01554	0.01346	0.01657	0.15263	0.01006	0.21760	0.02049	0.02710	0.01783	0.02736	0.01674	0.25466	0.06241	0.00445	0.00940	0.00750	0.00524	0.00829
3	0.01809	0.01574	0.11012	0.01858	0.08582	0.01220	0.13446	0.02243	0.01728	0.15673	0.02788	0.06664	0.09487	0.00987	0.00741	0.00227	0.00731	0.00893	0.17385	0.00950
4	0.01733	0.02218	0.18985	0.14679	0.20553	0.01796	0.10668	0.06626	0.10527	0.02547	0.01622	0.01938	0.01231	0.00742	0.00751	0.00237	0.00958	0.00686	0.00425	0.01080
5	0.01563	0.01399	0.01801	0.01330	0.01907	0.01211	0.04786	0.01888	0.01498	0.02333	0.01284	0.01577	0.01085	0.00653	0.00819	0.00147	0.10130	0.00493	0.00421	0.63674
6	0.01846	0.01595	0.01679	0.01511	0.01930	0.01846	0.01175	0.03945	0.67938	0.03105	0.03022	0.02770	0.02266	0.01007	0.00755	0.00252	0.00588	0.00839	0.00755	0.01175
7	0.01471	0.01169	0.01526	0.10618	0.04309	0.01015	0.01048	0.01776	0.01539	0.05715	0.02073	0.18975	0.02044	0.01026	0.00687	0.00184	0.00595	0.00895	0.00508	0.42826
8	0.00881	0.00738	0.00767	0.00789	0.01013	0.00624	0.00581	0.01061	0.01656	0.01991	0.07066	0.15923	0.60493	0.01939	0.00887	0.00257	0.00383	0.01639	0.00689	0.00624
9	0.01402	0.01319	0.02227	0.72126	0.05113	0.01649	0.02062	0.01897	0.01484	0.01897	0.01319	0.01979	0.00990	0.00742	0.00742	0.00247	0.00990	0.00660	0.00330	0.00825
10	0.11399	0.19152	0.02410	0.01554	0.04208	0.02074	0.01289	0.18066	0.02060	0.18724	0.01665	0.01730	0.01229	0.00859	0.00871	0.00223	0.10246	0.00588	0.00581	0.01072
11	0.00904	0.00646	0.00861	0.01034	0.01077	0.00603	0.00689	0.01034	0.01421	0.01895	0.04092	0.73426	0.04910	0.02326	0.00948	0.00301	0.00431	0.02110	0.00689	0.00603
12	0.01129	0.00910	0.01362	0.04882	0.14649	0.00890	0.01064	0.01365	0.01567	0.02143	0.12021	0.47197	0.04280	0.01821	0.00887	0.00274	0.00534	0.01660	0.00627	0.00738
13	0.02816	0.01775	0.02083	0.01624	0.02133	0.01936	0.01343	0.39268	0.02770	0.23798	0.02019	0.01984	0.01397	0.00954	0.00968	0.00238	0.10262	0.00689	0.00740	0.01203
14	0.10102	0.06577	0.02137	0.10930	0.02479	0.13806	0.04711	0.14442	0.02076	0.15766	0.01961	0.02066	0.04757	0.00875	0.00775	0.00226	0.04085	0.00662	0.00563	0.01002
15	0.01745	0.01614	0.02568	0.11842	0.18089	0.05180	0.16455	0.02377	0.09443	0.06338	0.10510	0.06372	0.02246	0.00925	0.00797	0.00240	0.00863	0.00893	0.00517	0.00986
16	0.01525	0.01561	0.03165	0.02414	0.02949	0.01475	0.42107	0.02046	0.01788	0.02420	0.11012	0.04007	0.02663	0.01087	0.00912	0.00270	0.00995	0.16212	0.00508	0.00885
17	0.01489	0.03840	0.70064	0.02116	0.03213	0.01724	0.02743	0.02351	0.01567	0.02351	0.01332	0.01567	0.00940	0.00705	0.00705	0.00235	0.01097	0.00549	0.00313	0.01097
18	0.01791	0.01665	0.02671	0.26045	0.19523	0.01867	0.10476	0.10770	0.06087	0.02524	0.01500	0.01939	0.01170	0.00798	0.00923	0.00246	0.07867	0.00701	0.00427	0.01012
19	0.01014	0.00692	0.00829	0.00893	0.00909	0.00676	0.00539	0.01062	0.01207	0.01610	0.02993	0.30457	0.03524	0.47186	0.02722	0.00564	0.00612	0.01464	0.00539	0.00507
20	0.01043	0.00753	0.00985	0.00939	0.01107	0.00695	0.00700	0.01382	0.02066	0.02920	0.65483	0.09112	0.06895	0.01560	0.00879	0.00237	0.00354	0.01383	0.00810	0.00695
21	0.01196	0.00912	0.01118	0.01039	0.01259	0.00910	0.00787	0.01866	0.14145	0.03000	0.56839	0.05038	0.06138	0.01424	0.00854	0.00237	0.00394	0.01250	0.00806	0.00787
22	0.01233	0.00950	0.01150	0.01066	0.01297	0.00963	0.00809	0.01984	0.17188	0.03006	0.53795	0.04909	0.05919	0.01401	0.00848	0.00238	0.00405	0.01227	0.00803	0.00809
23	0.01610	0.01383	0.01571	0.01194	0.01799	0.01186	0.00947	0.02345	0.16755	0.02576	0.01709	0.01821	0.01367	0.00655	0.00597	0.00142	0.00558	0.00531	0.00512	0.60741
24	0.68854	0.01337	0.01038	0.00939	0.01360	0.01536	0.00766	0.02122	0.01302	0.03256	0.01218	0.01413	0.00950	0.00712	0.00467	0.00222	0.00544	0.00440	0.10733	0.00789
25	0.00920	0.00766	0.00811	0.00834	0.01074	0.00657	0.00648	0.01128	0.01694	0.02034	0.07045	0.07307	0.60408	0.01903	0.00897	0.00263	0.00417	0.09873	0.00689	0.00634
26	0.00955	0.00755	0.00860	0.00834	0.01050	0.00660	0.00625	0.01216	0.01875	0.02441	0.35005	0.06428	0.41222	0.01718	0.00877	0.00243	0.00364	0.01466	0.00747	0.00660
27	0.00963	0.00755	0.00871	0.00842	0.01056	0.00663	0.00632	0.01232	0.01895	0.02488	0.37986	0.06351	0.38212	0.01700	0.00876	0.00242	0.00363	0.01455	0.00753	0.00663
28	0.02139	0.02030	0.03602	0.02615	0.03309	0.02031	0.43018	0.25674	0.02381	0.03210	0.01603	0.01923	0.01176	0.00722	0.00828	0.00240	0.01094	0.00801	0.00508	0.01096
29	0.02752	0.01346	0.01619	0.01278	0.01765	0.01316	0.01044	0.19692	0.02351	0.37427	0.02513	0.02387	0.01702	0.00899	0.00693	0.00215	0.00615	0.00714	0.18540	0.01132
30	0.06361	0.01964	0.02121	0.11247	0.09001	0.10599	0.01502	0.33781	0.02522	0.03356	0.01586	0.01845	0.01217	0.01307	0.07990	0.00323	0.01020	0.00642	0.00556	0.01059
31	0.01776	0.01487	0.02393	0.29578	0.29328	0.01553	0.01896	0.02208	0.01634	0.08735	0.01505	0.01919	0.01159	0.00702	0.00714	0.00217	0.00855	0.00640	0.00416	0.11288
32	0.01543	0.01324	0.01515	0.01133	0.01741	0.01078	0.00900	0.02087	0.09879	0.02483	0.01859	0.01988	0.04813	0.00677	0.00593	0.00135	0.00545	0.00549	0.00493	0.64663
33	0.01932	0.01867	0.03554	0.02594	0.03253	0.05393	0.47995	0.02447	0.01815	0.11243	0.02253	0.02533	0.07770	0.00793	0.00848	0.00244	0.01090	0.00904	0.00478	0.00992
34	0.01875	0.01652	0.02298	0.02422	0.18167	0.01979	0.01641	0.16743	0.01817	0.02595	0.01396	0.01883	0.01206	0.01617	0.10715	0.00391	0.29504	0.00676	0.00440	0.00983
35	0.01738	0.01662	0.02833	0.20040	0.54576	0.01738	0.02229	0.02191	0.01643	0.02304	0.01379	0.01870	0.01133	0.00680	0.00737	0.00227	0.00907	0.00661	0.00359	0.01095
36	0.01939	0.00969	0.01331	0.01288	0.01586	0.00896	0.01063	0.02221	0.01811	0.27388	0.03586	0.18228	0.03481	0.01679	0.00907	0.00292	0.00617	0.29059	0.00772	0.00885
37	0.01745	0.01589	0.02616	0.17465	0.15327	0.01657	0.16500	0.13837	0.02044	0.02762	0.10768	0.02694	0.05842	0.00897	0.00797	0.00237	0.00878	0.00854	0.00508	0.00982
38	0.01840	0.01603	0.02240	0.02828	0.32392	0.01688	0.01630	0.11102	0.19212	0.02922	0.08340	0.04963	0.04040	0.00951	0.00765	0.00234	0.00718	0.00845	0.00579	0.01109
39	0.01142	0.00757	0.00936	0.00964	0.01140	0.00694	0.00722	0.01394	0.01739	0.05892	0.21746	0.23964	0.18564	0.01771	0.00869	0.00260	0.00426	0.08019	0.08315	0.00686
40	0.01695	0.01505	0.01948	0.19144	0.11337	0.01727	0.01509	0.03096	0.39696	0.02716	0.05857	0.02602	0.02063	0.00925	0.00756	0.00246	0.00711	0.00799	0.00605	0.01065
41	0.00886	0.00720	0.00785	0.00837	0.01025	0.00620	0.00602	0.01056	0.01611	0.01972	0.06489	0.27090	0.49698	0.02014	0.00898	0.00266	0.00392	0.01730	0.00689	0.00620
42	0.01450	0.01518	0.03076	0.02339	0.02853	0.01418	0.42000	0.01908	0.01671	0.02227	0.02790	0.18511	0.08675	0.01202	0.00901	0.00267	0.00954	0.04888	0.00492	0.00860
43	0.01384	0.00692	0.00692	0.00692	0.00865	0.00692	0.00519	0.01730	0.01557	0.02768	0.02422	0.02768	0.01903	0.00865	0.00519	0.00173	0.00346	0.00692	0.78031	0.00692
44	0.01402	0.01319	0.02227	0.72126	0.05113	0.01649	0.02062	0.01897	0.01484	0.01897	0.01319	0.01979	0.00990	0.00742	0.00742	0.00247	0.00990	0.00660	0.00330	0.00825
45	0.01287	0.01478	0.11022	0.01722	0.02110	0.01230	0.16909	0.01677	0.01360	0.01920	0.01839	0.02821	0.01691	0.14402	0.34289	0.00765	0.01495	0.00827	0.00389	0.00769
46	0.01384	0.00692	0.00692	0.00692	0.00865	0.00692	0.00519	0.01730	0.01557	0.02768	0.02422	0.02768	0.01903	0.00865	0.00519	0.00173	0.00346	0.00692	0.78031	0.00692
47	0.22019	0.19851	0.04409	0.02157	0.18140	0.17873	0.01472	0.02399	0.01627	0.02352	0.01155	0.01395	0.00969	0.00687	0.00585	0.00202	0.00892	0.00485	0.00381	0.00951
48	0.15774	0.01540	0.01983	0.01712	0.01806	0.02071	0.01421	0.01837	0.01216	0.02138	0.04921	0.01775	0.01293	0.01200	0.01984	0.00302	0.55200	0.00645	0.00378	0.00804
49	0.01740	0.01629	0.02601	0.03748	0.52958	0.01651	0.01951	0.02375	0.10242	0.02518	0.05617	0.02466	0.05562	0.00823	0.00753	0.00227	0.00786	0.00774	0.00460	0.01118
50	0.01500	0.01001	0.01482	0.18374	0.02402	0.01053	0.01342	0.01851	0.01682	0.11061	0.03185	0.12347	0.03221	0.01612	0.00913	0.00300	0.00726	0.34532	0.00630	0.00787
51	0.01962	0.01682	0.01808	0.01801	0.11032	0.07587	0.01244	0.24300	0.09805	0.03163	0.08418	0.03460	0.18272	0.01151	0.00780	0.00231	0.00702	0.00941	0.00654	0.01008
52	0.00910	0.00714	0.00824	0.00881	0.01044	0.00628	0.00629	0.01098	0.01646	0.02093	0.14375	0.31549	0.36976	0.01998	0.00903	0.00267	0.00393	0.01739	0.00706	0.00628
53	0.02125	0.24107	0.09349	0.11016	0.02609	0.18878	0.01612	0.10885	0.01881	0.02235	0.01221	0.01488	0.01000	0.00786	0.00805	0.00210	0.07920	0.00527	0.00391	0.00955
54	0.01191	0.00776	0.00970	0.00954	0.01151	0.00695	0.00702	0.01437	0.01825	0.08915	0.30563	0.23622	0.20879	0.01761	0.00883	0.00255	0.00405	0.01542	0.00762	0.00711
55	0.01713	0.01314	0.01557	0.01121	0.01772	0.00999	0.00900	0.02038	0.01596	0.08932	0.01475	0.01635	0.01171	0.00585	0.00569	0.00122	0.00558	0.00469	0.00486	0.70988
56	0.01280	0.01607	0.16902	0.01334	0.01740	0.01130	0.01248	0.05329	0.10487	0.02444	0.10794	0.27685	0.11933	0.01555	0.00838	0.00261	0.00609	0.01351	0.00629	0.00842
57	0.01289	0.00645	0.00967	0.00967	0.00967	0.00645	0.00645	0.00967	0.00967	0.01289	0.01289	0.02257	0.01289	0.02579	0.02901	0.78401	0.00645	0.00645	0.00322	0.00322
58	0.01351	0.01302	0.02188	0.35056	0.11232	0.01405	0.10210	0.01771	0.01602	0.02052	0.03099	0.03420	0.20174	0.01038	0.00797	0.00246	0.00839	0.00944	0.00441	0.00833
59	0.01990	0.14609	0.18842	0.02248	0.03022	0.02085	0.26014	0.15366	0.02029	0.04581	0.01480	0.01736	0.01101	0.00707	0.00739	0.00225	0.01034	0.00675	0.00440	0.01075
60	0.20545	0.01753	0.02709	0.07347	0.24942	0.01830	0.16530	0.10799	0.01827	0.02897	0.01379	0.01725	0.01074	0.00696	0.00702	0.00232	0.00891	0.00649	0.00439	0.01035
61	0.01325	0.01093	0.01282	0.01062	0.01487	0.00923	0.00816	0.01772	0.07406	0.02476	0.15296	0.12472	0.09358	0.01137	0.00714	0.00185	0.00483	0.00976	0.00596	0.39143
62	0.01687	0.11333	0.03294	0.02261	0.02826	0.04064	0.36470	0.05478	0.01796	0.02345	0.04925	0.10520	0.04777	0.00990	0.00824	0.00244	0.00979	0.03803	0.00468	0.00917
63	0.00934	0.00706	0.00869	0.00976	0.01103	0.00641	0.00704	0.01114	0.01569	0.02017	0.08352	0.42598	0.24935	0.02118	0.00930	0.00286	0.00436	0.08391	0.00695	0.00624
64	0.01539	0.01319	0.01539	0.01100	0.01759	0.00990	0.00880	0.01869	0.01539	0.02419	0.01319	0.01539	0.01100	0.00550	0.00550	0.00110	0.00550	0.00440	0.00440	0.78449
65	0.01476	0.01396	0.02332	0.54052	0.10560	0.01595	0.05335	0.01954	0.01524	0.02031	0.01336	0.01916	0.01027	0.00706	0.00726	0.00229	0.00942	0.00646	0.00348	0.09866
66	0.01354	0.01076	0.01345	0.10532	0.01837	0.01191	0.00989	0.03730	0.18548	0.02413	0.18354	0.03804	0.03264	0.18326	0.09616	0.00462	0.00782	0.00982	0.00602	0.00791
67	0.01384	0.00692	0.00692	0.00692	0.00865	0.00692	0.00519	0.01730	0.01557	0.02768	0.02422	0.02768	0.01903	0.00865	0.00519	0.00173	0.00346	0.00692	0.78031	0.00692
68	0.16391	0.01658	0.01807	0.36316	0.03363	0.14187	0.01526	0.02032	0.01547	0.02155	0.01601	0.11181	0.01468	0.00946	0.00702	0.00241	0.00900	0.00770	0.00412	0.00798
69	0.11600	0.01076	0.01297	0.01250	0.01497	0.01243	0.00985	0.02081	0.17307	0.02295	0.02212	0.02937	0.01941	0.03641	0.41092	0.00795	0.01396	0.04044	0.00507	0.00806
70	0.02568	0.01741	0.01927	0.01526	0.02051	0.01871	0.01244	0.41495	0.11397	0.14397	0.06321	0.02534	0.05483	0.01000	0.00760	0.00230	0.00708	0.00790	0.00773	0.01184
71	0.02339	0.01902	0.08809	0.01716	0.02392	0.01645	0.09986	0.24463	0.02346	0.15902	0.01807	0.01873	0.01283	0.00761	0.00711	0.00202	0.00802	0.00644	0.00613	0.19805

[dist]
# distance from previous block
# <min> <max>
0	24

[block]
# block no. 7 follows, 27 sequences, length 73
# corresponding to MSA columns:
# 1616-1688
name=unknown_H
#
# <colnr> <probs for GDERKNQSTAVLIFYWHMCP>
#	G	D	E	R	K	N	Q	S	T	A	V	L	I	F	Y	W	H	M	C	P
0	0.01227	0.13744	0.18156	0.01336	0.01734	0.01265	0.01284	0.01552	0.01471	0.01981	0.02911	0.43917	0.03285	0.01650	0.00810	0.00262	0.00653	0.01445	0.00536	0.00781
1	0.47700	0.14642	0.01700	0.01085	0.01578	0.01743	0.00931	0.02382	0.01503	0.14132	0.05458	0.01687	0.01379	0.00768	0.00536	0.00217	0.00610	0.00516	0.00532	0.00902
2	0.01496	0.01106	0.01692	0.01325	0.01719	0.01018	0.15761	0.01904	0.01599	0.02615	0.02012	0.02371	0.01580	0.00753	0.00607	0.00179	0.00591	0.00689	0.46221	0.14763
3	0.02008	0.04993	0.02382	0.07120	0.27035	0.09742	0.01655	0.15762	0.01990	0.02608	0.01589	0.04233	0.01416	0.08841	0.01156	0.00280	0.05003	0.00719	0.00460	0.01008
4	0.16485	0.01799	0.01373	0.01295	0.03478	0.21174	0.00963	0.07884	0.01832	0.02758	0.01711	0.01953	0.01349	0.00800	0.00577	0.00195	0.00730	0.00573	0.32247	0.00825
5	0.15928	0.01302	0.01674	0.01790	0.15477	0.01227	0.01151	0.02204	0.01740	0.14064	0.16141	0.02571	0.02461	0.00869	0.00675	0.00201	0.00593	0.00725	0.00591	0.18616
6	0.01380	0.01252	0.01957	0.01654	0.04878	0.01102	0.14003	0.01700	0.01537	0.02215	0.02299	0.26270	0.02410	0.01198	0.00810	0.00214	0.02596	0.01114	0.00506	0.30904
7	0.02023	0.40939	0.16698	0.01583	0.02232	0.17995	0.01589	0.02378	0.01641	0.01883	0.01160	0.01375	0.00990	0.00892	0.03619	0.00226	0.01030	0.00463	0.00335	0.00948
8	0.01578	0.01444	0.02057	0.01469	0.02145	0.01151	0.12842	0.01962	0.01578	0.02412	0.01353	0.01624	0.01104	0.00564	0.00609	0.00136	0.00678	0.00519	0.00428	0.64348
9	0.01062	0.00791	0.01170	0.01170	0.01294	0.00915	0.00899	0.01311	0.01186	0.01706	0.02010	0.03034	0.01907	0.09705	0.66901	0.01164	0.01912	0.00813	0.00401	0.00650
10	0.01077	0.00787	0.00979	0.00931	0.01045	0.00777	0.00655	0.01294	0.01698	0.02361	0.40288	0.05232	0.09068	0.25077	0.01894	0.00397	0.03914	0.01238	0.00666	0.00620
11	0.01050	0.00854	0.00944	0.00919	0.01161	0.00799	0.00697	0.01512	0.09710	0.02398	0.23040	0.08334	0.40489	0.01699	0.00869	0.00251	0.00406	0.03423	0.00731	0.00713
12	0.00964	0.00699	0.00910	0.00976	0.01086	0.00645	0.00687	0.01189	0.01721	0.02354	0.31378	0.41246	0.09460	0.01962	0.00913	0.00270	0.00394	0.01758	0.00743	0.00645
13	0.01666	0.01299	0.01450	0.01160	0.01643	0.01217	0.00916	0.09192	0.14264	0.02899	0.07791	0.02353	0.01988	0.00810	0.00633	0.00170	0.00534	0.00661	0.13537	0.35818
14	0.02316	0.19628	0.14863	0.01784	0.02356	0.39584	0.01623	0.02730	0.04980	0.01959	0.01243	0.01414	0.01014	0.00736	0.00636	0.00195	0.01135	0.00490	0.00373	0.00939
15	0.01489	0.03840	0.70064	0.02116	0.03213	0.01724	0.02743	0.02351	0.01567	0.02351	0.01332	0.01567	0.00940	0.00705	0.00705	0.00235	0.01097	0.00549	0.00313	0.01097
16	0.01973	0.01260	0.01321	0.01108	0.01454	0.01352	0.00884	0.28396	0.02349	0.03551	0.02160	0.02364	0.01640	0.00876	0.00611	0.00193	0.00539	0.00682	0.46360	0.00926
17	0.01801	0.02209	0.17801	0.02137	0.07406	0.01869	0.11019	0.07100	0.30861	0.02809	0.02113	0.02194	0.01589	0.00867	0.00850	0.00248	0.04718	0.00744	0.00548	0.01118
18	0.01072	0.00751	0.00967	0.00967	0.01021	0.00805	0.00646	0.01180	0.01126	0.01556	0.02195	0.04062	0.02353	0.45905	0.31311	0.00914	0.01240	0.00963	0.00428	0.00537
19	0.01148	0.00909	0.01051	0.00989	0.01229	0.00889	0.00749	0.01772	0.13975	0.02733	0.40023	0.05480	0.23181	0.01524	0.00854	0.00242	0.00401	0.01313	0.00771	0.00767
20	0.01985	0.74357	0.03890	0.01270	0.01905	0.02937	0.01270	0.02223	0.01508	0.01747	0.01032	0.01191	0.00953	0.00635	0.00476	0.00159	0.00794	0.00397	0.00318	0.00953
21	0.00965	0.00736	0.00886	0.00890	0.01067	0.00657	0.00652	0.01219	0.01837	0.02447	0.36071	0.18452	0.27851	0.01789	0.00889	0.00252	0.00374	0.01559	0.00750	0.00657
22	0.01752	0.02003	0.04380	0.03129	0.03880	0.01877	0.66583	0.02378	0.01752	0.02378	0.01502	0.02003	0.01126	0.00626	0.00876	0.00250	0.01252	0.00876	0.00375	0.01001
23	0.02054	0.01634	0.01680	0.01419	0.01837	0.04961	0.01121	0.33603	0.11741	0.03437	0.03301	0.13188	0.14241	0.01288	0.00795	0.00242	0.00674	0.01054	0.00710	0.01021
24	0.00998	0.00714	0.00961	0.01091	0.01188	0.00678	0.00807	0.01215	0.01611	0.02166	0.15852	0.46254	0.05146	0.02116	0.00952	0.00298	0.00474	0.16128	0.00711	0.00639
25	0.01837	0.01764	0.03013	0.04557	0.69279	0.01764	0.02278	0.02278	0.01690	0.02425	0.01396	0.01837	0.01176	0.00661	0.00735	0.00220	0.00882	0.00661	0.00367	0.01176
26	0.01026	0.00731	0.00938	0.01058	0.01143	0.00704	0.00771	0.01192	0.01446	0.01893	0.03898	0.34207	0.08935	0.18515	0.01609	0.00405	0.00565	0.19737	0.00633	0.00593
27	0.01752	0.02003	0.04380	0.03129	0.03880	0.01877	0.66583	0.02378	0.01752	0.02378	0.01502	0.02003	0.01126	0.00626	0.00876	0.00250	0.01252	0.00876	0.00375	0.01001
28	0.01579	0.16678	0.58016	0.01962	0.02975	0.01945	0.02475	0.02328	0.01557	0.02241	0.01278	0.01499	0.00943	0.00693	0.00664	0.00221	0.01042	0.00521	0.00314	0.01071
29	0.01020	0.00769	0.00985	0.01046	0.01201	0.00673	0.00724	0.01186	0.01443	0.01990	0.03587	0.60338	0.04216	0.02002	0.00875	0.00267	0.00452	0.01806	0.00644	0.14776
30	0.01917	0.01351	0.01608	0.01171	0.01812	0.01078	0.00945	0.05675	0.01746	0.14154	0.01622	0.01723	0.01236	0.00632	0.00594	0.00137	0.00578	0.00505	0.00539	0.60979
31	0.01489	0.03840	0.70064	0.02116	0.03213	0.01724	0.02743	0.02351	0.01567	0.02351	0.01332	0.01567	0.00940	0.00705	0.00705	0.00235	0.01097	0.00549	0.00313	0.01097
32	0.01861	0.35982	0.02722	0.01388	0.01763	0.02149	0.01224	0.02067	0.01479	0.09596	0.01794	0.14594	0.01780	0.01127	0.01039	0.00231	0.17049	0.00807	0.00456	0.00893
33	0.01077	0.00776	0.01029	0.01013	0.01187	0.00729	0.00791	0.01426	0.02030	0.02839	0.57061	0.06060	0.06507	0.01615	0.00903	0.00253	0.00411	0.12802	0.00793	0.00697
34	0.01620	0.14617	0.01967	0.01131	0.01786	0.01344	0.00951	0.01934	0.01534	0.02297	0.01267	0.01476	0.01073	0.00565	0.00536	0.00119	0.00594	0.00432	0.00418	0.64339
35	0.02117	0.01534	0.01687	0.01476	0.01924	0.01709	0.01160	0.03885	0.55956	0.15247	0.03005	0.02726	0.02188	0.00991	0.00754	0.00248	0.00596	0.00822	0.00785	0.01191
36	0.65257	0.01553	0.01298	0.01109	0.01593	0.01781	0.00914	0.13947	0.01669	0.03576	0.01170	0.01311	0.00887	0.00726	0.00511	0.00228	0.00618	0.00450	0.00511	0.00887
37	0.01894	0.61518	0.15938	0.01424	0.02143	0.02717	0.01538	0.02246	0.01519	0.01857	0.01087	0.01259	0.00950	0.00648	0.00518	0.00173	0.00849	0.00425	0.00317	0.00979
38	0.01124	0.00831	0.01095	0.01227	0.01416	0.00803	0.01052	0.01430	0.01705	0.02172	0.04748	0.08094	0.19007	0.02012	0.00992	0.00321	0.00614	0.50001	0.00685	0.00671
39	0.01539	0.01319	0.01539	0.01100	0.01759	0.00990	0.00880	0.01869	0.01539	0.02419	0.01319	0.01539	0.01100	0.00550	0.00550	0.00110	0.00550	0.00440	0.00440	0.78449
40	0.01466	0.01444	0.02619	0.59564	0.04888	0.01691	0.13809	0.01984	0.01533	0.01984	0.01353	0.01983	0.01015	0.00721	0.00767	0.00248	0.01037	0.00699	0.00338	0.00857
41	0.01674	0.01708	0.02266	0.01947	0.01964	0.05266	0.01616	0.01838	0.01179	0.01788	0.00982	0.01612	0.00974	0.01276	0.02359	0.00319	0.69448	0.00642	0.00327	0.00814
42	0.00933	0.00691	0.00872	0.00960	0.01071	0.00630	0.00669	0.01124	0.01626	0.02163	0.19595	0.45898	0.16926	0.02060	0.00918	0.00277	0.00402	0.01836	0.00719	0.00630
43	0.01751	0.01791	0.05977	0.02318	0.02892	0.01678	0.35405	0.12966	0.05973	0.02706	0.02166	0.16690	0.01989	0.01046	0.00854	0.00256	0.00963	0.01079	0.00522	0.00978
44	0.00904	0.00646	0.00861	0.01034	0.01077	0.00603	0.00689	0.01034	0.01421	0.01895	0.04092	0.73426	0.04910	0.02326	0.00948	0.00301	0.00431	0.02110	0.00689	0.00603
45	0.02198	0.02596	0.01940	0.01743	0.02000	0.42510	0.01344	0.02412	0.01883	0.02021	0.13441	0.02170	0.02062	0.01024	0.01109	0.00229	0.17375	0.00675	0.00449	0.00820
