[name]
unknown

[dist]
# distance from previous block
# <min> <max>
0	42

[block]
# block no. 0 follows, 30 sequences, length 104
# corresponding to MSA columns:
# 42-145
name=unknown_A
#
# <colnr> <probs for GDERKNQSTAVLIFYWHMCP>
#	G	D	E	R	K	N	Q	S	T	A	V	L	I	F	Y	W	H	M	C	P
0	0.01799	0.07409	0.23952	0.01539	0.04178	0.03049	0.01520	0.05833	0.08292	0.15472	0.11438	0.02727	0.06026	0.00935	0.00701	0.00218	0.00723	0.02650	0.00560	0.00976
1	0.01656	0.08759	0.25945	0.04569	0.04638	0.09741	0.05059	0.04072	0.01563	0.05476	0.01465	0.03995	0.01199	0.01311	0.10119	0.00320	0.01044	0.00599	0.00380	0.08091
2	0.04249	0.19455	0.21603	0.01468	0.02082	0.05759	0.01506	0.05624	0.01633	0.13271	0.04204	0.01770	0.01333	0.01092	0.06290	0.00269	0.03478	0.00557	0.00445	0.03912
3	0.04833	0.12681	0.19449	0.01622	0.04561	0.03497	0.05303	0.10215	0.04117	0.12470	0.08047	0.02175	0.03850	0.00962	0.03022	0.00238	0.00811	0.00665	0.00508	0.00975
4	0.01473	0.23768	0.08311	0.06853	0.01844	0.05630	0.01146	0.04634	0.03970	0.02011	0.09464	0.12335	0.08112	0.06515	0.00875	0.00241	0.00681	0.00885	0.00469	0.00784
5	0.03964	0.26005	0.18301	0.01407	0.01993	0.05833	0.01415	0.06018	0.09727	0.02213	0.04405	0.04448	0.03804	0.00975	0.03312	0.00228	0.00804	0.00619	0.00427	0.04103
6	0.01487	0.11306	0.07397	0.01365	0.06584	0.01160	0.01087	0.01773	0.01543	0.10724	0.05368	0.20410	0.08835	0.01253	0.00720	0.00218	0.00583	0.06126	0.00549	0.11511
7	0.03991	0.14595	0.09162	0.01424	0.04185	0.04105	0.03378	0.06812	0.04378	0.09452	0.08028	0.20107	0.02573	0.01181	0.00713	0.00225	0.00661	0.03620	0.00550	0.00860
8	0.03988	0.19243	0.02308	0.03929	0.03585	0.05501	0.06547	0.07861	0.22740	0.02417	0.02140	0.02202	0.06420	0.00862	0.00735	0.00211	0.04891	0.00677	0.02800	0.00943
9	0.15559	0.24663	0.12745	0.04558	0.02139	0.20685	0.01398	0.05007	0.01626	0.04266	0.01136	0.01304	0.00909	0.00670	0.00554	0.00188	0.00892	0.00446	0.00371	0.00884
10	0.01376	0.01452	0.11710	0.04832	0.04082	0.01204	0.05463	0.04018	0.16380	0.04347	0.11567	0.21803	0.02985	0.01241	0.00762	0.00239	0.00617	0.01104	0.03967	0.00852
11	0.02126	0.01418	0.01500	0.01286	0.01698	0.06486	0.01013	0.06898	0.27822	0.24086	0.03252	0.05507	0.11696	0.01058	0.00724	0.00226	0.00596	0.00867	0.00721	0.01022
12	0.01358	0.02049	0.27372	0.09765	0.02519	0.01354	0.07335	0.05078	0.06938	0.02457	0.19859	0.02897	0.06142	0.00947	0.00736	0.00225	0.00765	0.00824	0.00494	0.00887
13	0.00941	0.00711	0.00868	0.00829	0.01014	0.00639	0.00622	0.01227	0.01865	0.02537	0.52547	0.05642	0.24954	0.01524	0.00824	0.00224	0.00336	0.01322	0.00734	0.00639
14	0.01516	0.02660	0.41010	0.10775	0.08750	0.01563	0.08493	0.02223	0.04269	0.04540	0.01385	0.01654	0.01014	0.00664	0.00677	0.00215	0.00945	0.00576	0.00351	0.06720
15	0.02556	0.01907	0.02040	0.01586	0.02127	0.02119	0.01303	0.61940	0.10294	0.04242	0.01798	0.01773	0.01286	0.00849	0.00699	0.00212	0.00745	0.00645	0.00699	0.01178
16	0.01468	0.00802	0.01089	0.01101	0.01301	0.00741	0.00853	0.01694	0.01622	0.18436	0.10309	0.34647	0.03988	0.01735	0.00857	0.00270	0.00499	0.17136	0.00710	0.00741
17	0.01301	0.00650	0.00650	0.00650	0.00813	0.00650	0.00488	0.01626	0.01463	0.02602	0.02276	0.02602	0.01789	0.00813	0.00488	0.00163	0.00325	0.00650	0.79350	0.00650
18	0.01140	0.00905	0.01097	0.01040	0.01332	0.00808	0.00833	0.01509	0.05599	0.02196	0.11445	0.11922	0.16637	0.01454	0.00787	0.00230	0.00490	0.19625	0.00606	0.20347
19	0.02303	0.02587	0.02243	0.04954	0.02404	0.41506	0.11792	0.13587	0.02064	0.02259	0.01322	0.01627	0.01068	0.03666	0.00784	0.00215	0.01095	0.00574	0.03079	0.00871
20	0.01301	0.00650	0.00650	0.00650	0.00813	0.00650	0.00488	0.01626	0.01463	0.02602	0.02276	0.02602	0.01789	0.00813	0.00488	0.00163	0.00325	0.00650	0.79350	0.00650
21	0.36181	0.02140	0.24306	0.04109	0.02256	0.01668	0.06994	0.02063	0.01310	0.02538	0.01101	0.01377	0.00847	0.00719	0.00772	0.00231	0.09670	0.00495	0.00362	0.00861
22	0.06409	0.09626	0.27794	0.04835	0.16877	0.01650	0.09535	0.02130	0.01524	0.05415	0.01730	0.01953	0.06062	0.00729	0.00666	0.00214	0.00874	0.00632	0.00373	0.00972
23	0.02028	0.05887	0.19824	0.01880	0.06496	0.36045	0.01646	0.02471	0.04421	0.01975	0.01336	0.01710	0.01111	0.00744	0.00645	0.00194	0.01043	0.03552	0.00371	0.06621
24	0.74761	0.01393	0.01103	0.00968	0.01409	0.01609	0.00797	0.06896	0.01340	0.03223	0.01023	0.01173	0.00787	0.00662	0.00451	0.00215	0.00556	0.00396	0.00451	0.00787
25	0.01272	0.01385	0.10095	0.01419	0.07573	0.01158	0.01118	0.02101	0.21532	0.02437	0.16861	0.04139	0.23653	0.01225	0.00759	0.00229	0.00533	0.01039	0.00619	0.00853
26	0.01956	0.01855	0.01686	0.01500	0.01901	0.14323	0.01164	0.08270	0.53013	0.02812	0.02444	0.02298	0.01844	0.00899	0.00695	0.00225	0.00693	0.00717	0.00647	0.01058
27	0.01333	0.01229	0.02018	0.27528	0.25233	0.01315	0.03633	0.01699	0.01490	0.01984	0.02396	0.12594	0.09534	0.01050	0.00752	0.00236	0.00755	0.03968	0.00422	0.00832
28	0.00906	0.00671	0.00795	0.00875	0.01014	0.00608	0.00638	0.01091	0.01495	0.01956	0.08029	0.34702	0.29115	0.01871	0.00841	0.00257	0.00399	0.07776	0.06366	0.00593
29	0.01146	0.00748	0.00978	0.01071	0.01196	0.00723	0.00779	0.01442	0.06404	0.07838	0.03659	0.54281	0.04107	0.01948	0.00872	0.00280	0.00465	0.10724	0.00670	0.00669
30	0.01219	0.00888	0.01271	0.01572	0.13527	0.00828	0.00963	0.01434	0.01493	0.07045	0.06284	0.41958	0.08466	0.01653	0.00818	0.00251	0.00503	0.04498	0.00603	0.04723
31	0.01463	0.01296	0.01659	0.04181	0.01789	0.01557	0.04015	0.02360	0.28433	0.02229	0.02295	0.13770	0.02110	0.05430	0.01329	0.00285	0.20710	0.00932	0.03305	0.00852
32	0.01798	0.01860	0.06315	0.02963	0.36528	0.08786	0.01790	0.07361	0.04605	0.02327	0.01465	0.01985	0.01253	0.00818	0.00920	0.00225	0.11364	0.03665	0.02982	0.00992
33	0.00856	0.00708	0.00750	0.00740	0.00962	0.00602	0.00555	0.01062	0.01665	0.02061	0.19347	0.06426	0.58452	0.01702	0.00824	0.00233	0.00349	0.01432	0.00671	0.00602
34	0.01447	0.01240	0.01447	0.01034	0.01654	0.00930	0.00827	0.01757	0.01447	0.02274	0.01240	0.01447	0.01034	0.00517	0.00517	0.00103	0.00517	0.00413	0.00413	0.79742
35	0.01366	0.01309	0.02022	0.01721	0.01840	0.01679	0.08738	0.01598	0.01150	0.01721	0.01285	0.01966	0.01205	0.02473	0.25324	0.00566	0.42287	0.00679	0.00333	0.00737
36	0.01015	0.00677	0.00761	0.00761	0.00761	0.00677	0.00423	0.01015	0.01015	0.01353	0.02199	0.04567	0.02537	0.75476	0.03552	0.00677	0.00677	0.01015	0.00423	0.00423
37	0.01678	0.01737	0.02334	0.37219	0.27740	0.13515	0.01911	0.02078	0.01561	0.01946	0.01239	0.01712	0.00987	0.00675	0.00684	0.00215	0.00950	0.00592	0.00331	0.00897
38	0.01804	0.30450	0.30461	0.01629	0.02347	0.14629	0.01769	0.02343	0.05003	0.01945	0.01197	0.01360	0.00954	0.00663	0.00579	0.00188	0.00941	0.00465	0.00329	0.00945
39	0.00881	0.00698	0.00792	0.00793	0.00983	0.00609	0.00585	0.01101	0.01687	0.02171	0.27444	0.13944	0.42433	0.01704	0.00832	0.00236	0.00351	0.01462	0.00687	0.00609
40	0.00874	0.00667	0.00803	0.00857	0.00995	0.00596	0.00609	0.01064	0.01576	0.02058	0.20753	0.34600	0.28311	0.01860	0.00852	0.00252	0.00369	0.01634	0.00676	0.00596
41	0.00898	0.00675	0.00836	0.00900	0.01033	0.00613	0.00654	0.01100	0.01584	0.02086	0.21426	0.34388	0.22813	0.01865	0.00861	0.00257	0.00389	0.06344	0.00678	0.00601
42	0.01377	0.01087	0.01382	0.01333	0.01535	0.01207	0.01124	0.11513	0.01772	0.02356	0.05620	0.05564	0.12828	0.01599	0.01134	0.00286	0.13629	0.33320	0.00596	0.00738
43	0.02522	0.01857	0.02001	0.01560	0.02080	0.02048	0.01277	0.63873	0.03140	0.04208	0.01833	0.06999	0.01436	0.00936	0.00712	0.00215	0.00742	0.00727	0.00694	0.01142
44	0.01015	0.00677	0.00761	0.00761	0.00761	0.00677	0.00423	0.01015	0.01015	0.01353	0.02199	0.04567	0.02537	0.75476	0.03552	0.00677	0.00677	0.01015	0.00423	0.00423
45	0.01715	0.03192	0.50954	0.01900	0.02746	0.06900	0.02215	0.13969	0.01808	0.02533	0.01297	0.01496	0.00940	0.00726	0.00749	0.00220	0.04704	0.00536	0.00371	0.01029
46	0.01301	0.00650	0.00650	0.00650	0.00813	0.00650	0.00488	0.01626	0.01463	0.02602	0.02276	0.02602	0.01789	0.00813	0.00488	0.00163	0.00325	0.00650	0.79350	0.00650
47	0.12942	0.10730	0.04317	0.01383	0.06008	0.03923	0.01095	0.09784	0.05541	0.02580	0.01310	0.01466	0.01052	0.00625	0.00548	0.00158	0.00642	0.00467	0.00442	0.34988
48	0.01633	0.01635	0.06068	0.01673	0.05244	0.06825	0.01318	0.10966	0.04209	0.02119	0.01551	0.06283	0.01503	0.12968	0.04301	0.00356	0.29375	0.00750	0.00421	0.00802
49	0.01301	0.00650	0.00650	0.00650	0.00813	0.00650	0.00488	0.01626	0.01463	0.02602	0.02276	0.02602	0.01789	0.00813	0.00488	0.00163	0.00325	0.00650	0.79350	0.00650
50	0.42365	0.04866	0.01524	0.01278	0.01691	0.27467	0.01011	0.02293	0.01497	0.02469	0.01026	0.01207	0.00834	0.00678	0.00555	0.00196	0.02626	0.00412	0.00396	0.05610
51	0.01122	0.00913	0.01118	0.01112	0.01229	0.06051	0.00832	0.01301	0.01169	0.01580	0.01894	0.05901	0.01863	0.12400	0.52600	0.05581	0.01555	0.00800	0.00386	0.00593
52	0.01722	0.01525	0.02335	0.36733	0.18570	0.01722	0.05191	0.16046	0.04785	0.02513	0.01425	0.01825	0.01080	0.00716	0.00703	0.00222	0.00870	0.00640	0.00419	0.00956
53	0.02465	0.17190	0.02298	0.01682	0.02087	0.59317	0.01319	0.02653	0.01871	0.01695	0.01058	0.01232	0.00898	0.00696	0.00595	0.00174	0.01161	0.00435	0.00348	0.00826
54	0.02330	0.02787	0.01980	0.14466	0.02605	0.52675	0.01437	0.05733	0.05932	0.01917	0.01239	0.01463	0.00990	0.00734	0.00649	0.00194	0.01136	0.00508	0.00387	0.00838
55	0.01441	0.12546	0.46875	0.01829	0.05996	0.01661	0.02055	0.02158	0.05412	0.02218	0.07417	0.02006	0.03909	0.00772	0.00658	0.00212	0.00873	0.00615	0.00374	0.00974
56	0.00878	0.00695	0.00790	0.00797	0.00983	0.00607	0.00586	0.01093	0.01671	0.02147	0.25881	0.16042	0.41910	0.01724	0.00834	0.00238	0.00353	0.01482	0.00684	0.00607
57	0.01582	0.01861	0.07212	0.02847	0.08321	0.01662	0.55477	0.02135	0.01611	0.02204	0.01574	0.07177	0.01312	0.00711	0.00811	0.00236	0.01088	0.00878	0.00371	0.00930
58	0.10534	0.20175	0.02351	0.01475	0.01973	0.14018	0.04081	0.18783	0.05998	0.05452	0.01375	0.01485	0.01074	0.00734	0.00656	0.00192	0.03699	0.00518	0.00477	0.04949
59	0.15347	0.01172	0.01236	0.01085	0.01439	0.06155	0.00847	0.02241	0.01690	0.28680	0.08267	0.15695	0.10917	0.01205	0.00709	0.00228	0.00549	0.00994	0.00682	0.00863
60	0.21039	0.01723	0.01617	0.01321	0.01806	0.14010	0.01066	0.13088	0.02003	0.32825	0.01873	0.01779	0.01270	0.00784	0.00625	0.00209	0.00726	0.00570	0.00648	0.01019
61	0.01699	0.01730	0.14725	0.01523	0.06913	0.01324	0.01308	0.13163	0.07658	0.07257	0.05822	0.02468	0.08398	0.00856	0.00660	0.00193	0.00646	0.00700	0.06216	0.16741
62	0.00844	0.00633	0.00783	0.00902	0.00994	0.00573	0.00617	0.00979	0.01403	0.01808	0.04688	0.57170	0.21922	0.02077	0.00873	0.00271	0.00391	0.01850	0.00648	0.00573
63	0.01880	0.01849	0.10178	0.07160	0.17544	0.01584	0.31875	0.02391	0.01664	0.14450	0.01601	0.01894	0.01161	0.00658	0.00750	0.00224	0.00971	0.00716	0.00433	0.01018
64	0.01748	0.25767	0.15786	0.01383	0.02016	0.11020	0.01361	0.04770	0.01613	0.02099	0.04671	0.01523	0.01230	0.00656	0.00560	0.00161	0.00786	0.00477	0.00376	0.21997
65	0.01559	0.01602	0.07452	0.07801	0.19855	0.03945	0.14659	0.01964	0.01488	0.05536	0.01657	0.04947	0.01449	0.01605	0.13522	0.00390	0.05736	0.03548	0.00394	0.00891
66	0.80405	0.01350	0.01026	0.00918	0.01350	0.01565	0.00756	0.02051	0.01188	0.03131	0.00972	0.01134	0.00756	0.00648	0.00432	0.00216	0.00540	0.00378	0.00432	0.00756
67	0.01068	0.01128	0.10078	0.01049	0.01328	0.00851	0.00929	0.01477	0.03788	0.02550	0.46355	0.07846	0.11404	0.01357	0.00841	0.00226	0.02850	0.01166	0.02998	0.00712
68	0.01600	0.01410	0.02225	0.19589	0.35932	0.01519	0.01739	0.06788	0.01655	0.02360	0.05501	0.02048	0.01461	0.00748	0.00743	0.00213	0.03727	0.00662	0.09135	0.00944
69	0.00874	0.00692	0.00771	0.00800	0.00964	0.00623	0.00574	0.01027	0.01440	0.01783	0.05447	0.16963	0.44575	0.11947	0.06438	0.00369	0.00522	0.03025	0.00598	0.00567
70	0.01626	0.02062	0.19135	0.06064	0.07854	0.06674	0.05664	0.11100	0.10829	0.02535	0.07296	0.04717	0.09521	0.00946	0.00722	0.00222	0.00790	0.00800	0.00501	0.00940
71	0.01225	0.00721	0.00901	0.00921	0.01062	0.00661	0.00640	0.01369	0.01435	0.11786	0.06023	0.37716	0.12658	0.14832	0.01307	0.00330	0.00467	0.01482	0.03822	0.00640
72	0.01709	0.05468	0.07020	0.02509	0.24066	0.01774	0.06486	0.08919	0.12889	0.02480	0.05205	0.03884	0.01601	0.00868	0.00942	0.00230	0.11781	0.00712	0.00459	0.00997
73	0.00982	0.00718	0.00925	0.00887	0.01057	0.00661	0.00674	0.01297	0.01921	0.02680	0.61501	0.05493	0.11896	0.01484	0.00831	0.00227	0.00349	0.05015	0.00751	0.00652
74	0.01992	0.04251	0.07260	0.05808	0.04580	0.11301	0.09520	0.14688	0.13565	0.08615	0.02161	0.06301	0.05012	0.00901	0.00713	0.00219	0.00821	0.00765	0.00545	0.00979
75	0.06730	0.06673	0.02308	0.04513	0.13881	0.18781	0.07122	0.17170	0.07757	0.02627	0.01457	0.01670	0.01147	0.00934	0.04009	0.00246	0.00954	0.00589	0.00461	0.00972
76	0.01609	0.01510	0.07823	0.07466	0.02021	0.05252	0.03354	0.09015	0.06484	0.07426	0.09713	0.12449	0.05775	0.01039	0.00708	0.00206	0.00652	0.00887	0.00555	0.16055
77	0.05406	0.14139	0.23569	0.09122	0.04757	0.01701	0.01656	0.07826	0.03443	0.09629	0.05616	0.04783	0.01526	0.00821	0.00699	0.00214	0.03043	0.00643	0.00452	0.00955
78	0.14946	0.39478	0.02589	0.04073	0.01763	0.02158	0.01134	0.01983	0.01322	0.05138	0.01158	0.01522	0.01039	0.05165	0.03444	0.00253	0.11168	0.00483	0.00358	0.00826
79	0.00879	0.00626	0.00835	0.00991	0.01041	0.00591	0.00681	0.01013	0.01348	0.01793	0.03779	0.66973	0.04495	0.04601	0.00985	0.00300	0.00434	0.07426	0.00640	0.00568
80	0.02175	0.35143	0.02735	0.04874	0.02105	0.33316	0.01315	0.04411	0.01704	0.01764	0.01050	0.01249	0.00908	0.00689	0.00626	0.00175	0.04132	0.00436	0.00338	0.00855
81	0.01684	0.01823	0.02091	0.51512	0.06699	0.20865	0.01786	0.02070	0.01561	0.01782	0.01199	0.01692	0.00929	0.00701	0.00679	0.00217	0.01015	0.00574	0.00325	0.00797
82	0.01647	0.01882	0.04118	0.02941	0.03647	0.01765	0.68588	0.02235	0.01647	0.02235	0.01412	0.01882	0.01059	0.00588	0.00824	0.00235	0.01176	0.00824	0.00353	0.00941
83	0.00901	0.00700	0.00824	0.00854	0.01029	0.00624	0.00642	0.01121	0.01648	0.02125	0.22777	0.18398	0.36033	0.01767	0.00849	0.00248	0.00384	0.07789	0.00679	0.00608
84	0.00953	0.00715	0.00884	0.00851	0.01032	0.00647	0.00644	0.01245	0.01869	0.02551	0.52881	0.05672	0.22151	0.01527	0.00828	0.00227	0.00346	0.03602	0.00734	0.00641
85	0.01327	0.01216	0.01930	0.12908	0.34730	0.01229	0.01515	0.01648	0.01517	0.02039	0.02941	0.15708	0.16140	0.01146	0.00755	0.00230	0.00670	0.01038	0.00456	0.00856
86	0.05171	0.01901	0.02021	0.01569	0.02112	0.02113	0.01291	0.61837	0.08060	0.04248	0.01737	0.01725	0.01241	0.00839	0.00690	0.00212	0.00745	0.00632	0.00690	0.01166
87	0.12953	0.02998	0.41468	0.01810	0.02580	0.13543	0.05345	0.02394	0.06490	0.02310	0.01306	0.01491	0.00967	0.00687	0.00636	0.00215	0.00972	0.00520	0.00358	0.00955
88	0.01350	0.01129	0.01422	0.01289	0.01408	0.01377	0.00984	0.04405	0.13565	0.01902	0.01865	0.02867	0.01791	0.23727	0.16829	0.00566	0.21577	0.00790	0.00442	0.00713
89	0.16555	0.01393	0.01587	0.01256	0.01759	0.01413	0.01032	0.18818	0.05296	0.37356	0.02164	0.02007	0.01447	0.00821	0.00645	0.00213	0.00613	0.00629	0.03911	0.01085
90	0.02124	0.01421	0.01645	0.05020	0.01943	0.01529	0.01131	0.18925	0.26322	0.17663	0.08216	0.02787	0.04193	0.00983	0.00725	0.00227	0.00611	0.02753	0.00720	0.01059
91	0.00975	0.00678	0.00794	0.00823	0.00951	0.00630	0.00583	0.01171	0.01507	0.02080	0.18109	0.20125	0.19671	0.13485	0.01234	0.00306	0.00419	0.03971	0.11907	0.00583
92	0.01526	0.01364	0.02020	0.16961	0.26541	0.01478	0.01581	0.07188	0.08835	0.02299	0.02400	0.02868	0.10835	0.01129	0.03873	0.00268	0.03363	0.04090	0.00460	0.00919
93	0.00847	0.00687	0.00752	0.00780	0.00967	0.00592	0.00568	0.01028	0.01577	0.01957	0.12934	0.20914	0.50323	0.01820	0.00838	0.00244	0.00362	0.01558	0.00660	0.00592
94	0.01363	0.01518	0.11604	0.01672	0.12940	0.01115	0.01253	0.01846	0.05735	0.02324	0.11577	0.06302	0.07133	0.00885	0.00662	0.00180	0.00599	0.00762	0.00482	0.30046
95	0.01675	0.19927	0.43293	0.01838	0.02687	0.03967	0.07728	0.04222	0.01566	0.05109	0.01273	0.01465	0.00947	0.00657	0.00629	0.00204	0.00958	0.00518	0.00339	0.00997
96	0.00890	0.00733	0.00939	0.00931	0.01116	0.00648	0.04123	0.01080	0.01534	0.01939	0.10712	0.30593	0.38571	0.01827	0.00848	0.00251	0.00413	0.01604	0.00642	0.00605
97	0.01682	0.32395	0.33112	0.01764	0.02547	0.06139	0.09180	0.02197	0.01499	0.01956	0.01147	0.01364	0.00909	0.00632	0.00592	0.00191	0.00946	0.00488	0.00306	0.00954
98	0.00968	0.00661	0.00771	0.00811	0.00829	0.00647	0.00482	0.01004	0.01113	0.01476	0.02766	0.21953	0.05319	0.55013	0.02807	0.00565	0.00599	0.01268	0.00486	0.00464
99	0.01451	0.11615	0.64307	0.01901	0.02884	0.01747	0.02425	0.02197	0.01467	0.02147	0.01221	0.01434	0.00885	0.00656	0.00639	0.00213	0.01000	0.00500	0.00295	0.01016
100	0.01002	0.00735	0.00813	0.00799	0.01009	0.00644	0.00598	0.01189	0.01584	0.05461	0.12769	0.06162	0.47729	0.10474	0.01153	0.00291	0.00422	0.05910	0.00644	0.00611
101	0.01551	0.01321	0.01786	0.01369	0.04603	0.01050	0.07921	0.01892	0.01497	0.05245	0.01326	0.01543	0.01069	0.00543	0.00563	0.00126	0.00601	0.00477	0.00424	0.65093
102	0.01692	0.01365	0.01942	0.07347	0.23498	0.01211	0.01336	0.02042	0.01542	0.09123	0.01413	0.01656	0.01117	0.00597	0.00602	0.00156	0.00652	0.00522	0.00429	0.41757
103	0.01801	0.03963	0.15344	0.04147	0.13439	0.03876	0.01539	0.18611	0.05155	0.06185	0.02346	0.10409	0.08154	0.01000	0.00715	0.00222	0.00750	0.00836	0.00527	0.00980

[dist]
# distance from previous block
# <min> <max>
0	2

[block]
# block no. 1 follows, 30 sequences, length 25
# corresponding to MSA columns:
# 148-172
name=unknown_B
#
# <colnr> <probs for GDERKNQSTAVLIFYWHMCP>
#	G	D	E	R	K	N	Q	S	T	A	V	L	I	F	Y	W	H	M	C	P
0	0.06950	0.01746	0.06641	0.25814	0.33780	0.06521	0.04562	0.02074	0.01522	0.02134	0.01251	0.01688	0.00997	0.00656	0.00675	0.00216	0.00897	0.00594	0.00338	0.00945
1	0.71037	0.01368	0.01121	0.00975	0.01421	0.01556	0.00803	0.05427	0.01349	0.08109	0.01134	0.01249	0.00847	0.00673	0.00464	0.00216	0.00555	0.00413	0.00476	0.00808
2	0.01419	0.01693	0.17920	0.06210	0.01998	0.01270	0.01331	0.13943	0.04937	0.02671	0.19681	0.03436	0.13699	0.01354	0.05105	0.00277	0.00722	0.00909	0.00567	0.00857
3	0.01145	0.00852	0.00967	0.00926	0.01140	0.00818	0.00692	0.10361	0.01839	0.02448	0.19317	0.21523	0.27408	0.01606	0.00802	0.00235	0.00415	0.01382	0.05440	0.00684
4	0.02225	0.02184	0.01825	0.01583	0.02005	0.24326	0.01233	0.18562	0.32846	0.02879	0.02011	0.01961	0.01520	0.00849	0.00682	0.00212	0.00826	0.00644	0.00596	0.01030
5	0.01736	0.01499	0.01578	0.01420	0.01815	0.01736	0.01105	0.03708	0.69862	0.02919	0.02840	0.02604	0.02130	0.00947	0.00710	0.00237	0.00552	0.00789	0.00710	0.01105
6	0.00882	0.00687	0.00801	0.00820	0.00990	0.00606	0.00597	0.01095	0.01656	0.02152	0.26566	0.21381	0.35766	0.01752	0.00839	0.00241	0.00357	0.01519	0.00686	0.00606
7	0.01417	0.03490	0.67185	0.02055	0.03064	0.01631	0.07134	0.02212	0.01485	0.02212	0.01263	0.01502	0.00896	0.00658	0.00674	0.00222	0.01041	0.00537	0.00299	0.01025
8	0.80405	0.01350	0.01026	0.00918	0.01350	0.01565	0.00756	0.02051	0.01188	0.03131	0.00972	0.01134	0.00756	0.00648	0.00432	0.00216	0.00540	0.00378	0.00432	0.00756
9	0.01101	0.00715	0.00890	0.00910	0.01041	0.00679	0.00636	0.01239	0.01350	0.07813	0.03835	0.27780	0.18341	0.18583	0.11390	0.00470	0.00673	0.01372	0.00579	0.00602
10	0.01044	0.00727	0.00863	0.00903	0.01074	0.00658	0.00648	0.01279	0.04252	0.06916	0.07310	0.37886	0.30153	0.01852	0.00842	0.00256	0.00402	0.01620	0.00670	0.00645
11	0.01835	0.01529	0.02057	0.13454	0.02541	0.05036	0.11299	0.16434	0.13160	0.06959	0.10566	0.02833	0.02192	0.00949	0.00752	0.00230	0.00769	0.05879	0.00583	0.00943
12	0.04620	0.01866	0.02321	0.10153	0.13325	0.13143	0.10670	0.10432	0.11716	0.02441	0.01591	0.02010	0.01290	0.00824	0.00858	0.00228	0.07896	0.03219	0.00451	0.00946
13	0.01900	0.01080	0.01318	0.01155	0.01492	0.01057	0.00919	0.08915	0.09904	0.23945	0.11006	0.07220	0.10742	0.06590	0.00977	0.00270	0.00552	0.09337	0.00724	0.00896
14	0.01682	0.00969	0.01156	0.01022	0.01342	0.00903	0.00794	0.08230	0.03812	0.21554	0.06851	0.14900	0.28476	0.01571	0.03211	0.00264	0.00524	0.01202	0.00710	0.00828
15	0.05476	0.07585	0.21052	0.01768	0.02394	0.15636	0.06949	0.18787	0.04478	0.02675	0.01509	0.01902	0.01205	0.00793	0.00673	0.00213	0.00940	0.04535	0.00454	0.00977
16	0.11362	0.10559	0.08624	0.01539	0.02047	0.29029	0.01327	0.11501	0.04676	0.10949	0.01428	0.01497	0.01071	0.00735	0.00611	0.00195	0.00923	0.00508	0.00477	0.00942
17	0.00850	0.00607	0.00810	0.00972	0.01012	0.00567	0.00648	0.00972	0.01336	0.01781	0.03846	0.75020	0.04615	0.02186	0.00891	0.00283	0.00405	0.01984	0.00648	0.00567
18	0.05397	0.10793	0.10598	0.15904	0.07557	0.01796	0.01546	0.13725	0.13605	0.09763	0.01708	0.01832	0.01258	0.00757	0.00654	0.00214	0.00768	0.00606	0.00506	0.01013
19	0.01434	0.14489	0.22785	0.01308	0.01836	0.01403	0.01359	0.06387	0.01659	0.04520	0.10812	0.12520	0.08938	0.01089	0.00684	0.00213	0.00663	0.00899	0.06157	0.00845
20	0.14498	0.04406	0.01630	0.01374	0.01611	0.08366	0.01109	0.02047	0.06057	0.09005	0.01626	0.06265	0.01440	0.01853	0.15357	0.00419	0.21010	0.00679	0.00449	0.00798
21	0.01450	0.01144	0.02005	0.01590	0.01970	0.01054	0.22911	0.01770	0.01599	0.11818	0.07463	0.15334	0.17015	0.04834	0.04474	0.00303	0.00753	0.01166	0.00565	0.00783
22	0.04980	0.01620	0.11601	0.11470	0.10847	0.01348	0.05490	0.09637	0.01701	0.04865	0.02289	0.09974	0.09317	0.00952	0.00700	0.00213	0.00725	0.00825	0.00472	0.10974
23	0.02129	0.06993	0.08038	0.01553	0.02028	0.09471	0.04602	0.20514	0.04779	0.12869	0.07738	0.02100	0.01714	0.01182	0.05966	0.00279	0.05831	0.00671	0.00563	0.00981
24	0.01109	0.00971	0.01545	0.29299	0.02656	0.01052	0.06003	0.01422	0.01468	0.01922	0.10545	0.22464	0.10517	0.04813	0.00921	0.00266	0.00662	0.01187	0.00499	0.00681

[dist]
# distance from previous block
# <min> <max>
0	162

[block]
# block no. 2 follows, 30 sequences, length 21
# corresponding to MSA columns:
# 335-355
name=unknown_C
#
# <colnr> <probs for GDERKNQSTAVLIFYWHMCP>
#	G	D	E	R	K	N	Q	S	T	A	V	L	I	F	Y	W	H	M	C	P
0	0.06678	0.08690	0.11443	0.01437	0.06728	0.01328	0.01215	0.07828	0.01775	0.20412	0.04753	0.07008	0.13648	0.01025	0.00684	0.00215	0.00631	0.00835	0.02730	0.00936
1	0.06871	0.04775	0.23724	0.01609	0.02261	0.05108	0.05305	0.09263	0.06094	0.10942	0.01646	0.04632	0.01271	0.00783	0.00708	0.00208	0.03362	0.00618	0.00477	0.10342
2	0.01755	0.11720	0.35604	0.02098	0.05564	0.12363	0.13168	0.05768	0.01670	0.02189	0.01244	0.01488	0.00942	0.00658	0.00662	0.00208	0.01033	0.00550	0.00338	0.00978
3	0.01042	0.00786	0.01067	0.01055	0.01206	0.00846	0.00800	0.01451	0.07387	0.02119	0.23658	0.11643	0.03611	0.03330	0.35942	0.00669	0.01109	0.01051	0.00557	0.00670
4	0.11777	0.00912	0.01063	0.05571	0.01451	0.00877	0.00805	0.01691	0.01585	0.15618	0.06608	0.13975	0.28316	0.01431	0.00759	0.00240	0.00486	0.05448	0.00644	0.00742
5	0.09844	0.01822	0.17897	0.01906	0.11372	0.01430	0.05421	0.06360	0.01584	0.08753	0.04223	0.13120	0.01818	0.01165	0.03562	0.00269	0.07245	0.00828	0.00473	0.00908
6	0.01519	0.01386	0.02099	0.05239	0.29560	0.03747	0.06573	0.04440	0.05751	0.02206	0.02259	0.09073	0.03945	0.06441	0.00975	0.00272	0.00764	0.12394	0.00471	0.00886
7	0.00867	0.00681	0.00787	0.00842	0.01003	0.00601	0.00614	0.01050	0.01551	0.01960	0.12600	0.28425	0.39190	0.01874	0.00853	0.00254	0.00383	0.05212	0.00660	0.00592
8	0.01722	0.10349	0.25165	0.01996	0.06350	0.04399	0.13639	0.04274	0.12369	0.06502	0.01729	0.05435	0.01372	0.00780	0.00691	0.00218	0.00883	0.00689	0.00439	0.00998
9	0.01846	0.05907	0.20432	0.07395	0.12860	0.03922	0.09322	0.10324	0.11373	0.07336	0.01636	0.01806	0.01210	0.00724	0.00689	0.00217	0.00874	0.00629	0.00458	0.01039
10	0.01054	0.00847	0.00960	0.00948	0.01157	0.00832	0.00702	0.01619	0.15349	0.02302	0.21655	0.19484	0.27251	0.01602	0.00815	0.00242	0.00398	0.01387	0.00691	0.00706
11	0.01164	0.01196	0.06481	0.06107	0.17307	0.01021	0.01174	0.01554	0.04285	0.02189	0.15784	0.04492	0.31995	0.01272	0.00770	0.00225	0.00549	0.01096	0.00556	0.00781
12	0.01845	0.14279	0.09059	0.01594	0.02042	0.13347	0.06135	0.13762	0.01835	0.02340	0.05299	0.07941	0.01625	0.01074	0.03356	0.00243	0.09132	0.00704	0.00446	0.03943
13	0.01775	0.04180	0.04626	0.26585	0.26710	0.05707	0.01836	0.12263	0.05213	0.02413	0.01394	0.01753	0.01085	0.00702	0.00683	0.00214	0.00867	0.00609	0.00403	0.00982
14	0.00895	0.00640	0.00859	0.01009	0.01073	0.00604	0.00713	0.01055	0.01408	0.01879	0.07532	0.62032	0.04643	0.02109	0.00897	0.00285	0.00433	0.10697	0.00654	0.00582
15	0.01766	0.01674	0.01955	0.08056	0.08429	0.13155	0.08682	0.15355	0.04297	0.02551	0.11409	0.06243	0.07137	0.05110	0.00894	0.00243	0.00794	0.00859	0.00527	0.00864
16	0.10752	0.16998	0.10018	0.08324	0.04952	0.05847	0.04691	0.16703	0.05637	0.07606	0.01449	0.01587	0.01088	0.00717	0.00617	0.00203	0.00807	0.00549	0.00471	0.00984
17	0.01197	0.00751	0.01011	0.01009	0.01142	0.00793	0.00760	0.01409	0.01267	0.06797	0.02341	0.07557	0.02291	0.17639	0.33721	0.00722	0.01146	0.07454	0.10366	0.00627
18	0.01808	0.01337	0.06439	0.01214	0.01623	0.01194	0.01040	0.17481	0.05472	0.15839	0.09295	0.07710	0.18468	0.01400	0.03675	0.00265	0.00628	0.03529	0.00677	0.00907
19	0.02082	0.07006	0.15470	0.01609	0.04474	0.05417	0.04662	0.11254	0.06990	0.19869	0.11908	0.02345	0.02074	0.00862	0.00696	0.00212	0.00743	0.00711	0.00598	0.01018
20	0.61136	0.01457	0.01265	0.01068	0.01531	0.01651	0.00881	0.15009	0.01636	0.07151	0.01206	0.01307	0.00893	0.00696	0.00498	0.00215	0.00587	0.00444	0.00507	0.00863

[dist]
# distance from previous block
# <min> <max>
1	4

[block]
# block no. 3 follows, 30 sequences, length 20
# corresponding to MSA columns:
# 361-380
name=unknown_D
#
# <colnr> <probs for GDERKNQSTAVLIFYWHMCP>
#	G	D	E	R	K	N	Q	S	T	A	V	L	I	F	Y	W	H	M	C	P
0	0.01422	0.01792	0.15955	0.01838	0.11014	0.05989	0.05693	0.01984	0.09571	0.02108	0.02142	0.19530	0.02112	0.06903	0.00947	0.00258	0.00744	0.00959	0.00465	0.08575
1	0.11297	0.01356	0.03867	0.01145	0.01707	0.01135	0.03306	0.06166	0.03567	0.05871	0.01932	0.02034	0.07904	0.00713	0.00579	0.00155	0.00565	0.00569	0.00481	0.45651
2	0.01034	0.00670	0.00776	0.00776	0.00776	0.00670	0.00441	0.01004	0.01004	0.01339	0.02101	0.04325	0.02406	0.68255	0.03470	0.08488	0.00670	0.00974	0.00411	0.00411
3	0.01676	0.01555	0.01769	0.01684	0.07210	0.06123	0.05660	0.03102	0.47180	0.02646	0.05021	0.02867	0.08461	0.00975	0.00725	0.00230	0.00635	0.00835	0.00632	0.01013
4	0.00882	0.00669	0.00813	0.00862	0.00999	0.00600	0.00614	0.01080	0.01599	0.02106	0.24064	0.33692	0.25815	0.01838	0.00851	0.00250	0.00367	0.01617	0.00682	0.00600
5	0.01145	0.01812	0.25624	0.04532	0.07810	0.01087	0.01442	0.01571	0.01523	0.02051	0.08181	0.06136	0.27020	0.05935	0.00928	0.00257	0.00674	0.01005	0.00479	0.00788
6	0.00846	0.00646	0.00778	0.00876	0.00989	0.00578	0.00607	0.00995	0.01448	0.01855	0.07415	0.48718	0.27712	0.02013	0.00865	0.00264	0.00384	0.01780	0.00652	0.00578
7	0.01738	0.57096	0.03020	0.01161	0.01668	0.07056	0.01094	0.01966	0.01525	0.01781	0.08342	0.02019	0.07566	0.00789	0.00530	0.00166	0.00705	0.00561	0.00379	0.00840
8	0.01866	0.75896	0.03657	0.01194	0.01791	0.02761	0.01194	0.02090	0.01418	0.01642	0.00970	0.01119	0.00896	0.00597	0.00448	0.00149	0.00746	0.00373	0.00299	0.00896
9	0.01447	0.01240	0.01447	0.01034	0.01654	0.00930	0.00827	0.01757	0.01447	0.02274	0.01240	0.01447	0.01034	0.00517	0.00517	0.00103	0.00517	0.00413	0.00413	0.79742
10	0.02725	0.01839	0.02023	0.01551	0.02106	0.01992	0.01281	0.58915	0.03087	0.14552	0.01838	0.01781	0.01268	0.00842	0.00699	0.00210	0.00742	0.00639	0.00723	0.01187
11	0.80405	0.01350	0.01026	0.00918	0.01350	0.01565	0.00756	0.02051	0.01188	0.03131	0.00972	0.01134	0.00756	0.00648	0.00432	0.00216	0.00540	0.00378	0.00432	0.00756
12	0.02116	0.02557	0.01920	0.01725	0.02015	0.47963	0.05746	0.02310	0.01752	0.01754	0.01599	0.14993	0.01600	0.01029	0.00846	0.00214	0.07912	0.00774	0.00407	0.00769
13	0.02600	0.01928	0.02064	0.01595	0.02144	0.02139	0.01314	0.65045	0.07118	0.04313	0.01743	0.01729	0.01241	0.00844	0.00699	0.00211	0.00755	0.00638	0.00699	0.01182
14	0.01357	0.01028	0.01315	0.01196	0.01362	0.01186	0.00916	0.13751	0.01493	0.02080	0.01818	0.02842	0.01742	0.19869	0.37204	0.00776	0.08157	0.00773	0.00439	0.00696
15	0.00854	0.00692	0.00759	0.00776	0.00969	0.00596	0.00569	0.01046	0.01611	0.02012	0.16547	0.17276	0.50296	0.01780	0.00835	0.00241	0.00358	0.01520	0.00667	0.00596
16	0.01448	0.03274	0.58706	0.02174	0.03142	0.01649	0.15396	0.02215	0.01507	0.02215	0.01283	0.01553	0.00918	0.00648	0.00694	0.00224	0.01059	0.00575	0.00306	0.01014
17	0.02219	0.06256	0.10550	0.01662	0.02134	0.21458	0.03806	0.15064	0.01961	0.11753	0.01499	0.01686	0.01145	0.01187	0.07116	0.00290	0.08211	0.00577	0.00477	0.00948
18	0.01303	0.05840	0.01336	0.01156	0.01388	0.05620	0.00873	0.05187	0.09208	0.02049	0.02658	0.33548	0.02826	0.02195	0.14089	0.00398	0.00798	0.01207	0.00545	0.07776
19	0.01615	0.23571	0.08866	0.01371	0.01887	0.08135	0.05059	0.02081	0.07893	0.02000	0.01931	0.04626	0.05505	0.03966	0.00743	0.00207	0.00744	0.05037	0.00424	0.14338

[dist]
# distance from previous block
# <min> <max>
0	53

[block]
# block no. 4 follows, 30 sequences, length 29
# corresponding to MSA columns:
# 480-508
name=unknown_E
#
# <colnr> <probs for GDERKNQSTAVLIFYWHMCP>
#	G	D	E	R	K	N	Q	S	T	A	V	L	I	F	Y	W	H	M	C	P
0	0.01984	0.33279	0.02757	0.01802	0.12530	0.04856	0.01343	0.13160	0.07533	0.04883	0.01412	0.01641	0.01177	0.03681	0.00794	0.00209	0.05009	0.00543	0.00434	0.00974
1	0.07476	0.01288	0.01498	0.01443	0.07690	0.03698	0.01014	0.12686	0.01766	0.04845	0.09379	0.12494	0.05252	0.06486	0.01017	0.00245	0.06151	0.00886	0.00541	0.14145
2	0.04447	0.02144	0.12761	0.06342	0.07952	0.13559	0.18765	0.06124	0.07230	0.02329	0.04838	0.02228	0.06531	0.00800	0.00720	0.00219	0.00934	0.00725	0.00434	0.00918
3	0.00931	0.00680	0.00883	0.00959	0.01078	0.00633	0.00709	0.01153	0.01604	0.02156	0.25060	0.35682	0.12532	0.01864	0.00873	0.00264	0.00411	0.11235	0.00685	0.00609
4	0.01644	0.01498	0.06100	0.06046	0.14842	0.01431	0.09759	0.07239	0.12724	0.07232	0.10781	0.05573	0.04997	0.03986	0.00900	0.00246	0.02665	0.00858	0.00542	0.00939
5	0.01225	0.01128	0.04338	0.09463	0.07557	0.01060	0.01053	0.05527	0.08844	0.02419	0.22042	0.04402	0.25667	0.01273	0.00773	0.00227	0.00526	0.01088	0.00611	0.00779
6	0.01637	0.02427	0.29197	0.13380	0.08965	0.07262	0.01901	0.10019	0.07192	0.02394	0.01911	0.02098	0.06974	0.00806	0.00690	0.00219	0.00889	0.00653	0.00417	0.00966
7	0.01474	0.01383	0.02061	0.14284	0.19254	0.01665	0.01583	0.01946	0.08959	0.01992	0.01629	0.09662	0.01525	0.01197	0.03730	0.00287	0.25320	0.00787	0.00400	0.00862
8	0.00998	0.00745	0.01107	0.01107	0.01227	0.00865	0.00854	0.01237	0.01117	0.01609	0.01882	0.02814	0.01776	0.08014	0.69973	0.01104	0.01822	0.00758	0.00376	0.00615
9	0.01727	0.13257	0.23927	0.04516	0.10503	0.05841	0.11437	0.02343	0.06838	0.06884	0.01584	0.05291	0.01277	0.00753	0.00674	0.00213	0.00899	0.00657	0.00402	0.00979
10	0.01318	0.01240	0.02093	0.73798	0.04806	0.01550	0.01938	0.01783	0.01395	0.01783	0.01240	0.01860	0.00930	0.00698	0.00698	0.00233	0.00930	0.00620	0.00310	0.00775
11	0.02061	0.01661	0.01761	0.01486	0.01939	0.01888	0.01183	0.26823	0.46217	0.03444	0.02427	0.02274	0.01795	0.00908	0.00706	0.00227	0.00629	0.00732	0.00706	0.01134
12	0.01919	0.08405	0.10257	0.02708	0.29957	0.15063	0.03975	0.02423	0.06591	0.05579	0.01414	0.01644	0.01123	0.00671	0.00652	0.00196	0.00887	0.00567	0.00395	0.05574
13	0.04650	0.03050	0.50933	0.02254	0.05853	0.01652	0.17375	0.02207	0.01506	0.02256	0.01279	0.01562	0.00927	0.00644	0.00691	0.00223	0.01036	0.00584	0.00315	0.01003
14	0.01601	0.02148	0.15114	0.02733	0.03458	0.01759	0.54596	0.02205	0.01591	0.02205	0.01362	0.01798	0.01023	0.00631	0.00867	0.00236	0.04621	0.00763	0.00341	0.00947
15	0.01043	0.00870	0.01396	0.01330	0.01503	0.00835	0.11457	0.01350	0.05009	0.01935	0.03397	0.54777	0.03878	0.01849	0.00876	0.00276	0.00552	0.06403	0.00604	0.00660
16	0.01655	0.02212	0.17396	0.06074	0.16702	0.08856	0.11335	0.02081	0.01449	0.02002	0.01171	0.01596	0.00967	0.00815	0.01166	0.00241	0.22431	0.00607	0.00324	0.00921
17	0.03623	0.05321	0.25942	0.01882	0.07782	0.08596	0.06089	0.05617	0.01689	0.14065	0.01720	0.02235	0.01372	0.06190	0.00893	0.00251	0.00889	0.04418	0.00459	0.00965
18	0.01066	0.00770	0.01053	0.01202	0.01352	0.00756	0.01018	0.01350	0.01568	0.02032	0.03945	0.17078	0.08640	0.01953	0.00944	0.00310	0.00590	0.53101	0.00644	0.00628
19	0.80405	0.01350	0.01026	0.00918	0.01350	0.01565	0.00756	0.02051	0.01188	0.03131	0.00972	0.01134	0.00756	0.00648	0.00432	0.00216	0.00540	0.00378	0.00432	0.00756
20	0.01003	0.00725	0.01005	0.01005	0.01089	0.00809	0.00726	0.01171	0.01087	0.01533	0.01976	0.03334	0.02002	0.28020	0.50276	0.00977	0.01482	0.00834	0.00390	0.00558
21	0.01503	0.00919	0.01251	0.01155	0.01370	0.00980	0.00905	0.05192	0.01455	0.15160	0.02512	0.08147	0.06009	0.07657	0.35516	0.00692	0.04830	0.03467	0.00530	0.00750
22	0.15759	0.02099	0.26726	0.01443	0.02048	0.01465	0.01509	0.07710	0.10304	0.06675	0.06406	0.02034	0.01595	0.01135	0.06196	0.00287	0.00818	0.00621	0.04232	0.00938
23	0.01660	0.02070	0.20865	0.02179	0.16098	0.06870	0.07007	0.02244	0.06709	0.08468	0.10416	0.08358	0.02137	0.00915	0.00725	0.00222	0.00805	0.00810	0.00485	0.00956
24	0.05737	0.19394	0.21066	0.02004	0.04492	0.01841	0.22932	0.02105	0.01497	0.02128	0.01305	0.03826	0.01071	0.00658	0.00648	0.00201	0.00919	0.00614	0.00343	0.07218
25	0.04458	0.22060	0.11202	0.01731	0.07040	0.14737	0.08303	0.02138	0.01518	0.05290	0.01385	0.01939	0.01232	0.12902	0.01085	0.00269	0.00900	0.00591	0.00371	0.00849
26	0.01483	0.15317	0.24464	0.01541	0.02126	0.05302	0.06665	0.02032	0.06583	0.02065	0.06646	0.07651	0.01861	0.08340	0.00950	0.00253	0.00809	0.00741	0.00414	0.04758
27	0.09703	0.04273	0.28001	0.04712	0.12388	0.03793	0.05677	0.06523	0.01591	0.02389	0.01456	0.07185	0.01236	0.00769	0.00655	0.00211	0.00847	0.00645	0.00387	0.07561
28	0.05380	0.17465	0.10246	0.02817	0.35732	0.01786	0.04634	0.02054	0.01563	0.02229	0.08304	0.01905	0.01577	0.00703	0.00643	0.00199	0.00784	0.00620	0.00378	0.00984

[dist]
# distance from previous block
# <min> <max>
14	112

[block]
# block no. 5 follows, 30 sequences, length 24
# corresponding to MSA columns:
# 625-648
name=unknown_F
#
# <colnr> <probs for GDERKNQSTAVLIFYWHMCP>
#	G	D	E	R	K	N	Q	S	T	A	V	L	I	F	Y	W	H	M	C	P
0	0.10505	0.19816	0.06961	0.02152	0.23576	0.03853	0.01426	0.01957	0.01520	0.02217	0.08449	0.06711	0.01784	0.00805	0.00615	0.00194	0.00704	0.00665	0.00408	0.05683
1	0.01446	0.06685	0.24924	0.01597	0.06558	0.01242	0.01504	0.01867	0.01450	0.09101	0.02096	0.19423	0.02006	0.01638	0.10221	0.00342	0.00883	0.00910	0.00459	0.05646
2	0.11681	0.01513	0.01410	0.10031	0.01919	0.16048	0.01042	0.04237	0.01728	0.13215	0.08405	0.09027	0.13033	0.01114	0.00704	0.00222	0.00698	0.02609	0.00565	0.00799
3	0.01059	0.07256	0.12340	0.01035	0.01336	0.00949	0.00930	0.01315	0.01445	0.01904	0.11348	0.19181	0.20581	0.14750	0.01270	0.00313	0.00559	0.01232	0.00537	0.00658
4	0.02005	0.09294	0.06267	0.01738	0.10292	0.01798	0.01310	0.32018	0.06813	0.03121	0.01813	0.06106	0.01532	0.06926	0.00900	0.00245	0.00720	0.00715	0.05386	0.01002
5	0.00943	0.00646	0.00782	0.00853	0.00870	0.00629	0.00521	0.00996	0.01155	0.01540	0.02917	0.35269	0.03443	0.43538	0.02392	0.00505	0.00558	0.01437	0.00521	0.00486
6	0.01497	0.07985	0.01674	0.01208	0.01647	0.03517	0.04979	0.05144	0.12373	0.02304	0.02511	0.05651	0.10354	0.03988	0.00763	0.00202	0.00593	0.02867	0.04858	0.25883
7	0.01470	0.01083	0.01264	0.01093	0.01364	0.01119	0.00844	0.19097	0.06366	0.03128	0.43991	0.04086	0.04632	0.06185	0.00966	0.00248	0.00481	0.01051	0.00723	0.00808
8	0.02073	0.16947	0.07740	0.01403	0.01976	0.18752	0.01235	0.09211	0.01808	0.08072	0.01321	0.01440	0.01036	0.00656	0.00576	0.00161	0.00815	0.00469	0.00435	0.23874
9	0.01301	0.00650	0.00650	0.00650	0.00813	0.00650	0.00488	0.01626	0.01463	0.02602	0.02276	0.02602	0.01789	0.00813	0.00488	0.00163	0.00325	0.00650	0.79350	0.00650
10	0.01701	0.01340	0.01541	0.01142	0.01732	0.01142	0.00917	0.09642	0.07248	0.06392	0.01503	0.01618	0.01178	0.00607	0.00563	0.00132	0.00553	0.00484	0.00495	0.60069
11	0.01845	0.08865	0.01994	0.01574	0.01763	0.23056	0.01277	0.02040	0.01436	0.01831	0.01186	0.01580	0.01048	0.00948	0.01334	0.00230	0.33758	0.00547	0.12915	0.00771
12	0.01301	0.00650	0.00650	0.00650	0.00813	0.00650	0.00488	0.01626	0.01463	0.02602	0.02276	0.02602	0.01789	0.00813	0.00488	0.00163	0.00325	0.00650	0.79350	0.00650
13	0.68010	0.01664	0.01177	0.01058	0.01478	0.12895	0.00850	0.02168	0.01313	0.02904	0.00989	0.01153	0.00779	0.00659	0.00463	0.00210	0.00654	0.00389	0.00420	0.00764
14	0.01807	0.01683	0.01896	0.02001	0.14688	0.13879	0.03432	0.08540	0.12011	0.04841	0.01793	0.04245	0.01532	0.04794	0.15267	0.00418	0.05094	0.00707	0.00471	0.00900
15	0.01753	0.19340	0.13985	0.01811	0.07736	0.10633	0.07537	0.05838	0.01679	0.04691	0.03496	0.09976	0.01758	0.00942	0.00680	0.00213	0.00844	0.05757	0.00434	0.00895
16	0.75965	0.01358	0.01057	0.00946	0.01376	0.01575	0.00775	0.02145	0.05063	0.03119	0.01077	0.01217	0.00833	0.00665	0.00448	0.00217	0.00541	0.00401	0.00448	0.00775
17	0.01932	0.05777	0.10531	0.10930	0.10252	0.08197	0.01530	0.16201	0.06287	0.08290	0.02010	0.05489	0.05594	0.00891	0.00738	0.00218	0.02940	0.00714	0.00505	0.00973
18	0.02425	0.03092	0.09285	0.01870	0.02346	0.52083	0.05959	0.10731	0.02063	0.02122	0.01191	0.01373	0.00943	0.00719	0.00654	0.00191	0.01170	0.00503	0.00394	0.00887
19	0.02077	0.07219	0.02611	0.09891	0.19330	0.33532	0.11179	0.02404	0.01740	0.01925	0.01192	0.01514	0.00975	0.00667	0.00667	0.00198	0.01076	0.00557	0.00346	0.00902
20	0.01046	0.00741	0.00896	0.00899	0.01074	0.00681	0.00686	0.01269	0.01622	0.04689	0.22846	0.06034	0.26348	0.13417	0.01282	0.00318	0.00466	0.14420	0.00652	0.00615
21	0.01301	0.00650	0.00650	0.00650	0.00813	0.00650	0.00488	0.01626	0.01463	0.02602	0.02276	0.02602	0.01789	0.00813	0.00488	0.00163	0.00325	0.00650	0.79350	0.00650
22	0.01470	0.03117	0.52539	0.02261	0.03199	0.01662	0.21405	0.02217	0.01523	0.02217	0.01298	0.01590	0.00934	0.00642	0.00709	0.00225	0.01073	0.00603	0.00311	0.01006
23	0.00906	0.00710	0.00820	0.00793	0.00993	0.00624	0.00594	0.01159	0.01783	0.02342	0.38959	0.05963	0.38664	0.01597	0.00824	0.00228	0.00341	0.01367	0.00708	0.00624

[dist]
# distance from previous block
# <min> <max>
0	12

[block]
# block no. 6 follows, 30 sequences, length 96
# corresponding to MSA columns:
# 661-756
name=unknown_G
#
# <colnr> <probs for GDERKNQSTAVLIFYWHMCP>
#	G	D	E	R	K	N	Q	S	T	A	V	L	I	F	Y	W	H	M	C	P
0	0.01752	0.33516	0.06867	0.01356	0.01817	0.13104	0.04422	0.02026	0.01610	0.04875	0.10793	0.11145	0.02169	0.00943	0.00625	0.00192	0.00761	0.00752	0.00442	0.00832
1	0.00910	0.00710	0.00826	0.00797	0.00995	0.00626	0.00598	0.01167	0.01793	0.02365	0.40539	0.05926	0.37070	0.01588	0.00824	0.00227	0.00341	0.01362	0.00711	0.00626
2	0.01447	0.01240	0.01447	0.01034	0.01654	0.00930	0.00827	0.01757	0.01447	0.02274	0.01240	0.01447	0.01034	0.00517	0.00517	0.00103	0.00517	0.00413	0.00413	0.79742
3	0.75429	0.01303	0.01012	0.00921	0.01328	0.01503	0.00749	0.01984	0.01197	0.03046	0.01151	0.05755	0.00997	0.00744	0.00461	0.00220	0.00531	0.00478	0.00445	0.00744
4	0.01015	0.00677	0.00761	0.00761	0.00761	0.00677	0.00423	0.01015	0.01015	0.01353	0.02199	0.04567	0.02537	0.75476	0.03552	0.00677	0.00677	0.01015	0.00423	0.00423
5	0.18076	0.08224	0.02130	0.40725	0.14324	0.01682	0.01653	0.01925	0.01384	0.02132	0.01170	0.01618	0.00918	0.00666	0.00618	0.00217	0.00815	0.00547	0.00340	0.00835
6	0.01713	0.01745	0.05812	0.18164	0.32346	0.05640	0.05303	0.07568	0.01690	0.02310	0.01308	0.01687	0.01041	0.00649	0.00674	0.00201	0.00861	0.00593	0.00374	0.10320
7	0.01301	0.00650	0.00650	0.00650	0.00813	0.00650	0.00488	0.01626	0.01463	0.02602	0.02276	0.02602	0.01789	0.00813	0.00488	0.00163	0.00325	0.00650	0.79350	0.00650
8	0.00900	0.00664	0.00829	0.00909	0.01026	0.00606	0.00652	0.01065	0.01503	0.01964	0.14833	0.38561	0.21971	0.01951	0.00944	0.03547	0.00406	0.06436	0.00652	0.00581
9	0.00836	0.00694	0.00732	0.00751	0.00957	0.00589	0.00552	0.01012	0.01574	0.01914	0.09652	0.15955	0.58764	0.01808	0.00834	0.00241	0.00359	0.01532	0.00654	0.00589
10	0.01075	0.00756	0.01009	0.01130	0.01242	0.00753	0.00913	0.01301	0.01439	0.01882	0.03339	0.12593	0.03702	0.20031	0.01594	0.00405	0.00631	0.45033	0.00589	0.00582
