[name]
unknown

[dist]
# distance from previous block
# <min> <max>
60	850

[block]
# block no. 0 follows, 29 sequences, length 8
# corresponding to MSA columns:
# 1150-1157
name=unknown_A
#
# <colnr> <probs for GDERKNQSTAVLIFYWHMCP>
#	G	D	E	R	K	N	Q	S	T	A	V	L	I	F	Y	W	H	M	C	P
0	0.04378	0.01177	0.06017	0.10753	0.01846	0.01082	0.01032	0.08212	0.03754	0.07072	0.05234	0.18062	0.10321	0.10049	0.01089	0.00291	0.00606	0.01091	0.07168	0.00766
1	0.04928	0.02029	0.07285	0.05472	0.05786	0.14107	0.01382	0.21487	0.08676	0.02877	0.01959	0.02095	0.05559	0.00888	0.00787	0.00218	0.05716	0.00660	0.07122	0.00966
2	0.01276	0.03902	0.04903	0.01146	0.01401	0.05715	0.00912	0.01626	0.06556	0.03958	0.03222	0.27356	0.10078	0.07661	0.07022	0.00356	0.00701	0.05293	0.00561	0.06354
3	0.05542	0.01189	0.01535	0.01607	0.08765	0.01366	0.01126	0.04547	0.08457	0.02169	0.05063	0.10498	0.07231	0.12157	0.01569	0.00331	0.17739	0.07823	0.00514	0.00769
4	0.16696	0.01287	0.01630	0.09180	0.07706	0.04178	0.05557	0.05270	0.01495	0.02320	0.02000	0.14287	0.02007	0.07915	0.01087	0.00287	0.05746	0.05979	0.04608	0.00765
5	0.01573	0.06275	0.01514	0.01235	0.01474	0.07930	0.00957	0.07511	0.12726	0.02101	0.05159	0.02795	0.10395	0.01827	0.07388	0.21347	0.05810	0.00773	0.00488	0.00723
6	0.06479	0.17065	0.01745	0.05046	0.05166	0.10307	0.00965	0.01806	0.01467	0.02041	0.01927	0.13074	0.01885	0.08819	0.00920	0.00249	0.00668	0.00802	0.18832	0.00738
7	0.06826	0.01303	0.06000	0.04629	0.01695	0.05720	0.03689	0.01839	0.05259	0.06213	0.17512	0.09703	0.11802	0.01257	0.00757	0.00232	0.00595	0.06460	0.05252	0.03257

[dist]
# distance from previous block
# <min> <max>
0	3

[block]
# block no. 1 follows, 29 sequences, length 8
# corresponding to MSA columns:
# 1161-1168
name=unknown_B
#
# <colnr> <probs for GDERKNQSTAVLIFYWHMCP>
#	G	D	E	R	K	N	Q	S	T	A	V	L	I	F	Y	W	H	M	C	P
0	0.01450	0.06101	0.01186	0.04857	0.01339	0.04101	0.00777	0.04314	0.04689	0.02494	0.05220	0.02857	0.07978	0.00939	0.00644	0.00189	0.03168	0.00738	0.46221	0.00736
1	0.10178	0.13316	0.20544	0.01658	0.04888	0.09540	0.04351	0.02505	0.01647	0.16890	0.01556	0.01651	0.01129	0.00709	0.00620	0.00201	0.00840	0.00541	0.03139	0.04097
2	0.01548	0.10954	0.11618	0.04684	0.08521	0.03786	0.01352	0.04433	0.03916	0.06686	0.07803	0.09976	0.07503	0.01628	0.09981	0.00342	0.03037	0.00873	0.00493	0.00865
3	0.01757	0.04400	0.12931	0.01602	0.07415	0.04321	0.05660	0.04195	0.06346	0.11094	0.05422	0.02317	0.01742	0.01003	0.03698	0.00243	0.00736	0.00683	0.23518	0.00916
4	0.01383	0.01401	0.09073	0.21946	0.08568	0.01225	0.01410	0.05239	0.01667	0.04798	0.09635	0.03385	0.17129	0.03963	0.00853	0.00240	0.00698	0.00887	0.00496	0.06002
5	0.04672	0.01476	0.13012	0.09250	0.04295	0.01212	0.01282	0.06187	0.07756	0.02360	0.12181	0.16861	0.02830	0.06548	0.06604	0.00343	0.00763	0.01027	0.00533	0.00808
6	0.05458	0.01442	0.02158	0.12214	0.06180	0.01467	0.11212	0.10850	0.01847	0.19611	0.01899	0.07160	0.01489	0.00872	0.00809	0.00223	0.04942	0.00754	0.00557	0.08858
7	0.01336	0.06197	0.10664	0.04385	0.06414	0.01117	0.01106	0.04436	0.01549	0.05793	0.06740	0.14471	0.15145	0.15972	0.01331	0.00324	0.00642	0.01095	0.00529	0.00753

[dist]
# distance from previous block
# <min> <max>
88	190

[block]
# block no. 2 follows, 29 sequences, length 33
# corresponding to MSA columns:
# 1479-1511
name=unknown_C
#
# <colnr> <probs for GDERKNQSTAVLIFYWHMCP>
#	G	D	E	R	K	N	Q	S	T	A	V	L	I	F	Y	W	H	M	C	P
0	0.06413	0.03859	0.01306	0.01203	0.05370	0.03717	0.00865	0.08225	0.05534	0.05206	0.17921	0.03024	0.02787	0.04519	0.03979	0.00264	0.00580	0.00802	0.23624	0.00801
1	0.07337	0.14194	0.10104	0.01820	0.11471	0.09835	0.03796	0.04214	0.05469	0.05769	0.07364	0.04685	0.01844	0.08042	0.00943	0.00254	0.00796	0.00705	0.00461	0.00899
2	0.04082	0.04195	0.09320	0.06557	0.09879	0.04482	0.01392	0.11094	0.07397	0.09273	0.09415	0.06640	0.05498	0.00986	0.00772	0.00222	0.03341	0.00807	0.00557	0.04092
3	0.01835	0.10770	0.16146	0.20179	0.07973	0.04905	0.01757	0.07627	0.05083	0.08946	0.01489	0.01762	0.01120	0.00813	0.00811	0.03074	0.03738	0.00590	0.00424	0.00959
4	0.17806	0.01390	0.04298	0.13673	0.06671	0.01405	0.01221	0.09063	0.06100	0.06130	0.04329	0.02625	0.05548	0.06711	0.00893	0.00257	0.00682	0.03448	0.00510	0.07239
5	0.03816	0.04536	0.16115	0.01895	0.09414	0.01470	0.09555	0.07964	0.05721	0.09607	0.09252	0.02530	0.06851	0.00866	0.00712	0.00213	0.00758	0.00756	0.00524	0.07446
6	0.04551	0.07278	0.05981	0.11035	0.12078	0.09617	0.05222	0.02173	0.06343	0.06692	0.04180	0.02334	0.01592	0.11329	0.04327	0.00319	0.00888	0.00690	0.00439	0.02934
7	0.05333	0.27642	0.05483	0.01939	0.17833	0.01871	0.01369	0.04926	0.03485	0.06824	0.12415	0.02291	0.04144	0.00829	0.00631	0.00196	0.00690	0.00669	0.00475	0.00953
8	0.04306	0.01102	0.01372	0.10351	0.01791	0.01243	0.00995	0.14882	0.01684	0.02407	0.05773	0.02897	0.01957	0.18204	0.17392	0.00530	0.03828	0.00784	0.07758	0.00742
9	0.00960	0.00725	0.00892	0.00895	0.01071	0.00657	0.00679	0.01229	0.01802	0.02415	0.39079	0.12669	0.24703	0.01681	0.00861	0.00245	0.00382	0.07692	0.00724	0.00641
10	0.36290	0.01514	0.01493	0.01237	0.01721	0.01668	0.01010	0.17755	0.12637	0.15452	0.01780	0.01745	0.01270	0.00793	0.00597	0.00222	0.00616	0.00569	0.00626	0.01006
11	0.00879	0.00708	0.00786	0.00826	0.01017	0.00616	0.00614	0.01068	0.01600	0.01981	0.10724	0.20307	0.48382	0.01875	0.00864	0.00255	0.00389	0.05833	0.00669	0.00605
12	0.00892	0.00637	0.00854	0.01020	0.01072	0.00600	0.00704	0.01034	0.01388	0.01845	0.03911	0.68670	0.04656	0.02208	0.00915	0.00293	0.00434	0.07622	0.00661	0.00585
13	0.01036	0.00690	0.00777	0.00777	0.00777	0.00690	0.00431	0.01036	0.01036	0.01381	0.02244	0.04660	0.02589	0.74975	0.03624	0.00690	0.00690	0.01036	0.00431	0.00431
14	0.02707	0.01995	0.02137	0.01638	0.02208	0.02208	0.01353	0.68159	0.03348	0.04488	0.01710	0.01710	0.01211	0.00855	0.00712	0.00214	0.00784	0.00641	0.00712	0.01211
15	0.80005	0.01377	0.01047	0.00936	0.01377	0.01597	0.00771	0.02093	0.01212	0.03195	0.00991	0.01157	0.00771	0.00661	0.00441	0.00220	0.00551	0.00386	0.00441	0.00771
16	0.69368	0.01384	0.01110	0.00976	0.01411	0.01592	0.00801	0.07271	0.01396	0.03265	0.01125	0.01287	0.00867	0.00686	0.00465	0.00217	0.00556	0.00422	0.05001	0.00800
17	0.00929	0.00680	0.00873	0.00919	0.01040	0.00624	0.00653	0.01156	0.01690	0.02304	0.34620	0.35680	0.12532	0.01831	0.00870	0.00254	0.00372	0.01632	0.00717	0.00624
18	0.01904	0.75404	0.03731	0.01218	0.01828	0.02818	0.01218	0.02132	0.01447	0.01675	0.00990	0.01142	0.00914	0.00609	0.00457	0.00152	0.00761	0.00381	0.00305	0.00914
19	0.02707	0.01995	0.02137	0.01638	0.02208	0.02208	0.01353	0.68159	0.03348	0.04488	0.01710	0.01710	0.01211	0.00855	0.00712	0.00214	0.00784	0.00641	0.00712	0.01211
20	0.02281	0.01595	0.01773	0.01480	0.01947	0.01746	0.01199	0.27108	0.29583	0.13821	0.02518	0.02698	0.01910	0.00991	0.00739	0.00235	0.00658	0.05845	0.00739	0.01134
21	0.00893	0.00639	0.00849	0.00974	0.01038	0.00595	0.00663	0.01056	0.01482	0.02006	0.15965	0.61932	0.05075	0.02090	0.00896	0.00277	0.00399	0.01890	0.00683	0.00595
22	0.00861	0.00647	0.00798	0.00918	0.01014	0.00585	0.00628	0.01000	0.01434	0.01846	0.04817	0.56153	0.22491	0.02115	0.00891	0.00276	0.00399	0.01883	0.00661	0.00585
23	0.02476	0.01232	0.01537	0.01260	0.01693	0.01191	0.01003	0.10847	0.10638	0.39601	0.07723	0.09688	0.02434	0.04211	0.00868	0.00249	0.00587	0.00901	0.00793	0.01066
24	0.13060	0.01024	0.01228	0.03294	0.01502	0.01045	0.00881	0.03909	0.05003	0.19366	0.05780	0.12389	0.09756	0.01975	0.13941	0.00403	0.00781	0.00958	0.02871	0.00835
25	0.01016	0.00776	0.00958	0.01056	0.01214	0.00748	0.00818	0.01358	0.06525	0.02030	0.04655	0.30665	0.21367	0.01943	0.00901	0.00285	0.00487	0.21884	0.00664	0.00649
26	0.01323	0.00960	0.01154	0.01086	0.01320	0.00983	0.00818	0.02085	0.20521	0.06663	0.36888	0.15652	0.04848	0.01413	0.00812	0.00239	0.00427	0.01241	0.00753	0.00814
27	0.01252	0.00734	0.00931	0.00971	0.01135	0.00661	0.00693	0.01420	0.01524	0.12850	0.04281	0.47410	0.16176	0.01875	0.00848	0.00264	0.00430	0.01660	0.04198	0.00687
28	0.01527	0.02067	0.19497	0.32492	0.06108	0.05718	0.05730	0.04790	0.01552	0.02074	0.01398	0.05380	0.01149	0.00820	0.00844	0.00238	0.06698	0.00678	0.00353	0.00887
29	0.01623	0.01404	0.01708	0.01479	0.01711	0.09081	0.07219	0.08036	0.04746	0.04779	0.11827	0.15187	0.02607	0.01443	0.01317	0.11298	0.12266	0.00982	0.00530	0.00757
30	0.01209	0.00794	0.01004	0.01017	0.01154	0.00786	0.00717	0.01545	0.07751	0.07830	0.14169	0.33400	0.03983	0.14333	0.06576	0.00399	0.00587	0.01421	0.00646	0.00677
31	0.01848	0.01229	0.01808	0.02014	0.19861	0.01187	0.04500	0.05770	0.01592	0.17230	0.02020	0.02972	0.01807	0.28143	0.01786	0.00388	0.00738	0.00803	0.00521	0.03782
32	0.05016	0.18189	0.11435	0.01476	0.02044	0.01861	0.04299	0.20784	0.02025	0.12641	0.01672	0.01972	0.01316	0.07839	0.04157	0.00290	0.00841	0.00621	0.00525	0.00998

[dist]
# distance from previous block
# <min> <max>
0	80

[block]
# block no. 3 follows, 29 sequences, length 11
# corresponding to MSA columns:
# 1593-1603
name=unknown_D
#
# <colnr> <probs for GDERKNQSTAVLIFYWHMCP>
#	G	D	E	R	K	N	Q	S	T	A	V	L	I	F	Y	W	H	M	C	P
0	0.12022	0.03865	0.07130	0.01122	0.01430	0.01214	0.00935	0.10498	0.04729	0.02569	0.16797	0.07749	0.03015	0.20013	0.01458	0.00347	0.00617	0.03175	0.00566	0.00751
1	0.01044	0.00761	0.00938	0.00911	0.01077	0.00759	0.00677	0.01372	0.04602	0.02239	0.26429	0.04603	0.16560	0.09902	0.17430	0.00482	0.00747	0.01104	0.07718	0.00645
2	0.00945	0.00730	0.00889	0.00862	0.01052	0.00674	0.00651	0.01210	0.01748	0.02335	0.36770	0.05573	0.30544	0.02109	0.10376	0.00353	0.00556	0.01300	0.00683	0.00640
3	0.01449	0.03535	0.65635	0.02111	0.03136	0.01666	0.08132	0.02257	0.01518	0.02257	0.01292	0.01539	0.00917	0.00670	0.00690	0.00227	0.01065	0.00553	0.00306	0.01045
4	0.00868	0.00620	0.00826	0.00991	0.01033	0.00578	0.00661	0.00991	0.01363	0.01818	0.03925	0.74510	0.04710	0.02231	0.00909	0.00289	0.00413	0.02024	0.00661	0.00578
5	0.00910	0.00711	0.00825	0.00823	0.01011	0.00626	0.00607	0.01144	0.01745	0.02276	0.31489	0.14613	0.37234	0.01720	0.00849	0.00240	0.00357	0.01483	0.00709	0.00626
6	0.02669	0.03132	0.02040	0.01798	0.02203	0.59048	0.01372	0.15053	0.02267	0.02256	0.01214	0.01364	0.00972	0.00756	0.00655	0.00189	0.01191	0.00493	0.00431	0.00898
7	0.01425	0.00957	0.01179	0.01049	0.01309	0.00945	0.00809	0.06193	0.10487	0.09588	0.50795	0.04472	0.05314	0.01300	0.00805	0.00225	0.00420	0.01130	0.00781	0.00816
8	0.05389	0.01300	0.01462	0.01200	0.01617	0.01347	0.00967	0.19867	0.10511	0.21763	0.05014	0.02390	0.01843	0.00885	0.00653	0.00207	0.00562	0.00703	0.21300	0.01018
9	0.01036	0.00690	0.00777	0.00777	0.00777	0.00690	0.00431	0.01036	0.01036	0.01381	0.02244	0.04660	0.02589	0.74975	0.03624	0.00690	0.00690	0.01036	0.00431	0.00431
10	0.02158	0.17625	0.04824	0.02030	0.15916	0.05433	0.01448	0.19046	0.08299	0.09391	0.05665	0.01938	0.01570	0.00793	0.00660	0.00203	0.00762	0.00631	0.00542	0.01067

[dist]
# distance from previous block
# <min> <max>
1	9

[block]
# block no. 4 follows, 29 sequences, length 21
# corresponding to MSA columns:
# 1613-1633
name=unknown_E
#
# <colnr> <probs for GDERKNQSTAVLIFYWHMCP>
#	G	D	E	R	K	N	Q	S	T	A	V	L	I	F	Y	W	H	M	C	P
0	0.01773	0.02387	0.24395	0.01587	0.02152	0.15116	0.01576	0.02500	0.12442	0.08011	0.14940	0.02750	0.02438	0.00959	0.00726	0.00224	0.00828	0.03717	0.00537	0.00942
1	0.03147	0.01288	0.01700	0.01303	0.01856	0.01160	0.01077	0.09782	0.02166	0.64534	0.02702	0.02354	0.01709	0.00879	0.00716	0.00220	0.00623	0.00709	0.00865	0.01212
2	0.01365	0.01160	0.01347	0.01003	0.01554	0.00887	0.00795	0.01667	0.01535	0.02313	0.07161	0.02408	0.09746	0.00750	0.00588	0.00131	0.00493	0.00616	0.00478	0.64004
3	0.01904	0.75404	0.03731	0.01218	0.01828	0.02818	0.01218	0.02132	0.01447	0.01675	0.00990	0.01142	0.00914	0.00609	0.00457	0.00152	0.00761	0.00381	0.00305	0.00914
4	0.01345	0.01266	0.02136	0.73264	0.04904	0.01582	0.01978	0.01819	0.01424	0.01819	0.01266	0.01898	0.00949	0.00712	0.00712	0.00237	0.00949	0.00633	0.00316	0.00791
5	0.00898	0.00687	0.00866	0.00945	0.01072	0.00655	0.00684	0.01073	0.01414	0.01831	0.04587	0.36390	0.25254	0.02689	0.14762	0.00441	0.00696	0.03849	0.00606	0.00600
6	0.01771	0.01530	0.01610	0.01449	0.01852	0.01771	0.01127	0.03784	0.69247	0.02979	0.02898	0.02657	0.02174	0.00966	0.00725	0.00242	0.00564	0.00805	0.00725	0.01127
7	0.28423	0.01396	0.01478	0.01190	0.01677	0.01456	0.00978	0.17220	0.02010	0.28165	0.01922	0.01864	0.01316	0.00798	0.00606	0.00214	0.00605	0.00585	0.07075	0.01021
8	0.00865	0.00628	0.00818	0.00970	0.01027	0.00580	0.00651	0.00994	0.01384	0.01826	0.04190	0.69057	0.09992	0.02196	0.00903	0.00285	0.00409	0.01982	0.00661	0.00580
9	0.01673	0.01009	0.01307	0.14301	0.01955	0.01033	0.00988	0.05869	0.03614	0.16755	0.03217	0.06854	0.15121	0.04750	0.04506	0.00291	0.00644	0.00924	0.14369	0.00820
10	0.02482	0.01883	0.02010	0.01593	0.02123	0.02103	0.01299	0.52698	0.19175	0.04125	0.01995	0.01937	0.01442	0.00882	0.00715	0.00220	0.00731	0.00680	0.00715	0.01191
11	0.01021	0.00747	0.01062	0.01062	0.01161	0.00845	0.00788	0.01219	0.01120	0.01592	0.01983	0.03214	0.01961	0.20913	0.56828	0.01043	0.01635	0.00824	0.00393	0.00590
12	0.05337	0.02457	0.34534	0.01868	0.02614	0.01505	0.11742	0.05659	0.01635	0.12104	0.01619	0.01877	0.01187	0.01373	0.10971	0.00358	0.01097	0.00633	0.00431	0.00997
13	0.01758	0.37278	0.23223	0.01817	0.02574	0.02258	0.14625	0.05028	0.01590	0.02081	0.01192	0.01422	0.00956	0.00637	0.00606	0.00193	0.00932	0.00523	0.00332	0.00976
14	0.00866	0.00655	0.00800	0.00905	0.01012	0.00589	0.00625	0.01016	0.01471	0.01895	0.07782	0.50865	0.24813	0.02067	0.00885	0.00271	0.00394	0.01833	0.00666	0.00589
15	0.01169	0.01026	0.01131	0.01270	0.05658	0.06616	0.00854	0.01514	0.07044	0.02107	0.13037	0.35990	0.14265	0.01724	0.00842	0.00257	0.00514	0.03649	0.00639	0.00697
16	0.07148	0.07178	0.09382	0.16704	0.13596	0.09499	0.10885	0.04408	0.03749	0.04183	0.01567	0.01874	0.03207	0.00727	0.00679	0.00216	0.00913	0.00633	0.02523	0.00932
17	0.00978	0.00760	0.01025	0.05869	0.03645	0.00738	0.00848	0.01197	0.01513	0.01981	0.09930	0.36019	0.17680	0.02006	0.03568	0.00305	0.00534	0.10140	0.00627	0.00636
18	0.01040	0.00746	0.00971	0.00988	0.01027	0.00799	0.00672	0.01119	0.01180	0.01621	0.05586	0.22172	0.02989	0.31332	0.13454	0.05806	0.06282	0.01203	0.00482	0.00531
19	0.01638	0.04781	0.09622	0.07503	0.02229	0.01388	0.03491	0.02066	0.03882	0.07446	0.01394	0.01641	0.01102	0.00703	0.00826	0.00177	0.10279	0.00526	0.00424	0.38882
20	0.07830	0.08138	0.14332	0.06246	0.08043	0.15118	0.01591	0.10368	0.04651	0.07111	0.01442	0.01634	0.01102	0.00772	0.00757	0.00214	0.05927	0.00557	0.03199	0.00968

[dist]
# distance from previous block
# <min> <max>
0	90

[block]
# block no. 5 follows, 29 sequences, length 52
# corresponding to MSA columns:
# 1725-1748,1750-1777
name=unknown_F
#
# <colnr> <probs for GDERKNQSTAVLIFYWHMCP>
#	G	D	E	R	K	N	Q	S	T	A	V	L	I	F	Y	W	H	M	C	P
0	0.01082	0.00865	0.01047	0.03467	0.01284	0.03201	0.00785	0.03490	0.01691	0.02272	0.27266	0.31935	0.10398	0.01844	0.03337	0.00284	0.02947	0.01482	0.00663	0.00659
1	0.01969	0.34381	0.21394	0.01703	0.05293	0.09939	0.01677	0.11837	0.01808	0.02275	0.01199	0.01364	0.00964	0.00678	0.00584	0.00187	0.00904	0.00477	0.00372	0.00994
2	0.00891	0.00683	0.00780	0.00832	0.00964	0.00612	0.00573	0.01034	0.01470	0.01864	0.09345	0.29254	0.33706	0.13150	0.01291	0.00325	0.00427	0.01593	0.00634	0.00572
3	0.01448	0.01406	0.02213	0.62584	0.11956	0.04707	0.01974	0.01905	0.01472	0.01871	0.01266	0.01856	0.00967	0.00704	0.00708	0.00232	0.00953	0.00625	0.00323	0.00829
4	0.00912	0.00638	0.00813	0.00935	0.00965	0.00608	0.00600	0.01003	0.01277	0.01703	0.03481	0.56095	0.04150	0.21409	0.01625	0.00395	0.00486	0.01764	0.00600	0.00540
5	0.00947	0.00718	0.00873	0.00851	0.01031	0.00644	0.00632	0.01220	0.01848	0.02497	0.46237	0.11003	0.25663	0.01619	0.00846	0.00234	0.00349	0.01408	0.00738	0.00644
6	0.01554	0.00775	0.00953	0.00929	0.01127	0.00727	0.00689	0.01787	0.01544	0.16797	0.02979	0.25137	0.02853	0.06339	0.00904	0.00258	0.00454	0.03992	0.29465	0.00738
7	0.01044	0.00745	0.00912	0.00860	0.01063	0.00666	0.00648	0.01332	0.01903	0.05214	0.49307	0.05652	0.24950	0.01534	0.00836	0.00229	0.00354	0.01328	0.00752	0.00672
8	0.01904	0.75404	0.03731	0.01218	0.01828	0.02818	0.01218	0.02132	0.01447	0.01675	0.00990	0.01142	0.00914	0.00609	0.00457	0.00152	0.00761	0.00381	0.00305	0.00914
9	0.01372	0.01178	0.01170	0.01077	0.01301	0.11127	0.00814	0.01778	0.05781	0.05251	0.53840	0.04475	0.05436	0.01302	0.00800	0.00219	0.00497	0.01119	0.00724	0.00740
10	0.05085	0.10765	0.06865	0.01602	0.02175	0.11216	0.06327	0.19325	0.07895	0.13865	0.01716	0.01747	0.01250	0.00762	0.00659	0.00201	0.00824	0.00595	0.00562	0.06564
11	0.13339	0.01984	0.13660	0.01653	0.05916	0.05930	0.03613	0.10271	0.13876	0.09765	0.01756	0.01819	0.01294	0.00754	0.00643	0.00208	0.00747	0.00593	0.02585	0.09596
12	0.01780	0.19618	0.26898	0.01754	0.04667	0.01875	0.04900	0.02422	0.08348	0.09821	0.01779	0.01896	0.04075	0.00798	0.00775	0.00217	0.06337	0.00608	0.00430	0.01004
13	0.01738	0.35630	0.29812	0.01567	0.02321	0.02191	0.01757	0.06889	0.05417	0.02211	0.03526	0.01545	0.01191	0.00700	0.00588	0.00193	0.00852	0.00509	0.00371	0.00993
14	0.01518	0.00969	0.01246	0.01188	0.01412	0.01004	0.00907	0.10834	0.04076	0.11448	0.02869	0.29926	0.02908	0.02665	0.20547	0.00506	0.00918	0.03649	0.00622	0.00789
15	0.01688	0.01104	0.01471	0.01602	0.11990	0.01086	0.01040	0.04040	0.11567	0.16243	0.14316	0.15748	0.08263	0.05402	0.00942	0.00262	0.00549	0.01113	0.00676	0.00897
16	0.01836	0.06818	0.10219	0.09314	0.29258	0.11217	0.10740	0.02276	0.01658	0.04708	0.01444	0.01955	0.01189	0.00719	0.00708	0.00217	0.00962	0.03389	0.00376	0.00996
17	0.01586	0.08544	0.12697	0.01322	0.01733	0.03181	0.03990	0.01958	0.01581	0.11381	0.12020	0.05673	0.02335	0.01745	0.13398	0.00377	0.03461	0.00790	0.11391	0.00836
18	0.01423	0.03195	0.56689	0.14464	0.03423	0.01647	0.05012	0.02180	0.01496	0.02180	0.01282	0.01588	0.00917	0.00680	0.00689	0.00228	0.01040	0.00557	0.00306	0.01003
19	0.01903	0.05472	0.06457	0.09100	0.25962	0.08063	0.04021	0.12866	0.04273	0.02561	0.01399	0.01676	0.01108	0.00683	0.00669	0.00197	0.00852	0.00585	0.00426	0.11725
20	0.01425	0.02080	0.21424	0.01924	0.06758	0.06409	0.13118	0.01961	0.04788	0.02113	0.02776	0.08469	0.15146	0.01247	0.03876	0.00276	0.03972	0.00922	0.00443	0.00872
21	0.00870	0.00693	0.00781	0.00820	0.00995	0.00604	0.00592	0.01055	0.01600	0.02014	0.14415	0.25822	0.43470	0.01880	0.00860	0.00252	0.00372	0.01623	0.00677	0.00604
22	0.00948	0.00673	0.00893	0.00995	0.01051	0.00673	0.00686	0.01082	0.01274	0.01718	0.03204	0.42721	0.03705	0.18051	0.14082	0.00527	0.00752	0.05838	0.00563	0.00563
23	0.11604	0.04741	0.14153	0.08801	0.11653	0.04660	0.04152	0.14662	0.01871	0.08913	0.01505	0.01746	0.01131	0.01074	0.06057	0.00287	0.00931	0.00594	0.00468	0.00998
24	0.01273	0.00932	0.01400	0.06105	0.04568	0.00909	0.07559	0.01613	0.03874	0.06429	0.10753	0.29092	0.08429	0.01449	0.00789	0.00243	0.00539	0.01312	0.11995	0.00736
25	0.01178	0.00886	0.00998	0.00956	0.01217	0.00834	0.00755	0.05903	0.05586	0.04967	0.15640	0.06036	0.39934	0.01628	0.00842	0.00248	0.00448	0.10537	0.00695	0.00714
26	0.01976	0.01078	0.01442	0.01264	0.01588	0.01104	0.01029	0.08869	0.01754	0.26264	0.02601	0.03265	0.04862	0.02656	0.26522	0.00568	0.03668	0.07958	0.00630	0.00901
27	0.01477	0.01266	0.01477	0.01055	0.01687	0.00949	0.00844	0.01793	0.01477	0.02320	0.01266	0.01477	0.01055	0.00527	0.00527	0.00105	0.00527	0.00422	0.00422	0.79328
28	0.02182	0.02373	0.02140	0.02181	0.13960	0.33645	0.03936	0.08606	0.01882	0.02217	0.01321	0.01614	0.01087	0.00802	0.00878	0.00209	0.10733	0.00565	0.08773	0.00896
29	0.08003	0.04685	0.03987	0.16634	0.05045	0.25790	0.07827	0.06825	0.01778	0.05435	0.01277	0.01582	0.00996	0.00756	0.00793	0.00217	0.06512	0.00567	0.00401	0.00887
30	0.01969	0.01628	0.01721	0.01489	0.01927	0.01864	0.01175	0.17389	0.55319	0.03298	0.02647	0.02457	0.01970	0.00943	0.00722	0.00236	0.00610	0.00770	0.00722	0.01145
31	0.01494	0.01464	0.01983	0.01715	0.01769	0.01980	0.01417	0.01778	0.05760	0.01822	0.01755	0.02212	0.08609	0.01288	0.02064	0.00299	0.60697	0.00732	0.00378	0.00783
32	0.01107	0.00791	0.01101	0.01265	0.01411	0.00785	0.01077	0.01405	0.01599	0.02085	0.03793	0.17690	0.04187	0.02005	0.00973	0.00322	0.00620	0.56484	0.00656	0.00644
33	0.01904	0.75404	0.03731	0.01218	0.01828	0.02818	0.01218	0.02132	0.01447	0.01675	0.00990	0.01142	0.00914	0.00609	0.00457	0.00152	0.00761	0.00381	0.00305	0.00914
34	0.00976	0.00681	0.00855	0.00901	0.00949	0.00674	0.00586	0.01087	0.01278	0.01740	0.11499	0.26795	0.03708	0.34694	0.09905	0.00552	0.00690	0.01353	0.00545	0.00532
35	0.02660	0.03394	0.02018	0.01834	0.02201	0.72116	0.01376	0.02843	0.02018	0.01743	0.01101	0.01284	0.00917	0.00734	0.00642	0.00183	0.01284	0.00459	0.00367	0.00825
36	0.00842	0.00721	0.00721	0.00721	0.00962	0.00601	0.00541	0.01022	0.01623	0.01924	0.07213	0.06853	0.70244	0.01803	0.00842	0.00240	0.00361	0.01503	0.00661	0.00601
37	0.26186	0.01483	0.01607	0.01272	0.01795	0.01541	0.01050	0.21341	0.02160	0.31792	0.01951	0.01840	0.01308	0.00807	0.00632	0.00218	0.00640	0.00595	0.00701	0.01079
38	0.14189	0.01499	0.01728	0.01344	0.01885	0.01518	0.01110	0.25044	0.02359	0.38775	0.02175	0.01999	0.01433	0.00840	0.00675	0.00218	0.00658	0.00643	0.00760	0.01148
39	0.02730	0.01264	0.01626	0.01242	0.01788	0.01113	0.01018	0.08855	0.02056	0.49291	0.06213	0.02357	0.01867	0.00850	0.00690	0.00200	0.00593	0.00690	0.00781	0.14776
40	0.00915	0.00800	0.04772	0.01032	0.01131	0.00649	0.00756	0.01077	0.01371	0.01848	0.05906	0.63354	0.04421	0.07039	0.01077	0.00311	0.00465	0.01849	0.00629	0.00598
41	0.01089	0.00837	0.01154	0.01116	0.01187	0.00984	0.00825	0.01250	0.01103	0.01574	0.01896	0.03239	0.01935	0.27015	0.41829	0.00898	0.10261	0.00833	0.00389	0.00588
42	0.01031	0.00707	0.00862	0.00862	0.00892	0.00737	0.00538	0.01090	0.01061	0.01444	0.02165	0.04227	0.02401	0.58799	0.19544	0.00796	0.00973	0.00972	0.00420	0.00479
43	0.02956	0.01336	0.01688	0.01313	0.01842	0.01263	0.01079	0.14101	0.05994	0.53335	0.02612	0.02328	0.01697	0.00880	0.00707	0.00218	0.00621	0.00706	0.04139	0.01184
44	0.09166	0.01558	0.01531	0.01325	0.01705	0.11215	0.01043	0.15959	0.05879	0.17566	0.09743	0.13019	0.02523	0.01140	0.00732	0.00229	0.00675	0.03376	0.00675	0.00941
45	0.06742	0.01258	0.01828	0.31573	0.09734	0.01396	0.01509	0.05036	0.05401	0.12072	0.02173	0.07485	0.04291	0.00980	0.00733	0.00241	0.00756	0.05396	0.00510	0.00889
46	0.45494	0.01216	0.01315	0.04060	0.06737	0.01337	0.04086	0.01796	0.01301	0.02634	0.01789	0.18566	0.01818	0.04194	0.00735	0.00257	0.00593	0.00846	0.00477	0.00748
47	0.01527	0.01514	0.02227	0.20415	0.24274	0.06783	0.06699	0.01948	0.03327	0.02133	0.07815	0.02750	0.10618	0.00915	0.00811	0.00228	0.03893	0.00809	0.00429	0.00886
48	0.73341	0.01342	0.01061	0.00942	0.01377	0.01536	0.00774	0.02142	0.01262	0.06408	0.01129	0.01274	0.00859	0.00678	0.00456	0.00218	0.00545	0.00412	0.03457	0.00788
49	0.01286	0.01073	0.01514	0.07937	0.11747	0.01187	0.01155	0.01887	0.13680	0.02078	0.06795	0.03010	0.04719	0.08322	0.29715	0.00633	0.01166	0.00825	0.00476	0.00796
50	0.01010	0.00721	0.00954	0.01111	0.04368	0.00663	0.00731	0.01186	0.01513	0.04613	0.11501	0.50335	0.14715	0.01953	0.00874	0.00268	0.00425	0.01748	0.00668	0.00642
51	0.01020	0.00729	0.00909	0.00928	0.01076	0.00673	0.00681	0.01254	0.01620	0.02249	0.26220	0.22020	0.10935	0.09108	0.01117	0.00290	0.00437	0.08419	0.05949	0.04366

[dist]
# distance from previous block
# <min> <max>
0	13

[block]
# block no. 6 follows, 29 sequences, length 15
# corresponding to MSA columns:
# 1791-1805
name=unknown_G
#
# <colnr> <probs for GDERKNQSTAVLIFYWHMCP>
#	G	D	E	R	K	N	Q	S	T	A	V	L	I	F	Y	W	H	M	C	P
0	0.02247	0.14200	0.02310	0.06679	0.05257	0.04921	0.03080	0.29207	0.02367	0.09956	0.07017	0.01961	0.01605	0.00813	0.00669	0.00200	0.00759	0.00640	0.00581	0.05531
1	0.01640	0.01316	0.01840	0.09414	0.17401	0.01199	0.01284	0.03764	0.01578	0.07715	0.01606	0.06168	0.01374	0.00918	0.03701	0.00211	0.00708	0.00633	0.00452	0.37077
2	0.09783	0.05531	0.17398	0.05023	0.04402	0.13652	0.08410	0.16300	0.01960	0.02665	0.01527	0.07315	0.01287	0.00836	0.00683	0.00219	0.00926	0.00678	0.00451	0.00957
3	0.01265	0.00913	0.01079	0.00996	0.01101	0.00974	0.00684	0.09561	0.01498	0.02049	0.12601	0.06911	0.02997	0.43623	0.05920	0.00541	0.05137	0.01026	0.00520	0.00603
4	0.14114	0.04673	0.01268	0.03497	0.01337	0.01111	0.03370	0.01398	0.01223	0.01881	0.02430	0.09614	0.08702	0.29187	0.08484	0.00493	0.05198	0.00955	0.00450	0.00614
5	0.03891	0.02211	0.14853	0.06343	0.14873	0.10938	0.12552	0.06041	0.04381	0.06502	0.01553	0.02009	0.01237	0.00795	0.00830	0.00230	0.05823	0.03529	0.00424	0.00985
6	0.04516	0.01924	0.14456	0.08657	0.06618	0.03845	0.01556	0.12826	0.16040	0.02642	0.02136	0.07862	0.04854	0.00999	0.00872	0.00240	0.07684	0.00788	0.00514	0.00971
7	0.01581	0.12980	0.20432	0.01592	0.04632	0.01572	0.04150	0.04865	0.03699	0.02278	0.01426	0.05004	0.01210	0.00716	0.00661	0.00177	0.02912	0.00572	0.00398	0.29141
8	0.01370	0.08411	0.38551	0.01619	0.02274	0.01443	0.04082	0.01822	0.01372	0.01936	0.01775	0.02204	0.06564	0.04417	0.03553	0.13719	0.03068	0.00651	0.00342	0.00827
9	0.01237	0.00618	0.00928	0.00928	0.00928	0.00618	0.00618	0.00928	0.00928	0.01237	0.01237	0.02165	0.01237	0.02474	0.02783	0.79283	0.00618	0.00618	0.00309	0.00309
10	0.03818	0.01949	0.08573	0.04745	0.12266	0.04855	0.25286	0.12064	0.01898	0.09184	0.01616	0.04293	0.01256	0.00771	0.00823	0.00231	0.04151	0.00741	0.00465	0.01016
11	0.01729	0.01904	0.15457	0.11746	0.02642	0.04861	0.09397	0.11168	0.06937	0.07516	0.04937	0.10308	0.01869	0.01214	0.04834	0.00286	0.00905	0.00843	0.00510	0.00939
12	0.00924	0.00728	0.00903	0.06606	0.01310	0.00688	0.00719	0.01105	0.01482	0.01883	0.07759	0.31849	0.29698	0.07402	0.01072	0.00295	0.00462	0.03893	0.00622	0.00600
13	0.01308	0.01157	0.01746	0.09059	0.26492	0.01176	0.01356	0.01738	0.06901	0.02145	0.05479	0.24163	0.11726	0.01326	0.00791	0.00244	0.00622	0.01199	0.00527	0.00846
14	0.06688	0.02077	0.09009	0.06555	0.09107	0.08601	0.11178	0.23016	0.02185	0.09807	0.01550	0.01731	0.01130	0.00764	0.00761	0.00221	0.03421	0.00632	0.00517	0.01048

[dist]
# distance from previous block
# <min> <max>
47	535

[block]
# block no. 7 follows, 29 sequences, length 30
# corresponding to MSA columns:
# 2424-2453
name=unknown_H
#
# <colnr> <probs for GDERKNQSTAVLIFYWHMCP>
#	G	D	E	R	K	N	Q	S	T	A	V	L	I	F	Y	W	H	M	C	P
0	0.01786	0.11231	0.04153	0.04186	0.12975	0.06118	0.01317	0.07850	0.11680	0.07108	0.02185	0.14495	0.02020	0.01180	0.02746	0.00249	0.00746	0.03374	0.00534	0.04066
1	0.01053	0.00752	0.01089	0.01089	0.01221	0.00864	0.00845	0.01316	0.01184	0.01768	0.01955	0.02781	0.01785	0.04823	0.63935	0.01032	0.01727	0.00752	0.09391	0.00639
2	0.01632	0.01784	0.13282	0.06365	0.04655	0.05401	0.04305	0.07169	0.17714	0.04405	0.07108	0.02838	0.09468	0.00959	0.00709	0.00222	0.00704	0.00802	0.09546	0.00934
3	0.01858	0.01242	0.01384	0.01163	0.01501	0.01307	0.00921	0.28838	0.02388	0.06046	0.18130	0.07769	0.02917	0.01084	0.00702	0.00210	0.00534	0.00896	0.20206	0.00905
4	0.01584	0.01612	0.02546	0.11431	0.22237	0.07029	0.16791	0.01981	0.01623	0.02170	0.06784	0.07266	0.04457	0.00879	0.00816	0.00224	0.03768	0.00833	0.00419	0.05550
5	0.02328	0.01818	0.02104	0.09871	0.02446	0.02101	0.01436	0.46896	0.07668	0.03698	0.01642	0.01780	0.01215	0.00899	0.00931	0.00232	0.10574	0.00650	0.00614	0.01099
6	0.04300	0.01602	0.05486	0.25489	0.16893	0.01687	0.04676	0.08813	0.11013	0.05382	0.01620	0.01949	0.01236	0.00898	0.02809	0.00257	0.03802	0.00661	0.00450	0.00979
7	0.01156	0.06781	0.06105	0.01153	0.01363	0.01067	0.00974	0.01401	0.01494	0.02042	0.18615	0.13693	0.08055	0.08064	0.07400	0.03283	0.07620	0.08517	0.00547	0.00671
8	0.00942	0.00679	0.00863	0.00906	0.01009	0.00631	0.00628	0.01141	0.01605	0.02189	0.30552	0.33068	0.10214	0.10794	0.01209	0.00308	0.00412	0.01568	0.00682	0.00600
9	0.00864	0.00665	0.00791	0.00881	0.01006	0.00592	0.00614	0.01020	0.01496	0.01908	0.08338	0.44699	0.30521	0.02027	0.00879	0.00267	0.00389	0.01785	0.00667	0.00592
10	0.00955	0.00740	0.00887	0.00943	0.01131	0.00671	0.00746	0.01194	0.01656	0.02103	0.14754	0.14015	0.35515	0.01846	0.00889	0.00268	0.00447	0.19938	0.00677	0.00624
11	0.80005	0.01377	0.01047	0.00936	0.01377	0.01597	0.00771	0.02093	0.01212	0.03195	0.00991	0.01157	0.00771	0.00661	0.00441	0.00220	0.00551	0.00386	0.00441	0.00771
12	0.02594	0.01938	0.02073	0.01616	0.02165	0.02155	0.01326	0.60392	0.11299	0.04306	0.01853	0.01824	0.01327	0.00868	0.00714	0.00217	0.00757	0.00661	0.00714	0.01201
13	0.80005	0.01377	0.01047	0.00936	0.01377	0.01597	0.00771	0.02093	0.01212	0.03195	0.00991	0.01157	0.00771	0.00661	0.00441	0.00220	0.00551	0.00386	0.00441	0.00771
14	0.03195	0.01212	0.01652	0.01267	0.01818	0.01047	0.01047	0.03470	0.02038	0.71026	0.02809	0.02424	0.01763	0.00881	0.00716	0.00220	0.00606	0.00716	0.00881	0.01212
15	0.01904	0.75404	0.03731	0.01218	0.01828	0.02818	0.01218	0.02132	0.01447	0.01675	0.00990	0.01142	0.00914	0.00609	0.00457	0.00152	0.00761	0.00381	0.00305	0.00914
16	0.01428	0.03683	0.71286	0.02030	0.03082	0.01654	0.02631	0.02255	0.01503	0.02255	0.01278	0.01503	0.00902	0.00677	0.00677	0.00226	0.01052	0.00526	0.00301	0.01052
17	0.00891	0.00645	0.00804	0.00919	0.00982	0.00599	0.00607	0.01003	0.01347	0.01763	0.04119	0.53823	0.13595	0.13798	0.01333	0.00346	0.00450	0.01793	0.00624	0.00558
18	0.01032	0.00730	0.00896	0.00907	0.00929	0.00769	0.00577	0.01089	0.01103	0.01498	0.02409	0.15457	0.02753	0.51705	0.10987	0.00660	0.04404	0.01142	0.00456	0.00496
19	0.80005	0.01377	0.01047	0.00936	0.01377	0.01597	0.00771	0.02093	0.01212	0.03195	0.00991	0.01157	0.00771	0.00661	0.00441	0.00220	0.00551	0.00386	0.00441	0.00771
20	0.80005	0.01377	0.01047	0.00936	0.01377	0.01597	0.00771	0.02093	0.01212	0.03195	0.00991	0.01157	0.00771	0.00661	0.00441	0.00220	0.00551	0.00386	0.00441	0.00771
21	0.01017	0.00763	0.01144	0.01144	0.01272	0.00890	0.00890	0.01272	0.01144	0.01653	0.01907	0.02797	0.01780	0.05340	0.72153	0.01144	0.01907	0.00763	0.00381	0.00636
22	0.57055	0.01217	0.01097	0.01002	0.01370	0.01398	0.00813	0.01947	0.01230	0.05711	0.01297	0.01619	0.01065	0.01835	0.18307	0.00450	0.00891	0.00494	0.00445	0.00756
23	0.01345	0.01266	0.02136	0.73264	0.04904	0.01582	0.01978	0.01819	0.01424	0.01819	0.01266	0.01898	0.00949	0.00712	0.00712	0.00237	0.00949	0.00633	0.00316	0.00791
24	0.01588	0.01648	0.02684	0.02151	0.02331	0.02086	0.18087	0.01855	0.01237	0.01855	0.01061	0.01648	0.00971	0.01085	0.01964	0.00294	0.55628	0.00677	0.00324	0.00824
25	0.01791	0.01699	0.01781	0.17173	0.11053	0.18852	0.01359	0.02170	0.04441	0.08203	0.13088	0.05449	0.07983	0.01000	0.00733	0.00219	0.00806	0.00833	0.00516	0.00850
26	0.02039	0.01818	0.01669	0.01463	0.01858	0.14984	0.01139	0.11042	0.35959	0.06945	0.11012	0.02609	0.02376	0.00966	0.00722	0.00224	0.00700	0.00776	0.00672	0.01027
27	0.02645	0.01269	0.01848	0.07262	0.06183	0.01177	0.04865	0.05555	0.01975	0.48519	0.05690	0.02635	0.05216	0.00908	0.00734	0.00223	0.00663	0.00773	0.00754	0.01105
28	0.01734	0.01775	0.02274	0.14922	0.19109	0.13280	0.06906	0.05297	0.01659	0.02122	0.01742	0.06272	0.05077	0.00895	0.00901	0.00225	0.09128	0.00738	0.00402	0.05541
29	0.01381	0.01144	0.01745	0.08966	0.16939	0.01120	0.05213	0.04258	0.01624	0.04914	0.05204	0.22593	0.10935	0.01319	0.00792	0.00239	0.00640	0.04211	0.00540	0.06223

[dist]
# distance from previous block
# <min> <max>
2	10

[block]
# block no. 8 follows, 29 sequences, length 30
# corresponding to MSA columns:
# 2464-2493
name=unknown_I
#
# <colnr> <probs for GDERKNQSTAVLIFYWHMCP>
#	G	D	E	R	K	N	Q	S	T	A	V	L	I	F	Y	W	H	M	C	P
0	0.04963	0.07786	0.29364	0.01907	0.05520	0.06600	0.05962	0.02189	0.03843	0.04435	0.05268	0.04474	0.01464	0.00874	0.00938	0.00233	0.12188	0.00659	0.00393	0.00939
1	0.21017	0.01465	0.04692	0.01271	0.01702	0.01462	0.01064	0.15664	0.01872	0.22717	0.01919	0.04513	0.01512	0.09759	0.01114	0.00284	0.05716	0.00688	0.00614	0.00954
2	0.01097	0.00880	0.01238	0.01564	0.14158	0.00852	0.00928	0.01304	0.01461	0.01961	0.09949	0.23285	0.14548	0.14295	0.05995	0.00386	0.00635	0.04228	0.00557	0.00677
3	0.05139	0.01351	0.01948	0.39796	0.08557	0.01564	0.01631	0.10334	0.07023	0.02377	0.01737	0.07176	0.01485	0.00896	0.00720	0.00236	0.00809	0.03563	0.00449	0.03209
4	0.02036	0.08550	0.05907	0.07172	0.16163	0.14499	0.14570	0.04709	0.03953	0.08803	0.01458	0.01728	0.01126	0.00731	0.00802	0.00217	0.05541	0.00628	0.00421	0.00985
5	0.01428	0.03683	0.71286	0.02030	0.03082	0.01654	0.02631	0.02255	0.01503	0.02255	0.01278	0.01503	0.00902	0.00677	0.00677	0.00226	0.01052	0.00526	0.00301	0.01052
6	0.01179	0.01002	0.01638	0.01475	0.01760	0.00950	0.13897	0.01537	0.01708	0.02248	0.14955	0.06209	0.14458	0.01591	0.00909	0.00280	0.00661	0.32215	0.00621	0.00709
7	0.01237	0.05893	0.01186	0.01018	0.01230	0.07309	0.00767	0.01412	0.01552	0.05021	0.07273	0.23249	0.28022	0.04689	0.04256	0.00302	0.02975	0.01347	0.00593	0.00668
8	0.01327	0.01145	0.01809	0.02570	0.33678	0.01131	0.01376	0.01588	0.01457	0.02017	0.02474	0.26908	0.02704	0.11260	0.01183	0.00309	0.00668	0.05089	0.00485	0.00821
9	0.01904	0.75404	0.03731	0.01218	0.01828	0.02818	0.01218	0.02132	0.01447	0.01675	0.00990	0.01142	0.00914	0.00609	0.00457	0.00152	0.00761	0.00381	0.00305	0.00914
10	0.00884	0.00681	0.00811	0.00884	0.01025	0.00608	0.00633	0.01064	0.01555	0.01994	0.12998	0.36644	0.31280	0.01958	0.00877	0.00263	0.00392	0.04174	0.00675	0.00601
11	0.01631	0.01626	0.02147	0.36611	0.18824	0.11637	0.01767	0.04422	0.01648	0.02069	0.04630	0.06797	0.01513	0.00839	0.00719	0.00226	0.00904	0.00732	0.00391	0.00868
12	0.01345	0.01266	0.02136	0.73264	0.04904	0.01582	0.01978	0.01819	0.01424	0.01819	0.01266	0.01898	0.00949	0.00712	0.00712	0.00237	0.00949	0.00633	0.00316	0.00791
13	0.00863	0.00636	0.00809	0.00947	0.01021	0.00582	0.00641	0.00997	0.01406	0.01835	0.04467	0.63353	0.15517	0.02160	0.00898	0.00281	0.00404	0.01938	0.00661	0.00582
14	0.01237	0.00618	0.00928	0.00928	0.00928	0.00618	0.00618	0.00928	0.00928	0.01237	0.01237	0.02165	0.01237	0.02474	0.02783	0.79283	0.00618	0.00618	0.00309	0.00309
15	0.01438	0.01354	0.01799	0.08758	0.21117	0.06987	0.04280	0.03808	0.01590	0.02026	0.03027	0.05671	0.17835	0.13353	0.01239	0.00306	0.00746	0.03404	0.00468	0.00794
16	0.01345	0.01266	0.02136	0.73264	0.04904	0.01582	0.01978	0.01819	0.01424	0.01819	0.01266	0.01898	0.00949	0.00712	0.00712	0.00237	0.00949	0.00633	0.00316	0.00791
17	0.02660	0.03394	0.02018	0.01834	0.02201	0.72116	0.01376	0.02843	0.02018	0.01743	0.01101	0.01284	0.00917	0.00734	0.00642	0.00183	0.01284	0.00459	0.00367	0.00825
18	0.00914	0.00650	0.00868	0.01025	0.01082	0.00617	0.00717	0.01060	0.01386	0.01841	0.03826	0.62166	0.04528	0.05549	0.01044	0.00313	0.00459	0.10724	0.00650	0.00582
19	0.62048	0.01285	0.01108	0.01003	0.01390	0.01488	0.00816	0.04520	0.01283	0.02954	0.01193	0.01489	0.00979	0.01553	0.14011	0.00395	0.00816	0.00467	0.00440	0.00763
20	0.01345	0.01266	0.02136	0.73264	0.04904	0.01582	0.01978	0.01819	0.01424	0.01819	0.01266	0.01898	0.00949	0.00712	0.00712	0.00237	0.00949	0.00633	0.00316	0.00791
21	0.01904	0.75404	0.03731	0.01218	0.01828	0.02818	0.01218	0.02132	0.01447	0.01675	0.00990	0.01142	0.00914	0.00609	0.00457	0.00152	0.00761	0.00381	0.00305	0.00914
22	0.04436	0.38442	0.02568	0.01200	0.01680	0.02091	0.01084	0.13952	0.01780	0.05001	0.01476	0.01683	0.01216	0.01189	0.07974	0.00273	0.00810	0.00521	0.11713	0.00909
23	0.01345	0.01266	0.02136	0.73264	0.04904	0.01582	0.01978	0.01819	0.01424	0.01819	0.01266	0.01898	0.00949	0.00712	0.00712	0.00237	0.00949	0.00633	0.00316	0.00791
24	0.01277	0.00855	0.01004	0.00927	0.01183	0.00785	0.00707	0.04070	0.04724	0.10190	0.27599	0.10181	0.30708	0.01539	0.00822	0.00235	0.00408	0.01314	0.00733	0.00738
25	0.01246	0.00740	0.00929	0.00935	0.01086	0.00679	0.00658	0.01418	0.01535	0.11273	0.13715	0.32618	0.11546	0.13236	0.01273	0.00322	0.00461	0.01463	0.04204	0.00661
26	0.05031	0.01944	0.01700	0.04594	0.04116	0.21335	0.01192	0.18594	0.09715	0.02724	0.01974	0.09050	0.01746	0.03200	0.00782	0.00231	0.00819	0.03295	0.07053	0.00905
27	0.01776	0.01165	0.04594	0.01252	0.01481	0.01169	0.01009	0.01970	0.01399	0.21544	0.03988	0.03001	0.01943	0.23533	0.11764	0.00506	0.15778	0.00806	0.00533	0.00790
28	0.01693	0.01565	0.01843	0.09634	0.02165	0.13993	0.11283	0.02137	0.09611	0.06671	0.01997	0.06074	0.01859	0.24478	0.01658	0.00374	0.00872	0.00851	0.00472	0.00768
29	0.32297	0.02046	0.01691	0.04468	0.01988	0.18791	0.01170	0.21610	0.02036	0.03107	0.01238	0.01397	0.00949	0.00760	0.00655	0.00214	0.03678	0.00498	0.00492	0.00914

[dist]
# distance from previous block
# <min> <max>
0	3

[block]
# block no. 9 follows, 29 sequences, length 18
# corresponding to MSA columns:
# 2497-2514
name=unknown_J
#
# <colnr> <probs for GDERKNQSTAVLIFYWHMCP>
#	G	D	E	R	K	N	Q	S	T	A	V	L	I	F	Y	W	H	M	C	P
0	0.01278	0.01182	0.01934	0.35798	0.12818	0.01297	0.05480	0.01669	0.01554	0.02038	0.09278	0.07610	0.13080	0.01042	0.00765	0.00236	0.00759	0.00940	0.00449	0.00792
1	0.04271	0.01324	0.04633	0.09318	0.04428	0.05631	0.01114	0.04890	0.11297	0.04889	0.12642	0.07279	0.09710	0.01538	0.05212	0.08852	0.00718	0.00914	0.00551	0.00788
2	0.02105	0.01037	0.01343	0.01130	0.01519	0.00911	0.00884	0.04809	0.01840	0.34380	0.09456	0.20007	0.06007	0.01260	0.00758	0.00225	0.00520	0.01083	0.00750	0.09976
3	0.01072	0.00837	0.01192	0.22165	0.02074	0.00916	0.00961	0.01252	0.01256	0.01652	0.02503	0.26583	0.02797	0.29457	0.01884	0.00427	0.00676	0.01239	0.00472	0.00585
4	0.01379	0.00811	0.01148	0.01108	0.01293	0.00836	0.00844	0.01608	0.01400	0.14239	0.06735	0.17214	0.02694	0.05965	0.38427	0.00736	0.01238	0.01047	0.00554	0.00724
5	0.01399	0.01188	0.01387	0.01022	0.01592	0.00905	0.00811	0.01709	0.01531	0.02343	0.07498	0.02120	0.05595	0.00681	0.00572	0.00124	0.00501	0.00559	0.00467	0.67996
6	0.01031	0.00708	0.00867	0.00867	0.00898	0.00739	0.00544	0.01094	0.01062	0.01448	0.02161	0.04202	0.02390	0.57842	0.20486	0.00802	0.00990	0.00968	0.00419	0.00482
7	0.00868	0.00620	0.00826	0.00991	0.01033	0.00578	0.00661	0.00991	0.01363	0.01818	0.03925	0.74510	0.04710	0.02231	0.00909	0.00289	0.00413	0.02024	0.00661	0.00578
8	0.02000	0.35533	0.03331	0.01769	0.02324	0.02259	0.17704	0.06703	0.01653	0.09482	0.01339	0.01560	0.01069	0.00729	0.00821	0.00204	0.09573	0.00577	0.00409	0.00961
9	0.01639	0.05029	0.13229	0.01367	0.01919	0.08780	0.03736	0.02009	0.01635	0.08500	0.04772	0.02877	0.11250	0.01084	0.03250	0.00225	0.00766	0.04543	0.00489	0.22901
10	0.04971	0.07054	0.01981	0.06115	0.05233	0.21207	0.02804	0.11013	0.04040	0.06769	0.01868	0.07653	0.04045	0.05052	0.00983	0.00246	0.06865	0.00737	0.00486	0.00878
11	0.00937	0.00675	0.00865	0.00917	0.01018	0.00627	0.00637	0.01137	0.01609	0.02196	0.30216	0.36565	0.09450	0.08426	0.01121	0.00296	0.00404	0.01611	0.00689	0.00604
12	0.00942	0.00732	0.00852	0.00893	0.01048	0.00678	0.00635	0.01227	0.05531	0.02077	0.16030	0.30693	0.28732	0.05363	0.00992	0.00277	0.00403	0.01592	0.00674	0.00627
13	0.05448	0.15132	0.15991	0.04688	0.08008	0.18441	0.06760	0.04761	0.01713	0.06488	0.01330	0.01547	0.01032	0.00707	0.00672	0.00202	0.02624	0.00539	0.02968	0.00948
14	0.01389	0.01002	0.01108	0.01023	0.01205	0.01056	0.00721	0.11475	0.11581	0.02349	0.07337	0.11216	0.05174	0.31676	0.01932	0.00420	0.00591	0.01051	0.06987	0.00707
15	0.00936	0.00703	0.00874	0.00924	0.01072	0.00641	0.00685	0.01166	0.01672	0.02216	0.26239	0.27212	0.22455	0.01839	0.00877	0.00259	0.00400	0.08506	0.00700	0.00623
16	0.26182	0.05212	0.01163	0.00990	0.01257	0.03652	0.00758	0.01880	0.08098	0.02456	0.04597	0.10449	0.02164	0.13223	0.01099	0.00299	0.00563	0.03653	0.11588	0.00716
17	0.01757	0.10917	0.04816	0.01983	0.14215	0.01699	0.06904	0.13731	0.09090	0.02600	0.01886	0.07766	0.01657	0.05566	0.00928	0.00246	0.03529	0.00772	0.08992	0.00947

[dist]
# distance from previous block
# <min> <max>
0	1

[block]
# block no. 10 follows, 29 sequences, length 7
# corresponding to MSA columns:
# 2516-2522
name=unknown_K
#
# <colnr> <probs for GDERKNQSTAVLIFYWHMCP>
#	G	D	E	R	K	N	Q	S	T	A	V	L	I	F	Y	W	H	M	C	P
0	0.00897	0.00662	0.00840	0.00925	0.01029	0.00605	0.00645	0.01081	0.01562	0.02085	0.20457	0.47024	0.15620	0.01975	0.00881	0.00266	0.00386	0.01763	0.00691	0.00605
1	0.01910	0.01771	0.01837	0.01672	0.09699	0.11939	0.01180	0.13100	0.06561	0.02638	0.01435	0.01600	0.01146	0.00655	0.00609	0.00156	0.00722	0.00514	0.00475	0.40382
