[name]
unknown

[dist]
# distance from previous block
# <min> <max>
0	133

[block]
# block no. 0 follows, 27 sequences, length 21
# corresponding to MSA columns:
# 159-179
name=unknown_A
#
# <colnr> <probs for GDERKNQSTAVLIFYWHMCP>
#	G	D	E	R	K	N	Q	S	T	A	V	L	I	F	Y	W	H	M	C	P
0	0.03507	0.07243	0.02105	0.26724	0.07944	0.06553	0.02956	0.01907	0.01496	0.03551	0.01653	0.04938	0.01504	0.01376	0.05391	0.06711	0.05708	0.05904	0.00401	0.02428
1	0.05400	0.03783	0.11973	0.03533	0.07356	0.01351	0.01342	0.02113	0.10218	0.04419	0.12557	0.03040	0.04649	0.01776	0.12292	0.00392	0.03861	0.02324	0.06733	0.00889
2	0.08064	0.18698	0.04602	0.14778	0.02438	0.03682	0.01304	0.09114	0.01758	0.06386	0.01574	0.04676	0.01295	0.00787	0.00617	0.00196	0.00746	0.00606	0.06828	0.11850
3	0.07929	0.01447	0.01423	0.07086	0.01789	0.13510	0.01047	0.06063	0.01537	0.02090	0.01761	0.02608	0.01619	0.12928	0.29723	0.00682	0.01346	0.00722	0.03953	0.00734
4	0.08151	0.01825	0.09155	0.03765	0.02007	0.08497	0.01264	0.07721	0.17817	0.11721	0.11686	0.02992	0.08188	0.01040	0.00742	0.00234	0.00705	0.00836	0.00654	0.00999
5	0.01841	0.10043	0.11158	0.01439	0.01988	0.12760	0.01306	0.05087	0.01787	0.06149	0.05209	0.08053	0.01950	0.00966	0.00690	0.00198	0.00789	0.05906	0.00500	0.22182
6	0.10032	0.01669	0.08662	0.03912	0.04875	0.08673	0.01180	0.07044	0.01772	0.04694	0.08066	0.14008	0.09566	0.05224	0.00910	0.00257	0.00705	0.00992	0.00553	0.07208
7	0.03540	0.13291	0.11921	0.01219	0.01683	0.01373	0.01138	0.01947	0.08868	0.02313	0.06419	0.14498	0.11987	0.01201	0.00708	0.00219	0.00605	0.00996	0.06904	0.09171
8	0.01510	0.01349	0.08573	0.07252	0.06878	0.01127	0.05297	0.01856	0.01500	0.09554	0.02244	0.14231	0.02114	0.07972	0.15206	0.00467	0.00993	0.00958	0.04022	0.06897
9	0.14340	0.02155	0.17406	0.02075	0.13119	0.05132	0.01670	0.11078	0.04490	0.02699	0.01502	0.01928	0.01237	0.05433	0.06760	0.00343	0.06584	0.00627	0.00442	0.00981
10	0.02642	0.03117	0.02032	0.01806	0.02201	0.55972	0.01372	0.11527	0.02292	0.02299	0.06654	0.01736	0.01482	0.00842	0.00696	0.00199	0.01189	0.00573	0.00466	0.00902
11	0.02083	0.16694	0.08322	0.01517	0.05883	0.01613	0.01286	0.07524	0.01814	0.16049	0.01743	0.04688	0.01380	0.00763	0.00631	0.00179	0.00702	0.00603	0.00530	0.25997
12	0.01747	0.04233	0.24162	0.04946	0.06727	0.05621	0.01657	0.02193	0.01676	0.13833	0.02653	0.18132	0.06910	0.01188	0.00774	0.00245	0.00803	0.01008	0.00538	0.00956
13	0.01065	0.00714	0.00814	0.00828	0.00832	0.00710	0.00469	0.01076	0.01108	0.01477	0.02483	0.10479	0.02880	0.68042	0.03546	0.00685	0.00696	0.01164	0.00469	0.00462
14	0.01379	0.02870	0.47497	0.07544	0.02803	0.01470	0.02144	0.02028	0.01525	0.02216	0.07043	0.02466	0.01730	0.12755	0.01225	0.00315	0.00965	0.00710	0.00378	0.00936
15	0.02149	0.02831	0.21519	0.07418	0.04617	0.26728	0.03924	0.02601	0.03701	0.08900	0.01479	0.01726	0.01120	0.00906	0.00883	0.06474	0.01077	0.00582	0.00418	0.00946
16	0.01063	0.00787	0.01152	0.01152	0.01270	0.00906	0.00877	0.01299	0.01181	0.01693	0.02026	0.03125	0.01946	0.12900	0.63759	0.01142	0.01852	0.00826	0.00403	0.00640
17	0.01061	0.00795	0.01193	0.01193	0.01326	0.00928	0.00928	0.01326	0.01193	0.01723	0.01988	0.02916	0.01856	0.05568	0.70968	0.01193	0.01988	0.00795	0.00398	0.00663
18	0.01486	0.01403	0.02267	0.24003	0.20536	0.01497	0.08118	0.02086	0.08966	0.02235	0.02719	0.06949	0.12543	0.01015	0.00789	0.00245	0.00811	0.00933	0.00471	0.00928
19	0.07216	0.13645	0.01936	0.01346	0.01723	0.03989	0.01122	0.07429	0.01775	0.19492	0.02335	0.12842	0.02116	0.01559	0.06641	0.00323	0.06914	0.06051	0.00608	0.00935
20	0.01589	0.01754	0.03705	0.02709	0.03343	0.01638	0.54092	0.02126	0.01712	0.02296	0.02274	0.10088	0.07104	0.00911	0.00884	0.00256	0.01092	0.01065	0.00435	0.00928

[dist]
# distance from previous block
# <min> <max>
4	7

[block]
# block no. 1 follows, 27 sequences, length 35
# corresponding to MSA columns:
# 188-204,225-242
name=unknown_B
#
# <colnr> <probs for GDERKNQSTAVLIFYWHMCP>
#	G	D	E	R	K	N	Q	S	T	A	V	L	I	F	Y	W	H	M	C	P
0	0.01606	0.07736	0.46043	0.01903	0.05155	0.01602	0.02162	0.02263	0.01586	0.06042	0.01579	0.06219	0.01276	0.00795	0.00689	0.00217	0.00929	0.00640	0.00390	0.11169
1	0.04837	0.08285	0.26879	0.01831	0.02511	0.19231	0.03406	0.08450	0.08102	0.02452	0.01499	0.01699	0.01158	0.01070	0.05196	0.00281	0.01104	0.00576	0.00424	0.01008
2	0.01575	0.03727	0.65706	0.02090	0.03155	0.01761	0.02657	0.06492	0.01691	0.02501	0.01361	0.01581	0.00961	0.00717	0.00708	0.00234	0.01079	0.00556	0.00341	0.01108
3	0.01111	0.00695	0.00901	0.00913	0.00978	0.00674	0.00612	0.01063	0.01243	0.01633	0.07325	0.10134	0.13919	0.17915	0.06272	0.31926	0.00652	0.01079	0.00482	0.00471
4	0.04461	0.22930	0.15725	0.04837	0.04627	0.10641	0.06729	0.07938	0.01773	0.02321	0.01255	0.01499	0.01010	0.00709	0.00693	0.00199	0.03438	0.00530	0.00385	0.08301
5	0.01888	0.16989	0.24634	0.01653	0.02320	0.09192	0.01708	0.02680	0.13778	0.07356	0.05322	0.02345	0.01753	0.00886	0.00695	0.00224	0.00873	0.04184	0.00494	0.01026
6	0.01083	0.00737	0.00885	0.00933	0.00969	0.00733	0.00609	0.01158	0.01228	0.01627	0.02802	0.12300	0.03204	0.53745	0.02997	0.00610	0.00684	0.12671	0.00516	0.00508
7	0.01130	0.00989	0.05369	0.01226	0.01428	0.00837	0.01059	0.01416	0.01579	0.02059	0.03990	0.13739	0.11749	0.12304	0.01375	0.00374	0.00652	0.37435	0.00628	0.00661
8	0.02053	0.07971	0.32815	0.01720	0.02460	0.01640	0.01880	0.02709	0.06087	0.21148	0.05139	0.02085	0.01578	0.00866	0.00847	0.00236	0.06475	0.00658	0.00537	0.01096
9	0.01763	0.01151	0.01361	0.01189	0.01514	0.01203	0.00939	0.14508	0.08280	0.10855	0.13067	0.03475	0.09765	0.02085	0.15483	0.00428	0.00842	0.00923	0.10265	0.00904
10	0.01456	0.01063	0.01160	0.01113	0.01375	0.03142	0.00852	0.09100	0.06617	0.06802	0.06037	0.21977	0.22803	0.01661	0.00846	0.00260	0.00526	0.06886	0.05533	0.00792
11	0.01975	0.01991	0.02634	0.24808	0.23729	0.13774	0.07584	0.10112	0.01921	0.02423	0.01385	0.01803	0.01086	0.00729	0.00739	0.00227	0.01019	0.00649	0.00404	0.01006
12	0.01720	0.01522	0.02143	0.13442	0.25249	0.01647	0.01627	0.07583	0.20098	0.02729	0.08150	0.02769	0.06212	0.00939	0.00764	0.00237	0.00734	0.00827	0.00557	0.01052
13	0.01779	0.04897	0.10792	0.01500	0.02109	0.01478	0.06371	0.15064	0.04105	0.02855	0.01800	0.05704	0.01517	0.00832	0.00670	0.00190	0.00720	0.02641	0.07823	0.27153
14	0.00903	0.00653	0.00855	0.01016	0.01072	0.00604	0.00681	0.01036	0.01438	0.01902	0.04306	0.69291	0.08907	0.02298	0.00943	0.00298	0.00427	0.02077	0.00689	0.00604
15	0.01704	0.01343	0.01625	0.01199	0.01789	0.01120	0.00968	0.02014	0.01553	0.08252	0.01428	0.01634	0.01152	0.00653	0.00745	0.00141	0.07348	0.00486	0.00471	0.64375
16	0.01591	0.01009	0.01155	0.01032	0.01369	0.00949	0.00802	0.02158	0.13457	0.16660	0.14693	0.05169	0.34080	0.01471	0.00828	0.00244	0.00463	0.01233	0.00768	0.00868
17	0.02674	0.01884	0.02054	0.01622	0.02177	0.02067	0.01325	0.46303	0.16943	0.11795	0.02175	0.02076	0.01540	0.00919	0.00746	0.00230	0.00747	0.00713	0.00765	0.01244
18	0.01052	0.00719	0.00856	0.00864	0.00907	0.00701	0.00534	0.01144	0.01344	0.01830	0.17066	0.13324	0.03906	0.49439	0.02802	0.00563	0.00604	0.01262	0.00559	0.00523
19	0.01402	0.01319	0.02227	0.72126	0.05113	0.01649	0.02062	0.01897	0.01484	0.01897	0.01319	0.01979	0.00990	0.00742	0.00742	0.00247	0.00990	0.00660	0.00330	0.00825
20	0.00985	0.00729	0.00904	0.00914	0.01062	0.00665	0.00655	0.01230	0.01798	0.02438	0.37643	0.21627	0.18229	0.06427	0.01079	0.00284	0.00398	0.01548	0.00739	0.00647
21	0.02281	0.02684	0.01811	0.01687	0.02018	0.46200	0.01258	0.02808	0.13953	0.02065	0.01998	0.14076	0.01879	0.01079	0.00733	0.00221	0.01045	0.00826	0.00503	0.00873
22	0.01784	0.01450	0.01739	0.10455	0.09337	0.06019	0.01316	0.02599	0.20193	0.08786	0.02770	0.06071	0.07205	0.01103	0.00865	0.00247	0.05307	0.04424	0.07371	0.00959
23	0.02759	0.02156	0.02049	0.01634	0.02160	0.13951	0.01321	0.45136	0.02983	0.10188	0.01826	0.01846	0.01310	0.00870	0.00714	0.00214	0.00856	0.00645	0.06230	0.01152
24	0.09227	0.01827	0.01828	0.01520	0.01917	0.13606	0.01226	0.13908	0.02079	0.21761	0.04286	0.02339	0.06308	0.01022	0.01021	0.00240	0.13527	0.00716	0.00630	0.01010
25	0.01633	0.07813	0.02224	0.01834	0.10718	0.01451	0.07669	0.04530	0.01600	0.02329	0.01516	0.05478	0.01369	0.03201	0.03040	0.00223	0.05231	0.00648	0.00430	0.37063
26	0.00990	0.00753	0.01114	0.01165	0.01261	0.00739	0.04425	0.01163	0.01379	0.01863	0.03469	0.52795	0.04026	0.07380	0.13254	0.00480	0.00765	0.01747	0.00606	0.00626
27	0.01919	0.01519	0.01709	0.01656	0.07526	0.08839	0.01157	0.18998	0.01904	0.02486	0.05197	0.02130	0.01534	0.01606	0.01745	0.31757	0.06405	0.00674	0.00473	0.00766
28	0.05513	0.04795	0.02332	0.17387	0.21575	0.06183	0.01706	0.07399	0.03839	0.10025	0.01665	0.04935	0.01354	0.00870	0.00869	0.00237	0.07123	0.00703	0.00476	0.01015
29	0.01525	0.01189	0.01736	0.06521	0.01927	0.01275	0.08760	0.11152	0.01662	0.04070	0.02352	0.21962	0.02462	0.14077	0.01703	0.07719	0.07474	0.01155	0.00530	0.00749
30	0.01515	0.01186	0.01384	0.01428	0.05843	0.01262	0.00989	0.02533	0.30681	0.05951	0.03684	0.19626	0.11492	0.07662	0.01073	0.00300	0.00557	0.01229	0.00689	0.00915
31	0.01392	0.01645	0.10176	0.16336	0.02637	0.04440	0.07180	0.01785	0.01614	0.02161	0.13137	0.03364	0.14628	0.01172	0.01122	0.00257	0.14728	0.00933	0.00478	0.00816
32	0.01591	0.09176	0.18715	0.07948	0.08294	0.01688	0.04039	0.04436	0.14374	0.02308	0.01842	0.02378	0.01544	0.10121	0.08058	0.00385	0.00980	0.00714	0.00447	0.00961
33	0.01671	0.01618	0.08043	0.07847	0.10120	0.10177	0.01320	0.01985	0.01686	0.09832	0.08984	0.14436	0.06870	0.07764	0.04071	0.00323	0.00819	0.01037	0.00549	0.00847
34	0.00931	0.00685	0.00895	0.01030	0.01115	0.00649	0.00722	0.01092	0.01453	0.01913	0.04345	0.54976	0.12939	0.02536	0.07067	0.00375	0.00574	0.05425	0.00663	0.00616

[dist]
# distance from previous block
# <min> <max>
25	42

[block]
# block no. 2 follows, 27 sequences, length 43
# corresponding to MSA columns:
# 302-344
name=unknown_C
#
# <colnr> <probs for GDERKNQSTAVLIFYWHMCP>
#	G	D	E	R	K	N	Q	S	T	A	V	L	I	F	Y	W	H	M	C	P
0	0.01670	0.01875	0.14730	0.12795	0.02769	0.01562	0.08981	0.15750	0.04266	0.02778	0.06294	0.07805	0.05568	0.01129	0.00814	0.00255	0.00846	0.08616	0.00548	0.00951
1	0.00932	0.00704	0.00854	0.00960	0.01080	0.00641	0.00682	0.01093	0.01517	0.01936	0.05096	0.41947	0.25616	0.06181	0.01091	0.00312	0.00452	0.07620	0.00675	0.00610
2	0.01633	0.01556	0.02645	0.36214	0.39216	0.01710	0.02177	0.02100	0.01594	0.02178	0.01360	0.01904	0.01089	0.00699	0.00738	0.00233	0.00932	0.00661	0.00350	0.01011
3	0.01781	0.01684	0.02810	0.19551	0.43366	0.01776	0.06321	0.05410	0.05460	0.02449	0.01496	0.01930	0.01196	0.00708	0.00747	0.00230	0.00911	0.00685	0.00399	0.01089
4	0.02167	0.25062	0.14155	0.02091	0.09759	0.25233	0.04842	0.04714	0.01816	0.02076	0.01209	0.01433	0.00995	0.00701	0.00636	0.00196	0.01059	0.00511	0.00361	0.00983
5	0.06098	0.09054	0.28640	0.01677	0.04670	0.01620	0.01735	0.06973	0.01703	0.05087	0.01379	0.01565	0.01050	0.00669	0.00627	0.00187	0.00822	0.00512	0.00418	0.25515
6	0.11850	0.04727	0.09916	0.02352	0.14978	0.11316	0.08630	0.14015	0.04486	0.05115	0.01471	0.01695	0.01130	0.00773	0.00779	0.00227	0.04399	0.00616	0.00473	0.01052
7	0.01100	0.00738	0.00962	0.01019	0.01111	0.00744	0.00742	0.01274	0.01412	0.01975	0.09456	0.18203	0.03549	0.19119	0.12321	0.04915	0.00775	0.12266	0.07727	0.00593
8	0.02260	0.08323	0.02295	0.04527	0.17995	0.06106	0.03885	0.04369	0.10061	0.21694	0.06782	0.02497	0.04135	0.00888	0.00733	0.00223	0.00759	0.00756	0.00619	0.01093
9	0.04804	0.02097	0.06825	0.20896	0.14201	0.14483	0.04797	0.05916	0.03940	0.02256	0.01331	0.01746	0.01067	0.00823	0.00973	0.00242	0.11640	0.00625	0.00388	0.00949
10	0.00956	0.00686	0.00828	0.00919	0.00981	0.00644	0.00594	0.01053	0.01356	0.01768	0.04075	0.41363	0.14252	0.24884	0.01831	0.00426	0.00513	0.01699	0.00614	0.00558
11	0.01479	0.01390	0.02219	0.33084	0.15029	0.01707	0.01826	0.01851	0.01395	0.01937	0.01353	0.02012	0.01149	0.01588	0.11744	0.00404	0.17950	0.00678	0.00346	0.00859
12	0.02227	0.08809	0.05288	0.15140	0.11223	0.14242	0.09652	0.12194	0.02031	0.09884	0.01541	0.01792	0.01152	0.00753	0.00719	0.00220	0.00992	0.00636	0.00475	0.01032
13	0.01219	0.00941	0.01322	0.05808	0.01497	0.01067	0.03401	0.01350	0.01226	0.01733	0.02171	0.13242	0.02328	0.27473	0.10199	0.05841	0.12018	0.01036	0.05524	0.00605
14	0.00895	0.00683	0.00824	0.00937	0.01051	0.00611	0.00646	0.01045	0.01515	0.01933	0.05274	0.50576	0.26997	0.02172	0.00923	0.00284	0.00412	0.01923	0.00689	0.00611
15	0.01104	0.00875	0.01152	0.01324	0.07488	0.00815	0.00934	0.01405	0.01818	0.02391	0.24216	0.06511	0.26841	0.01706	0.00904	0.00267	0.00498	0.18341	0.00696	0.00715
16	0.02547	0.12217	0.06071	0.01667	0.02173	0.29321	0.01394	0.18021	0.02283	0.09990	0.01682	0.06272	0.01383	0.00893	0.00690	0.00208	0.00991	0.00653	0.00535	0.01010
17	0.05858	0.07429	0.37333	0.02050	0.02848	0.01664	0.15917	0.02140	0.01564	0.02304	0.01749	0.12467	0.01573	0.00927	0.00750	0.00243	0.00980	0.00837	0.00392	0.00976
18	0.02045	0.58858	0.03419	0.01337	0.01893	0.13060	0.01241	0.02260	0.01570	0.01737	0.01135	0.01452	0.01067	0.05436	0.00721	0.00200	0.00871	0.00454	0.00336	0.00906
19	0.01691	0.02630	0.24663	0.01639	0.02166	0.22316	0.01603	0.02096	0.01659	0.01990	0.02278	0.10246	0.07868	0.06370	0.07228	0.00349	0.01085	0.00851	0.00427	0.00845
20	0.01627	0.01348	0.01923	0.42240	0.03608	0.01585	0.01581	0.15173	0.01813	0.02375	0.01634	0.02556	0.01413	0.16462	0.01393	0.00344	0.00896	0.00752	0.00441	0.00835
21	0.79154	0.01436	0.01091	0.00976	0.01436	0.01665	0.00804	0.02182	0.01263	0.03331	0.01034	0.01206	0.00804	0.00689	0.00459	0.00230	0.00574	0.00402	0.00459	0.00804
22	0.22587	0.01372	0.01464	0.01264	0.01671	0.01508	0.01013	0.12032	0.15101	0.11897	0.09029	0.02488	0.02106	0.01636	0.11289	0.00379	0.00810	0.00731	0.00648	0.00974
23	0.00904	0.00691	0.00831	0.00927	0.01052	0.00618	0.00645	0.01069	0.01563	0.02005	0.09563	0.45315	0.27919	0.02114	0.00918	0.00279	0.00406	0.01866	0.00698	0.00618
24	0.02016	0.01575	0.01789	0.01485	0.01873	0.05454	0.05347	0.24760	0.10493	0.05442	0.09542	0.03273	0.02454	0.12052	0.01230	0.00308	0.00744	0.05002	0.04197	0.00964
25	0.01633	0.01580	0.02215	0.60449	0.04645	0.08099	0.01956	0.06779	0.01689	0.02094	0.01338	0.01906	0.01007	0.00755	0.00736	0.00240	0.01009	0.00644	0.00365	0.00860
26	0.01752	0.02003	0.04380	0.03129	0.03880	0.01877	0.66583	0.02378	0.01752	0.02378	0.01502	0.02003	0.01126	0.00626	0.00876	0.00250	0.01252	0.00876	0.00375	0.01001
27	0.01489	0.03840	0.70064	0.02116	0.03213	0.01724	0.02743	0.02351	0.01567	0.02351	0.01332	0.01567	0.00940	0.00705	0.00705	0.00235	0.01097	0.00549	0.00313	0.01097
28	0.01602	0.01028	0.01213	0.01172	0.01430	0.01050	0.00872	0.02351	0.20901	0.12974	0.03610	0.32034	0.06478	0.01565	0.00817	0.00261	0.00497	0.01370	0.07891	0.00882
29	0.01301	0.00814	0.01073	0.00976	0.01195	0.00743	0.00743	0.01644	0.02104	0.10314	0.61645	0.05214	0.06437	0.01452	0.00861	0.00233	0.00381	0.01277	0.00828	0.00762
30	0.02822	0.02079	0.02228	0.01708	0.02302	0.02302	0.01411	0.66804	0.03490	0.04679	0.01782	0.01782	0.01262	0.00891	0.00743	0.00223	0.00817	0.00668	0.00743	0.01262
31	0.01196	0.00854	0.01196	0.01367	0.01538	0.00854	0.01196	0.01538	0.01709	0.02222	0.03931	0.08374	0.04272	0.02051	0.01025	0.00342	0.00684	0.64283	0.00684	0.00684
32	0.00920	0.00665	0.00870	0.01006	0.01076	0.00616	0.00683	0.01078	0.01516	0.02027	0.11819	0.61638	0.08927	0.02206	0.00935	0.00291	0.00418	0.01989	0.00704	0.00616
33	0.01539	0.01319	0.01539	0.01100	0.01759	0.00990	0.00880	0.01869	0.01539	0.02419	0.01319	0.01539	0.01100	0.00550	0.00550	0.00110	0.00550	0.00440	0.00440	0.78449
34	0.01440	0.00983	0.01168	0.01000	0.01312	0.00910	0.00775	0.07664	0.02026	0.05213	0.35724	0.03855	0.04275	0.01143	0.00733	0.00199	0.00437	0.00976	0.15788	0.14379
35	0.01123	0.00727	0.00917	0.00998	0.01136	0.00653	0.00699	0.01279	0.01546	0.08194	0.04743	0.52210	0.18801	0.02097	0.00913	0.00284	0.00437	0.01864	0.00710	0.00669
36	0.01417	0.00852	0.01041	0.00978	0.01119	0.00853	0.00674	0.04642	0.01478	0.09409	0.08600	0.08578	0.02906	0.36505	0.11570	0.00593	0.00803	0.01048	0.06275	0.00658
37	0.00904	0.00646	0.00861	0.01034	0.01077	0.00603	0.00689	0.01034	0.01421	0.01895	0.04092	0.73426	0.04910	0.02326	0.00948	0.00301	0.00431	0.02110	0.00689	0.00603
38	0.01890	0.52636	0.06045	0.01817	0.12109	0.02535	0.01470	0.02284	0.04931	0.01970	0.01371	0.01807	0.01248	0.00744	0.00571	0.00187	0.00802	0.04229	0.00369	0.00987
39	0.01188	0.00930	0.01152	0.01031	0.01346	0.00788	0.00794	0.01488	0.01758	0.02508	0.27848	0.14868	0.08195	0.01400	0.00796	0.00215	0.00459	0.06998	0.00657	0.25578
40	0.01751	0.01965	0.05803	0.18188	0.19178	0.08133	0.26820	0.02258	0.01694	0.02215	0.01487	0.04323	0.01215	0.00733	0.00791	0.00238	0.01082	0.00772	0.00373	0.00981
41	0.01655	0.01787	0.11992	0.01357	0.02040	0.01294	0.01252	0.07938	0.01701	0.02582	0.01345	0.01571	0.01084	0.00647	0.00697	0.00151	0.04707	0.00489	0.00442	0.55269
42	0.15975	0.04999	0.07688	0.01697	0.02113	0.27777	0.01433	0.06801	0.07896	0.02430	0.01324	0.01540	0.01072	0.00865	0.00945	0.00231	0.13315	0.00543	0.00436	0.00920

[dist]
# distance from previous block
# <min> <max>
0	1

[block]
# block no. 3 follows, 27 sequences, length 24
# corresponding to MSA columns:
# 346-369
name=unknown_D
#
# <colnr> <probs for GDERKNQSTAVLIFYWHMCP>
#	G	D	E	R	K	N	Q	S	T	A	V	L	I	F	Y	W	H	M	C	P
0	0.01490	0.09923	0.22109	0.01700	0.02099	0.01838	0.01687	0.01848	0.01318	0.01912	0.01496	0.06858	0.01466	0.10031	0.04070	0.00356	0.27840	0.00748	0.00363	0.00848
1	0.02014	0.01990	0.01786	0.19201	0.02607	0.25616	0.01329	0.07178	0.01880	0.05744	0.07034	0.02526	0.01824	0.12026	0.01184	0.00293	0.00963	0.00722	0.03260	0.00822
2	0.00966	0.00756	0.00875	0.00845	0.01057	0.00664	0.00634	0.01237	0.01901	0.02502	0.38868	0.06328	0.37321	0.01695	0.00876	0.00242	0.00363	0.01452	0.00755	0.00664
3	0.00926	0.00667	0.00880	0.01029	0.01095	0.00621	0.00706	0.01083	0.01494	0.01993	0.08998	0.63164	0.07552	0.02237	0.00943	0.00296	0.00433	0.04571	0.00698	0.00614
4	0.01985	0.74357	0.03890	0.01270	0.01905	0.02937	0.01270	0.02223	0.01508	0.01747	0.01032	0.01191	0.00953	0.00635	0.00476	0.00159	0.00794	0.00397	0.00318	0.00953
5	0.01070	0.00776	0.01024	0.01151	0.01289	0.00747	0.00919	0.01319	0.01617	0.02106	0.07854	0.24178	0.12214	0.06589	0.01153	0.00339	0.00567	0.33766	0.00678	0.00643
6	0.01384	0.00692	0.00692	0.00692	0.00865	0.00692	0.00519	0.01730	0.01557	0.02768	0.02422	0.02768	0.01903	0.00865	0.00519	0.00173	0.00346	0.00692	0.78031	0.00692
7	0.03240	0.01410	0.01813	0.01390	0.01968	0.01308	0.01148	0.14942	0.02370	0.58124	0.02723	0.02393	0.01735	0.00914	0.00746	0.00228	0.00665	0.00733	0.00887	0.01263
8	0.03210	0.01458	0.01843	0.01413	0.01992	0.01379	0.01167	0.18658	0.02450	0.54294	0.02656	0.02350	0.01701	0.00912	0.00746	0.00228	0.00676	0.00728	0.00877	0.01263
9	0.01539	0.01319	0.01539	0.01100	0.01759	0.00990	0.00880	0.01869	0.01539	0.02419	0.01319	0.01539	0.01100	0.00550	0.00550	0.00110	0.00550	0.00440	0.00440	0.78449
10	0.79154	0.01436	0.01091	0.00976	0.01436	0.01665	0.00804	0.02182	0.01263	0.03331	0.01034	0.01206	0.00804	0.00689	0.00459	0.00230	0.00574	0.00402	0.00459	0.00804
11	0.02254	0.01652	0.01868	0.01589	0.02035	0.01797	0.01336	0.44007	0.02868	0.03820	0.02533	0.04085	0.02314	0.01296	0.00841	0.00264	0.00770	0.22888	0.00722	0.01060
12	0.01837	0.01764	0.03013	0.04557	0.69279	0.01764	0.02278	0.02278	0.01690	0.02425	0.01396	0.01837	0.01176	0.00661	0.00735	0.00220	0.00882	0.00661	0.00367	0.01176
13	0.01749	0.01392	0.01555	0.01383	0.01716	0.01579	0.01066	0.14262	0.33059	0.02866	0.02486	0.02908	0.02058	0.11873	0.16141	0.00511	0.00945	0.00832	0.00635	0.00983
14	0.01833	0.01227	0.01441	0.01332	0.01650	0.01290	0.01025	0.11136	0.21435	0.13117	0.03277	0.27659	0.03125	0.01509	0.00838	0.00268	0.00577	0.05544	0.00751	0.00967
15	0.01767	0.02489	0.17893	0.02836	0.03634	0.06523	0.48887	0.02412	0.01738	0.02334	0.01443	0.01867	0.01076	0.00652	0.00827	0.00243	0.01225	0.00781	0.00363	0.01012
16	0.00887	0.00744	0.00771	0.00783	0.01013	0.00628	0.00580	0.01078	0.01688	0.02039	0.09934	0.12428	0.61086	0.01900	0.00883	0.00254	0.00379	0.01601	0.00695	0.00628
17	0.00936	0.00686	0.00879	0.00974	0.01075	0.00629	0.00676	0.01125	0.01618	0.02167	0.19976	0.48787	0.13584	0.02076	0.00921	0.00279	0.00405	0.01858	0.00720	0.00629
18	0.01985	0.74357	0.03890	0.01270	0.01905	0.02937	0.01270	0.02223	0.01508	0.01747	0.01032	0.01191	0.00953	0.00635	0.00476	0.00159	0.00794	0.00397	0.00318	0.00953
19	0.01361	0.01090	0.04188	0.01422	0.01693	0.01028	0.04718	0.01832	0.06485	0.06371	0.03279	0.09175	0.05653	0.02560	0.16480	0.00502	0.00985	0.29793	0.00609	0.00779
20	0.01032	0.00754	0.00989	0.01073	0.01217	0.00710	0.00831	0.01297	0.01738	0.02324	0.23513	0.26472	0.12477	0.01955	0.00942	0.00288	0.00477	0.20527	0.00725	0.00659
21	0.01787	0.02162	0.13001	0.01938	0.02328	0.13671	0.10642	0.02140	0.01580	0.05720	0.01834	0.12693	0.01764	0.01183	0.01262	0.00269	0.21127	0.03577	0.00442	0.00880
22	0.05988	0.01285	0.01578	0.01365	0.01666	0.01374	0.04451	0.19293	0.11002	0.02828	0.06667	0.13325	0.02326	0.01591	0.01347	0.20888	0.00659	0.00950	0.00595	0.00824
23	0.05138	0.11505	0.02240	0.10102	0.04928	0.06505	0.04790	0.13370	0.06987	0.07561	0.02530	0.02632	0.11678	0.00990	0.00835	0.00231	0.05693	0.00774	0.00543	0.00969

[dist]
# distance from previous block
# <min> <max>
10	235

[block]
# block no. 4 follows, 27 sequences, length 26
# corresponding to MSA columns:
# 605-630
name=unknown_E
#
# <colnr> <probs for GDERKNQSTAVLIFYWHMCP>
#	G	D	E	R	K	N	Q	S	T	A	V	L	I	F	Y	W	H	M	C	P
0	0.02131	0.19962	0.02663	0.01661	0.02170	0.13352	0.12080	0.16088	0.02081	0.02702	0.01577	0.01802	0.01244	0.00757	0.00641	0.00196	0.00873	0.00609	0.16454	0.00958
1	0.02088	0.01322	0.02053	0.01586	0.02060	0.01227	0.15311	0.04527	0.06098	0.24729	0.08876	0.03248	0.06778	0.10672	0.01188	0.00295	0.00734	0.00915	0.00667	0.05627
2	0.01932	0.06748	0.03030	0.07680	0.31591	0.03872	0.13595	0.09690	0.06325	0.02591	0.01512	0.01865	0.01207	0.00741	0.00825	0.00230	0.04355	0.00689	0.00430	0.01090
3	0.01724	0.01310	0.02142	0.60302	0.04576	0.01556	0.01900	0.02184	0.01591	0.13236	0.01588	0.02071	0.01131	0.00772	0.00743	0.00244	0.00930	0.00674	0.00428	0.00898
4	0.01584	0.01030	0.01202	0.01124	0.01400	0.01050	0.00851	0.02362	0.20384	0.11662	0.15832	0.17624	0.07854	0.01391	0.00791	0.00245	0.00472	0.01202	0.11056	0.00884
5	0.07111	0.08303	0.02137	0.06313	0.02210	0.06211	0.08615	0.16573	0.13059	0.02921	0.01895	0.02232	0.01513	0.06427	0.00915	0.00257	0.00785	0.00700	0.10858	0.00966
6	0.01652	0.01411	0.01750	0.01959	0.13042	0.01551	0.01331	0.02990	0.39166	0.02734	0.03004	0.08504	0.02663	0.01247	0.00819	0.00268	0.00645	0.13557	0.00672	0.01038
7	0.01085	0.12956	0.01367	0.01073	0.01215	0.00993	0.00786	0.01232	0.01436	0.01870	0.03581	0.61363	0.04249	0.02043	0.00869	0.00278	0.00491	0.01824	0.00627	0.00661
8	0.02564	0.01368	0.01644	0.01314	0.01772	0.01347	0.01049	0.21982	0.02378	0.32324	0.07244	0.05183	0.06492	0.08561	0.01080	0.00282	0.00655	0.00891	0.00789	0.01081
9	0.01711	0.01613	0.02224	0.13619	0.02508	0.02145	0.01649	0.07883	0.05691	0.02154	0.01237	0.01771	0.01086	0.01150	0.01891	0.00298	0.49436	0.00665	0.00391	0.00879
10	0.01629	0.02104	0.14089	0.27902	0.03818	0.06426	0.18083	0.02146	0.01553	0.02070	0.01303	0.01819	0.01011	0.00794	0.01023	0.00254	0.12039	0.00681	0.00341	0.00914
11	0.14203	0.00927	0.01009	0.01028	0.01236	0.00949	0.00771	0.06419	0.01662	0.02555	0.07842	0.32027	0.09816	0.01658	0.00796	0.00262	0.00483	0.06147	0.09496	0.00712
12	0.01922	0.06388	0.02193	0.02474	0.25536	0.05961	0.01516	0.06397	0.06408	0.09688	0.13212	0.03260	0.02623	0.01033	0.00773	0.00234	0.00744	0.08034	0.00584	0.01020
13	0.04308	0.01782	0.02169	0.17808	0.14876	0.10966	0.01648	0.06988	0.07103	0.04791	0.06658	0.02127	0.01625	0.00920	0.01017	0.00244	0.12848	0.00697	0.00469	0.00956
14	0.14176	0.00897	0.00968	0.00938	0.01201	0.00860	0.00724	0.01526	0.01716	0.06959	0.19624	0.12490	0.28061	0.01592	0.00815	0.00253	0.00446	0.05342	0.00695	0.00717
15	0.07147	0.04686	0.01827	0.01418	0.01842	0.10656	0.01145	0.14516	0.02039	0.06266	0.12676	0.02254	0.02094	0.00937	0.00909	0.00208	0.10269	0.00679	0.00559	0.17874
16	0.02299	0.02113	0.13286	0.01601	0.02198	0.01899	0.01477	0.43582	0.02842	0.03941	0.06931	0.02148	0.01723	0.00905	0.00721	0.00220	0.00774	0.00703	0.09510	0.01127
17	0.01974	0.01983	0.01715	0.01352	0.01925	0.21981	0.01054	0.02261	0.01730	0.04676	0.01326	0.01515	0.01083	0.00628	0.00593	0.00139	0.00790	0.00462	0.00440	0.52373
18	0.02217	0.01538	0.01590	0.01346	0.01730	0.07736	0.01058	0.25434	0.02420	0.13556	0.08704	0.14307	0.02559	0.01179	0.00754	0.00228	0.00665	0.00971	0.11021	0.00987
19	0.01779	0.01131	0.01345	0.01161	0.01542	0.01063	0.00915	0.08856	0.07050	0.14671	0.09285	0.12947	0.10403	0.01284	0.00771	0.00227	0.00536	0.05244	0.05934	0.13857
20	0.20141	0.01115	0.01244	0.01075	0.01468	0.01091	0.00854	0.02438	0.04091	0.27284	0.08508	0.09502	0.10039	0.01152	0.00706	0.00235	0.00524	0.00933	0.06669	0.00929
21	0.01051	0.00805	0.00970	0.00936	0.01136	0.00752	0.00698	0.01462	0.06395	0.02664	0.44389	0.10961	0.21749	0.01634	0.00873	0.00244	0.00379	0.01423	0.00772	0.00707
22	0.01770	0.01904	0.13044	0.01537	0.02060	0.01707	0.01385	0.10465	0.39962	0.03066	0.07391	0.02979	0.07371	0.01045	0.00763	0.00244	0.00667	0.00861	0.00679	0.01098
23	0.01918	0.01872	0.01453	0.01287	0.01602	0.25627	0.00987	0.02193	0.01715	0.02299	0.01677	0.01971	0.01364	0.00810	0.00724	0.00181	0.06273	0.00571	0.31732	0.13746
24	0.01765	0.01521	0.01488	0.01268	0.01625	0.10485	0.00973	0.16713	0.01955	0.02522	0.02568	0.03032	0.11957	0.09464	0.11057	0.05590	0.00916	0.00804	0.00528	0.13768
25	0.02067	0.52781	0.03283	0.01396	0.01961	0.11804	0.01276	0.02609	0.12681	0.01983	0.01380	0.01474	0.01173	0.00715	0.00549	0.00179	0.00832	0.00482	0.00399	0.00978

[dist]
# distance from previous block
# <min> <max>
0	12

[block]
# block no. 5 follows, 27 sequences, length 10
# corresponding to MSA columns:
# 643-652
name=unknown_F
#
# <colnr> <probs for GDERKNQSTAVLIFYWHMCP>
#	G	D	E	R	K	N	Q	S	T	A	V	L	I	F	Y	W	H	M	C	P
0	0.13100	0.01286	0.01641	0.01276	0.01836	0.01165	0.01054	0.03433	0.02014	0.61231	0.02685	0.02357	0.01704	0.00889	0.00710	0.00230	0.00624	0.00702	0.00860	0.01204
1	0.05654	0.01694	0.01847	0.01485	0.01984	0.01832	0.01203	0.38790	0.11689	0.11225	0.06426	0.04973	0.05754	0.01044	0.00756	0.00233	0.00689	0.00830	0.00751	0.01139
2	0.01745	0.01402	0.01755	0.18631	0.11070	0.07613	0.01343	0.05806	0.01733	0.09769	0.05204	0.06553	0.07153	0.13715	0.01297	0.00322	0.00801	0.02713	0.00526	0.00849
3	0.01066	0.00719	0.00836	0.00865	0.00879	0.00714	0.00517	0.01099	0.01152	0.01533	0.02623	0.12787	0.03033	0.61950	0.03310	0.00652	0.00685	0.04610	0.00489	0.00480
4	0.01770	0.01312	0.01563	0.01128	0.01777	0.01003	0.00907	0.02095	0.01615	0.11099	0.01527	0.01667	0.01195	0.00597	0.00575	0.00125	0.00560	0.00479	0.00502	0.68504
5	0.01828	0.01646	0.01752	0.01798	0.09369	0.12035	0.01248	0.15350	0.08515	0.02585	0.02144	0.12050	0.01983	0.02420	0.21246	0.00515	0.01170	0.00892	0.00539	0.00917
6	0.09911	0.00911	0.01000	0.01037	0.01217	0.00936	0.00750	0.01616	0.10610	0.02198	0.03893	0.28917	0.14446	0.12834	0.01294	0.00345	0.00523	0.06235	0.00635	0.00691
7	0.01291	0.00913	0.01332	0.04262	0.05424	0.00987	0.01008	0.01544	0.01444	0.07146	0.09919	0.16653	0.02940	0.06335	0.31081	0.00682	0.04670	0.01098	0.00535	0.00736
8	0.05644	0.19357	0.02109	0.01306	0.01776	0.15714	0.01077	0.07448	0.01855	0.02364	0.08598	0.06458	0.06438	0.00941	0.00646	0.00187	0.00753	0.00720	0.00494	0.16113
9	0.02040	0.24046	0.05015	0.02249	0.19793	0.08924	0.01539	0.08353	0.04712	0.05729	0.09054	0.02068	0.01822	0.00810	0.00667	0.00203	0.00817	0.00648	0.00481	0.01032

[dist]
# distance from previous block
# <min> <max>
3	26

[block]
# block no. 6 follows, 27 sequences, length 78
# corresponding to MSA columns:
# 714-791
name=unknown_G
#
# <colnr> <probs for GDERKNQSTAVLIFYWHMCP>
#	G	D	E	R	K	N	Q	S	T	A	V	L	I	F	Y	W	H	M	C	P
0	0.01068	0.00719	0.00831	0.00841	0.00850	0.00723	0.00486	0.01089	0.01105	0.01479	0.02424	0.08753	0.02788	0.66510	0.06798	0.00718	0.00763	0.01126	0.00461	0.00469
1	0.01995	0.60416	0.03561	0.05479	0.02126	0.08311	0.01349	0.02240	0.01535	0.01763	0.01055	0.01272	0.00956	0.00688	0.00615	0.00176	0.04776	0.00433	0.00324	0.00930
2	0.01682	0.01446	0.02177	0.34559	0.18288	0.01637	0.01780	0.10837	0.04860	0.02516	0.01725	0.06173	0.01426	0.00858	0.00736	0.00236	0.00841	0.00756	0.06510	0.00955
3	0.00983	0.00805	0.00926	0.00887	0.01096	0.00749	0.00674	0.01227	0.01806	0.02340	0.29048	0.06253	0.42900	0.01717	0.00967	0.00249	0.04563	0.01433	0.00714	0.00664
4	0.01026	0.00807	0.01184	0.01225	0.01346	0.00775	0.05869	0.01308	0.05315	0.02003	0.03827	0.63733	0.04460	0.02116	0.00931	0.00295	0.00504	0.01940	0.00668	0.00667
5	0.02591	0.01064	0.01389	0.01132	0.01558	0.00946	0.00910	0.02890	0.01963	0.45953	0.08428	0.05793	0.02417	0.01016	0.00714	0.00220	0.00534	0.00841	0.18584	0.01057
6	0.01985	0.74357	0.03890	0.01270	0.01905	0.02937	0.01270	0.02223	0.01508	0.01747	0.01032	0.01191	0.00953	0.00635	0.00476	0.00159	0.00794	0.00397	0.00318	0.00953
7	0.01297	0.00940	0.01180	0.01099	0.01326	0.00926	0.00867	0.09670	0.02215	0.03074	0.50285	0.05512	0.05854	0.01522	0.00882	0.00249	0.00461	0.11084	0.00787	0.00769
8	0.01435	0.01214	0.01424	0.01077	0.01645	0.00928	0.00843	0.01735	0.01532	0.02338	0.01918	0.10398	0.04470	0.00820	0.00612	0.00139	0.00528	0.00688	0.00480	0.65776
9	0.01384	0.00692	0.00692	0.00692	0.00865	0.00692	0.00519	0.01730	0.01557	0.02768	0.02422	0.02768	0.01903	0.00865	0.00519	0.00173	0.00346	0.00692	0.78031	0.00692
10	0.02769	0.02053	0.02198	0.01697	0.02282	0.02277	0.01398	0.63364	0.07018	0.04593	0.01850	0.01836	0.01317	0.00898	0.00743	0.00224	0.00804	0.00678	0.00743	0.01258
11	0.52826	0.01184	0.00956	0.00880	0.01242	0.01336	0.00707	0.02029	0.01363	0.03140	0.01504	0.01735	0.01176	0.00749	0.00480	0.00211	0.00497	0.00500	0.26720	0.00766
12	0.01985	0.74357	0.03890	0.01270	0.01905	0.02937	0.01270	0.02223	0.01508	0.01747	0.01032	0.01191	0.00953	0.00635	0.00476	0.00159	0.00794	0.00397	0.00318	0.00953
13	0.79154	0.01436	0.01091	0.00976	0.01436	0.01665	0.00804	0.02182	0.01263	0.03331	0.01034	0.01206	0.00804	0.00689	0.00459	0.00230	0.00574	0.00402	0.00459	0.00804
14	0.01846	0.01595	0.01679	0.01511	0.01930	0.01846	0.01175	0.03945	0.67938	0.03105	0.03022	0.02770	0.02266	0.01007	0.00755	0.00252	0.00588	0.00839	0.00755	0.01175
15	0.01220	0.00838	0.01118	0.01241	0.01395	0.00829	0.00987	0.01587	0.05880	0.05255	0.03890	0.33765	0.04286	0.02041	0.00964	0.00315	0.00574	0.32406	0.00701	0.00710
16	0.01402	0.01319	0.02227	0.72126	0.05113	0.01649	0.02062	0.01897	0.01484	0.01897	0.01319	0.01979	0.00990	0.00742	0.00742	0.00247	0.00990	0.00660	0.00330	0.00825
17	0.01837	0.01764	0.03013	0.04557	0.69279	0.01764	0.02278	0.02278	0.01690	0.02425	0.01396	0.01837	0.01176	0.00661	0.00735	0.00220	0.00882	0.00661	0.00367	0.01176
18	0.02711	0.15824	0.02406	0.01677	0.02175	0.35173	0.01356	0.16373	0.02291	0.11087	0.01488	0.01557	0.01133	0.00788	0.00660	0.00197	0.01039	0.00538	0.00515	0.01014
19	0.14825	0.01223	0.01492	0.14007	0.02218	0.01182	0.01092	0.02048	0.01614	0.11639	0.05436	0.02839	0.07962	0.00923	0.00672	0.00205	0.00628	0.04655	0.00545	0.24795
20	0.02047	0.49942	0.14385	0.01525	0.02190	0.15109	0.01541	0.02379	0.01626	0.01858	0.01102	0.01279	0.00951	0.00670	0.00549	0.00177	0.00943	0.00437	0.00329	0.00960
21	0.00894	0.00726	0.00793	0.00833	0.01027	0.00625	0.00603	0.01077	0.01648	0.02034	0.10235	0.23561	0.49417	0.01970	0.00895	0.00262	0.00388	0.01689	0.00697	0.00625
22	0.01271	0.00645	0.00962	0.00970	0.00972	0.00643	0.00647	0.00970	0.00989	0.01319	0.01425	0.05696	0.01464	0.02567	0.02807	0.74626	0.00634	0.00716	0.00340	0.00336
23	0.01621	0.01584	0.04845	0.14947	0.21255	0.04777	0.01601	0.06327	0.10584	0.02455	0.05313	0.10842	0.08536	0.01089	0.00779	0.00242	0.00765	0.00955	0.00522	0.00961
24	0.02286	0.02328	0.02287	0.02574	0.22627	0.24094	0.01614	0.14927	0.11457	0.02734	0.01880	0.02025	0.04185	0.00839	0.00724	0.00217	0.00954	0.00668	0.00512	0.01067
25	0.01289	0.00645	0.00967	0.00967	0.00967	0.00645	0.00645	0.00967	0.00967	0.01289	0.01289	0.02257	0.01289	0.02579	0.02901	0.78401	0.00645	0.00645	0.00322	0.00322
26	0.02215	0.02117	0.02510	0.08898	0.31220	0.14475	0.01828	0.18403	0.06045	0.02866	0.01534	0.01799	0.01205	0.00764	0.00727	0.00220	0.00941	0.00640	0.00482	0.01110
27	0.01910	0.01232	0.01507	0.01149	0.01707	0.00998	0.00915	0.02280	0.03892	0.18830	0.07916	0.05650	0.02027	0.00826	0.00653	0.00164	0.00547	0.00688	0.00612	0.46495
28	0.08362	0.01935	0.18766	0.04823	0.02147	0.01518	0.01455	0.06372	0.20541	0.02735	0.10010	0.05135	0.02353	0.06976	0.03431	0.00313	0.00774	0.00829	0.00565	0.00960
29	0.21087	0.02383	0.01991	0.02091	0.13736	0.28941	0.01414	0.11691	0.02007	0.02718	0.01386	0.01790	0.01158	0.00807	0.00657	0.00217	0.00968	0.03542	0.00464	0.00951
30	0.41048	0.01468	0.01481	0.01205	0.01725	0.01553	0.00994	0.12079	0.01894	0.27211	0.01818	0.01760	0.01239	0.00800	0.00603	0.00229	0.00630	0.00563	0.00664	0.01034
31	0.01091	0.00911	0.01015	0.01104	0.01202	0.06170	0.00774	0.01253	0.01451	0.01875	0.05586	0.46381	0.07040	0.06207	0.13796	0.00471	0.00794	0.01644	0.00605	0.00631
32	0.06786	0.02192	0.02152	0.01804	0.02114	0.17586	0.01463	0.23632	0.02141	0.02842	0.01284	0.01589	0.01056	0.01009	0.01365	0.00256	0.28671	0.00603	0.00484	0.00972
33	0.00960	0.00686	0.00923	0.01083	0.01154	0.00649	0.00773	0.01136	0.01506	0.02008	0.07612	0.59074	0.04920	0.02237	0.00956	0.00304	0.00468	0.12234	0.00695	0.00621
34	0.01502	0.01425	0.01963	0.01710	0.01716	0.01935	0.01382	0.01639	0.01129	0.01721	0.01265	0.02266	0.01325	0.14687	0.05523	0.00433	0.56556	0.00734	0.00351	0.00740
35	0.01936	0.01681	0.02721	0.11787	0.24945	0.01709	0.13538	0.13805	0.02043	0.05989	0.06820	0.02182	0.01642	0.00780	0.00764	0.00225	0.00880	0.00747	0.00497	0.05311
36	0.01216	0.01023	0.01506	0.05238	0.18523	0.00992	0.01170	0.01522	0.01733	0.02344	0.20222	0.18148	0.16084	0.01526	0.00858	0.00255	0.00558	0.05666	0.00623	0.00793
37	0.01752	0.02003	0.04380	0.03129	0.03880	0.01877	0.66583	0.02378	0.01752	0.02378	0.01502	0.02003	0.01126	0.00626	0.00876	0.00250	0.01252	0.00876	0.00375	0.01001
38	0.00974	0.00734	0.00959	0.01038	0.01126	0.00718	0.00732	0.01160	0.01581	0.02142	0.18776	0.48720	0.10494	0.02051	0.01007	0.00283	0.04355	0.01813	0.00698	0.00638
39	0.16434	0.01984	0.01810	0.01491	0.01987	0.13413	0.01197	0.26855	0.08380	0.12886	0.01845	0.01845	0.01330	0.00847	0.00671	0.00220	0.00792	0.00616	0.04320	0.01078
40	0.00881	0.00739	0.00766	0.00788	0.01012	0.00624	0.00580	0.01061	0.01658	0.01992	0.07088	0.15502	0.60899	0.01936	0.00886	0.00257	0.00383	0.01635	0.00689	0.00624
41	0.00931	0.00667	0.00885	0.01015	0.01083	0.00621	0.00691	0.01101	0.01545	0.02092	0.15911	0.61044	0.05292	0.02178	0.00934	0.00289	0.00416	0.01970	0.00712	0.00621
42	0.01899	0.01716	0.02517	0.03172	0.36989	0.01894	0.01831	0.10914	0.10123	0.02654	0.01615	0.02035	0.01352	0.03904	0.01171	0.00264	0.13697	0.00700	0.00462	0.01092
43	0.01402	0.01319	0.02227	0.72126	0.05113	0.01649	0.02062	0.01897	0.01484	0.01897	0.01319	0.01979	0.00990	0.00742	0.00742	0.00247	0.00990	0.00660	0.00330	0.00825
44	0.24809	0.01486	0.01650	0.01305	0.01851	0.01511	0.01077	0.16612	0.02169	0.37061	0.02146	0.01993	0.01421	0.00848	0.00664	0.00228	0.00655	0.00632	0.00751	0.01132
45	0.01132	0.00766	0.00916	0.00946	0.01119	0.00697	0.00685	0.01300	0.01547	0.07202	0.05015	0.25679	0.29368	0.11207	0.04650	0.00374	0.00553	0.05530	0.00663	0.00653
46	0.01654	0.06414	0.23773	0.08970	0.09103	0.01882	0.28702	0.02275	0.01618	0.02262	0.01369	0.01789	0.01044	0.00703	0.00869	0.00242	0.05271	0.00700	0.00346	0.01015
47	0.00904	0.00650	0.00857	0.01024	0.01074	0.00604	0.00685	0.01035	0.01431	0.01899	0.04215	0.71051	0.07206	0.02310	0.00945	0.00300	0.00429	0.02091	0.00689	0.00604
48	0.01034	0.00771	0.00974	0.01074	0.01180	0.00760	0.00747	0.01421	0.09161	0.02191	0.13380	0.55450	0.04910	0.02057	0.00915	0.00286	0.00437	0.01853	0.00715	0.00683
49	0.01802	0.05119	0.02754	0.16201	0.47602	0.01718	0.02075	0.02230	0.01666	0.05479	0.01576	0.02222	0.01332	0.00763	0.00740	0.00229	0.00874	0.04134	0.00402	0.01079
50	0.01596	0.01946	0.17296	0.01401	0.02034	0.04233	0.01353	0.08167	0.01844	0.02666	0.13519	0.02337	0.02164	0.01011	0.03604	0.00220	0.00760	0.00665	0.00503	0.32679
51	0.67688	0.01616	0.01198	0.01081	0.01517	0.08605	0.00873	0.02220	0.01345	0.03101	0.01091	0.01302	0.00870	0.00933	0.03888	0.00272	0.00720	0.00429	0.00449	0.00803
52	0.79154	0.01436	0.01091	0.00976	0.01436	0.01665	0.00804	0.02182	0.01263	0.03331	0.01034	0.01206	0.00804	0.00689	0.00459	0.00230	0.00574	0.00402	0.00459	0.00804
53	0.01492	0.01748	0.11440	0.23665	0.09064	0.06228	0.01678	0.02135	0.09415	0.02202	0.06403	0.05152	0.05701	0.01480	0.08694	0.00348	0.00988	0.00817	0.00458	0.00893
54	0.00951	0.00695	0.00900	0.01019	0.01118	0.00644	0.00726	0.01140	0.01579	0.02097	0.13881	0.49640	0.12512	0.02131	0.00937	0.00290	0.00437	0.07970	0.00707	0.00628
55	0.00990	0.00752	0.00912	0.00882	0.01075	0.00673	0.00658	0.01281	0.01944	0.02627	0.46974	0.09160	0.26030	0.01667	0.00879	0.00242	0.00362	0.01447	0.00772	0.00673
56	0.01061	0.00795	0.01193	0.01193	0.01326	0.00928	0.00928	0.01326	0.01193	0.01723	0.01988	0.02916	0.01856	0.05568	0.70968	0.01193	0.01988	0.00795	0.00398	0.00663
57	0.02822	0.02079	0.02228	0.01708	0.02302	0.02302	0.01411	0.66804	0.03490	0.04679	0.01782	0.01782	0.01262	0.00891	0.00743	0.00223	0.00817	0.00668	0.00743	0.01262
58	0.01846	0.01595	0.01679	0.01511	0.01930	0.01846	0.01175	0.03945	0.67938	0.03105	0.03022	0.02770	0.02266	0.01007	0.00755	0.00252	0.00588	0.00839	0.00755	0.01175
59	0.01384	0.00692	0.00692	0.00692	0.00865	0.00692	0.00519	0.01730	0.01557	0.02768	0.02422	0.02768	0.01903	0.00865	0.00519	0.00173	0.00346	0.00692	0.78031	0.00692
60	0.02822	0.02079	0.02228	0.01708	0.02302	0.02302	0.01411	0.66804	0.03490	0.04679	0.01782	0.01782	0.01262	0.00891	0.00743	0.00223	0.00817	0.00668	0.00743	0.01262
61	0.00904	0.00646	0.00861	0.01034	0.01077	0.00603	0.00689	0.01034	0.01421	0.01895	0.04092	0.73426	0.04910	0.02326	0.00948	0.00301	0.00431	0.02110	0.00689	0.00603
62	0.02779	0.03361	0.02119	0.01888	0.02296	0.62599	0.01432	0.10714	0.02272	0.02164	0.01225	0.01393	0.00993	0.00780	0.00678	0.00195	0.01275	0.00501	0.00426	0.00909
63	0.01539	0.01319	0.01539	0.01100	0.01759	0.00990	0.00880	0.01869	0.01539	0.02419	0.01319	0.01539	0.01100	0.00550	0.00550	0.00110	0.00550	0.00440	0.00440	0.78449
64	0.00905	0.00698	0.00827	0.00910	0.01049	0.00620	0.00639	0.01075	0.01586	0.02025	0.10567	0.40871	0.31412	0.02079	0.00913	0.00275	0.00402	0.01827	0.00699	0.00620
65	0.01489	0.03840	0.70064	0.02116	0.03213	0.01724	0.02743	0.02351	0.01567	0.02351	0.01332	0.01567	0.00940	0.00705	0.00705	0.00235	0.01097	0.00549	0.00313	0.01097
66	0.02533	0.25146	0.02649	0.01717	0.02176	0.50185	0.01384	0.02738	0.01922	0.01795	0.01112	0.01294	0.00955	0.00725	0.00610	0.00181	0.01173	0.00453	0.00363	0.00889
67	0.01489	0.03840	0.70064	0.02116	0.03213	0.01724	0.02743	0.02351	0.01567	0.02351	0.01332	0.01567	0.00940	0.00705	0.00705	0.00235	0.01097	0.00549	0.00313	0.01097
68	0.03331	0.01263	0.01723	0.01321	0.01895	0.01091	0.01091	0.03618	0.02125	0.69794	0.02929	0.02527	0.01838	0.00919	0.00747	0.00230	0.00632	0.00747	0.00919	0.01263
69	0.01003	0.00757	0.00926	0.00884	0.01080	0.00680	0.00663	0.01308	0.01988	0.02709	0.51950	0.05987	0.24110	0.01618	0.00876	0.00238	0.00357	0.01404	0.00782	0.00680
70	0.01629	0.00899	0.01105	0.00972	0.01290	0.00782	0.00757	0.01898	0.01947	0.21556	0.25954	0.05320	0.29992	0.01491	0.00840	0.00239	0.00440	0.01262	0.00796	0.00831
71	0.02673	0.01733	0.01826	0.01448	0.01948	0.06025	0.01178	0.36635	0.02742	0.18928	0.02119	0.02103	0.01490	0.00885	0.00698	0.00213	0.00722	0.00679	0.14821	0.01134
72	0.02183	0.01691	0.10915	0.01474	0.01967	0.04532	0.01321	0.07747	0.10189	0.24680	0.02285	0.02425	0.01689	0.02211	0.20667	0.00504	0.01121	0.00727	0.00630	0.01041
73	0.01517	0.00833	0.01057	0.00984	0.01225	0.00754	0.00743	0.01794	0.01869	0.16474	0.28455	0.17499	0.11618	0.01506	0.00820	0.00240	0.00426	0.01309	0.10088	0.00790
74	0.01510	0.00996	0.05369	0.01124	0.01343	0.00802	0.00863	0.01696	0.01524	0.16865	0.03343	0.40770	0.03580	0.14937	0.01403	0.00358	0.00569	0.01523	0.00673	0.00752
