[name]
unknown

[dist]
# distance from previous block
# <min> <max>
14	143

[block]
# block no. 0 follows, 29 sequences, length 43
# corresponding to MSA columns:
# 335-340,342-378
name=unknown_A
#
# <colnr> <probs for GDERKNQSTAVLIFYWHMCP>
#	G	D	E	R	K	N	Q	S	T	A	V	L	I	F	Y	W	H	M	C	P
0	0.13718	0.01142	0.01277	0.04845	0.03514	0.01211	0.00895	0.09622	0.09331	0.08366	0.02849	0.11956	0.10444	0.16228	0.01306	0.00329	0.00601	0.00981	0.00586	0.00798
1	0.01283	0.01038	0.01229	0.00985	0.01395	0.00834	0.00736	0.01525	0.01444	0.02158	0.08681	0.11236	0.02321	0.13136	0.01117	0.00236	0.00521	0.00805	0.00489	0.48831
2	0.01954	0.08441	0.02111	0.03904	0.06624	0.05227	0.01352	0.15211	0.30473	0.02813	0.01961	0.02025	0.01522	0.00916	0.00942	0.00234	0.12005	0.00675	0.00566	0.01046
3	0.05568	0.00943	0.01034	0.01003	0.01214	0.00977	0.00731	0.01841	0.18699	0.02344	0.16623	0.15635	0.16406	0.12365	0.01212	0.00311	0.00475	0.01236	0.00654	0.00729
4	0.01808	0.06194	0.18317	0.08914	0.09870	0.07113	0.03955	0.09117	0.09049	0.04134	0.01499	0.01715	0.01148	0.00737	0.00742	0.00209	0.04204	0.00584	0.00432	0.10257
5	0.01734	0.13925	0.29209	0.06838	0.03003	0.01954	0.17290	0.11224	0.01771	0.02432	0.01319	0.01600	0.00992	0.00692	0.00735	0.00219	0.03081	0.00602	0.00373	0.01006
6	0.00876	0.00651	0.00821	0.00951	0.01040	0.00595	0.00661	0.01023	0.01432	0.01856	0.04610	0.56858	0.18488	0.02127	0.00898	0.00281	0.00414	0.05168	0.00661	0.00587
7	0.01430	0.01781	0.18405	0.05358	0.01916	0.05610	0.01296	0.09916	0.01694	0.02280	0.10391	0.14173	0.02645	0.18318	0.01423	0.00340	0.00755	0.00989	0.00503	0.00778
8	0.06290	0.02368	0.18995	0.02224	0.10925	0.08859	0.12210	0.15414	0.08051	0.02760	0.01601	0.04238	0.01260	0.00779	0.00709	0.00223	0.00926	0.00674	0.00463	0.01030
9	0.01739	0.55771	0.11793	0.01396	0.02015	0.02416	0.05044	0.02053	0.01459	0.01793	0.01315	0.07848	0.01264	0.00763	0.00546	0.00179	0.00790	0.00572	0.00339	0.00903
10	0.02980	0.01287	0.01670	0.01303	0.01824	0.01183	0.01066	0.12552	0.02183	0.57200	0.02722	0.06826	0.01868	0.00962	0.00728	0.00224	0.00619	0.00787	0.00843	0.01172
11	0.01417	0.06420	0.18313	0.18157	0.02959	0.01466	0.12886	0.01898	0.01479	0.04616	0.01959	0.07903	0.05156	0.01491	0.10418	0.00356	0.01047	0.00805	0.00396	0.00856
12	0.05629	0.01249	0.07483	0.01204	0.01498	0.01137	0.01022	0.01940	0.16774	0.02412	0.15482	0.16138	0.13444	0.01437	0.00892	0.00254	0.05085	0.05498	0.00630	0.00793
13	0.01312	0.00779	0.01011	0.00962	0.01168	0.00702	0.00717	0.01570	0.01818	0.13589	0.36434	0.22176	0.11806	0.01590	0.00837	0.00241	0.00401	0.01399	0.00757	0.00729
14	0.01481	0.01420	0.02396	0.10616	0.02545	0.01616	0.19525	0.05461	0.01510	0.02114	0.07648	0.04162	0.01793	0.06432	0.07580	0.00367	0.21297	0.00820	0.00413	0.00803
15	0.10987	0.01794	0.12911	0.01322	0.01901	0.05120	0.01216	0.09542	0.01692	0.06060	0.01577	0.06484	0.01336	0.01071	0.05406	0.00243	0.00775	0.00607	0.00471	0.29485
16	0.01292	0.01194	0.01871	0.02273	0.25184	0.01163	0.07257	0.01670	0.04139	0.02096	0.03704	0.07165	0.26182	0.01716	0.09561	0.00344	0.00803	0.01052	0.00496	0.00838
17	0.00933	0.00666	0.00901	0.01066	0.01136	0.00634	0.00774	0.01104	0.01427	0.01891	0.03889	0.59054	0.04567	0.02170	0.00926	0.00298	0.00470	0.16839	0.00660	0.00596
18	0.01838	0.05968	0.13826	0.11905	0.15502	0.01648	0.07379	0.06632	0.01700	0.12062	0.03693	0.05122	0.01457	0.00846	0.00856	0.00230	0.07172	0.00712	0.00459	0.00993
19	0.06885	0.02051	0.19014	0.18579	0.11197	0.06190	0.04878	0.02122	0.01542	0.06020	0.01490	0.05707	0.01217	0.00760	0.00676	0.00214	0.00874	0.00647	0.00393	0.09544
20	0.00864	0.00664	0.00791	0.00881	0.01006	0.00591	0.00614	0.01019	0.01494	0.01905	0.08146	0.44938	0.30475	0.02029	0.00879	0.00267	0.00389	0.01787	0.00667	0.00591
21	0.01422	0.01288	0.02066	0.25263	0.27604	0.01392	0.01708	0.01890	0.05086	0.02102	0.02179	0.11618	0.04219	0.01058	0.00768	0.00245	0.00774	0.07994	0.00442	0.00884
22	0.01716	0.01746	0.07350	0.15897	0.06967	0.01670	0.24313	0.16023	0.01929	0.02602	0.01773	0.11333	0.01549	0.00896	0.00779	0.00238	0.00931	0.00881	0.00462	0.00947
23	0.01531	0.10431	0.04271	0.22120	0.13279	0.01652	0.01600	0.07089	0.01572	0.02108	0.01633	0.02555	0.01468	0.01580	0.11726	0.00374	0.05889	0.07861	0.00399	0.00860
24	0.01618	0.06755	0.06055	0.01564	0.06349	0.12951	0.01200	0.02299	0.16860	0.02197	0.05838	0.10153	0.02102	0.01673	0.11847	0.00356	0.00922	0.00810	0.00501	0.07950
25	0.01350	0.00982	0.01199	0.01088	0.01273	0.01052	0.00796	0.13135	0.01514	0.02091	0.01965	0.03240	0.01947	0.30770	0.29463	0.00749	0.01169	0.00826	0.00462	0.04928
26	0.00999	0.00698	0.00776	0.00773	0.00825	0.00673	0.00464	0.01050	0.01193	0.01557	0.06812	0.05087	0.14874	0.57944	0.02977	0.00585	0.00612	0.01132	0.00492	0.00475
27	0.01371	0.01292	0.02183	0.68959	0.09006	0.01589	0.01991	0.01842	0.01436	0.01851	0.01270	0.01890	0.00960	0.00707	0.00711	0.00236	0.00943	0.00633	0.00319	0.00812
28	0.00929	0.00756	0.00878	0.05317	0.01224	0.00706	0.00662	0.01128	0.01536	0.01920	0.12067	0.05758	0.45169	0.10893	0.07603	0.00375	0.00574	0.01303	0.00599	0.00603
29	0.01013	0.00691	0.00826	0.00846	0.00865	0.00701	0.00513	0.01058	0.01087	0.01465	0.02404	0.12744	0.02745	0.58112	0.11386	0.00696	0.00801	0.01121	0.00453	0.00473
30	0.01751	0.01401	0.02238	0.23380	0.30914	0.01483	0.01782	0.05672	0.01688	0.09892	0.01838	0.07162	0.01590	0.00892	0.00741	0.00233	0.00804	0.05101	0.00461	0.00976
31	0.00980	0.00678	0.00875	0.00914	0.01030	0.00633	0.00652	0.01230	0.01705	0.02418	0.37259	0.33055	0.05465	0.01713	0.00837	0.00245	0.00367	0.01529	0.07783	0.00633
32	0.05400	0.23964	0.02485	0.01605	0.02063	0.43365	0.01305	0.08283	0.01938	0.02017	0.01117	0.01275	0.00936	0.00706	0.00587	0.00178	0.01062	0.00449	0.00382	0.00882
33	0.00885	0.00638	0.00843	0.01000	0.01059	0.00596	0.00688	0.01025	0.01394	0.01844	0.04068	0.66889	0.07734	0.02193	0.00911	0.00289	0.00427	0.06272	0.00661	0.00585
34	0.01888	0.29996	0.02744	0.01636	0.05143	0.02188	0.05008	0.17287	0.01844	0.02417	0.01557	0.10586	0.01480	0.00968	0.00897	0.00216	0.12039	0.00722	0.00450	0.00933
35	0.02000	0.01470	0.01937	0.01491	0.02018	0.01429	0.10048	0.18283	0.10133	0.13149	0.04862	0.02655	0.09906	0.00907	0.00715	0.00203	0.00670	0.00781	0.00630	0.16712
36	0.05375	0.11384	0.15005	0.01785	0.09139	0.08735	0.01509	0.13968	0.04214	0.02618	0.01348	0.01518	0.01057	0.00676	0.00612	0.00181	0.00810	0.00512	0.00435	0.19119
37	0.01439	0.00830	0.00846	0.00806	0.01019	0.00871	0.00615	0.04483	0.10618	0.02768	0.02376	0.02619	0.01848	0.00849	0.00536	0.00178	0.00380	0.00682	0.65491	0.00747
38	0.01637	0.08051	0.01859	0.01813	0.16823	0.05158	0.01174	0.05621	0.03699	0.02395	0.02013	0.02401	0.05993	0.00802	0.00619	0.00177	0.00636	0.03498	0.13934	0.21699
39	0.01623	0.00993	0.01255	0.01263	0.05875	0.00985	0.00829	0.09744	0.01604	0.13893	0.02571	0.18807	0.02619	0.30665	0.03717	0.00444	0.00668	0.01113	0.00586	0.00745
40	0.01438	0.14264	0.13603	0.13569	0.09244	0.01499	0.04968	0.01711	0.01341	0.01791	0.01479	0.06908	0.01388	0.06125	0.01309	0.16741	0.00814	0.00702	0.00348	0.00759
41	0.01689	0.08653	0.17546	0.02044	0.14210	0.03885	0.06038	0.02221	0.04772	0.06132	0.05730	0.01874	0.01464	0.00697	0.00649	0.00187	0.00785	0.00596	0.00429	0.20398
42	0.06691	0.01325	0.01700	0.31112	0.06615	0.06711	0.01409	0.04076	0.01673	0.02273	0.14980	0.03070	0.05910	0.00981	0.00728	0.00227	0.00750	0.04834	0.00478	0.04457

[dist]
# distance from previous block
# <min> <max>
1	36

[block]
# block no. 1 follows, 29 sequences, length 6
# corresponding to MSA columns:
# 468-473
name=unknown_B
#
# <colnr> <probs for GDERKNQSTAVLIFYWHMCP>
#	G	D	E	R	K	N	Q	S	T	A	V	L	I	F	Y	W	H	M	C	P
0	0.15286	0.08489	0.19036	0.15082	0.02672	0.11308	0.01622	0.05644	0.01661	0.07001	0.04850	0.01727	0.01265	0.00746	0.00632	0.00214	0.00873	0.00559	0.00422	0.00911
1	0.01988	0.05903	0.02165	0.06874	0.19500	0.20778	0.01532	0.10234	0.06957	0.02364	0.01816	0.05544	0.01648	0.00945	0.00720	0.00222	0.00897	0.08497	0.00472	0.00942
2	0.11133	0.00930	0.01030	0.01143	0.08143	0.00969	0.00743	0.05174	0.01518	0.02644	0.02016	0.02548	0.01675	0.08918	0.00866	0.00237	0.00475	0.00666	0.48445	0.00728
3	0.12138	0.02058	0.15972	0.01674	0.05259	0.04860	0.01490	0.13599	0.15663	0.06013	0.01736	0.01844	0.01304	0.00838	0.00816	0.00228	0.07922	0.00612	0.04963	0.01009
4	0.06464	0.09324	0.27747	0.05348	0.02344	0.08214	0.01662	0.10257	0.01767	0.04968	0.01501	0.01702	0.01124	0.00731	0.00616	0.00203	0.00841	0.00548	0.13693	0.00947
5	0.01238	0.01334	0.08394	0.01525	0.09091	0.01038	0.05579	0.01689	0.05444	0.02310	0.15429	0.04078	0.25259	0.01173	0.00753	0.00211	0.00572	0.01018	0.00559	0.13305

[dist]
# distance from previous block
# <min> <max>
0	1

[block]
# block no. 2 follows, 29 sequences, length 22
# corresponding to MSA columns:
# 475-496
name=unknown_C
#
# <colnr> <probs for GDERKNQSTAVLIFYWHMCP>
#	G	D	E	R	K	N	Q	S	T	A	V	L	I	F	Y	W	H	M	C	P
0	0.16911	0.05336	0.11541	0.02024	0.07672	0.01604	0.21075	0.02284	0.04389	0.06501	0.01418	0.01661	0.01075	0.00646	0.00652	0.00206	0.00841	0.00600	0.00420	0.13143
1	0.01943	0.01671	0.02615	0.11773	0.47989	0.01737	0.01965	0.13468	0.01913	0.05878	0.01463	0.01800	0.01151	0.00693	0.00708	0.00215	0.00836	0.00639	0.00435	0.01107
2	0.01327	0.00664	0.00664	0.00664	0.00830	0.00664	0.00498	0.01659	0.01493	0.02655	0.02323	0.02655	0.01825	0.00830	0.00498	0.00166	0.00332	0.00664	0.78928	0.00664
3	0.23348	0.01528	0.02164	0.01707	0.02142	0.01679	0.17229	0.12963	0.01693	0.05989	0.01441	0.01794	0.01141	0.01483	0.11955	0.00378	0.09372	0.00639	0.00463	0.00890
4	0.00971	0.00711	0.00911	0.00894	0.01049	0.00651	0.00658	0.01260	0.01879	0.02609	0.54120	0.15958	0.12463	0.01606	0.00850	0.00235	0.00350	0.01420	0.00754	0.00651
5	0.13725	0.10023	0.09974	0.01120	0.01501	0.07999	0.01032	0.01920	0.01489	0.02379	0.01859	0.02608	0.01620	0.04273	0.00713	0.00222	0.00644	0.07113	0.29026	0.00761
6	0.13007	0.08983	0.18571	0.21004	0.03049	0.01668	0.07827	0.02101	0.03838	0.02256	0.01276	0.01601	0.00977	0.00662	0.00629	0.00208	0.00855	0.00547	0.00361	0.10581
7	0.01483	0.01072	0.00898	0.00864	0.01060	0.11135	0.00648	0.01794	0.01635	0.02546	0.10515	0.02783	0.02296	0.00893	0.00561	0.00176	0.00472	0.00711	0.57773	0.00688
8	0.05656	0.09328	0.14129	0.01826	0.02448	0.13241	0.12941	0.12317	0.04716	0.02523	0.01356	0.01568	0.01051	0.00707	0.00718	0.00201	0.03632	0.00569	0.00424	0.10650
9	0.01865	0.25655	0.11837	0.01373	0.01963	0.01939	0.01306	0.19230	0.01926	0.02581	0.01520	0.06199	0.01351	0.05293	0.00786	0.00212	0.00745	0.00618	0.00459	0.13143
10	0.06560	0.31952	0.14333	0.05765	0.02307	0.02245	0.04142	0.08469	0.05410	0.02243	0.01242	0.01466	0.01013	0.00747	0.00780	0.00206	0.09277	0.00515	0.00378	0.00948
11	0.08912	0.16054	0.31747	0.01647	0.02325	0.01672	0.07191	0.01972	0.01437	0.02137	0.01638	0.12217	0.01519	0.01176	0.05135	0.00279	0.00922	0.00746	0.00378	0.00897
12	0.01162	0.00887	0.01009	0.00958	0.01185	0.00849	0.00719	0.10934	0.01917	0.02509	0.21384	0.20508	0.29961	0.01671	0.00837	0.00243	0.00428	0.01437	0.00699	0.00703
13	0.01888	0.01652	0.01687	0.01291	0.01866	0.08072	0.01031	0.16962	0.07177	0.02803	0.01476	0.01602	0.01163	0.00654	0.00595	0.00148	0.00660	0.00504	0.00505	0.48264
14	0.01564	0.01653	0.10541	0.05061	0.05472	0.01476	0.10763	0.10967	0.11613	0.02466	0.02103	0.09110	0.03267	0.05679	0.09857	0.00373	0.02693	0.00856	0.00494	0.03993
15	0.11483	0.01946	0.06720	0.04791	0.01948	0.18363	0.01188	0.10932	0.08100	0.02499	0.02359	0.12767	0.08218	0.01069	0.00693	0.00220	0.00776	0.00846	0.00521	0.04560
16	0.01230	0.00783	0.00955	0.00909	0.01034	0.00742	0.00611	0.03772	0.01282	0.04573	0.02705	0.12472	0.10099	0.28194	0.02296	0.19855	0.00588	0.01034	0.00485	0.06382
17	0.20385	0.01240	0.01613	0.23753	0.08234	0.01418	0.01373	0.02044	0.09577	0.02394	0.02025	0.06524	0.01872	0.01045	0.00710	0.00252	0.00714	0.13526	0.00482	0.00817
18	0.13447	0.01378	0.05046	0.01527	0.01840	0.01419	0.11192	0.01904	0.09398	0.02245	0.02559	0.13993	0.08858	0.04631	0.01172	0.00282	0.13789	0.04034	0.00498	0.00789
19	0.01876	0.18179	0.02604	0.02204	0.18882	0.14246	0.06775	0.05856	0.01737	0.02158	0.01799	0.02000	0.07616	0.00754	0.00641	0.00186	0.00844	0.00621	0.00403	0.10618
20	0.07471	0.10777	0.10153	0.05864	0.10165	0.04165	0.01359	0.02091	0.04210	0.05196	0.08018	0.02219	0.01748	0.00783	0.00632	0.00189	0.00704	0.03578	0.00454	0.20224
21	0.01317	0.09721	0.04782	0.01466	0.09359	0.01116	0.01072	0.01607	0.01608	0.04785	0.13269	0.18292	0.10750	0.01375	0.00770	0.00231	0.00563	0.09094	0.00571	0.08251

[dist]
# distance from previous block
# <min> <max>
11	52

[block]
# block no. 3 follows, 29 sequences, length 34
# corresponding to MSA columns:
# 567-600
name=unknown_D
#
# <colnr> <probs for GDERKNQSTAVLIFYWHMCP>
#	G	D	E	R	K	N	Q	S	T	A	V	L	I	F	Y	W	H	M	C	P
0	0.18190	0.12875	0.17700	0.01858	0.11810	0.01696	0.05088	0.04339	0.01557	0.06286	0.01664	0.01828	0.05331	0.00731	0.00611	0.00204	0.00768	0.00576	0.00419	0.06471
1	0.04510	0.01704	0.06600	0.05521	0.20702	0.10622	0.01397	0.02065	0.07358	0.02069	0.01642	0.02391	0.01495	0.16528	0.05759	0.00363	0.00895	0.00684	0.00409	0.07287
2	0.16527	0.01152	0.01450	0.10118	0.10451	0.01191	0.01081	0.04901	0.01508	0.06428	0.02054	0.17949	0.02001	0.05687	0.00851	0.00250	0.00611	0.00903	0.05895	0.08991
3	0.01700	0.05973	0.01556	0.01228	0.01574	0.05445	0.00975	0.13555	0.17117	0.05673	0.30194	0.03557	0.06222	0.01140	0.00752	0.00220	0.00556	0.00951	0.00704	0.00908
4	0.01102	0.00865	0.01317	0.01515	0.09938	0.00956	0.01006	0.01351	0.01212	0.01730	0.01998	0.07731	0.01955	0.09322	0.53547	0.00937	0.01587	0.00852	0.00400	0.00680
5	0.00996	0.00727	0.00936	0.00884	0.01057	0.00667	0.00663	0.01322	0.01989	0.02791	0.65826	0.05425	0.11091	0.01480	0.00840	0.00225	0.00338	0.01303	0.00775	0.00667
6	0.01904	0.75404	0.03731	0.01218	0.01828	0.02818	0.01218	0.02132	0.01447	0.01675	0.00990	0.01142	0.00914	0.00609	0.00457	0.00152	0.00761	0.00381	0.00305	0.00914
7	0.00922	0.00659	0.00889	0.01054	0.01119	0.00625	0.00756	0.01086	0.01417	0.01879	0.03895	0.61569	0.04591	0.02179	0.00923	0.00297	0.00460	0.14428	0.00660	0.00593
8	0.01307	0.00920	0.01425	0.01313	0.01530	0.00881	0.08886	0.01555	0.01580	0.10046	0.10279	0.36644	0.07172	0.01709	0.00932	0.00271	0.03430	0.08747	0.00649	0.00725
9	0.01596	0.01197	0.01740	0.15011	0.10830	0.01342	0.01341	0.05077	0.06191	0.10377	0.02164	0.15997	0.02011	0.01798	0.11760	0.00387	0.08867	0.00941	0.00511	0.00861
10	0.02444	0.03060	0.01875	0.01733	0.02061	0.63510	0.01290	0.02621	0.01939	0.01752	0.01440	0.10093	0.01373	0.00914	0.00674	0.00196	0.01179	0.00647	0.00402	0.00796
11	0.01714	0.10295	0.01848	0.01163	0.01783	0.01365	0.00966	0.11896	0.01757	0.02571	0.01300	0.01472	0.01061	0.00587	0.00547	0.00128	0.00594	0.00450	0.00452	0.58051
12	0.10924	0.01279	0.01425	0.01040	0.01650	0.01027	0.00835	0.01829	0.01445	0.02426	0.01233	0.01438	0.01021	0.00543	0.00517	0.00119	0.00530	0.00418	0.00424	0.69878
13	0.19534	0.01512	0.01538	0.01243	0.01694	0.01654	0.01015	0.34535	0.02378	0.08230	0.01760	0.01844	0.01286	0.00808	0.00605	0.00205	0.00620	0.00595	0.17952	0.00993
14	0.01387	0.01317	0.01283	0.01222	0.01346	0.14798	0.00895	0.01539	0.01276	0.01590	0.01777	0.02986	0.01797	0.25940	0.31092	0.00747	0.07221	0.00778	0.00389	0.00620
15	0.01771	0.01530	0.01610	0.01449	0.01852	0.01771	0.01127	0.03784	0.69247	0.02979	0.02898	0.02657	0.02174	0.00966	0.00725	0.00242	0.00564	0.00805	0.00725	0.01127
16	0.25912	0.10318	0.08242	0.01905	0.12477	0.01781	0.07530	0.10266	0.01732	0.11474	0.01428	0.01575	0.01061	0.00698	0.00608	0.00213	0.00759	0.00550	0.00480	0.00993
17	0.01019	0.00754	0.01100	0.01100	0.01212	0.00866	0.00835	0.01243	0.01131	0.01620	0.01948	0.03021	0.01877	0.13718	0.63909	0.01090	0.01761	0.00796	0.00387	0.00611
18	0.01791	0.10680	0.15864	0.13235	0.20836	0.10649	0.10054	0.04691	0.01671	0.02165	0.01273	0.01620	0.01005	0.00668	0.00681	0.00211	0.00987	0.00588	0.00348	0.00984
19	0.80005	0.01377	0.01047	0.00936	0.01377	0.01597	0.00771	0.02093	0.01212	0.03195	0.00991	0.01157	0.00771	0.00661	0.00441	0.00220	0.00551	0.00386	0.00441	0.00771
20	0.41553	0.01402	0.01741	0.21473	0.07864	0.01600	0.05864	0.03798	0.01409	0.02676	0.01254	0.01747	0.01012	0.00726	0.00593	0.00230	0.00739	0.03084	0.00410	0.00824
21	0.01907	0.15660	0.19337	0.01589	0.03852	0.08613	0.01528	0.15555	0.01997	0.04655	0.09802	0.01958	0.01728	0.00793	0.00649	0.00194	0.00812	0.00609	0.00480	0.08282
22	0.01133	0.18716	0.01496	0.00879	0.01192	0.01150	0.00732	0.01358	0.01665	0.02064	0.19221	0.05148	0.39909	0.01441	0.00749	0.00216	0.00452	0.01186	0.00602	0.00692
23	0.01237	0.00618	0.00928	0.00928	0.00928	0.00618	0.00618	0.00928	0.00928	0.01237	0.01237	0.02165	0.01237	0.02474	0.02783	0.79283	0.00618	0.00618	0.00309	0.00309
24	0.01957	0.06062	0.02677	0.19936	0.12105	0.20609	0.14072	0.07381	0.01794	0.02147	0.01271	0.01653	0.01007	0.00712	0.00763	0.00216	0.03739	0.00612	0.00373	0.00915
25	0.01598	0.01269	0.06092	0.09608	0.07239	0.01146	0.07232	0.03784	0.01666	0.14154	0.09263	0.23936	0.02908	0.01308	0.00852	0.00251	0.02953	0.03295	0.00591	0.00853
26	0.00879	0.00708	0.00788	0.00830	0.01019	0.00616	0.00616	0.01069	0.01598	0.01980	0.10631	0.20761	0.47830	0.01879	0.00865	0.00255	0.00390	0.06012	0.00669	0.00605
27	0.01107	0.00905	0.01412	0.01317	0.01463	0.01068	0.04559	0.01370	0.01168	0.01693	0.01785	0.02626	0.01658	0.04677	0.61346	0.01013	0.09042	0.00753	0.00373	0.00668
28	0.01792	0.23586	0.11196	0.09800	0.05581	0.02030	0.01518	0.14572	0.06026	0.02417	0.01530	0.05273	0.01305	0.01109	0.05186	0.00268	0.04786	0.00634	0.00434	0.00956
29	0.01448	0.06322	0.44738	0.02104	0.02947	0.01625	0.17580	0.02117	0.01527	0.02186	0.01592	0.09578	0.01361	0.00826	0.00730	0.00232	0.01003	0.00757	0.00354	0.00972
30	0.01601	0.01849	0.03651	0.01404	0.01712	0.26369	0.06270	0.01844	0.01769	0.01988	0.11113	0.14920	0.20039	0.01319	0.00775	0.00225	0.00785	0.01105	0.00535	0.00728
31	0.03980	0.08673	0.05652	0.00977	0.01336	0.01127	0.00845	0.05631	0.01554	0.02473	0.03904	0.02344	0.01673	0.05060	0.05630	0.00261	0.00612	0.00625	0.34934	0.12709
32	0.01320	0.09197	0.01823	0.10236	0.19804	0.01269	0.01206	0.01552	0.01398	0.01858	0.04456	0.12619	0.07343	0.21180	0.01514	0.00351	0.00697	0.00985	0.00442	0.00749
33	0.01400	0.01120	0.01742	0.13414	0.02218	0.01164	0.11150	0.04205	0.03692	0.04412	0.10875	0.09004	0.02417	0.05947	0.06013	0.00316	0.02824	0.00906	0.12014	0.05166

[dist]
# distance from previous block
# <min> <max>
1	42

[block]
# block no. 4 follows, 29 sequences, length 27
# corresponding to MSA columns:
# 643-669
name=unknown_E
#
# <colnr> <probs for GDERKNQSTAVLIFYWHMCP>
#	G	D	E	R	K	N	Q	S	T	A	V	L	I	F	Y	W	H	M	C	P
0	0.01970	0.02066	0.12266	0.01542	0.01994	0.14621	0.01375	0.16251	0.08985	0.06474	0.02148	0.03208	0.01914	0.08978	0.01057	0.00285	0.00852	0.12536	0.00555	0.00921
1	0.02186	0.09443	0.14376	0.01541	0.05135	0.05944	0.01376	0.05659	0.01787	0.25115	0.01963	0.07181	0.01521	0.00840	0.00662	0.00199	0.00739	0.00675	0.00566	0.13090
2	0.01752	0.01698	0.01834	0.05180	0.07574	0.14332	0.01315	0.11350	0.01805	0.02337	0.10566	0.13271	0.02319	0.01200	0.01170	0.00248	0.19819	0.00899	0.00498	0.00834
3	0.00934	0.00663	0.00825	0.00907	0.00958	0.00642	0.00590	0.01030	0.01257	0.01666	0.03476	0.39612	0.09276	0.27143	0.07273	0.00487	0.00617	0.01548	0.00562	0.00535
4	0.01263	0.01338	0.10186	0.14537	0.04611	0.01205	0.03286	0.05295	0.01395	0.01939	0.01796	0.05872	0.01664	0.10405	0.31295	0.00667	0.01311	0.00787	0.00395	0.00751
5	0.01616	0.01644	0.05622	0.25576	0.32714	0.04843	0.01902	0.05501	0.01649	0.02204	0.01719	0.06095	0.04213	0.00818	0.00721	0.00225	0.00860	0.00737	0.00389	0.00954
6	0.00906	0.00674	0.00837	0.00952	0.01055	0.00621	0.00678	0.01062	0.01441	0.01856	0.04611	0.45338	0.20616	0.06555	0.01068	0.00307	0.00447	0.09745	0.00646	0.00585
7	0.00903	0.00732	0.00807	0.00841	0.01029	0.00654	0.00610	0.01164	0.04719	0.02007	0.10394	0.24989	0.44910	0.01857	0.00854	0.00253	0.00383	0.01598	0.00672	0.00624
8	0.02613	0.01924	0.02070	0.01605	0.02148	0.02125	0.01318	0.64735	0.03247	0.04352	0.01822	0.05420	0.01389	0.00925	0.00722	0.00218	0.00765	0.00712	0.00710	0.01179
9	0.80005	0.01377	0.01047	0.00936	0.01377	0.01597	0.00771	0.02093	0.01212	0.03195	0.00991	0.01157	0.00771	0.00661	0.00441	0.00220	0.00551	0.00386	0.00441	0.00771
10	0.01097	0.00790	0.01083	0.01216	0.01374	0.00775	0.01032	0.01404	0.01659	0.02179	0.11300	0.12763	0.07264	0.01923	0.00956	0.00310	0.00589	0.50966	0.00671	0.00649
11	0.01628	0.02001	0.09582	0.08061	0.03657	0.01792	0.54033	0.02214	0.01615	0.02214	0.01387	0.01865	0.01048	0.00649	0.00897	0.00242	0.05031	0.00787	0.00349	0.00946
12	0.08435	0.01728	0.01894	0.01485	0.02023	0.01863	0.01219	0.42247	0.10040	0.18681	0.02024	0.01926	0.01402	0.00858	0.00694	0.00219	0.00704	0.00656	0.00730	0.01169
13	0.06629	0.02507	0.01783	0.01567	0.01957	0.42002	0.01204	0.09485	0.04699	0.10001	0.06749	0.01868	0.01565	0.00827	0.00659	0.00197	0.00977	0.00588	0.03838	0.00899
14	0.00859	0.00722	0.00745	0.00739	0.00972	0.00608	0.00555	0.01055	0.01664	0.02020	0.13709	0.06695	0.63689	0.01767	0.00841	0.00239	0.00358	0.01481	0.00674	0.00608
15	0.02670	0.01462	0.07494	0.01386	0.01923	0.01215	0.01235	0.11507	0.02103	0.46038	0.02684	0.03110	0.01975	0.01026	0.00753	0.00236	0.00674	0.10620	0.00776	0.01113
16	0.02257	0.01076	0.01355	0.01119	0.01538	0.00976	0.00896	0.02696	0.08836	0.40297	0.12075	0.03789	0.17649	0.01166	0.00760	0.00227	0.00514	0.00970	0.00804	0.01001
17	0.01140	0.00889	0.01162	0.01163	0.01212	0.01014	0.00837	0.01350	0.06388	0.01756	0.02701	0.35822	0.03062	0.13464	0.01805	0.08505	0.15249	0.01348	0.00523	0.00610
18	0.02975	0.01564	0.01870	0.01434	0.01993	0.01569	0.01185	0.32556	0.02627	0.41109	0.02315	0.02103	0.01515	0.00869	0.00714	0.00217	0.00686	0.00682	0.00805	0.01211
19	0.07260	0.01660	0.01890	0.01456	0.02012	0.01728	0.01203	0.39633	0.02725	0.29919	0.02091	0.01952	0.01398	0.00854	0.00698	0.00217	0.00702	0.00655	0.00762	0.01186
20	0.01523	0.08186	0.40158	0.01634	0.02320	0.04788	0.01847	0.02011	0.01475	0.06231	0.01756	0.13134	0.01593	0.01118	0.00915	0.08386	0.00868	0.00770	0.00398	0.00889
21	0.01866	0.02113	0.01740	0.15984	0.02420	0.34937	0.01316	0.02118	0.01611	0.01715	0.01412	0.01995	0.01245	0.05925	0.20054	0.00480	0.01353	0.00606	0.00364	0.00747
22	0.01239	0.01077	0.01354	0.01431	0.06583	0.06451	0.00995	0.01452	0.01226	0.01670	0.01792	0.02826	0.01741	0.15838	0.45227	0.00869	0.06417	0.00765	0.00382	0.00664
23	0.01482	0.01821	0.12800	0.15119	0.12718	0.11132	0.01626	0.01882	0.01445	0.01892	0.01493	0.02063	0.01271	0.02409	0.27115	0.00560	0.01351	0.00640	0.00350	0.00830
24	0.01658	0.01230	0.01568	0.01739	0.15336	0.01234	0.01103	0.10804	0.09165	0.04717	0.02201	0.11970	0.01932	0.00962	0.00659	0.00200	0.00565	0.00826	0.21041	0.11091
25	0.07407	0.01254	0.01472	0.05310	0.10967	0.05187	0.01084	0.05434	0.10005	0.02577	0.22511	0.03608	0.12180	0.01456	0.06205	0.00295	0.00682	0.00945	0.00593	0.00828
26	0.13407	0.10265	0.02074	0.04293	0.10498	0.29677	0.01305	0.04470	0.01758	0.09397	0.01372	0.01655	0.01116	0.04909	0.00782	0.00224	0.00936	0.00533	0.00435	0.00894

[dist]
# distance from previous block
# <min> <max>
0	55

[block]
# block no. 5 follows, 29 sequences, length 47
# corresponding to MSA columns:
# 725-771
name=unknown_F
#
# <colnr> <probs for GDERKNQSTAVLIFYWHMCP>
#	G	D	E	R	K	N	Q	S	T	A	V	L	I	F	Y	W	H	M	C	P
0	0.05710	0.13340	0.01987	0.01330	0.03820	0.04367	0.04921	0.06328	0.01599	0.02289	0.01665	0.05808	0.03922	0.04773	0.00754	0.00188	0.00661	0.00622	0.00438	0.35478
1	0.01717	0.07178	0.02088	0.15720	0.09532	0.10779	0.04838	0.09835	0.05990	0.02484	0.16852	0.02575	0.02400	0.01084	0.03676	0.00253	0.00841	0.00766	0.00507	0.00885
2	0.01200	0.00935	0.01339	0.01453	0.08801	0.01005	0.00976	0.04159	0.01291	0.01843	0.01851	0.02850	0.01768	0.15233	0.46342	0.00870	0.01471	0.00766	0.00402	0.05445
3	0.01714	0.15207	0.10040	0.17398	0.02947	0.03839	0.15131	0.03877	0.03753	0.07701	0.07131	0.02239	0.04369	0.00796	0.00702	0.00217	0.00871	0.00712	0.00442	0.00915
4	0.01759	0.01330	0.01644	0.01397	0.01709	0.01508	0.01129	0.25264	0.01966	0.04378	0.01714	0.02185	0.01441	0.02896	0.33014	0.00637	0.09206	0.00682	0.00506	0.05634
5	0.02681	0.02762	0.02072	0.01746	0.02204	0.40569	0.01366	0.32318	0.02618	0.02981	0.01375	0.01476	0.01050	0.00788	0.00674	0.00197	0.01058	0.00541	0.00523	0.00999
6	0.01014	0.00760	0.00964	0.00982	0.01136	0.00713	0.00711	0.01197	0.01384	0.01884	0.07418	0.27597	0.10735	0.13358	0.12158	0.00454	0.00706	0.06805	0.00564	0.09460
7	0.02098	0.21506	0.02796	0.01801	0.05026	0.02074	0.12096	0.17890	0.07529	0.09243	0.01685	0.04473	0.01349	0.00832	0.00797	0.00215	0.06377	0.00675	0.00515	0.01023
8	0.01337	0.01255	0.01083	0.01087	0.01186	0.15926	0.00728	0.01428	0.01340	0.01594	0.02415	0.22138	0.02727	0.34693	0.07519	0.00512	0.00837	0.01151	0.00474	0.00570
9	0.01029	0.00715	0.00899	0.00899	0.00942	0.00757	0.00584	0.01114	0.01072	0.01471	0.02132	0.04039	0.02319	0.51765	0.26466	0.00842	0.01096	0.00945	0.00415	0.00500
10	0.01366	0.01158	0.01669	0.25483	0.09228	0.03797	0.03307	0.01693	0.01558	0.05773	0.07983	0.07850	0.13866	0.05561	0.03733	0.00300	0.00770	0.03645	0.00493	0.00766
11	0.01928	0.06953	0.18659	0.09792	0.10255	0.21633	0.01742	0.06250	0.01722	0.03845	0.01305	0.01626	0.01038	0.01019	0.03765	0.05600	0.01044	0.00550	0.00371	0.00906
12	0.10112	0.01455	0.02309	0.20420	0.39241	0.01556	0.01864	0.02006	0.01531	0.02275	0.01558	0.02437	0.01381	0.00806	0.00709	0.00232	0.00817	0.07949	0.00387	0.00954
13	0.00918	0.00666	0.00800	0.00873	0.00951	0.00620	0.00575	0.01033	0.01369	0.01789	0.08600	0.37289	0.17238	0.22029	0.01635	0.00385	0.00473	0.01600	0.00606	0.00549
14	0.13719	0.01454	0.01574	0.01282	0.01750	0.06097	0.01034	0.12861	0.04896	0.35419	0.07626	0.05261	0.02009	0.00940	0.00689	0.00221	0.00640	0.00743	0.00734	0.01050
15	0.01438	0.01529	0.04796	0.06383	0.16048	0.09179	0.08543	0.01844	0.04901	0.02101	0.05827	0.16727	0.15270	0.01226	0.00783	0.00236	0.00739	0.01098	0.00504	0.00828
16	0.01431	0.01354	0.01809	0.07253	0.09309	0.06258	0.02911	0.01641	0.01250	0.01725	0.01480	0.02463	0.01457	0.16795	0.15631	0.00522	0.24893	0.00730	0.00359	0.00727
17	0.01497	0.05535	0.12940	0.04172	0.04619	0.01213	0.01246	0.01901	0.01483	0.02257	0.01256	0.01491	0.01021	0.00567	0.00562	0.00136	0.00653	0.00453	0.00389	0.56611
18	0.01764	0.28614	0.30936	0.01569	0.02298	0.05618	0.01747	0.03837	0.01621	0.06577	0.06009	0.03564	0.01462	0.00766	0.00617	0.00198	0.00861	0.00576	0.00395	0.00968
19	0.01326	0.01151	0.01922	0.60488	0.04202	0.01412	0.01738	0.01662	0.01336	0.01716	0.01261	0.01945	0.01000	0.01023	0.01078	0.14198	0.00891	0.00630	0.00315	0.00706
20	0.17818	0.00861	0.00905	0.00930	0.01159	0.00854	0.00725	0.01358	0.01541	0.02321	0.12187	0.17009	0.26070	0.01617	0.00790	0.00257	0.00456	0.11863	0.00628	0.00651
21	0.01833	0.07345	0.29519	0.01850	0.02591	0.01598	0.13411	0.08458	0.01829	0.12823	0.07250	0.02232	0.04406	0.00814	0.00719	0.00222	0.00881	0.00711	0.00490	0.01017
22	0.02663	0.03309	0.02025	0.01823	0.02202	0.67884	0.01374	0.06797	0.02098	0.01909	0.01138	0.01310	0.00935	0.00741	0.00646	0.00185	0.01254	0.00470	0.00388	0.00849
23	0.00887	0.00652	0.00837	0.00976	0.01058	0.00602	0.00683	0.01036	0.01426	0.01860	0.04415	0.58724	0.14675	0.02144	0.00905	0.00285	0.00425	0.07165	0.00661	0.00588
24	0.00986	0.00728	0.01054	0.01089	0.01191	0.00811	0.00813	0.01197	0.01185	0.01672	0.02358	0.18221	0.02455	0.08892	0.52793	0.00934	0.01515	0.01049	0.00444	0.00611
25	0.01048	0.00759	0.00986	0.01070	0.04573	0.00776	0.00667	0.01171	0.01215	0.01661	0.07809	0.08953	0.05581	0.41325	0.18724	0.00687	0.00918	0.01058	0.00469	0.00551
26	0.01782	0.06380	0.01653	0.01338	0.01727	0.01610	0.01057	0.03263	0.48721	0.08679	0.10128	0.05825	0.02654	0.01041	0.00726	0.00234	0.00550	0.00872	0.00713	0.01047
27	0.01014	0.00694	0.00838	0.00856	0.00880	0.00709	0.00527	0.01067	0.01088	0.01470	0.02375	0.11981	0.02696	0.56412	0.13802	0.00716	0.00846	0.01102	0.00449	0.00479
28	0.19595	0.01554	0.02028	0.01865	0.09758	0.04360	0.08752	0.09523	0.01711	0.15466	0.01584	0.01816	0.01200	0.01223	0.07521	0.00317	0.09641	0.00622	0.00510	0.00954
29	0.01414	0.00850	0.01114	0.01036	0.01269	0.00840	0.00796	0.01700	0.03608	0.15107	0.10651	0.06920	0.16307	0.07307	0.27109	0.00595	0.01000	0.01030	0.00602	0.00743
30	0.01005	0.00779	0.00933	0.00991	0.01152	0.00750	0.00731	0.01397	0.08933	0.02136	0.13148	0.33784	0.21494	0.01857	0.00870	0.00267	0.00430	0.07996	0.00683	0.00664
31	0.00893	0.00652	0.00843	0.00964	0.01047	0.00602	0.00669	0.01057	0.01481	0.01967	0.12225	0.56088	0.12062	0.02080	0.00896	0.00278	0.00408	0.04517	0.00676	0.00595
32	0.01745	0.01500	0.02493	0.35623	0.24494	0.01640	0.07125	0.07171	0.01699	0.07496	0.01454	0.01884	0.01096	0.00703	0.00720	0.00227	0.00898	0.00657	0.00404	0.00972
33	0.11452	0.01427	0.01653	0.01330	0.01839	0.01457	0.01083	0.13826	0.17094	0.37522	0.02447	0.02217	0.01653	0.00871	0.00686	0.00224	0.00619	0.00687	0.00770	0.01143
34	0.01205	0.00773	0.01023	0.01009	0.01196	0.00716	0.00783	0.01499	0.01847	0.08732	0.40766	0.14969	0.08148	0.01613	0.00863	0.00251	0.00428	0.12725	0.00748	0.00702
35	0.01405	0.00711	0.00775	0.00740	0.00932	0.00691	0.00562	0.01734	0.01610	0.07315	0.12723	0.03046	0.02569	0.00929	0.00565	0.00178	0.00351	0.00763	0.61700	0.00702
36	0.08598	0.01166	0.01706	0.40477	0.03292	0.01347	0.01455	0.01879	0.01537	0.09585	0.08536	0.02789	0.09892	0.00948	0.00782	0.00236	0.03716	0.00785	0.00474	0.00801
37	0.00956	0.00761	0.01194	0.01210	0.01326	0.00711	0.07988	0.01132	0.01398	0.01868	0.03654	0.66606	0.04314	0.02053	0.00901	0.00284	0.00499	0.01895	0.00628	0.00620
38	0.18672	0.01913	0.10158	0.02082	0.15961	0.01851	0.01535	0.20275	0.10443	0.03131	0.01527	0.01687	0.01166	0.00788	0.00760	0.00226	0.05687	0.00591	0.00507	0.01042
39	0.10471	0.18620	0.08700	0.04171	0.01975	0.01664	0.01178	0.08622	0.01616	0.02434	0.01247	0.01502	0.01033	0.02845	0.00635	0.00174	0.00682	0.00467	0.00411	0.31551
40	0.01151	0.00884	0.01094	0.01139	0.04026	0.00892	0.00789	0.06597	0.05132	0.02188	0.12104	0.20906	0.16839	0.10486	0.12048	0.00435	0.00707	0.01293	0.00603	0.00688
41	0.00911	0.00654	0.00810	0.00904	0.00967	0.00612	0.00595	0.01026	0.01358	0.01792	0.07849	0.46309	0.12195	0.18801	0.01519	0.00371	0.00466	0.01692	0.00616	0.00553
42	0.01897	0.13435	0.11261	0.09827	0.08687	0.06587	0.13255	0.08725	0.05523	0.07580	0.01811	0.02004	0.04740	0.00764	0.00693	0.00214	0.00896	0.00667	0.00449	0.00986
43	0.10797	0.02786	0.22925	0.02065	0.07890	0.23183	0.08175	0.07404	0.01791	0.02370	0.01324	0.03660	0.01065	0.00742	0.00667	0.00213	0.01025	0.00582	0.00389	0.00946
44	0.01150	0.00693	0.00796	0.00790	0.00893	0.00703	0.00544	0.01356	0.01345	0.02101	0.09629	0.03666	0.02620	0.27480	0.10833	0.00482	0.00660	0.00875	0.32804	0.00580
45	0.07388	0.09755	0.01996	0.01754	0.10516	0.12388	0.01269	0.13895	0.04828	0.10357	0.04967	0.02849	0.05367	0.00984	0.00700	0.00220	0.00765	0.08482	0.00564	0.00955
46	0.01632	0.01593	0.09606	0.01305	0.05440	0.11558	0.01056	0.06976	0.01721	0.02533	0.02151	0.05271	0.04037	0.00879	0.00598	0.00190	0.00628	0.00699	0.41329	0.00797

[dist]
# distance from previous block
# <min> <max>
0	1

[block]
# block no. 6 follows, 29 sequences, length 12
# corresponding to MSA columns:
# 773-784
name=unknown_G
#
# <colnr> <probs for GDERKNQSTAVLIFYWHMCP>
#	G	D	E	R	K	N	Q	S	T	A	V	L	I	F	Y	W	H	M	C	P
0	0.02072	0.05921	0.13459	0.01693	0.02148	0.39342	0.01476	0.02543	0.07875	0.01923	0.01421	0.01687	0.01170	0.01495	0.12364	0.00352	0.01260	0.00548	0.00388	0.00863
1	0.01680	0.01144	0.01339	0.01244	0.01522	0.01198	0.00937	0.14612	0.16388	0.10596	0.03155	0.36930	0.03160	0.01542	0.00810	0.00257	0.00538	0.01349	0.00710	0.00890
2	0.45317	0.25065	0.02297	0.01284	0.01813	0.02012	0.09291	0.02129	0.01345	0.02596	0.01047	0.01247	0.00855	0.00637	0.00496	0.00201	0.00699	0.00441	0.00387	0.00840
3	0.01843	0.04914	0.02076	0.01688	0.02039	0.21188	0.10899	0.06084	0.12810	0.02180	0.02244	0.11270	0.06024	0.04317	0.00999	0.00251	0.06948	0.00878	0.00495	0.00854
4	0.02135	0.05445	0.06426	0.01830	0.07696	0.11453	0.04722	0.15229	0.06550	0.12090	0.10211	0.02222	0.01923	0.00908	0.00867	0.00222	0.07800	0.00706	0.00566	0.01000
5	0.02004	0.05350	0.11598	0.07722	0.02544	0.10445	0.08029	0.16568	0.04357	0.05950	0.01479	0.01658	0.01111	0.00703	0.00661	0.00192	0.00866	0.00573	0.00474	0.17716
6	0.14938	0.06212	0.29533	0.01714	0.02379	0.25270	0.01755	0.02507	0.05478	0.02256	0.01251	0.01422	0.00958	0.00707	0.00619	0.00208	0.01006	0.00490	0.00370	0.00928
7	0.01928	0.48005	0.03228	0.05094	0.02150	0.13087	0.06361	0.02165	0.01510	0.01724	0.01062	0.01325	0.00943	0.00742	0.00725	0.03315	0.04989	0.00463	0.00319	0.00866
8	0.05874	0.01357	0.07932	0.10089	0.12732	0.01199	0.03567	0.01928	0.06720	0.08190	0.02850	0.23520	0.08586	0.01267	0.00767	0.00246	0.00659	0.01122	0.00542	0.00855
9	0.01535	0.06355	0.14275	0.01861	0.07437	0.01553	0.09170	0.09943	0.01645	0.02294	0.01899	0.08664	0.04291	0.01758	0.13803	0.00395	0.07577	0.00799	0.00431	0.04315
10	0.01711	0.00966	0.01290	0.01181	0.01454	0.00929	0.03886	0.02171	0.10553	0.20913	0.03186	0.33752	0.03072	0.01460	0.00781	0.00248	0.00512	0.01295	0.09789	0.00851
11	0.01614	0.01484	0.02386	0.16743	0.18497	0.01643	0.10751	0.09523	0.01677	0.02312	0.04561	0.06487	0.01619	0.05518	0.01167	0.00271	0.11625	0.00799	0.00424	0.00899

[dist]
# distance from previous block
# <min> <max>
0	2

[block]
# block no. 7 follows, 29 sequences, length 6
# corresponding to MSA columns:
# 787-792
name=unknown_H
#
# <colnr> <probs for GDERKNQSTAVLIFYWHMCP>
#	G	D	E	R	K	N	Q	S	T	A	V	L	I	F	Y	W	H	M	C	P
0	0.00913	0.00676	0.00860	0.00967	0.01076	0.00623	0.00698	0.01098	0.01524	0.01999	0.12390	0.45366	0.17376	0.02025	0.00897	0.00277	0.00423	0.09534	0.00675	0.00603
1	0.04202	0.10671	0.02200	0.06947	0.16328	0.16194	0.04642	0.05543	0.01680	0.02091	0.01835	0.13597	0.01830	0.04991	0.00864	0.00246	0.00852	0.03996	0.00438	0.00854
2	0.05919	0.30585	0.11647	0.01943	0.09424	0.02157	0.09835	0.04401	0.01555	0.06782	0.01261	0.01499	0.01018	0.00714	0.00778	0.00205	0.08390	0.00540	0.00377	0.00968
3	0.00965	0.00689	0.00847	0.00903	0.00987	0.00653	0.00618	0.01110	0.01427	0.01899	0.15204	0.27071	0.12114	0.24810	0.01746	0.00401	0.00501	0.06889	0.00610	0.00558
4	0.00923	0.00669	0.00817	0.00885	0.00969	0.00622	0.00592	0.01061	0.01433	0.01897	0.14310	0.37166	0.15166	0.18383	0.01497	0.00361	0.00455	0.01604	0.00628	0.00563
5	0.08140	0.17923	0.05132	0.01911	0.10338	0.29032	0.01432	0.11309	0.04418	0.02341	0.01253	0.01418	0.01016	0.00713	0.00609	0.00191	0.00964	0.00498	0.00414	0.00948

[dist]
# distance from previous block
# <min> <max>
10	31

[block]
# block no. 8 follows, 29 sequences, length 13
# corresponding to MSA columns:
# 826-838
name=unknown_I
#
# <colnr> <probs for GDERKNQSTAVLIFYWHMCP>
#	G	D	E	R	K	N	Q	S	T	A	V	L	I	F	Y	W	H	M	C	P
0	0.07072	0.08038	0.01776	0.03838	0.01887	0.13129	0.01065	0.10123	0.01808	0.05430	0.01770	0.04276	0.04325	0.00811	0.00617	0.00174	0.00719	0.03404	0.00484	0.29253
1	0.01194	0.00892	0.00979	0.00948	0.01152	0.00877	0.00688	0.10041	0.04780	0.02260	0.04467	0.22786	0.27757	0.11333	0.01181	0.00304	0.00481	0.01374	0.05826	0.00681
2	0.01244	0.04381	0.07315	0.01118	0.01406	0.00964	0.04930	0.01462	0.01376	0.04292	0.07127	0.06419	0.09603	0.32665	0.01972	0.00418	0.00668	0.03928	0.00491	0.08220
3	0.01640	0.09189	0.07083	0.01492	0.01983	0.07513	0.09900	0.07245	0.05846	0.02317	0.06800	0.07031	0.01925	0.08488	0.00977	0.00242	0.00761	0.00759	0.00474	0.18335
4	0.04264	0.01807	0.13542	0.09422	0.02265	0.04144	0.01393	0.18027	0.07353	0.02708	0.02385	0.11822	0.07608	0.01264	0.04117	0.00270	0.00795	0.00868	0.00533	0.05411
5	0.01808	0.01565	0.02441	0.14813	0.13899	0.01700	0.14373	0.17273	0.01933	0.02725	0.01545	0.01922	0.01195	0.00774	0.00842	0.00224	0.07057	0.00679	0.12277	0.00956
6	0.20382	0.04218	0.01807	0.08740	0.02059	0.09652	0.04180	0.05059	0.01426	0.02241	0.01224	0.01736	0.01075	0.05371	0.05301	0.02683	0.15910	0.00569	0.00388	0.05979
7	0.07232	0.01400	0.08634	0.01743	0.13918	0.01161	0.01220	0.07530	0.01627	0.02371	0.02705	0.26530	0.08235	0.01283	0.00740	0.00228	0.00610	0.01119	0.00525	0.11187
8	0.06830	0.04538	0.30058	0.01743	0.02444	0.01535	0.09267	0.04238	0.01622	0.07846	0.08113	0.01970	0.01579	0.00786	0.00791	0.00217	0.05844	0.00637	0.00437	0.09507
9	0.01636	0.00932	0.01260	0.01330	0.07688	0.00864	0.00899	0.01852	0.01620	0.20145	0.09354	0.13701	0.11028	0.15806	0.01364	0.00335	0.00572	0.08171	0.00656	0.00787
10	0.01042	0.00852	0.04952	0.01074	0.01225	0.00690	0.00830	0.01247	0.01479	0.05228	0.07916	0.53966	0.07267	0.01988	0.00886	0.00279	0.00473	0.07298	0.00658	0.00649
11	0.01894	0.02459	0.24051	0.12435	0.06122	0.07333	0.14782	0.14040	0.01928	0.06000	0.01450	0.01718	0.01053	0.00712	0.00720	0.00224	0.01005	0.00632	0.00424	0.01018
12	0.01932	0.01852	0.02647	0.07509	0.44473	0.07829	0.04885	0.10707	0.06511	0.02564	0.01473	0.01791	0.01180	0.00697	0.00708	0.00214	0.00878	0.00641	0.00423	0.01085

[dist]
# distance from previous block
# <min> <max>
0	1

[block]
# block no. 9 follows, 29 sequences, length 35
# corresponding to MSA columns:
# 840-874
name=unknown_J
#
# <colnr> <probs for GDERKNQSTAVLIFYWHMCP>
#	G	D	E	R	K	N	Q	S	T	A	V	L	I	F	Y	W	H	M	C	P
0	0.01170	0.00789	0.00923	0.00928	0.01024	0.00789	0.00618	0.01415	0.07199	0.04898	0.03037	0.15381	0.07539	0.43443	0.02432	0.00510	0.00608	0.06172	0.00546	0.00580
1	0.01756	0.26660	0.18213	0.02005	0.12341	0.03770	0.04657	0.05278	0.01637	0.04034	0.03131	0.02173	0.01425	0.00818	0.00703	0.00210	0.03200	0.06631	0.00395	0.00964
2	0.14967	0.04465	0.01827	0.10399	0.05144	0.25759	0.01297	0.07220	0.11491	0.02404	0.01633	0.05624	0.01394	0.00866	0.00654	0.00216	0.00884	0.02404	0.00470	0.00881
3	0.00903	0.00701	0.00787	0.00804	0.00965	0.00623	0.00568	0.01075	0.01564	0.01991	0.16954	0.17425	0.38614	0.12332	0.01252	0.00310	0.00412	0.01484	0.00650	0.00585
4	0.01614	0.10010	0.04801	0.01188	0.01610	0.01447	0.01008	0.07638	0.23533	0.07538	0.04057	0.03849	0.26453	0.01198	0.00732	0.00226	0.00557	0.00975	0.00643	0.00922
5	0.04261	0.09775	0.08000	0.23263	0.06234	0.08611	0.07304	0.19347	0.02015	0.02630	0.01348	0.01653	0.01021	0.00723	0.00678	0.00215	0.00931	0.00594	0.00431	0.00967
6	0.03851	0.00798	0.00926	0.00978	0.01167	0.00759	0.00736	0.01399	0.06413	0.04534	0.04882	0.30346	0.28051	0.01843	0.00858	0.00268	0.00450	0.10407	0.00665	0.00667
7	0.00951	0.00679	0.00900	0.00998	0.01088	0.00641	0.00717	0.01153	0.01561	0.02119	0.21752	0.43655	0.05072	0.05448	0.01029	0.00296	0.00438	0.10215	0.00683	0.00607
8	0.17174	0.36902	0.08542	0.13053	0.02378	0.07818	0.01387	0.02141	0.01447	0.02052	0.01069	0.01311	0.00891	0.00652	0.00529	0.00188	0.00817	0.00441	0.00338	0.00870
9	0.01327	0.00664	0.00664	0.00664	0.00830	0.00664	0.00498	0.01659	0.01493	0.02655	0.02323	0.02655	0.01825	0.00830	0.00498	0.00166	0.00332	0.00664	0.78928	0.00664
10	0.00970	0.00726	0.00900	0.00857	0.01041	0.00656	0.00642	0.01271	0.01927	0.02646	0.56014	0.05664	0.20993	0.01534	0.00840	0.00228	0.00341	0.01336	0.00756	0.00656
11	0.09889	0.12152	0.30420	0.01576	0.02358	0.01650	0.04639	0.05145	0.01551	0.02399	0.01233	0.01440	0.00952	0.00632	0.00592	0.00184	0.00817	0.00484	0.00369	0.21516
12	0.01327	0.00664	0.00664	0.00664	0.00830	0.00664	0.00498	0.01659	0.01493	0.02655	0.02323	0.02655	0.01825	0.00830	0.00498	0.00166	0.00332	0.00664	0.78928	0.00664
13	0.01422	0.12752	0.52146	0.01749	0.02619	0.01662	0.02154	0.02091	0.01551	0.02219	0.08082	0.02084	0.04905	0.00798	0.00671	0.00216	0.00911	0.00628	0.00365	0.00975
14	0.01762	0.01692	0.02890	0.04371	0.70533	0.01692	0.02185	0.02185	0.01621	0.02326	0.01339	0.01762	0.01128	0.00634	0.00705	0.00211	0.00846	0.00634	0.00352	0.01128
15	0.01327	0.00664	0.00664	0.00664	0.00830	0.00664	0.00498	0.01659	0.01493	0.02655	0.02323	0.02655	0.01825	0.00830	0.00498	0.00166	0.00332	0.00664	0.78928	0.00664
16	0.01330	0.01245	0.02072	0.46850	0.12595	0.01420	0.04781	0.01760	0.01535	0.02010	0.08043	0.02719	0.08947	0.00880	0.00742	0.00233	0.00830	0.00794	0.00402	0.00812
17	0.00886	0.00634	0.00843	0.00979	0.01037	0.00591	0.00662	0.01038	0.01450	0.01955	0.12695	0.65349	0.04976	0.02128	0.00900	0.00281	0.00403	0.01927	0.00677	0.00591
18	0.01574	0.01606	0.02449	0.02019	0.02115	0.02131	0.10349	0.01789	0.01169	0.01789	0.01002	0.01606	0.00954	0.01161	0.02139	0.00302	0.64076	0.00652	0.00318	0.00803
19	0.80005	0.01377	0.01047	0.00936	0.01377	0.01597	0.00771	0.02093	0.01212	0.03195	0.00991	0.01157	0.00771	0.00661	0.00441	0.00220	0.00551	0.00386	0.00441	0.00771
