[name]
unknown

[dist]
# distance from previous block
# <min> <max>
2	556

[block]
# block no. 0 follows, 26 sequences, length 88
# corresponding to MSA columns:
# 685-772
name=unknown_A
#
# <colnr> <probs for GDERKNQSTAVLIFYWHMCP>
#	G	D	E	R	K	N	Q	S	T	A	V	L	I	F	Y	W	H	M	C	P
0	0.01929	0.04463	0.08488	0.01675	0.02182	0.09956	0.09820	0.05285	0.16275	0.06737	0.02138	0.04887	0.01757	0.07153	0.00998	0.00266	0.00836	0.00781	0.07168	0.07206
1	0.09773	0.05167	0.16027	0.07921	0.15221	0.05217	0.01754	0.06686	0.01814	0.10511	0.01773	0.01959	0.03597	0.00780	0.00690	0.00218	0.00856	0.00625	0.00481	0.08930
2	0.04436	0.11431	0.10805	0.02282	0.14170	0.11248	0.07786	0.02464	0.01740	0.08876	0.01570	0.01988	0.01277	0.00790	0.00776	0.00215	0.04037	0.03237	0.00444	0.10428
3	0.10811	0.01506	0.03958	0.04035	0.05297	0.07214	0.01174	0.05618	0.09049	0.13157	0.02700	0.20265	0.02536	0.01306	0.00779	0.00256	0.00688	0.04706	0.04012	0.00934
4	0.02163	0.01784	0.02096	0.14366	0.14395	0.11648	0.01553	0.10044	0.04718	0.12471	0.02041	0.08075	0.01718	0.00972	0.00761	0.00232	0.00861	0.03042	0.00561	0.06498
5	0.08602	0.04678	0.10600	0.01782	0.06870	0.08519	0.03777	0.05649	0.05680	0.17854	0.01853	0.01938	0.01351	0.00809	0.00756	0.00217	0.03802	0.00624	0.04565	0.10074
6	0.14086	0.01547	0.01881	0.13062	0.11039	0.01712	0.01396	0.17376	0.11062	0.03215	0.09697	0.02687	0.06156	0.00975	0.00738	0.00240	0.00718	0.00797	0.00602	0.01014
7	0.01579	0.01503	0.02269	0.64378	0.04929	0.05187	0.02040	0.05328	0.01655	0.02082	0.01364	0.01979	0.01024	0.00767	0.00755	0.00249	0.01020	0.00665	0.00362	0.00868
8	0.00935	0.00770	0.00822	0.00809	0.01048	0.00657	0.00607	0.01163	0.01820	0.02265	0.20881	0.06944	0.54972	0.01840	0.00896	0.00252	0.00378	0.01551	0.00733	0.00657
9	0.01088	0.00793	0.01121	0.01121	0.01223	0.00895	0.00826	0.01292	0.01190	0.01688	0.02121	0.03475	0.02111	0.22564	0.53755	0.01098	0.01708	0.00885	0.00420	0.00623
10	0.01037	0.00774	0.00963	0.00916	0.01111	0.00700	0.00687	0.01360	0.02061	0.02836	0.55684	0.06004	0.19813	0.01627	0.00895	0.00242	0.00363	0.01419	0.00808	0.00700
11	0.02028	0.73799	0.03975	0.01298	0.01947	0.03001	0.01298	0.02271	0.01541	0.01785	0.01055	0.01217	0.00973	0.00649	0.00487	0.00162	0.00811	0.00406	0.00324	0.00973
12	0.78701	0.01467	0.01115	0.00997	0.01467	0.01702	0.00821	0.02230	0.01291	0.03403	0.01056	0.01232	0.00821	0.00704	0.00469	0.00235	0.00587	0.00411	0.00469	0.00821
13	0.01042	0.00774	0.00970	0.00921	0.01114	0.00702	0.00691	0.01370	0.02073	0.02865	0.57443	0.05957	0.18036	0.01617	0.00895	0.00242	0.00363	0.01412	0.00812	0.00702
14	0.01103	0.00735	0.00827	0.00827	0.00827	0.00735	0.00460	0.01103	0.01103	0.01471	0.02390	0.04964	0.02758	0.73343	0.03861	0.00735	0.00735	0.01103	0.00460	0.00460
15	0.02028	0.73799	0.03975	0.01298	0.01947	0.03001	0.01298	0.02271	0.01541	0.01785	0.01055	0.01217	0.00973	0.00649	0.00487	0.00162	0.00811	0.00406	0.00324	0.00973
16	0.00933	0.00664	0.00877	0.01045	0.01086	0.00622	0.00692	0.01059	0.01435	0.01913	0.04090	0.69418	0.04903	0.05962	0.01114	0.00330	0.00455	0.02103	0.00692	0.00608
17	0.01326	0.00984	0.01170	0.01165	0.01382	0.00977	0.00889	0.12743	0.01989	0.02616	0.10335	0.31872	0.16579	0.01910	0.00922	0.00283	0.00530	0.10840	0.00725	0.00762
18	0.01659	0.01659	0.02323	0.01991	0.01991	0.02323	0.01659	0.01825	0.01162	0.01825	0.00996	0.01659	0.00996	0.01328	0.02489	0.00332	0.71955	0.00664	0.00332	0.00830
19	0.02510	0.01512	0.01781	0.01436	0.01854	0.01590	0.01138	0.33822	0.02503	0.16550	0.01901	0.02120	0.01415	0.01441	0.01431	0.23899	0.00743	0.00691	0.00664	0.00998
20	0.78701	0.01467	0.01115	0.00997	0.01467	0.01702	0.00821	0.02230	0.01291	0.03403	0.01056	0.01232	0.00821	0.00704	0.00469	0.00235	0.00587	0.00411	0.00469	0.00821
21	0.01659	0.01659	0.02323	0.01991	0.01991	0.02323	0.01659	0.01825	0.01162	0.01825	0.00996	0.01659	0.00996	0.01328	0.02489	0.00332	0.71955	0.00664	0.00332	0.00830
22	0.01038	0.00708	0.00846	0.00910	0.00926	0.00692	0.00548	0.01086	0.01230	0.01640	0.03040	0.29610	0.03578	0.47578	0.02810	0.00580	0.00628	0.01485	0.00548	0.00516
23	0.02833	0.03615	0.02149	0.01954	0.02345	0.70298	0.01466	0.03029	0.02149	0.01856	0.01172	0.01368	0.00977	0.00782	0.00684	0.00195	0.01368	0.00489	0.00391	0.00879
24	0.03403	0.01291	0.01760	0.01350	0.01936	0.01115	0.01115	0.03697	0.02171	0.69137	0.02992	0.02582	0.01878	0.00939	0.00763	0.00235	0.00645	0.00763	0.00939	0.01291
25	0.00996	0.00709	0.00945	0.01097	0.01169	0.00675	0.00781	0.01170	0.01519	0.02024	0.07367	0.53638	0.04870	0.06757	0.01161	0.00339	0.00500	0.12964	0.00694	0.00626
26	0.01432	0.01348	0.02275	0.71520	0.05224	0.01685	0.02107	0.01938	0.01517	0.01938	0.01348	0.02022	0.01011	0.00758	0.00758	0.00253	0.01011	0.00674	0.00337	0.00843
27	0.01799	0.02022	0.04341	0.03338	0.10219	0.01907	0.59710	0.02420	0.01784	0.02434	0.01524	0.02030	0.01156	0.00643	0.00881	0.00253	0.01242	0.00874	0.00383	0.01040
28	0.03286	0.01479	0.01877	0.01439	0.02030	0.01395	0.01189	0.17806	0.02487	0.54582	0.02728	0.02410	0.01745	0.00932	0.00762	0.00233	0.00688	0.00745	0.00898	0.01291
29	0.01593	0.01514	0.02580	0.24655	0.28599	0.01683	0.06503	0.02023	0.01543	0.02144	0.01469	0.02088	0.01230	0.01525	0.11652	0.00398	0.06759	0.00711	0.00365	0.00967
30	0.01702	0.02308	0.20132	0.06784	0.12592	0.01750	0.24660	0.06312	0.03914	0.02526	0.01786	0.08694	0.01518	0.00868	0.00817	0.00251	0.01039	0.00872	0.00430	0.01046
31	0.00950	0.00671	0.00872	0.01022	0.01060	0.00634	0.00668	0.01063	0.01401	0.01868	0.03917	0.62850	0.04684	0.12829	0.01394	0.00371	0.00484	0.02001	0.00668	0.00593
32	0.78701	0.01467	0.01115	0.00997	0.01467	0.01702	0.00821	0.02230	0.01291	0.03403	0.01056	0.01232	0.00821	0.00704	0.00469	0.00235	0.00587	0.00411	0.00469	0.00821
33	0.34339	0.20882	0.02312	0.01731	0.11119	0.05590	0.01265	0.02385	0.05612	0.02658	0.01238	0.01451	0.01027	0.00746	0.00661	0.00219	0.04903	0.00493	0.00425	0.00942
34	0.01693	0.01869	0.11244	0.05491	0.19033	0.03986	0.09273	0.07694	0.03982	0.02735	0.13818	0.02924	0.06218	0.00958	0.00783	0.00233	0.00820	0.00866	0.05380	0.01000
35	0.00952	0.00701	0.00892	0.00991	0.01096	0.00641	0.00687	0.01142	0.01643	0.02191	0.18470	0.48610	0.14934	0.02131	0.00942	0.00285	0.00414	0.01905	0.00732	0.00641
36	0.01087	0.00819	0.01010	0.00954	0.01159	0.00764	0.00718	0.01510	0.05462	0.02885	0.54826	0.05788	0.17008	0.01585	0.00889	0.00242	0.00375	0.01383	0.00810	0.00728
37	0.01053	0.00775	0.00985	0.00932	0.01120	0.00707	0.00699	0.01391	0.02098	0.02924	0.61063	0.05859	0.14379	0.01594	0.00895	0.00241	0.00361	0.01399	0.00820	0.00707
38	0.78701	0.01467	0.01115	0.00997	0.01467	0.01702	0.00821	0.02230	0.01291	0.03403	0.01056	0.01232	0.00821	0.00704	0.00469	0.00235	0.00587	0.00411	0.00469	0.00821
39	0.00995	0.00772	0.00905	0.00872	0.01085	0.00682	0.00654	0.01280	0.01962	0.02602	0.41408	0.06389	0.34235	0.01715	0.00895	0.00246	0.00370	0.01473	0.00777	0.00682
40	0.02110	0.02409	0.01606	0.01482	0.01792	0.40955	0.01111	0.02354	0.02034	0.02214	0.14597	0.03041	0.10194	0.01072	0.00730	0.00208	0.00945	0.00810	0.09535	0.00800
41	0.07663	0.02083	0.02203	0.01698	0.02296	0.02311	0.01403	0.62057	0.03423	0.04694	0.01773	0.01784	0.01260	0.00898	0.00741	0.00228	0.00819	0.00666	0.00741	0.01260
42	0.02028	0.73799	0.03975	0.01298	0.01947	0.03001	0.01298	0.02271	0.01541	0.01785	0.01055	0.01217	0.00973	0.00649	0.00487	0.00162	0.00811	0.00406	0.00324	0.00973
43	0.01918	0.17620	0.27142	0.04817	0.05283	0.01809	0.01823	0.05677	0.01745	0.12241	0.01875	0.08722	0.01587	0.03527	0.00819	0.00247	0.00876	0.00748	0.00481	0.01042
44	0.05363	0.28376	0.32699	0.01678	0.02520	0.02103	0.01920	0.02546	0.01653	0.12437	0.01488	0.01598	0.01100	0.00728	0.00633	0.00211	0.00914	0.00530	0.00423	0.01081
45	0.02122	0.01311	0.01484	0.01294	0.01697	0.01391	0.01017	0.03345	0.34159	0.19515	0.06748	0.02934	0.02415	0.01008	0.00729	0.00235	0.00548	0.00834	0.16117	0.01096
46	0.01445	0.01326	0.05702	0.09049	0.04556	0.03690	0.09190	0.01738	0.01482	0.06152	0.02402	0.17939	0.02450	0.17634	0.11352	0.00502	0.00999	0.01124	0.00498	0.00769
47	0.02555	0.05230	0.02242	0.12728	0.06561	0.25316	0.03847	0.06048	0.02044	0.19569	0.01876	0.02229	0.01427	0.00877	0.00742	0.00227	0.01009	0.03897	0.00555	0.01020
48	0.02818	0.01471	0.01786	0.01441	0.01956	0.01465	0.01163	0.17742	0.12144	0.38076	0.02854	0.09244	0.02113	0.01085	0.00783	0.00244	0.00662	0.00894	0.00850	0.01212
49	0.01877	0.01802	0.03079	0.04656	0.68612	0.01802	0.02328	0.02328	0.01727	0.02478	0.01427	0.01877	0.01201	0.00676	0.00751	0.00225	0.00901	0.00676	0.00375	0.01201
50	0.66980	0.01584	0.01382	0.01460	0.09351	0.04187	0.01021	0.02270	0.01373	0.03239	0.01104	0.01313	0.00872	0.00704	0.00510	0.00232	0.00652	0.00445	0.00456	0.00868
51	0.01258	0.00841	0.00926	0.00889	0.01118	0.00802	0.00686	0.05525	0.01896	0.02731	0.19475	0.05125	0.23477	0.01428	0.00772	0.00229	0.00414	0.04804	0.26880	0.00725
52	0.01674	0.01074	0.01515	0.16075	0.02275	0.01148	0.01197	0.05717	0.01667	0.12218	0.02331	0.08161	0.02060	0.02280	0.17309	0.03871	0.01019	0.06237	0.08142	0.04028
53	0.01573	0.01348	0.01573	0.01123	0.01798	0.01011	0.00899	0.01910	0.01573	0.02472	0.01348	0.01573	0.01123	0.00562	0.00562	0.00112	0.00562	0.00449	0.00449	0.77980
54	0.00898	0.00764	0.00773	0.00781	0.01028	0.00639	0.00582	0.01087	0.01717	0.02044	0.07531	0.10165	0.65538	0.01941	0.00900	0.00258	0.00387	0.01625	0.00704	0.00639
55	0.01084	0.00813	0.01219	0.01219	0.01354	0.00948	0.00948	0.01354	0.01219	0.01761	0.02032	0.02980	0.01896	0.05689	0.70337	0.01219	0.02032	0.00813	0.00406	0.00677
56	0.02309	0.02215	0.01929	0.01683	0.02136	0.18926	0.01312	0.15478	0.39110	0.03150	0.02374	0.02277	0.01790	0.00945	0.00748	0.00236	0.00835	0.00733	0.00675	0.01138
57	0.02062	0.08325	0.20449	0.02400	0.03210	0.01849	0.30694	0.05302	0.01861	0.13836	0.01711	0.01946	0.01217	0.00723	0.00789	0.00239	0.01073	0.00738	0.00473	0.01101
58	0.01987	0.12713	0.19737	0.01933	0.02621	0.09058	0.12037	0.07146	0.09518	0.06682	0.01925	0.02090	0.03711	0.01061	0.04247	0.00278	0.01036	0.00691	0.00480	0.01051
59	0.01521	0.03923	0.69413	0.02162	0.03283	0.01762	0.02802	0.02402	0.01601	0.02402	0.01361	0.01601	0.00961	0.00721	0.00721	0.00240	0.01121	0.00560	0.00320	0.01121
60	0.01432	0.01348	0.02275	0.71520	0.05224	0.01685	0.02107	0.01938	0.01517	0.01938	0.01348	0.02022	0.01011	0.00758	0.00758	0.00253	0.01011	0.00674	0.00337	0.00843
61	0.31668	0.01327	0.01473	0.01194	0.01712	0.01313	0.00981	0.03011	0.01838	0.40480	0.06074	0.02253	0.01788	0.00886	0.00660	0.00235	0.00606	0.00666	0.00756	0.01080
62	0.01811	0.03431	0.55770	0.02104	0.03127	0.01677	0.06242	0.02592	0.01695	0.12118	0.01609	0.01770	0.01105	0.00748	0.00737	0.00240	0.01061	0.00609	0.00414	0.01140
63	0.00934	0.00708	0.00867	0.00987	0.01106	0.00640	0.00697	0.01099	0.01558	0.01993	0.05273	0.48159	0.24900	0.02215	0.00951	0.00294	0.00439	0.05849	0.00704	0.00629
64	0.01031	0.00781	0.00959	0.00967	0.01162	0.00709	0.00746	0.01321	0.01914	0.02546	0.35644	0.10543	0.26090	0.01798	0.00922	0.00265	0.00422	0.10733	0.00765	0.00683
65	0.06016	0.01578	0.02418	0.24096	0.15972	0.01683	0.07038	0.11204	0.01982	0.15278	0.01835	0.02267	0.01371	0.00832	0.00765	0.00243	0.00886	0.02930	0.00540	0.01067
66	0.60467	0.01466	0.01252	0.01079	0.01552	0.01652	0.00886	0.08339	0.01597	0.08925	0.01378	0.01500	0.01024	0.00754	0.00525	0.00230	0.00600	0.00484	0.05395	0.00897
67	0.01414	0.00707	0.00707	0.00707	0.00884	0.00707	0.00530	0.01767	0.01591	0.02828	0.02474	0.02828	0.01944	0.00884	0.00530	0.00177	0.00353	0.00707	0.77554	0.00707
68	0.01783	0.01706	0.02908	0.18863	0.55143	0.01777	0.02281	0.02245	0.01682	0.02363	0.01410	0.01908	0.01161	0.00693	0.00752	0.00231	0.00924	0.00675	0.00367	0.01125
69	0.01318	0.00659	0.00988	0.00988	0.00988	0.00659	0.00659	0.00988	0.00988	0.01318	0.01318	0.02306	0.01318	0.02635	0.02964	0.77931	0.00659	0.00659	0.00329	0.00329
70	0.01192	0.00801	0.01052	0.00974	0.01174	0.00736	0.00736	0.01546	0.02148	0.06395	0.64902	0.05509	0.06889	0.01520	0.00888	0.00238	0.00372	0.01341	0.00840	0.00745
71	0.02094	0.68004	0.03824	0.01352	0.01980	0.08558	0.01312	0.02334	0.01591	0.01790	0.01064	0.01229	0.00974	0.00660	0.00503	0.00165	0.00857	0.00412	0.00330	0.00966
72	0.01654	0.21178	0.49656	0.01938	0.02884	0.02099	0.02369	0.02340	0.01564	0.02219	0.01266	0.01509	0.00966	0.00734	0.00754	0.00226	0.04726	0.00527	0.00322	0.01069
73	0.01143	0.00794	0.01018	0.00951	0.01152	0.00723	0.00717	0.01482	0.02107	0.05396	0.59937	0.05710	0.12878	0.01564	0.00890	0.00240	0.00371	0.01371	0.00826	0.00730
74	0.00994	0.00777	0.00908	0.00920	0.01129	0.00691	0.00705	0.01255	0.01850	0.02390	0.26651	0.10750	0.37248	0.01848	0.00918	0.00264	0.00416	0.08870	0.00746	0.00670
75	0.00985	0.00765	0.00896	0.00878	0.01083	0.00676	0.00653	0.01254	0.01916	0.02528	0.37120	0.10631	0.34354	0.01768	0.00900	0.00251	0.00375	0.01524	0.00768	0.00676
76	0.62461	0.12411	0.01607	0.01103	0.01594	0.06220	0.00933	0.02286	0.01382	0.03064	0.01063	0.01238	0.00854	0.00701	0.00486	0.00221	0.00670	0.00415	0.00443	0.00848
77	0.01791	0.01528	0.01632	0.01474	0.01873	0.01748	0.01143	0.03724	0.59553	0.03157	0.10779	0.03165	0.02887	0.01091	0.00786	0.00255	0.00572	0.00918	0.00779	0.01143
78	0.01627	0.01429	0.01841	0.01752	0.13685	0.01152	0.01153	0.01984	0.01600	0.02473	0.01362	0.01627	0.01137	0.00582	0.00595	0.00132	0.00622	0.00490	0.00436	0.64320
79	0.01084	0.00813	0.01219	0.01219	0.01354	0.00948	0.00948	0.01354	0.01219	0.01761	0.02032	0.02980	0.01896	0.05689	0.70337	0.01219	0.02032	0.00813	0.00406	0.00677
80	0.02087	0.19426	0.20490	0.01827	0.05420	0.14193	0.01727	0.05982	0.08988	0.06561	0.01895	0.01979	0.04617	0.00831	0.00680	0.00215	0.00943	0.00621	0.00467	0.01051
81	0.01074	0.00775	0.01014	0.00954	0.01133	0.00716	0.00716	0.01431	0.02147	0.03042	0.68211	0.05666	0.07157	0.01551	0.00895	0.00239	0.00358	0.01372	0.00835	0.00716
82	0.02466	0.08661	0.05751	0.01801	0.05324	0.02226	0.01476	0.40754	0.14406	0.03911	0.01917	0.01927	0.01416	0.00875	0.00727	0.00223	0.00799	0.00673	0.00670	0.03998
83	0.05188	0.01266	0.07753	0.01278	0.01593	0.01065	0.01091	0.01905	0.12053	0.02477	0.11017	0.25004	0.06552	0.01646	0.00867	0.00275	0.00580	0.12408	0.00665	0.05317
84	0.01986	0.21382	0.14749	0.02106	0.09088	0.07209	0.06997	0.11649	0.01893	0.02476	0.01499	0.06076	0.01312	0.00883	0.00857	0.00227	0.07471	0.00681	0.00427	0.01030
85	0.01007	0.00700	0.00882	0.00994	0.01030	0.00675	0.00647	0.01105	0.01343	0.01788	0.03520	0.44271	0.04157	0.28125	0.02023	0.00466	0.00563	0.05524	0.00615	0.00564
86	0.00924	0.00660	0.00880	0.01056	0.01100	0.00616	0.00704	0.01056	0.01452	0.01936	0.04181	0.72848	0.05017	0.02376	0.00968	0.00308	0.00440	0.02156	0.00704	0.00616
87	0.08501	0.32053	0.02737	0.01796	0.11007	0.08773	0.01328	0.02275	0.06249	0.02153	0.01843	0.10112	0.03744	0.00968	0.00705	0.00214	0.03423	0.00738	0.00440	0.00940

[dist]
# distance from previous block
# <min> <max>
0	1

[block]
# block no. 1 follows, 26 sequences, length 64
# corresponding to MSA columns:
# 774-837
name=unknown_B
#
# <colnr> <probs for GDERKNQSTAVLIFYWHMCP>
#	G	D	E	R	K	N	Q	S	T	A	V	L	I	F	Y	W	H	M	C	P
0	0.01604	0.01578	0.07597	0.13072	0.18213	0.01445	0.07264	0.02248	0.08347	0.05650	0.21501	0.03145	0.03060	0.00996	0.00808	0.00241	0.00766	0.00914	0.00567	0.00984
1	0.01793	0.00911	0.01241	0.01172	0.01431	0.00855	0.00886	0.02012	0.01663	0.24603	0.03540	0.30727	0.07048	0.02552	0.15306	0.00469	0.00837	0.01374	0.00722	0.00858
2	0.06881	0.02696	0.02402	0.06862	0.23823	0.37546	0.01751	0.02646	0.01888	0.02152	0.01251	0.01574	0.01043	0.00762	0.00765	0.00216	0.03819	0.00562	0.00385	0.00976
3	0.01414	0.00707	0.00707	0.00707	0.00884	0.00707	0.00530	0.01767	0.01591	0.02828	0.02474	0.02828	0.01944	0.00884	0.00530	0.00177	0.00353	0.00707	0.77554	0.00707
4	0.07451	0.44808	0.12125	0.01598	0.06029	0.02404	0.01500	0.02494	0.01633	0.11703	0.01396	0.01504	0.01105	0.00706	0.00572	0.00192	0.00818	0.00494	0.00425	0.01042
5	0.01334	0.00832	0.01091	0.01054	0.01194	0.00849	0.00761	0.01510	0.01393	0.08809	0.07450	0.04420	0.05347	0.30840	0.25157	0.00765	0.01114	0.04877	0.00544	0.00659
6	0.02424	0.01074	0.01447	0.01183	0.01599	0.00947	0.00947	0.02745	0.02161	0.41364	0.30397	0.03878	0.04096	0.01196	0.00818	0.00236	0.00525	0.01019	0.00895	0.01049
7	0.03305	0.01313	0.01757	0.01362	0.01939	0.01165	0.01120	0.03718	0.06365	0.64886	0.02999	0.02598	0.01906	0.00945	0.00763	0.00236	0.00643	0.00769	0.00928	0.01285
8	0.01659	0.01659	0.02323	0.01991	0.01991	0.02323	0.01659	0.01825	0.01162	0.01825	0.00996	0.01659	0.00996	0.01328	0.02489	0.00332	0.71955	0.00664	0.00332	0.00830
9	0.78701	0.01467	0.01115	0.00997	0.01467	0.01702	0.00821	0.02230	0.01291	0.03403	0.01056	0.01232	0.00821	0.00704	0.00469	0.00235	0.00587	0.00411	0.00469	0.00821
10	0.02206	0.58909	0.03622	0.01391	0.02031	0.02866	0.01328	0.15528	0.01962	0.02407	0.01214	0.01342	0.01039	0.00703	0.00543	0.00176	0.00816	0.00463	0.00415	0.01039
11	0.02028	0.73799	0.03975	0.01298	0.01947	0.03001	0.01298	0.02271	0.01541	0.01785	0.01055	0.01217	0.00973	0.00649	0.00487	0.00162	0.00811	0.00406	0.00324	0.00973
12	0.01228	0.00832	0.01001	0.00936	0.01176	0.00720	0.00690	0.01355	0.01624	0.06021	0.13492	0.10935	0.29761	0.01847	0.01271	0.15741	0.00475	0.01256	0.00634	0.09004
13	0.02692	0.01134	0.01533	0.01229	0.01691	0.00993	0.00993	0.03006	0.02164	0.48973	0.22889	0.03523	0.03488	0.01125	0.00803	0.00236	0.00558	0.00949	0.00907	0.01115
14	0.01394	0.00878	0.01088	0.01046	0.01286	0.00840	0.00791	0.01745	0.05566	0.11730	0.11906	0.17812	0.21280	0.02355	0.12534	0.00419	0.00717	0.01341	0.04492	0.00779
15	0.38217	0.20642	0.01872	0.01069	0.01537	0.01895	0.00931	0.06265	0.01563	0.02948	0.01383	0.01579	0.01112	0.00738	0.00505	0.00204	0.00617	0.00485	0.15569	0.00870
16	0.02653	0.01731	0.02040	0.16102	0.02772	0.06133	0.01448	0.21668	0.08912	0.25357	0.02198	0.02188	0.01510	0.00892	0.00756	0.00236	0.00819	0.00713	0.00709	0.01162
17	0.02563	0.30796	0.02887	0.01595	0.02166	0.18935	0.01371	0.21946	0.02341	0.06674	0.01430	0.01517	0.01124	0.00778	0.00633	0.00194	0.00943	0.00531	0.00509	0.01066
18	0.78701	0.01467	0.01115	0.00997	0.01467	0.01702	0.00821	0.02230	0.01291	0.03403	0.01056	0.01232	0.00821	0.00704	0.00469	0.00235	0.00587	0.00411	0.00469	0.00821
19	0.01849	0.01856	0.05996	0.12233	0.18715	0.08124	0.01659	0.09389	0.13788	0.02776	0.11180	0.02714	0.04531	0.00954	0.00774	0.00236	0.00819	0.00813	0.00556	0.01038
20	0.01900	0.58614	0.03296	0.01175	0.01726	0.02525	0.01138	0.02167	0.01551	0.02001	0.01349	0.01551	0.01175	0.00698	0.00496	0.00165	0.00716	0.00468	0.16369	0.00918
21	0.02056	0.01057	0.01259	0.01029	0.01438	0.00944	0.00817	0.04597	0.01862	0.22200	0.06618	0.02657	0.02077	0.00881	0.00636	0.00187	0.00497	0.00715	0.32419	0.16055
22	0.01084	0.00813	0.01219	0.01219	0.01354	0.00948	0.00948	0.01354	0.01219	0.01761	0.02032	0.02980	0.01896	0.05689	0.70337	0.01219	0.02032	0.00813	0.00406	0.00677
23	0.02072	0.02457	0.27623	0.06052	0.06886	0.07458	0.01901	0.02595	0.01798	0.19527	0.02177	0.08048	0.01776	0.01008	0.00775	0.00248	0.00916	0.05075	0.00547	0.01063
24	0.15152	0.08474	0.46369	0.01921	0.02851	0.01879	0.05143	0.05500	0.01648	0.02650	0.01316	0.01539	0.00962	0.00718	0.00669	0.00234	0.00998	0.00544	0.00371	0.01062
25	0.01377	0.01108	0.01305	0.01024	0.01501	0.00884	0.00801	0.01709	0.01741	0.02616	0.19936	0.03193	0.07907	0.00952	0.00675	0.00161	0.00480	0.00802	0.05542	0.46285
26	0.01594	0.01538	0.02682	0.46096	0.24455	0.01738	0.06877	0.02093	0.01601	0.02139	0.01386	0.01980	0.01079	0.00724	0.00766	0.00245	0.00997	0.00691	0.00352	0.00965
27	0.02203	0.02080	0.06744	0.02507	0.18333	0.15287	0.09670	0.02575	0.01871	0.15668	0.02372	0.05885	0.07344	0.00961	0.00831	0.00236	0.03033	0.00830	0.00533	0.01038
28	0.02990	0.01690	0.01801	0.01474	0.01958	0.12818	0.01179	0.06965	0.02147	0.45455	0.02642	0.08466	0.01932	0.01052	0.00836	0.00238	0.03592	0.00830	0.00791	0.01144
29	0.57988	0.01935	0.01456	0.01432	0.05977	0.15959	0.01052	0.02402	0.01497	0.03022	0.01104	0.01302	0.00878	0.00718	0.00532	0.00226	0.00769	0.00444	0.00447	0.00858
30	0.01405	0.01290	0.02141	0.49960	0.13226	0.01514	0.01891	0.01837	0.01534	0.02012	0.01856	0.14422	0.01740	0.01031	0.00794	0.00259	0.00896	0.00934	0.00407	0.00852
31	0.01033	0.00732	0.00976	0.01132	0.01211	0.00706	0.00832	0.01215	0.01501	0.01984	0.03931	0.46030	0.04569	0.10236	0.01316	0.00368	0.00550	0.20378	0.00675	0.00623
32	0.01542	0.01420	0.02294	0.10680	0.40237	0.01428	0.01770	0.01936	0.01749	0.02412	0.11427	0.06380	0.11436	0.01052	0.00801	0.00238	0.00747	0.00965	0.00494	0.00993
33	0.01209	0.01005	0.01202	0.01120	0.01319	0.01062	0.00867	0.06205	0.01793	0.02355	0.15164	0.13263	0.32807	0.01879	0.03649	0.00304	0.12029	0.01380	0.00658	0.00731
34	0.01101	0.00738	0.00841	0.00837	0.00851	0.00734	0.00479	0.01128	0.01182	0.01590	0.07390	0.05017	0.03092	0.67890	0.03635	0.00698	0.00707	0.01123	0.00488	0.00479
35	0.01695	0.02167	0.16780	0.17007	0.32956	0.01812	0.07921	0.02246	0.01632	0.02313	0.01382	0.01850	0.01097	0.00737	0.00861	0.00243	0.05200	0.00670	0.00355	0.01077
36	0.01432	0.01348	0.02275	0.71520	0.05224	0.01685	0.02107	0.01938	0.01517	0.01938	0.01348	0.02022	0.01011	0.00758	0.00758	0.00253	0.01011	0.00674	0.00337	0.00843
37	0.02366	0.01868	0.01985	0.01641	0.02155	0.02111	0.01317	0.33881	0.36610	0.03946	0.02478	0.02345	0.01822	0.00972	0.00766	0.00243	0.00713	0.00774	0.00766	0.01244
38	0.01384	0.02360	0.32446	0.15882	0.03019	0.01505	0.02034	0.01979	0.01464	0.02129	0.01570	0.02110	0.01263	0.02114	0.19824	0.00511	0.03700	0.00661	0.03126	0.00919
39	0.78701	0.01467	0.01115	0.00997	0.01467	0.01702	0.00821	0.02230	0.01291	0.03403	0.01056	0.01232	0.00821	0.00704	0.00469	0.00235	0.00587	0.00411	0.00469	0.00821
40	0.01139	0.00851	0.00969	0.00909	0.01146	0.00786	0.00690	0.05323	0.02022	0.02729	0.34451	0.05878	0.31303	0.01611	0.00859	0.00240	0.00398	0.01372	0.06605	0.00720
41	0.02883	0.02125	0.02276	0.01745	0.02352	0.02352	0.01442	0.66082	0.03566	0.04780	0.01821	0.01821	0.01290	0.00911	0.00759	0.00228	0.00835	0.00683	0.00759	0.01290
42	0.02126	0.01748	0.01850	0.01592	0.02064	0.01998	0.01258	0.18922	0.51961	0.03559	0.02783	0.02588	0.02069	0.01001	0.00769	0.00250	0.00657	0.00816	0.00769	0.01222
43	0.02398	0.01883	0.02003	0.01647	0.02167	0.02125	0.01324	0.35854	0.34586	0.03997	0.02438	0.02313	0.01789	0.00968	0.00765	0.00242	0.00720	0.00768	0.00765	0.01246
44	0.02195	0.01725	0.01897	0.05702	0.02261	0.01958	0.01313	0.20092	0.43547	0.06769	0.02650	0.02507	0.01949	0.00978	0.00767	0.00248	0.00688	0.00797	0.00751	0.01207
45	0.01267	0.01054	0.01143	0.01084	0.01370	0.01075	0.00822	0.02148	0.23921	0.02617	0.17797	0.09325	0.30301	0.01574	0.00858	0.00256	0.00455	0.01338	0.00753	0.00843
46	0.01095	0.00833	0.01025	0.01062	0.01232	0.00807	0.00787	0.01539	0.08604	0.02472	0.25472	0.28549	0.14460	0.01876	0.00920	0.00276	0.00445	0.07072	0.00753	0.00720
47	0.12897	0.02095	0.02010	0.05130	0.10384	0.16092	0.01408	0.16939	0.14995	0.05152	0.01816	0.01997	0.01409	0.03449	0.00817	0.00247	0.00872	0.00656	0.00573	0.01061
48	0.01480	0.01413	0.02285	0.57075	0.04553	0.01818	0.02014	0.01915	0.01443	0.01915	0.01275	0.01947	0.01008	0.00877	0.01118	0.00269	0.15750	0.00672	0.00336	0.00840
49	0.00931	0.00676	0.00878	0.01025	0.01095	0.00624	0.00694	0.01081	0.01518	0.02012	0.08272	0.63123	0.10700	0.02288	0.00958	0.00299	0.00430	0.02061	0.00712	0.00624
50	0.00967	0.00702	0.00876	0.00970	0.01054	0.00651	0.00652	0.01119	0.01534	0.02036	0.13223	0.44737	0.13547	0.12625	0.01373	0.00354	0.00465	0.01818	0.00686	0.00610
51	0.01709	0.07032	0.24382	0.11825	0.03423	0.01798	0.22654	0.02313	0.01654	0.06182	0.01644	0.06048	0.01325	0.00830	0.00854	0.00249	0.03882	0.00784	0.00403	0.01010
52	0.03133	0.01389	0.01772	0.01371	0.01937	0.01283	0.01129	0.13726	0.02367	0.53644	0.03147	0.02805	0.06681	0.01007	0.00772	0.00235	0.00657	0.00812	0.00892	0.01243
53	0.01291	0.00922	0.01119	0.01131	0.01325	0.00921	0.00821	0.01885	0.14785	0.06372	0.17421	0.36562	0.08817	0.01822	0.00897	0.00276	0.00463	0.01616	0.00759	0.00795
54	0.13750	0.02122	0.11082	0.01922	0.09735	0.08702	0.01529	0.12005	0.08672	0.20160	0.01966	0.01963	0.01390	0.00834	0.00705	0.00232	0.00827	0.00644	0.00623	0.01137
55	0.02113	0.01855	0.01751	0.01528	0.01857	0.15973	0.01202	0.19204	0.02184	0.06609	0.02604	0.06127	0.08999	0.06997	0.05982	0.00353	0.08262	0.04897	0.00589	0.00914
56	0.13928	0.09754	0.15920	0.01584	0.05046	0.04946	0.01461	0.04467	0.01833	0.16201	0.09755	0.02715	0.04571	0.00966	0.00708	0.00232	0.00765	0.03562	0.00581	0.01006
57	0.01623	0.02091	0.13606	0.25198	0.03121	0.15664	0.01688	0.02048	0.01694	0.02091	0.04656	0.12006	0.05795	0.01083	0.00768	0.00242	0.00935	0.00901	0.03945	0.00845
58	0.06138	0.01917	0.14960	0.02198	0.15852	0.03615	0.06983	0.05158	0.04053	0.02294	0.01801	0.02860	0.01694	0.25254	0.01790	0.00404	0.00901	0.00802	0.00434	0.00892
59	0.02005	0.08365	0.09121	0.12369	0.02579	0.10297	0.01526	0.20312	0.02181	0.02801	0.02142	0.07068	0.06374	0.01166	0.02940	0.00264	0.03741	0.00793	0.02981	0.00975
60	0.07224	0.04535	0.01761	0.10667	0.02077	0.01578	0.01257	0.04181	0.01522	0.06074	0.02787	0.12257	0.12815	0.01591	0.04727	0.00325	0.22294	0.01004	0.00510	0.00814
61	0.01573	0.01306	0.03998	0.05529	0.05043	0.03877	0.01087	0.08557	0.05569	0.06339	0.05969	0.26208	0.06015	0.09240	0.01159	0.00306	0.00655	0.01276	0.00626	0.05667
62	0.08644	0.03992	0.06062	0.07616	0.04757	0.05912	0.01330	0.08916	0.06404	0.14139	0.02074	0.07456	0.01714	0.00951	0.00712	0.00221	0.00751	0.03220	0.00589	0.14539
63	0.16510	0.01877	0.04231	0.01513	0.01999	0.12406	0.05905	0.11334	0.05783	0.11466	0.04915	0.05085	0.01741	0.00909	0.00689	0.00223	0.00785	0.00719	0.07446	0.04464

[dist]
# distance from previous block
# <min> <max>
15	200

[block]
# block no. 2 follows, 26 sequences, length 17
# corresponding to MSA columns:
# 1118-1134
name=unknown_C
#
# <colnr> <probs for GDERKNQSTAVLIFYWHMCP>
#	G	D	E	R	K	N	Q	S	T	A	V	L	I	F	Y	W	H	M	C	P
0	0.15248	0.06783	0.09789	0.14058	0.02741	0.02000	0.01586	0.27928	0.02332	0.03400	0.01648	0.02137	0.01305	0.00888	0.00706	0.00238	0.00846	0.04766	0.00551	0.01051
1	0.01492	0.05716	0.13351	0.02098	0.17552	0.01371	0.01501	0.01865	0.01464	0.02114	0.01666	0.02522	0.01551	0.15864	0.12136	0.00459	0.01013	0.00705	0.00398	0.15162
2	0.01760	0.01594	0.01594	0.09284	0.02091	0.12805	0.01099	0.06241	0.01741	0.02376	0.01691	0.05851	0.01474	0.01178	0.04515	0.04525	0.00818	0.00657	0.10589	0.28118
3	0.01851	0.01797	0.02852	0.31865	0.18345	0.05623	0.13842	0.10026	0.01899	0.02491	0.01448	0.01934	0.01111	0.00738	0.00778	0.00241	0.01035	0.00706	0.00409	0.01011
4	0.07869	0.01056	0.01142	0.01060	0.01331	0.01119	0.00842	0.13612	0.01955	0.03082	0.06143	0.07197	0.02466	0.01371	0.04140	0.00273	0.00589	0.07973	0.35965	0.00817
5	0.01143	0.00892	0.01323	0.19252	0.02197	0.01004	0.01101	0.01407	0.01370	0.01876	0.02559	0.23861	0.02700	0.10700	0.21019	0.00595	0.01071	0.01206	0.04045	0.00679
6	0.01152	0.00908	0.01072	0.01116	0.01335	0.00892	0.00877	0.01682	0.11474	0.02346	0.10771	0.17257	0.25702	0.01875	0.00930	0.00288	0.00508	0.18347	0.00724	0.00742
7	0.02601	0.01988	0.02076	0.04156	0.02316	0.06546	0.01365	0.38642	0.16464	0.09261	0.02098	0.02059	0.01513	0.00907	0.00748	0.00228	0.00799	0.00702	0.00722	0.04809
8	0.02689	0.01388	0.01705	0.01395	0.01880	0.01368	0.01118	0.13371	0.13093	0.37446	0.05995	0.10329	0.02446	0.01135	0.00792	0.00246	0.00632	0.00946	0.00852	0.01175
9	0.06508	0.02176	0.02315	0.02361	0.17170	0.12670	0.01581	0.31433	0.06966	0.06828	0.01734	0.01838	0.01294	0.00836	0.00732	0.00225	0.00895	0.00653	0.00610	0.01176
10	0.01362	0.01303	0.02369	0.33965	0.03672	0.01415	0.16713	0.01786	0.01562	0.02053	0.02254	0.23581	0.02263	0.01223	0.00854	0.00270	0.00900	0.01177	0.00460	0.00816
11	0.00985	0.00713	0.00884	0.00977	0.01063	0.00666	0.00665	0.01133	0.01507	0.01986	0.10504	0.40148	0.14107	0.16050	0.01518	0.00379	0.00495	0.04948	0.00669	0.00603
12	0.05254	0.01052	0.01322	0.01241	0.01499	0.01080	0.00943	0.11066	0.01818	0.13677	0.02987	0.30937	0.03018	0.02626	0.17238	0.00495	0.00914	0.01311	0.00670	0.00851
13	0.01893	0.01819	0.03180	0.03340	0.29595	0.01851	0.21916	0.10748	0.01933	0.02683	0.01708	0.07663	0.01493	0.00877	0.00931	0.00249	0.05718	0.00865	0.00453	0.01085
14	0.01103	0.00735	0.00827	0.00827	0.00827	0.00735	0.00460	0.01103	0.01103	0.01471	0.02390	0.04964	0.02758	0.73343	0.03861	0.00735	0.00735	0.01103	0.00460	0.00460
15	0.01288	0.00902	0.01049	0.01030	0.01299	0.00825	0.00822	0.04913	0.01883	0.07675	0.10081	0.09642	0.38571	0.01821	0.00914	0.00274	0.00499	0.15033	0.00733	0.00744
16	0.21181	0.05887	0.15732	0.01514	0.05317	0.04110	0.01380	0.04916	0.01630	0.02727	0.01653	0.01840	0.04501	0.00748	0.00606	0.00196	0.00739	0.00553	0.03724	0.21047

[dist]
# distance from previous block
# <min> <max>
10	32

[block]
# block no. 3 follows, 26 sequences, length 23
# corresponding to MSA columns:
# 1183-1205
name=unknown_D
#
# <colnr> <probs for GDERKNQSTAVLIFYWHMCP>
#	G	D	E	R	K	N	Q	S	T	A	V	L	I	F	Y	W	H	M	C	P
0	0.01130	0.00866	0.01046	0.00985	0.01204	0.00828	0.00743	0.01651	0.09072	0.02881	0.50568	0.05648	0.17386	0.01560	0.00882	0.00244	0.00389	0.01357	0.00805	0.00755
1	0.01084	0.00813	0.01219	0.01219	0.01354	0.00948	0.00948	0.01354	0.01219	0.01761	0.02032	0.02980	0.01896	0.05689	0.70337	0.01219	0.02032	0.00813	0.00406	0.00677
2	0.01043	0.00774	0.00971	0.00922	0.01114	0.00703	0.00691	0.01372	0.02074	0.02869	0.57692	0.05950	0.17784	0.01615	0.00895	0.00242	0.00362	0.01412	0.00812	0.00703
3	0.02028	0.73799	0.03975	0.01298	0.01947	0.03001	0.01298	0.02271	0.01541	0.01785	0.01055	0.01217	0.00973	0.00649	0.00487	0.00162	0.00811	0.00406	0.00324	0.00973
4	0.78701	0.01467	0.01115	0.00997	0.01467	0.01702	0.00821	0.02230	0.01291	0.03403	0.01056	0.01232	0.00821	0.00704	0.00469	0.00235	0.00587	0.00411	0.00469	0.00821
5	0.02692	0.01979	0.02115	0.01652	0.02213	0.02193	0.01355	0.56185	0.08745	0.04503	0.01975	0.01979	0.01424	0.00918	0.00743	0.00226	0.00780	0.00699	0.06383	0.01240
6	0.01103	0.00735	0.00827	0.00827	0.00827	0.00735	0.00460	0.01103	0.01103	0.01471	0.02390	0.04964	0.02758	0.73343	0.03861	0.00735	0.00735	0.01103	0.00460	0.00460
7	0.02028	0.73799	0.03975	0.01298	0.01947	0.03001	0.01298	0.02271	0.01541	0.01785	0.01055	0.01217	0.00973	0.00649	0.00487	0.00162	0.00811	0.00406	0.00324	0.00973
8	0.01000	0.00768	0.00920	0.00933	0.01126	0.00689	0.00706	0.01265	0.01863	0.02449	0.30918	0.14509	0.30764	0.01844	0.00918	0.00264	0.00409	0.07227	0.00756	0.00673
9	0.01080	0.00726	0.00834	0.00856	0.00862	0.00720	0.00491	0.01097	0.01147	0.01530	0.02617	0.13554	0.03043	0.64363	0.03495	0.00681	0.00698	0.01236	0.00491	0.00479
10	0.01659	0.01659	0.02323	0.01991	0.01991	0.02323	0.01659	0.01825	0.01162	0.01825	0.00996	0.01659	0.00996	0.01328	0.02489	0.00332	0.71955	0.00664	0.00332	0.00830
11	0.01263	0.01180	0.01094	0.01069	0.01279	0.11105	0.00787	0.01513	0.01917	0.02406	0.30762	0.16530	0.22921	0.01674	0.00876	0.00248	0.00530	0.01432	0.00710	0.00703
12	0.78701	0.01467	0.01115	0.00997	0.01467	0.01702	0.00821	0.02230	0.01291	0.03403	0.01056	0.01232	0.00821	0.00704	0.00469	0.00235	0.00587	0.00411	0.00469	0.00821
13	0.01659	0.01659	0.02323	0.01991	0.01991	0.02323	0.01659	0.01825	0.01162	0.01825	0.00996	0.01659	0.00996	0.01328	0.02489	0.00332	0.71955	0.00664	0.00332	0.00830
14	0.00953	0.00690	0.00901	0.01019	0.01102	0.00638	0.00699	0.01134	0.01609	0.02166	0.17331	0.55471	0.09111	0.02183	0.00949	0.00291	0.00420	0.01966	0.00731	0.00638
15	0.01514	0.01431	0.02422	0.59290	0.16818	0.01707	0.02147	0.02009	0.01555	0.02037	0.01363	0.01996	0.01046	0.00743	0.00757	0.00248	0.00991	0.00674	0.00344	0.00908
16	0.01204	0.00801	0.00936	0.00943	0.01102	0.00741	0.00674	0.01351	0.01513	0.06772	0.04611	0.11135	0.25529	0.28194	0.02004	0.00448	0.00581	0.10201	0.00631	0.00628
17	0.00929	0.00682	0.00859	0.00997	0.01074	0.00626	0.00671	0.01064	0.01480	0.01931	0.04666	0.58608	0.15314	0.05915	0.01104	0.00321	0.00446	0.02011	0.00692	0.00612
18	0.01616	0.03338	0.50570	0.02753	0.16550	0.01783	0.07978	0.02389	0.01643	0.02420	0.01389	0.01694	0.01025	0.00705	0.00741	0.00238	0.01090	0.00612	0.00337	0.01129
19	0.01970	0.01989	0.05135	0.13790	0.24870	0.14146	0.01773	0.07357	0.01950	0.05276	0.06732	0.05311	0.04574	0.00928	0.00765	0.00231	0.00916	0.00793	0.00485	0.01009
20	0.03153	0.01235	0.01680	0.01307	0.01850	0.01072	0.01072	0.03453	0.02168	0.62030	0.10005	0.02913	0.02445	0.01005	0.00777	0.00235	0.00615	0.00828	0.00928	0.01229
21	0.01770	0.01693	0.02885	0.20752	0.53352	0.01774	0.02275	0.02234	0.01676	0.02348	0.01408	0.01912	0.01156	0.00696	0.00753	0.00232	0.00928	0.00675	0.00366	0.01115
22	0.02198	0.02109	0.14062	0.03133	0.29972	0.01708	0.10855	0.07308	0.01942	0.16536	0.01786	0.01997	0.01302	0.00750	0.00769	0.00234	0.00932	0.00705	0.00513	0.01188

[dist]
# distance from previous block
# <min> <max>
0	1

[block]
# block no. 4 follows, 26 sequences, length 76
# corresponding to MSA columns:
# 1207-1225,1228-1284
name=unknown_E
#
# <colnr> <probs for GDERKNQSTAVLIFYWHMCP>
#	G	D	E	R	K	N	Q	S	T	A	V	L	I	F	Y	W	H	M	C	P
0	0.01143	0.00812	0.01034	0.01124	0.01223	0.00809	0.00807	0.05384	0.01566	0.02086	0.03581	0.41693	0.04118	0.15489	0.04303	0.00426	0.00629	0.12476	0.00649	0.00648
1	0.78701	0.01467	0.01115	0.00997	0.01467	0.01702	0.00821	0.02230	0.01291	0.03403	0.01056	0.01232	0.00821	0.00704	0.00469	0.00235	0.00587	0.00411	0.00469	0.00821
2	0.21215	0.52629	0.03180	0.01252	0.01845	0.05653	0.01186	0.02294	0.01506	0.02192	0.01060	0.01227	0.00936	0.00669	0.00491	0.00182	0.00780	0.00411	0.00364	0.00931
3	0.01146	0.00892	0.01263	0.05692	0.01589	0.01015	0.00983	0.01542	0.05600	0.01940	0.05946	0.03420	0.06691	0.07173	0.50443	0.00959	0.01624	0.00901	0.00470	0.00713
4	0.00924	0.00660	0.00880	0.01056	0.01100	0.00616	0.00704	0.01056	0.01452	0.01936	0.04181	0.72848	0.05017	0.02376	0.00968	0.00308	0.00440	0.02156	0.00704	0.00616
5	0.00910	0.00750	0.00799	0.00827	0.01043	0.00640	0.00605	0.01099	0.01701	0.02077	0.09973	0.18543	0.54450	0.01982	0.00909	0.00264	0.00393	0.01686	0.00711	0.00640
6	0.01041	0.00774	0.00968	0.00920	0.01113	0.00702	0.00690	0.01368	0.02070	0.02858	0.57019	0.05968	0.18464	0.01619	0.00895	0.00242	0.00363	0.01414	0.00811	0.00702
7	0.78701	0.01467	0.01115	0.00997	0.01467	0.01702	0.00821	0.02230	0.01291	0.03403	0.01056	0.01232	0.00821	0.00704	0.00469	0.00235	0.00587	0.00411	0.00469	0.00821
8	0.00953	0.00752	0.00865	0.00918	0.01105	0.00664	0.00682	0.01163	0.01709	0.02153	0.13304	0.23590	0.39814	0.02009	0.00928	0.00276	0.00424	0.07326	0.00718	0.00648
9	0.01279	0.01100	0.01594	0.01482	0.01571	0.01415	0.01190	0.01515	0.01200	0.01783	0.01680	0.02531	0.01590	0.04207	0.47279	0.00918	0.25795	0.00762	0.00381	0.00729
10	0.02198	0.59521	0.03636	0.01387	0.02028	0.02872	0.01327	0.14983	0.01945	0.02381	0.01207	0.01337	0.01036	0.00701	0.00541	0.00175	0.00816	0.00461	0.00411	0.01036
11	0.02058	0.71204	0.03907	0.01322	0.01962	0.05490	0.01304	0.02299	0.01564	0.01787	0.01059	0.01222	0.00974	0.00654	0.00494	0.00163	0.00832	0.00409	0.00327	0.00970
12	0.02024	0.02766	0.27862	0.02297	0.03115	0.06231	0.20955	0.10157	0.06432	0.08166	0.01705	0.01907	0.01224	0.00762	0.00781	0.00241	0.01076	0.00706	0.00476	0.01116
13	0.01782	0.01519	0.01625	0.01468	0.01864	0.01736	0.01138	0.03696	0.58859	0.03156	0.11473	0.03195	0.02939	0.01096	0.00788	0.00255	0.00569	0.00924	0.00780	0.01138
14	0.01391	0.00942	0.01183	0.01063	0.01310	0.00910	0.00815	0.05872	0.05674	0.07653	0.56081	0.05060	0.06166	0.01440	0.00870	0.00239	0.00421	0.01259	0.00834	0.00817
15	0.01866	0.01587	0.02592	0.41267	0.11308	0.01780	0.09664	0.11226	0.01908	0.07147	0.01561	0.02020	0.01148	0.00769	0.00774	0.00245	0.00981	0.00708	0.00448	0.00998
16	0.01848	0.01610	0.02000	0.21742	0.10080	0.06114	0.01555	0.08186	0.21211	0.05253	0.02307	0.10759	0.01957	0.01047	0.00782	0.00251	0.00802	0.00900	0.00578	0.01019
17	0.00958	0.00766	0.00862	0.00889	0.01101	0.00671	0.00672	0.01184	0.01765	0.02216	0.16706	0.14901	0.45154	0.01931	0.00918	0.00268	0.00415	0.07242	0.00725	0.00655
18	0.01680	0.01550	0.02589	0.03772	0.51778	0.01575	0.01952	0.02068	0.01593	0.02280	0.01601	0.02281	0.01431	0.06316	0.13820	0.00442	0.01099	0.00729	0.00387	0.01056
19	0.78701	0.01467	0.01115	0.00997	0.01467	0.01702	0.00821	0.02230	0.01291	0.03403	0.01056	0.01232	0.00821	0.00704	0.00469	0.00235	0.00587	0.00411	0.00469	0.00821
20	0.02296	0.06164	0.05183	0.02012	0.10725	0.23023	0.01464	0.14401	0.02157	0.04483	0.01534	0.04417	0.01278	0.00804	0.00686	0.00194	0.00943	0.00613	0.00491	0.17133
21	0.27228	0.01531	0.01508	0.01259	0.01710	0.05916	0.01010	0.02161	0.05655	0.02651	0.01384	0.01675	0.01154	0.01237	0.07644	0.00299	0.07935	0.00523	0.00457	0.27064
22	0.01103	0.00735	0.00827	0.00827	0.00827	0.00735	0.00460	0.01103	0.01103	0.01471	0.02390	0.04964	0.02758	0.73343	0.03861	0.00735	0.00735	0.01103	0.00460	0.00460
23	0.01573	0.01348	0.01573	0.01123	0.01798	0.01011	0.00899	0.01910	0.01573	0.02472	0.01348	0.01573	0.01123	0.00562	0.00562	0.00112	0.00562	0.00449	0.00449	0.77980
24	0.01035	0.00766	0.00916	0.00883	0.01046	0.00701	0.00631	0.01281	0.01837	0.02485	0.40161	0.05936	0.21566	0.15749	0.01478	0.00341	0.00439	0.01376	0.00729	0.00647
25	0.01532	0.01267	0.01339	0.01326	0.01573	0.06398	0.01001	0.02391	0.23621	0.05040	0.09329	0.28248	0.03810	0.01644	0.00875	0.00278	0.00593	0.08138	0.00723	0.00875
26	0.02438	0.02522	0.02437	0.02584	0.18848	0.27026	0.01703	0.17912	0.02245	0.02714	0.01367	0.01646	0.01111	0.00865	0.00978	0.00230	0.11248	0.00607	0.00467	0.01052
27	0.01046	0.00748	0.01016	0.01166	0.01271	0.00718	0.00889	0.01280	0.01633	0.02176	0.11159	0.42692	0.05021	0.02186	0.00988	0.00315	0.00523	0.23802	0.00716	0.00656
28	0.01293	0.01115	0.01305	0.01385	0.01503	0.06637	0.01094	0.01520	0.01587	0.02047	0.03458	0.32516	0.03910	0.02000	0.01173	0.00318	0.09864	0.25951	0.00628	0.00698
29	0.01704	0.29071	0.45863	0.01851	0.02802	0.02208	0.02261	0.02355	0.01580	0.02180	0.01251	0.01463	0.00965	0.00695	0.00636	0.00212	0.01009	0.00505	0.00322	0.01068
30	0.01432	0.01348	0.02275	0.71520	0.05224	0.01685	0.02107	0.01938	0.01517	0.01938	0.01348	0.02022	0.01011	0.00758	0.00758	0.00253	0.01011	0.00674	0.00337	0.00843
31	0.02893	0.01297	0.01641	0.01321	0.01834	0.01226	0.01071	0.03562	0.15073	0.49071	0.02957	0.02657	0.01972	0.00951	0.00740	0.00233	0.00606	0.00776	0.08908	0.01212
32	0.00924	0.00660	0.00880	0.01056	0.01100	0.00616	0.00704	0.01056	0.01452	0.01936	0.04181	0.72848	0.05017	0.02376	0.00968	0.00308	0.00440	0.02156	0.00704	0.00616
33	0.02070	0.02174	0.01735	0.01578	0.01962	0.24952	0.01205	0.03266	0.35174	0.02622	0.07274	0.02902	0.07727	0.01055	0.00761	0.00235	0.00826	0.00830	0.00641	0.01011
34	0.01039	0.00749	0.00983	0.00978	0.01126	0.00693	0.00713	0.01345	0.01988	0.02788	0.53539	0.21060	0.06667	0.01740	0.00911	0.00254	0.00377	0.01552	0.00805	0.00693
35	0.01222	0.00883	0.01093	0.01161	0.01291	0.00880	0.00816	0.10957	0.01774	0.02369	0.03821	0.62034	0.04449	0.02153	0.00936	0.00296	0.00500	0.01932	0.00712	0.00719
36	0.03273	0.01499	0.01889	0.01448	0.02040	0.01424	0.01196	0.19279	0.02519	0.53062	0.02700	0.02392	0.01731	0.00932	0.00762	0.00233	0.00693	0.00743	0.00894	0.01291
37	0.01169	0.00844	0.01156	0.01320	0.01486	0.00831	0.01125	0.01485	0.01714	0.02220	0.04269	0.15368	0.08539	0.02114	0.01029	0.00339	0.00651	0.52956	0.00699	0.00686
38	0.01672	0.01593	0.02708	0.35471	0.39399	0.01748	0.02226	0.02148	0.01630	0.02229	0.01391	0.01944	0.01114	0.00714	0.00754	0.00238	0.00952	0.00675	0.00358	0.01036
39	0.06797	0.00995	0.01147	0.01095	0.01325	0.03949	0.00855	0.01700	0.01779	0.06868	0.27611	0.04500	0.08238	0.02386	0.16690	0.00466	0.00849	0.06150	0.05848	0.00752
40	0.01334	0.00983	0.01181	0.01087	0.01343	0.00984	0.00829	0.02070	0.16416	0.05670	0.47161	0.05030	0.10037	0.01437	0.00862	0.00244	0.00424	0.01250	0.00816	0.00840
41	0.02028	0.73799	0.03975	0.01298	0.01947	0.03001	0.01298	0.02271	0.01541	0.01785	0.01055	0.01217	0.00973	0.00649	0.00487	0.00162	0.00811	0.00406	0.00324	0.00973
42	0.01899	0.55960	0.20682	0.01518	0.02288	0.02685	0.01682	0.02305	0.01557	0.01942	0.01133	0.01315	0.00970	0.00667	0.00546	0.00182	0.00890	0.00445	0.00323	0.01011
43	0.01057	0.00762	0.00999	0.00966	0.01129	0.00705	0.00714	0.01389	0.02069	0.02918	0.61041	0.13189	0.06917	0.01643	0.00903	0.00246	0.00367	0.01460	0.00820	0.00705
44	0.00932	0.00770	0.00817	0.00805	0.01046	0.00655	0.00604	0.01157	0.01812	0.02247	0.19742	0.06974	0.56123	0.01847	0.00896	0.00253	0.00379	0.01555	0.00730	0.00655
