[name]
unknown

[dist]
# distance from previous block
# <min> <max>
6	32

[block]
# block no. 0 follows, 30 sequences, length 45
# corresponding to MSA columns:
# 45-89
name=unknown_A
#
# <colnr> <probs for GDERKNQSTAVLIFYWHMCP>
#	G	D	E	R	K	N	Q	S	T	A	V	L	I	F	Y	W	H	M	C	P
0	0.10221	0.01104	0.01288	0.01114	0.01415	0.01143	0.03455	0.11039	0.07802	0.07385	0.10161	0.06633	0.09339	0.12368	0.05737	0.00344	0.00645	0.00908	0.05160	0.02739
1	0.01715	0.01378	0.01642	0.04704	0.06246	0.05279	0.03715	0.19478	0.03624	0.05296	0.06293	0.18935	0.04777	0.05291	0.00896	0.00245	0.00660	0.01008	0.00581	0.08237
2	0.01626	0.01108	0.01374	0.01357	0.07912	0.01073	0.00941	0.07477	0.09239	0.11782	0.06553	0.09397	0.10817	0.03656	0.04155	0.00262	0.00590	0.00907	0.08424	0.11349
3	0.05541	0.01337	0.08299	0.05346	0.01779	0.01152	0.01089	0.08475	0.05581	0.21215	0.05448	0.04997	0.04586	0.05417	0.03185	0.00272	0.00650	0.02612	0.12116	0.00902
4	0.07221	0.01330	0.01556	0.01511	0.09357	0.05999	0.02644	0.10164	0.01860	0.13518	0.11780	0.04392	0.02177	0.01021	0.02994	0.00225	0.00647	0.00730	0.12607	0.08265
5	0.02352	0.01548	0.01788	0.03859	0.08380	0.05619	0.01215	0.22261	0.10005	0.22351	0.02196	0.06238	0.01653	0.00902	0.00692	0.00214	0.00681	0.00735	0.06247	0.01062
6	0.07689	0.01674	0.09634	0.10468	0.14530	0.01565	0.01482	0.18879	0.06292	0.02945	0.11486	0.02263	0.01944	0.00839	0.00679	0.00214	0.00708	0.00697	0.05048	0.00962
7	0.04833	0.03855	0.01625	0.01244	0.01679	0.01246	0.04708	0.15957	0.01962	0.13409	0.08709	0.06516	0.08751	0.04507	0.00833	0.00225	0.00602	0.03865	0.00614	0.14859
8	0.00937	0.00731	0.00965	0.07921	0.01375	0.00735	0.00763	0.01112	0.01399	0.01835	0.08847	0.39859	0.17003	0.07783	0.03062	0.00319	0.02622	0.01550	0.00589	0.00594
9	0.00907	0.00677	0.00844	0.00873	0.01011	0.00613	0.00628	0.01135	0.01681	0.02266	0.34965	0.28761	0.19575	0.01752	0.00846	0.00244	0.00360	0.01547	0.00703	0.00613
10	0.01979	0.50356	0.11601	0.01430	0.02026	0.18720	0.01399	0.02265	0.01554	0.01726	0.01030	0.01195	0.00895	0.00633	0.00516	0.00165	0.00899	0.00408	0.00312	0.00892
11	0.01742	0.01419	0.01646	0.05352	0.01962	0.01275	0.01016	0.18555	0.01904	0.02778	0.01349	0.01528	0.01066	0.00608	0.00573	0.00137	0.00603	0.00479	0.00479	0.55530
12	0.01075	0.00826	0.01151	0.01408	0.07786	0.00799	0.01025	0.01340	0.01545	0.02009	0.04034	0.21423	0.14369	0.01836	0.00901	0.00289	0.00564	0.36342	0.00617	0.00661
13	0.09022	0.05941	0.03101	0.08176	0.19197	0.01759	0.31149	0.02295	0.08111	0.02327	0.01446	0.01800	0.01125	0.00645	0.00714	0.00222	0.00932	0.00690	0.00386	0.00963
14	0.01689	0.01666	0.02074	0.01775	0.01860	0.07409	0.01464	0.08015	0.01347	0.01933	0.01044	0.01577	0.00979	0.01335	0.05311	0.00325	0.58442	0.00607	0.00349	0.00800
15	0.01954	0.45703	0.18496	0.01427	0.02100	0.06375	0.01501	0.04900	0.01590	0.08419	0.01234	0.01345	0.00982	0.00653	0.00540	0.00176	0.00826	0.00450	0.00370	0.00959
16	0.00898	0.00662	0.00822	0.00878	0.00988	0.00606	0.00611	0.01081	0.01545	0.02063	0.23807	0.36199	0.17528	0.07708	0.01070	0.00287	0.00395	0.01600	0.00665	0.00586
17	0.04638	0.01439	0.02746	0.02070	0.02557	0.01362	0.38638	0.03794	0.01597	0.06883	0.02350	0.13490	0.07021	0.06895	0.01023	0.00275	0.00882	0.01032	0.00473	0.00833
18	0.01161	0.00880	0.01215	0.01059	0.01346	0.00769	0.06996	0.01415	0.01648	0.07377	0.17656	0.16569	0.30001	0.01493	0.00801	0.00228	0.00465	0.01313	0.00642	0.06965
19	0.08603	0.00774	0.00921	0.00904	0.01094	0.00734	0.00670	0.01379	0.01692	0.06405	0.35235	0.22392	0.13507	0.01555	0.00796	0.00237	0.00387	0.01354	0.00696	0.00666
20	0.02246	0.02485	0.01918	0.01855	0.07512	0.38369	0.01328	0.07492	0.24928	0.02343	0.01731	0.01777	0.01350	0.00796	0.00666	0.00203	0.00953	0.00590	0.00499	0.00958
21	0.02129	0.02283	0.14825	0.01986	0.08792	0.14372	0.08002	0.14084	0.07399	0.11000	0.01623	0.01730	0.01189	0.00728	0.00678	0.00203	0.00891	0.00599	0.00498	0.06988
22	0.08064	0.08558	0.02308	0.07407	0.11281	0.05114	0.07837	0.08582	0.08112	0.05090	0.01437	0.01718	0.01149	0.00937	0.03415	0.00250	0.12184	0.00601	0.00434	0.05522
23	0.02376	0.02841	0.01871	0.01698	0.02066	0.53849	0.01284	0.03031	0.19992	0.02029	0.01546	0.01615	0.01226	0.00780	0.00651	0.00195	0.01071	0.00540	0.00453	0.00887
24	0.01025	0.00673	0.00793	0.00788	0.00821	0.00659	0.00478	0.01028	0.01134	0.01509	0.08840	0.04458	0.07896	0.53100	0.02979	0.11296	0.00610	0.01017	0.00456	0.00441
25	0.01798	0.27865	0.06437	0.01417	0.01844	0.13113	0.01267	0.04878	0.10586	0.02108	0.08110	0.02315	0.01847	0.00913	0.00780	0.00206	0.07636	0.05555	0.00449	0.00875
26	0.12850	0.07116	0.01767	0.01336	0.01808	0.01715	0.01098	0.17447	0.25343	0.16724	0.02201	0.02207	0.01623	0.00870	0.00656	0.00220	0.00623	0.02668	0.00667	0.01062
27	0.01536	0.01415	0.01760	0.08794	0.19959	0.08414	0.01331	0.06950	0.07185	0.02369	0.13075	0.13629	0.05910	0.01142	0.00754	0.00228	0.00684	0.03470	0.00536	0.00859
28	0.00920	0.00698	0.00830	0.00819	0.00984	0.00627	0.00595	0.01152	0.01708	0.02276	0.37149	0.12409	0.28265	0.07211	0.01036	0.00266	0.00371	0.01386	0.00689	0.00608
29	0.08072	0.01762	0.02194	0.02192	0.15976	0.12676	0.12614	0.13707	0.01885	0.02519	0.02067	0.13695	0.05617	0.00989	0.00724	0.00223	0.00826	0.00878	0.00484	0.00901
30	0.01580	0.01511	0.02473	0.08580	0.32237	0.03940	0.12944	0.05744	0.01698	0.02318	0.08268	0.11680	0.02062	0.00919	0.00751	0.00224	0.00804	0.00889	0.00444	0.00933
31	0.01704	0.01089	0.01338	0.01347	0.07804	0.04301	0.00884	0.04019	0.01461	0.17543	0.02136	0.05821	0.01987	0.29194	0.11385	0.00502	0.00842	0.00835	0.00523	0.05286
32	0.01318	0.01240	0.02093	0.73798	0.04806	0.01550	0.01938	0.01783	0.01395	0.01783	0.01240	0.01860	0.00930	0.00698	0.00698	0.00233	0.00930	0.00620	0.00310	0.00775
33	0.02073	0.12443	0.02843	0.02147	0.09057	0.08474	0.19705	0.14339	0.01915	0.09512	0.01532	0.04064	0.01221	0.00780	0.00823	0.00216	0.06731	0.00678	0.00465	0.00981
34	0.02018	0.02196	0.12947	0.07268	0.06338	0.12978	0.01580	0.19246	0.14244	0.04333	0.01705	0.01958	0.01320	0.00848	0.00800	0.00223	0.05849	0.02634	0.00509	0.01007
35	0.08881	0.01655	0.02175	0.02081	0.12925	0.08684	0.13990	0.08050	0.14155	0.02443	0.01720	0.02146	0.01422	0.06903	0.09375	0.00359	0.00967	0.00696	0.00462	0.00911
36	0.01306	0.00954	0.01140	0.00980	0.01276	0.00887	0.00760	0.09890	0.02021	0.05020	0.42467	0.04369	0.13262	0.01257	0.00763	0.00205	0.00421	0.01079	0.00700	0.11245
37	0.07566	0.01239	0.01321	0.01155	0.01441	0.01358	0.00866	0.16763	0.20516	0.02785	0.11658	0.03224	0.02555	0.22761	0.01533	0.00355	0.00604	0.00854	0.00610	0.00835
38	0.15975	0.01297	0.01438	0.01178	0.01583	0.01347	0.00940	0.19535	0.04681	0.21110	0.13869	0.02678	0.02347	0.07853	0.00939	0.00258	0.00590	0.00755	0.00682	0.00946
39	0.01573	0.00847	0.01097	0.00958	0.01239	0.00753	0.00745	0.01865	0.01930	0.22181	0.42975	0.04609	0.13787	0.01313	0.00789	0.00221	0.00407	0.01131	0.00779	0.00799
40	0.00917	0.00641	0.00817	0.00912	0.00945	0.00627	0.00588	0.01007	0.01211	0.01624	0.03138	0.45658	0.03693	0.27282	0.07218	0.00480	0.00608	0.01562	0.00551	0.00522
41	0.01008	0.00680	0.00795	0.00822	0.00839	0.00676	0.00500	0.01045	0.01092	0.01452	0.02472	0.11413	0.02849	0.62784	0.03098	0.00612	0.00648	0.06301	0.00461	0.00454
42	0.01029	0.00725	0.01007	0.01007	0.01110	0.00813	0.00748	0.01236	0.01132	0.01659	0.01972	0.03087	0.01904	0.18614	0.52380	0.00945	0.01491	0.00791	0.07764	0.00586
43	0.01937	0.10775	0.05756	0.02401	0.22527	0.10957	0.05856	0.11460	0.09782	0.02487	0.01466	0.01661	0.01164	0.00689	0.00648	0.00193	0.00837	0.00579	0.00437	0.08388
44	0.09204	0.16522	0.07704	0.01596	0.08748	0.03827	0.01283	0.09489	0.05574	0.15055	0.01576	0.01635	0.01176	0.00694	0.00591	0.00184	0.00701	0.00528	0.00503	0.13409

[dist]
# distance from previous block
# <min> <max>
0	5

[block]
# block no. 1 follows, 30 sequences, length 6
# corresponding to MSA columns:
# 95-100
name=unknown_B
#
# <colnr> <probs for GDERKNQSTAVLIFYWHMCP>
#	G	D	E	R	K	N	Q	S	T	A	V	L	I	F	Y	W	H	M	C	P
0	0.12439	0.17022	0.14767	0.01817	0.10873	0.17253	0.01498	0.02351	0.01623	0.08677	0.04603	0.01607	0.01254	0.00710	0.00597	0.00195	0.00858	0.00521	0.00411	0.00925
1	0.01671	0.10934	0.01460	0.01019	0.01367	0.01195	0.00829	0.08114	0.06902	0.14021	0.08651	0.08154	0.18949	0.01172	0.00688	0.00210	0.00496	0.00963	0.12368	0.00837
2	0.01663	0.01654	0.10031	0.05980	0.23746	0.01423	0.06512	0.06791	0.06180	0.06859	0.13988	0.02415	0.02157	0.00816	0.00711	0.00209	0.00732	0.00740	0.00500	0.06892
3	0.02278	0.19032	0.02461	0.04286	0.10215	0.10012	0.01384	0.23291	0.04580	0.10234	0.01511	0.01615	0.01149	0.00763	0.00706	0.00199	0.04180	0.00561	0.00513	0.01031
4	0.01218	0.01409	0.11307	0.01326	0.01653	0.04464	0.05279	0.01786	0.11964	0.02131	0.09239	0.27923	0.09146	0.01718	0.05852	0.00308	0.00697	0.01249	0.00567	0.00764
5	0.00861	0.00664	0.00787	0.00850	0.00989	0.00590	0.00602	0.01038	0.01539	0.01983	0.15640	0.36471	0.31687	0.01898	0.00853	0.00254	0.00372	0.01664	0.00667	0.00590

[dist]
# distance from previous block
# <min> <max>
1	2

[block]
# block no. 2 follows, 30 sequences, length 22
# corresponding to MSA columns:
# 103-124
name=unknown_C
#
# <colnr> <probs for GDERKNQSTAVLIFYWHMCP>
#	G	D	E	R	K	N	Q	S	T	A	V	L	I	F	Y	W	H	M	C	P
0	0.01575	0.06503	0.24778	0.01712	0.04628	0.07737	0.05946	0.04202	0.11319	0.02168	0.05646	0.02017	0.01523	0.01229	0.04548	0.11652	0.00899	0.00637	0.00411	0.00869
1	0.00995	0.00706	0.00980	0.01010	0.01112	0.00747	0.00750	0.01146	0.01222	0.01670	0.05155	0.13149	0.08714	0.10470	0.35343	0.09268	0.01154	0.05385	0.00464	0.00562
2	0.02195	0.23478	0.10248	0.01738	0.02264	0.39982	0.06593	0.02487	0.01741	0.01785	0.01093	0.01291	0.00909	0.00669	0.00597	0.00180	0.01085	0.00464	0.00335	0.00868
3	0.01582	0.16881	0.02046	0.01326	0.01697	0.01564	0.06172	0.05126	0.10950	0.06493	0.14340	0.08827	0.07127	0.01083	0.00844	0.00216	0.07518	0.00885	0.00553	0.04770
4	0.01600	0.00860	0.01123	0.01008	0.01259	0.00792	0.00764	0.01929	0.04549	0.21850	0.35275	0.14309	0.04521	0.05777	0.00957	0.00256	0.00444	0.01175	0.00755	0.00797
5	0.03019	0.01367	0.01731	0.01327	0.01871	0.01292	0.01096	0.18708	0.02298	0.55874	0.02501	0.02211	0.01601	0.00858	0.00701	0.00214	0.00635	0.00685	0.00825	0.01187
6	0.01828	0.01744	0.06779	0.17343	0.28993	0.01714	0.09060	0.13815	0.04671	0.05032	0.01482	0.01806	0.01130	0.00696	0.00707	0.00218	0.00869	0.00648	0.00431	0.01034
7	0.01820	0.20436	0.24480	0.02420	0.23525	0.01898	0.01913	0.06119	0.01640	0.07538	0.01341	0.01546	0.01037	0.00660	0.00624	0.00198	0.00850	0.00534	0.00378	0.01042
8	0.00945	0.00666	0.00873	0.01003	0.01063	0.00643	0.00714	0.01089	0.01336	0.01769	0.03492	0.45889	0.04074	0.16334	0.01423	0.00368	0.00512	0.16645	0.00603	0.00556
9	0.01727	0.01658	0.02832	0.04283	0.71123	0.01658	0.02142	0.02142	0.01589	0.02280	0.01313	0.01727	0.01105	0.00622	0.00691	0.00207	0.00829	0.00622	0.00345	0.01105
10	0.80405	0.01350	0.01026	0.00918	0.01350	0.01565	0.00756	0.02051	0.01188	0.03131	0.00972	0.01134	0.00756	0.00648	0.00432	0.00216	0.00540	0.00378	0.00432	0.00756
11	0.00965	0.00743	0.00890	0.00949	0.01137	0.00683	0.00766	0.01198	0.01588	0.01994	0.09697	0.06943	0.36152	0.06206	0.01042	0.00295	0.00485	0.27021	0.00640	0.00605
12	0.01535	0.00889	0.01109	0.00998	0.01244	0.00848	0.00762	0.05579	0.01703	0.17214	0.17264	0.04441	0.14939	0.15355	0.08675	0.00404	0.00657	0.04989	0.00652	0.00744
13	0.09197	0.01649	0.02024	0.05693	0.17305	0.05937	0.05377	0.06528	0.28487	0.02669	0.01885	0.01982	0.01451	0.00765	0.00667	0.00214	0.00720	0.00653	0.00521	0.06277
14	0.00912	0.00689	0.00804	0.00811	0.00955	0.00622	0.00571	0.01100	0.01579	0.02073	0.26142	0.16386	0.28733	0.13980	0.01288	0.00311	0.00407	0.01408	0.00649	0.00580
15	0.15927	0.00901	0.00999	0.00938	0.01180	0.00926	0.00719	0.03485	0.03415	0.08853	0.19957	0.14106	0.03255	0.01456	0.05473	0.00278	0.00523	0.00977	0.15900	0.00732
16	0.02596	0.01143	0.01481	0.01180	0.01646	0.01035	0.00959	0.05246	0.06527	0.51456	0.09795	0.03050	0.08658	0.01008	0.00726	0.00219	0.00549	0.00832	0.00818	0.01074
17	0.01268	0.00785	0.00979	0.00914	0.01151	0.00700	0.00707	0.01535	0.01817	0.12861	0.34924	0.08267	0.24166	0.01504	0.00817	0.00233	0.00400	0.05524	0.00735	0.00714
18	0.02049	0.57905	0.03240	0.01344	0.01882	0.20093	0.01232	0.02262	0.01557	0.01658	0.00997	0.01154	0.00896	0.00627	0.00493	0.00157	0.00873	0.00392	0.00314	0.00874
19	0.01301	0.00650	0.00650	0.00650	0.00813	0.00650	0.00488	0.01626	0.01463	0.02602	0.02276	0.02602	0.01789	0.00813	0.00488	0.00163	0.00325	0.00650	0.79350	0.00650
20	0.15985	0.21023	0.06282	0.07021	0.05485	0.01989	0.01308	0.14692	0.11923	0.02705	0.01546	0.01832	0.01249	0.00771	0.00595	0.00206	0.00715	0.03244	0.00475	0.00954
21	0.01954	0.12039	0.25591	0.01686	0.02350	0.03833	0.06134	0.08585	0.07143	0.14587	0.03819	0.01835	0.01354	0.00782	0.00760	0.00216	0.05215	0.00609	0.00487	0.01021

[dist]
# distance from previous block
# <min> <max>
0	2

[block]
# block no. 3 follows, 30 sequences, length 9
# corresponding to MSA columns:
# 127-135
name=unknown_D
#
# <colnr> <probs for GDERKNQSTAVLIFYWHMCP>
#	G	D	E	R	K	N	Q	S	T	A	V	L	I	F	Y	W	H	M	C	P
0	0.01800	0.12516	0.01827	0.01382	0.01645	0.23251	0.01081	0.07943	0.01668	0.01926	0.01877	0.13782	0.01958	0.11931	0.01246	0.00287	0.07405	0.05279	0.00450	0.00746
1	0.01859	0.01753	0.10473	0.14854	0.21812	0.01580	0.01721	0.11482	0.04763	0.09860	0.01542	0.01784	0.01157	0.00719	0.00728	0.00208	0.03280	0.00603	0.00459	0.09363
2	0.04208	0.01648	0.02284	0.05677	0.17391	0.04542	0.10202	0.20312	0.04213	0.12379	0.05099	0.02230	0.04961	0.00821	0.00716	0.00216	0.00785	0.00724	0.00560	0.01034
3	0.00941	0.00707	0.00869	0.00924	0.00982	0.00710	0.00621	0.01038	0.01265	0.01665	0.03695	0.37825	0.14754	0.23736	0.01762	0.00393	0.05496	0.01519	0.00558	0.00541
4	0.01301	0.00650	0.00650	0.00650	0.00813	0.00650	0.00488	0.01626	0.01463	0.02602	0.02276	0.02602	0.01789	0.00813	0.00488	0.00163	0.00325	0.00650	0.79350	0.00650
5	0.01790	0.11825	0.22073	0.05466	0.21536	0.01878	0.01890	0.13376	0.08870	0.02574	0.01467	0.01665	0.01128	0.00703	0.00655	0.00208	0.00841	0.00578	0.00420	0.01057
6	0.09377	0.15337	0.06574	0.05094	0.12247	0.06528	0.05328	0.17938	0.03825	0.06909	0.01406	0.01577	0.01078	0.00723	0.00679	0.00204	0.03150	0.00559	0.00465	0.01001
7	0.01412	0.02329	0.31405	0.02162	0.08992	0.01513	0.15489	0.02056	0.05432	0.02166	0.02039	0.09145	0.06497	0.00921	0.00831	0.00236	0.05227	0.00822	0.00396	0.00931
8	0.12958	0.01342	0.01404	0.01596	0.10829	0.11665	0.01037	0.01736	0.01469	0.06154	0.02460	0.35348	0.02667	0.01405	0.00819	0.00245	0.04395	0.01192	0.00528	0.00750

[dist]
# distance from previous block
# <min> <max>
0	11

[block]
# block no. 4 follows, 30 sequences, length 23
# corresponding to MSA columns:
# 147-169
name=unknown_E
#
# <colnr> <probs for GDERKNQSTAVLIFYWHMCP>
#	G	D	E	R	K	N	Q	S	T	A	V	L	I	F	Y	W	H	M	C	P
0	0.02151	0.04682	0.08741	0.01756	0.04267	0.17567	0.05751	0.26135	0.07551	0.02886	0.01599	0.04027	0.01273	0.00978	0.03576	0.00240	0.00933	0.00633	0.00511	0.04743
1	0.15896	0.01550	0.05997	0.01462	0.05845	0.05409	0.01125	0.04645	0.27516	0.02574	0.02280	0.08646	0.03740	0.03610	0.06418	0.00313	0.00733	0.00790	0.00548	0.00902
2	0.14256	0.01261	0.01460	0.01150	0.01597	0.01221	0.00931	0.01748	0.01316	0.02262	0.01200	0.01521	0.01031	0.01059	0.07048	0.00242	0.12370	0.00468	0.00396	0.47462
3	0.01706	0.01420	0.01982	0.01961	0.13097	0.01560	0.06606	0.08468	0.18033	0.06942	0.14163	0.02716	0.04417	0.01003	0.00989	0.00236	0.12350	0.00820	0.00575	0.00956
4	0.00879	0.00661	0.00792	0.00855	0.00971	0.00598	0.00591	0.01037	0.01482	0.01928	0.14841	0.36449	0.25403	0.08861	0.01111	0.00296	0.00403	0.01623	0.00645	0.00574
5	0.01170	0.00938	0.01292	0.14336	0.06188	0.00974	0.01033	0.07142	0.01664	0.02206	0.12832	0.29753	0.12716	0.01532	0.00810	0.00249	0.00547	0.03319	0.00589	0.00710
6	0.00902	0.00701	0.00820	0.00809	0.00995	0.00619	0.00600	0.01144	0.01746	0.02297	0.36166	0.11948	0.35455	0.01646	0.00830	0.00232	0.00347	0.01420	0.00703	0.00619
7	0.00988	0.00736	0.01049	0.01049	0.01165	0.00829	0.00793	0.01201	0.01138	0.01603	0.02248	0.03229	0.06325	0.13868	0.59326	0.01008	0.01620	0.00828	0.00398	0.00596
8	0.01447	0.01240	0.01447	0.01034	0.01654	0.00930	0.00827	0.01757	0.01447	0.02274	0.01240	0.01447	0.01034	0.00517	0.00517	0.00103	0.00517	0.00413	0.00413	0.79742
9	0.01378	0.01159	0.01565	0.01782	0.18285	0.01075	0.01093	0.07396	0.01775	0.02484	0.18047	0.07993	0.13662	0.01082	0.00717	0.00197	0.00539	0.00944	0.00554	0.18274
10	0.01304	0.01267	0.01101	0.01150	0.01287	0.16826	0.00807	0.03374	0.01538	0.01828	0.03278	0.48782	0.07615	0.05273	0.00949	0.00274	0.00617	0.01522	0.00574	0.00634
11	0.01447	0.01240	0.01447	0.01034	0.01654	0.00930	0.00827	0.01757	0.01447	0.02274	0.01240	0.01447	0.01034	0.00517	0.00517	0.00103	0.00517	0.00413	0.00413	0.79742
12	0.01230	0.00847	0.01183	0.07397	0.01597	0.00822	0.03053	0.01490	0.01576	0.08593	0.09962	0.16514	0.15988	0.06413	0.01029	0.00293	0.00563	0.20144	0.00625	0.00681
13	0.01447	0.01240	0.01447	0.01034	0.01654	0.00930	0.00827	0.01757	0.01447	0.02274	0.01240	0.01447	0.01034	0.00517	0.00517	0.00103	0.00517	0.00413	0.00413	0.79742
14	0.01881	0.01675	0.08698	0.01944	0.12736	0.04168	0.08886	0.04460	0.03832	0.14914	0.01647	0.01831	0.01240	0.00956	0.05324	0.00243	0.00829	0.00596	0.00481	0.23662
15	0.01063	0.00806	0.01142	0.14166	0.01683	0.00911	0.00872	0.01244	0.01125	0.01534	0.01897	0.03370	0.01939	0.34741	0.29767	0.00768	0.01184	0.00840	0.00383	0.00564
16	0.01751	0.06738	0.21311	0.01771	0.09582	0.09883	0.01536	0.02259	0.05804	0.11467	0.08511	0.08174	0.03903	0.03304	0.00786	0.00230	0.00784	0.00783	0.00497	0.00926
17	0.00980	0.00682	0.00859	0.00888	0.00926	0.00705	0.00575	0.01064	0.01099	0.01497	0.02417	0.16912	0.02719	0.44818	0.20147	0.00715	0.00922	0.01125	0.00452	0.00498
18	0.01951	0.08561	0.10297	0.02594	0.23422	0.10182	0.10658	0.15983	0.01965	0.02566	0.01569	0.01802	0.03856	0.00722	0.00684	0.00206	0.00909	0.00631	0.00424	0.01018
19	0.41349	0.07918	0.07114	0.01851	0.16312	0.01733	0.03467	0.05336	0.04685	0.02778	0.01201	0.01402	0.00946	0.00660	0.00544	0.00210	0.00687	0.00485	0.00415	0.00905
20	0.01709	0.07946	0.25289	0.02026	0.12509	0.15950	0.01743	0.02283	0.06952	0.02101	0.01554	0.07909	0.01354	0.00806	0.00657	0.00203	0.00894	0.00648	0.00388	0.07078
21	0.05070	0.01063	0.01410	0.06073	0.11809	0.01021	0.01060	0.04730	0.01563	0.04323	0.03027	0.18381	0.12592	0.03162	0.00816	0.00238	0.00575	0.08733	0.00536	0.13819
22	0.01922	0.12080	0.01956	0.08292	0.02086	0.21827	0.01207	0.10821	0.13230	0.02363	0.08541	0.08830	0.02046	0.00959	0.00676	0.00207	0.00807	0.00757	0.00515	0.00877

[dist]
# distance from previous block
# <min> <max>
6	8

[block]
# block no. 5 follows, 30 sequences, length 13
# corresponding to MSA columns:
# 178-190
name=unknown_F
#
# <colnr> <probs for GDERKNQSTAVLIFYWHMCP>
#	G	D	E	R	K	N	Q	S	T	A	V	L	I	F	Y	W	H	M	C	P
0	0.00946	0.00714	0.00908	0.00953	0.01083	0.00696	0.00688	0.01238	0.04963	0.02080	0.20346	0.33525	0.14598	0.02314	0.11212	0.00379	0.00597	0.01491	0.00641	0.00628
1	0.09797	0.00919	0.01099	0.04312	0.01416	0.00957	0.00839	0.01782	0.11337	0.07414	0.11307	0.30519	0.03550	0.05267	0.00924	0.00277	0.00501	0.06414	0.00637	0.00730
2	0.01488	0.01345	0.02117	0.24746	0.27281	0.01420	0.01664	0.04389	0.01505	0.02111	0.01373	0.01870	0.01135	0.01303	0.11053	0.00331	0.00960	0.00608	0.00362	0.12939
3	0.01223	0.01003	0.01336	0.01273	0.01354	0.01199	0.00970	0.06560	0.01348	0.01893	0.02353	0.29509	0.02609	0.08642	0.14428	0.00468	0.21491	0.01185	0.00487	0.00669
4	0.00885	0.00697	0.00782	0.00783	0.00963	0.00612	0.00568	0.01085	0.01627	0.02082	0.23608	0.12727	0.42015	0.07200	0.01034	0.00269	0.00376	0.01431	0.00664	0.00593
5	0.01654	0.01234	0.01468	0.01059	0.01669	0.00942	0.00851	0.01959	0.01515	0.10781	0.01426	0.01561	0.01119	0.00559	0.00539	0.00117	0.00526	0.00449	0.00469	0.70103
6	0.02276	0.01818	0.02360	0.10847	0.12873	0.01984	0.06716	0.45612	0.02674	0.03599	0.01548	0.01721	0.01134	0.00769	0.00707	0.00214	0.00828	0.00641	0.00572	0.01106
7	0.02028	0.21511	0.02481	0.01864	0.11895	0.11202	0.03903	0.11127	0.08875	0.07675	0.01715	0.07810	0.01476	0.00854	0.00683	0.00202	0.02567	0.00680	0.00484	0.00968
8	0.01452	0.01635	0.06643	0.01554	0.09836	0.17210	0.01118	0.01771	0.01837	0.02313	0.32230	0.03834	0.13477	0.01162	0.00751	0.00211	0.00656	0.00975	0.00572	0.00764
9	0.01225	0.08001	0.22709	0.01480	0.04955	0.01225	0.04118	0.01675	0.01611	0.02226	0.21015	0.03569	0.13273	0.01418	0.06293	0.00289	0.00764	0.02846	0.00498	0.00808
10	0.05067	0.01296	0.01493	0.04843	0.05076	0.01402	0.01064	0.17387	0.19209	0.02997	0.17809	0.03529	0.11025	0.01125	0.00742	0.00227	0.00563	0.03571	0.00661	0.00914
11	0.01193	0.01057	0.01068	0.00980	0.01252	0.06350	0.00742	0.01644	0.09723	0.02342	0.27095	0.07669	0.25065	0.01357	0.00765	0.00214	0.00458	0.01149	0.00649	0.09228
12	0.01436	0.01551	0.10043	0.01955	0.18283	0.06764	0.01326	0.01840	0.05332	0.05169	0.02981	0.22480	0.12468	0.01257	0.00752	0.00230	0.00663	0.01099	0.00514	0.03857

[dist]
# distance from previous block
# <min> <max>
0	9

[block]
# block no. 6 follows, 30 sequences, length 18
# corresponding to MSA columns:
# 200-217
name=unknown_G
#
# <colnr> <probs for GDERKNQSTAVLIFYWHMCP>
#	G	D	E	R	K	N	Q	S	T	A	V	L	I	F	Y	W	H	M	C	P
0	0.01405	0.01240	0.05805	0.01616	0.09771	0.01063	0.04816	0.03552	0.04534	0.06510	0.07367	0.16987	0.04315	0.01572	0.07698	0.00306	0.00734	0.05664	0.00534	0.14512
1	0.20654	0.10473	0.07677	0.01988	0.19497	0.04604	0.01368	0.04556	0.05019	0.06253	0.05277	0.02078	0.06240	0.00791	0.00613	0.00207	0.00697	0.00623	0.00459	0.00926
2	0.06080	0.28664	0.06468	0.02083	0.19330	0.07762	0.01482	0.02275	0.08680	0.02095	0.01522	0.02067	0.01351	0.00776	0.00609	0.00199	0.00784	0.06438	0.00396	0.00940
3	0.01180	0.00728	0.00894	0.00895	0.01028	0.00679	0.00615	0.01308	0.01377	0.09978	0.06497	0.25528	0.15611	0.24532	0.05595	0.00430	0.00578	0.01344	0.00595	0.00607
4	0.01876	0.09962	0.21145	0.01544	0.02174	0.06193	0.01535	0.10228	0.07344	0.08650	0.01498	0.01620	0.01131	0.00740	0.00755	0.00195	0.06766	0.00538	0.00455	0.15651
5	0.08132	0.10746	0.11488	0.02055	0.15950	0.10040	0.04309	0.02082	0.01554	0.05933	0.05837	0.05976	0.04568	0.00888	0.00805	0.00216	0.07404	0.00700	0.00422	0.00895
6	0.01195	0.00724	0.00895	0.00883	0.00956	0.00717	0.00569	0.01269	0.01172	0.08313	0.02463	0.14789	0.02678	0.48781	0.11067	0.00625	0.00769	0.01099	0.00494	0.00543
7	0.00956	0.00706	0.00886	0.00989	0.01112	0.00665	0.00754	0.01144	0.01451	0.01859	0.04377	0.27526	0.20126	0.10684	0.01215	0.00331	0.00505	0.23515	0.00619	0.00581
8	0.09716	0.01560	0.01927	0.02017	0.17311	0.01659	0.01336	0.17526	0.20151	0.16486	0.02047	0.02018	0.01483	0.00805	0.00675	0.00218	0.00669	0.00660	0.00629	0.01106
9	0.01692	0.01802	0.09454	0.04703	0.31847	0.05438	0.01692	0.07679	0.12224	0.02547	0.09950	0.02365	0.03879	0.00829	0.00708	0.00215	0.00756	0.00728	0.00483	0.01011
10	0.09692	0.10078	0.01787	0.01353	0.01499	0.01708	0.01098	0.01707	0.04916	0.01839	0.01492	0.02569	0.01520	0.18831	0.02019	0.00363	0.32170	0.04263	0.00386	0.00709
11	0.01583	0.04614	0.28506	0.01366	0.01966	0.01168	0.01473	0.02060	0.01710	0.16153	0.18608	0.03274	0.12528	0.01039	0.00724	0.00219	0.00671	0.00861	0.00570	0.00907
12	0.10124	0.01897	0.01924	0.01604	0.02002	0.20276	0.11356	0.10393	0.10878	0.02619	0.13926	0.05849	0.02294	0.00933	0.00704	0.00215	0.00812	0.00784	0.00540	0.00870
13	0.01015	0.00742	0.00977	0.01037	0.01198	0.00704	0.00839	0.01306	0.01722	0.02308	0.29468	0.12194	0.12956	0.01740	0.00888	0.00270	0.00470	0.28839	0.00691	0.00636
14	0.01447	0.01240	0.01447	0.01034	0.01654	0.00930	0.00827	0.01757	0.01447	0.02274	0.01240	0.01447	0.01034	0.00517	0.00517	0.00103	0.00517	0.00413	0.00413	0.79742
15	0.01727	0.01658	0.02832	0.04283	0.71123	0.01658	0.02142	0.02142	0.01589	0.02280	0.01313	0.01727	0.01105	0.00622	0.00691	0.00207	0.00829	0.00622	0.00345	0.01105
16	0.01738	0.00879	0.01173	0.01005	0.01301	0.00787	0.00787	0.02047	0.01983	0.26898	0.46937	0.04219	0.04883	0.01229	0.00781	0.00218	0.00422	0.01066	0.00802	0.00844
17	0.00882	0.00635	0.00811	0.00917	0.00984	0.00591	0.00616	0.01020	0.01399	0.01866	0.11866	0.53812	0.10021	0.09735	0.01156	0.00313	0.00420	0.01755	0.00639	0.00564

[dist]
# distance from previous block
# <min> <max>
5	6

[block]
# block no. 7 follows, 30 sequences, length 27
# corresponding to MSA columns:
# 225-251
name=unknown_H
#
# <colnr> <probs for GDERKNQSTAVLIFYWHMCP>
#	G	D	E	R	K	N	Q	S	T	A	V	L	I	F	Y	W	H	M	C	P
0	0.11522	0.11186	0.21877	0.01857	0.11686	0.01720	0.01622	0.08517	0.07670	0.06336	0.01452	0.01588	0.01099	0.00685	0.00607	0.00198	0.00767	0.00531	0.00436	0.08644
1	0.10194	0.01702	0.07867	0.02805	0.34913	0.01620	0.04000	0.08312	0.03595	0.02524	0.03783	0.02142	0.06651	0.00811	0.00794	0.00221	0.05970	0.00683	0.00427	0.00986
2	0.01729	0.01231	0.01476	0.01068	0.01675	0.00946	0.00860	0.02033	0.01539	0.13895	0.01494	0.01603	0.01150	0.00575	0.00548	0.00122	0.00530	0.00462	0.00489	0.66575
3	0.02327	0.01978	0.01807	0.01431	0.01958	0.19015	0.01140	0.23796	0.02235	0.11285	0.01525	0.01587	0.01134	0.00712	0.00625	0.00170	0.00790	0.00527	0.00547	0.25409
4	0.10828	0.00940	0.01091	0.01043	0.01252	0.01038	0.00791	0.01746	0.14104	0.02131	0.08514	0.03281	0.09239	0.09639	0.26409	0.04918	0.00989	0.00847	0.00507	0.00693
5	0.00921	0.00689	0.00843	0.00896	0.01031	0.00632	0.00656	0.01120	0.01562	0.02046	0.19913	0.25743	0.23748	0.07766	0.01080	0.00291	0.00424	0.09392	0.00657	0.00592
6	0.00949	0.00680	0.00911	0.00959	0.01049	0.00697	0.00682	0.01075	0.01219	0.01639	0.03151	0.25143	0.11979	0.12203	0.27377	0.07026	0.00978	0.01238	0.00493	0.00551
7	0.01742	0.01805	0.02410	0.09655	0.31964	0.11621	0.01805	0.02041	0.01449	0.01951	0.01140	0.01607	0.00996	0.00845	0.01223	0.00239	0.25664	0.00594	0.00331	0.00918
8	0.02878	0.01225	0.01605	0.01246	0.01753	0.01113	0.01023	0.10183	0.02132	0.57959	0.09038	0.02568	0.02127	0.00914	0.00713	0.00216	0.00587	0.00747	0.00837	0.01138
9	0.00865	0.00630	0.00815	0.00935	0.01009	0.00580	0.00638	0.01017	0.01438	0.01915	0.12320	0.60067	0.11088	0.02054	0.00876	0.00271	0.00391	0.01848	0.00662	0.00580
10	0.02814	0.01696	0.01934	0.01483	0.02035	0.01780	0.01225	0.46722	0.02848	0.27084	0.02039	0.01912	0.01369	0.00846	0.00699	0.00212	0.00709	0.00653	0.00754	0.01187
11	0.02038	0.02335	0.01833	0.01851	0.08395	0.38933	0.01300	0.02468	0.10428	0.01970	0.04089	0.09803	0.01764	0.00997	0.00824	0.00216	0.06862	0.02607	0.00452	0.00835
12	0.04804	0.01644	0.11113	0.01387	0.01961	0.01345	0.01263	0.13839	0.07580	0.39960	0.06053	0.02277	0.01795	0.00864	0.00695	0.00217	0.00662	0.00693	0.00730	0.01118
13	0.01007	0.00682	0.00806	0.00844	0.00866	0.00677	0.00526	0.01056	0.01118	0.01485	0.02562	0.13528	0.02951	0.58567	0.02947	0.00590	0.00640	0.08212	0.00474	0.00464
14	0.08444	0.12063	0.02272	0.02154	0.18864	0.18345	0.01428	0.02538	0.08053	0.10601	0.01469	0.01631	0.01156	0.00756	0.00766	0.00206	0.07298	0.00553	0.00443	0.00959
15	0.01896	0.28964	0.02984	0.04828	0.33644	0.12613	0.01672	0.02208	0.01579	0.01948	0.01151	0.01440	0.00993	0.00629	0.00593	0.00183	0.00866	0.00505	0.00329	0.00975
16	0.01695	0.01590	0.02642	0.18226	0.53922	0.01664	0.02056	0.05704	0.01642	0.02295	0.01318	0.01751	0.01074	0.00649	0.00693	0.00213	0.00846	0.00622	0.00357	0.01043
17	0.00906	0.00647	0.00874	0.01035	0.01100	0.00615	0.00744	0.01068	0.01391	0.01844	0.03815	0.61411	0.04494	0.02134	0.00906	0.00291	0.00453	0.15045	0.00647	0.00582
18	0.01468	0.01140	0.01394	0.01496	0.07939	0.05610	0.01031	0.01765	0.05471	0.09939	0.03075	0.28598	0.08515	0.04072	0.01092	0.00274	0.09944	0.05834	0.00578	0.00763
19	0.00959	0.00653	0.00778	0.00833	0.00847	0.00639	0.00500	0.01000	0.01124	0.01499	0.02760	0.28589	0.03246	0.50486	0.02644	0.00542	0.00584	0.01345	0.00500	0.00472
20	0.42913	0.01137	0.01040	0.00936	0.01268	0.01252	0.00744	0.07160	0.01586	0.03043	0.18503	0.05097	0.02486	0.00931	0.00573	0.00213	0.00478	0.00706	0.09186	0.00748
21	0.00981	0.00674	0.00824	0.00866	0.00894	0.00678	0.00547	0.01046	0.01119	0.01503	0.02579	0.19974	0.02961	0.49007	0.10446	0.00626	0.00746	0.03570	0.00475	0.00484
22	0.00910	0.00702	0.00819	0.00804	0.00982	0.00624	0.00590	0.01143	0.01717	0.02262	0.35397	0.10366	0.33742	0.05660	0.00977	0.00255	0.00363	0.01386	0.00690	0.00610
23	0.08288	0.09845	0.01886	0.01512	0.05577	0.25704	0.01126	0.06651	0.01725	0.02181	0.01414	0.08278	0.01302	0.00789	0.00598	0.00173	0.00819	0.00592	0.00422	0.21118
24	0.02087	0.01820	0.01722	0.01689	0.09715	0.20750	0.01178	0.14153	0.02144	0.11791	0.18283	0.02818	0.06887	0.00982	0.00717	0.00206	0.00756	0.00792	0.00600	0.00911
25	0.06152	0.07012	0.18629	0.02144	0.16312	0.21474	0.03431	0.02263	0.01623	0.02153	0.01326	0.01588	0.01054	0.00684	0.00614	0.00194	0.00918	0.00529	0.10995	0.00907
26	0.08066	0.01906	0.13670	0.02450	0.21272	0.03649	0.11743	0.10216	0.01765	0.04940	0.04050	0.09810	0.01633	0.00862	0.00711	0.00223	0.00824	0.00785	0.00454	0.00970

[dist]
# distance from previous block
# <min> <max>
0	5

[block]
# block no. 8 follows, 30 sequences, length 21
# corresponding to MSA columns:
# 257-277
name=unknown_I
#
# <colnr> <probs for GDERKNQSTAVLIFYWHMCP>
#	G	D	E	R	K	N	Q	S	T	A	V	L	I	F	Y	W	H	M	C	P
0	0.01690	0.05724	0.01740	0.01549	0.09807	0.06532	0.01098	0.09589	0.07661	0.04340	0.02427	0.02694	0.11513	0.00886	0.00652	0.00181	0.00637	0.04001	0.00511	0.26768
1	0.09580	0.28094	0.24301	0.01438	0.02098	0.01981	0.01541	0.05297	0.09566	0.02330	0.06413	0.01731	0.01452	0.00735	0.00583	0.00197	0.00763	0.00544	0.00412	0.00945
2	0.00916	0.00678	0.00795	0.00850	0.01005	0.00597	0.00605	0.01083	0.01520	0.03980	0.10182	0.36176	0.35306	0.01898	0.00850	0.00255	0.00381	0.01657	0.00663	0.00602
3	0.01857	0.01163	0.01629	0.01797	0.16953	0.01120	0.01144	0.05293	0.06590	0.21511	0.25636	0.03398	0.06787	0.01051	0.00747	0.00217	0.00549	0.00916	0.00687	0.00954
4	0.01917	0.07091	0.02981	0.03224	0.38319	0.01713	0.16870	0.05031	0.03509	0.10229	0.01529	0.01813	0.01181	0.00657	0.00705	0.00211	0.00865	0.00663	0.00427	0.01066
5	0.01604	0.01773	0.09697	0.18853	0.47877	0.01635	0.04305	0.02075	0.01538	0.02165	0.01294	0.01735	0.01044	0.00641	0.00694	0.00215	0.00882	0.00617	0.00333	0.01022
6	0.00982	0.00707	0.01015	0.01046	0.01135	0.00781	0.00771	0.01153	0.01141	0.01603	0.02245	0.16656	0.02344	0.11578	0.48480	0.04954	0.01405	0.01003	0.00427	0.00576
7	0.15043	0.01883	0.02491	0.09617	0.32095	0.13783	0.10926	0.02216	0.01578	0.02272	0.01222	0.01581	0.00989	0.00645	0.00656	0.00210	0.00911	0.00579	0.00360	0.00942
8	0.00911	0.00698	0.00834	0.00825	0.01002	0.00622	0.00609	0.01159	0.01757	0.02339	0.39190	0.13960	0.30283	0.01643	0.00832	0.00233	0.00347	0.01425	0.00709	0.00622
9	0.02014	0.01842	0.02267	0.02726	0.31693	0.08621	0.01621	0.17003	0.19625	0.02847	0.01763	0.01897	0.01368	0.00762	0.00691	0.00213	0.00786	0.00650	0.00517	0.01094
10	0.01937	0.03944	0.02136	0.02407	0.25692	0.06056	0.01474	0.23558	0.07111	0.02870	0.01942	0.14036	0.01777	0.00983	0.00717	0.00219	0.00742	0.00847	0.00536	0.01016
11	0.10316	0.00775	0.00836	0.00837	0.00927	0.00793	0.00537	0.01236	0.03252	0.01807	0.08165	0.14079	0.05331	0.45489	0.02407	0.00501	0.00579	0.01105	0.00501	0.00528
12	0.01481	0.01271	0.01462	0.01079	0.01673	0.01025	0.00859	0.01986	0.09471	0.02350	0.01428	0.01583	0.01162	0.00567	0.00539	0.00119	0.00521	0.00457	0.00448	0.70518
13	0.01802	0.04671	0.01987	0.05370	0.07043	0.04054	0.01331	0.11793	0.14724	0.04292	0.01546	0.01798	0.01248	0.00957	0.01198	0.03431	0.21492	0.00613	0.00471	0.10178
14	0.00979	0.00781	0.00896	0.00950	0.01133	0.00745	0.00713	0.01368	0.09520	0.02000	0.05111	0.27980	0.33074	0.01825	0.00850	0.00262	0.00431	0.10078	0.00654	0.00650
15	0.01089	0.00776	0.00969	0.00977	0.01167	0.00731	0.00760	0.01440	0.05184	0.05125	0.29989	0.14367	0.18655	0.01642	0.00849	0.00251	0.00427	0.14223	0.00705	0.00674
16	0.01206	0.00762	0.00975	0.00927	0.01133	0.00689	0.00707	0.01482	0.01828	0.10576	0.41745	0.12648	0.15868	0.01524	0.00824	0.00234	0.00390	0.05042	0.00740	0.00699
17	0.01008	0.00778	0.00969	0.00969	0.01137	0.00780	0.00721	0.01420	0.08597	0.02202	0.24716	0.19034	0.16653	0.02345	0.14978	0.00415	0.00675	0.01299	0.00638	0.00666
18	0.01652	0.01581	0.02696	0.17081	0.58914	0.01638	0.02104	0.02076	0.01553	0.02188	0.01299	0.01752	0.01073	0.00636	0.00692	0.00212	0.00848	0.00621	0.00339	0.01045
19	0.01855	0.05471	0.02210	0.02218	0.20194	0.07007	0.04841	0.10424	0.18887	0.02613	0.01695	0.01829	0.01329	0.00713	0.00653	0.00192	0.00739	0.00610	0.00491	0.16030
20	0.08217	0.21301	0.05613	0.01813	0.10105	0.23576	0.01388	0.11157	0.01878	0.07035	0.01271	0.01409	0.01005	0.00694	0.00590	0.00186	0.00902	0.00488	0.00424	0.00948

[dist]
# distance from previous block
# <min> <max>
0	10

[block]
# block no. 9 follows, 30 sequences, length 36
# corresponding to MSA columns:
# 288-323
name=unknown_J
#
# <colnr> <probs for GDERKNQSTAVLIFYWHMCP>
#	G	D	E	R	K	N	Q	S	T	A	V	L	I	F	Y	W	H	M	C	P
0	0.04735	0.01394	0.02223	0.02729	0.34930	0.01322	0.07531	0.01918	0.01581	0.03988	0.07788	0.06638	0.04706	0.00820	0.00691	0.00199	0.00698	0.00769	0.00442	0.14897
1	0.01357	0.09409	0.01653	0.01311	0.07731	0.01138	0.00945	0.01657	0.01587	0.02295	0.19786	0.04731	0.05510	0.00894	0.00680	0.00165	0.02625	0.00745	0.00501	0.35280
2	0.01672	0.28556	0.21861	0.01633	0.02273	0.02044	0.08127	0.08560	0.01625	0.02151	0.01705	0.01884	0.07247	0.00796	0.00757	0.00204	0.07003	0.00600	0.00374	0.00927
3	0.01349	0.01101	0.01497	0.10563	0.08578	0.01225	0.01131	0.01916	0.13717	0.04874	0.11615	0.09689	0.08330	0.07047	0.06800	0.00344	0.07920	0.00972	0.00540	0.00793
4	0.01065	0.00821	0.01231	0.01361	0.07487	0.00919	0.00930	0.01298	0.01150	0.01646	0.01860	0.02879	0.01786	0.13625	0.57544	0.00983	0.01626	0.00770	0.00377	0.00641
5	0.01917	0.04144	0.11224	0.05079	0.37296	0.07740	0.01902	0.14084	0.05283	0.02598	0.01414	0.01677	0.01115	0.00691	0.00678	0.00208	0.00866	0.00596	0.00419	0.01070
6	0.67133	0.01387	0.01206	0.07545	0.01726	0.01611	0.00907	0.07297	0.01372	0.03109	0.01051	0.01242	0.00806	0.00667	0.00477	0.00217	0.00593	0.00419	0.00442	0.00792
7	0.01750	0.06126	0.26587	0.02371	0.20472	0.11227	0.01902	0.02386	0.07628	0.03973	0.01409	0.01614	0.01090	0.00674	0.00647	0.00199	0.00895	0.00547	0.00379	0.08123
8	0.01064	0.00858	0.00898	0.00884	0.01033	0.04187	0.00618	0.01206	0.01406	0.01799	0.10346	0.09894	0.21051	0.29416	0.01840	0.00400	0.00555	0.06656	0.00546	0.05343
9	0.02037	0.11572	0.08376	0.02371	0.21749	0.20286	0.01622	0.09089	0.11838	0.02347	0.01463	0.01631	0.01165	0.00716	0.00646	0.00199	0.00901	0.00562	0.00427	0.01004
10	0.01008	0.00704	0.00902	0.00902	0.00951	0.00753	0.00599	0.01105	0.01057	0.01457	0.02070	0.03853	0.02227	0.48011	0.30593	0.00851	0.01143	0.00910	0.00404	0.00501
11	0.07525	0.01191	0.01975	0.01613	0.01972	0.01146	0.22075	0.05547	0.01597	0.02259	0.05075	0.27919	0.08829	0.01348	0.00803	0.00247	0.00687	0.03988	0.00536	0.03669
12	0.01807	0.05020	0.13665	0.01534	0.05703	0.04922	0.01338	0.16570	0.01930	0.04489	0.05526	0.01743	0.01384	0.00694	0.00616	0.00167	0.00712	0.00547	0.00477	0.31155
13	0.00967	0.00713	0.00927	0.01040	0.01176	0.00673	0.00818	0.01195	0.01543	0.02005	0.09676	0.29630	0.17011	0.01943	0.00902	0.00285	0.00485	0.27747	0.00655	0.00609
14	0.01072	0.00785	0.01064	0.00958	0.01021	0.00775	0.06570	0.01125	0.01072	0.01433	0.02128	0.04325	0.02404	0.68722	0.03306	0.00637	0.00722	0.00998	0.00417	0.00470
15	0.01680	0.47056	0.30868	0.01511	0.02281	0.02306	0.01746	0.02138	0.01440	0.01868	0.01083	0.01261	0.00891	0.00623	0.00534	0.00178	0.00860	0.00430	0.00297	0.00950
16	0.01185	0.00618	0.00901	0.00901	0.00905	0.00622	0.00596	0.00931	0.00927	0.01240	0.01335	0.02393	0.01366	0.10029	0.05075	0.69028	0.00654	0.00653	0.00318	0.00326
17	0.00848	0.00617	0.00800	0.00946	0.01005	0.00569	0.00636	0.00975	0.01361	0.01792	0.04163	0.68307	0.11124	0.02145	0.00884	0.00279	0.00400	0.01934	0.00648	0.00569
18	0.02607	0.03326	0.01978	0.01798	0.02157	0.72674	0.01348	0.02787	0.01978	0.01708	0.01079	0.01258	0.00899	0.00719	0.00629	0.00180	0.01258	0.00449	0.00360	0.00809
19	0.00942	0.00712	0.00869	0.00830	0.01014	0.00639	0.00622	0.01228	0.01867	0.02541	0.52791	0.05637	0.24709	0.01523	0.00824	0.00224	0.00336	0.01321	0.00734	0.00639
20	0.01311	0.01211	0.01452	0.07022	0.01656	0.08193	0.01067	0.01495	0.01191	0.01600	0.01581	0.02616	0.01564	0.18181	0.28495	0.00669	0.18959	0.00731	0.00361	0.00645
21	0.02847	0.01644	0.01902	0.01458	0.02009	0.01702	0.01204	0.42277	0.02760	0.31652	0.02112	0.01959	0.01406	0.00848	0.00700	0.00212	0.00697	0.00658	0.00765	0.01187
22	0.01400	0.03610	0.71860	0.01989	0.03020	0.01621	0.02578	0.02210	0.01473	0.02210	0.01252	0.01473	0.00884	0.00663	0.00663	0.00221	0.01031	0.00516	0.00295	0.01031
23	0.01872	0.01469	0.01582	0.01403	0.01811	0.01666	0.01097	0.03678	0.63244	0.09618	0.02832	0.02581	0.02091	0.00939	0.00709	0.00235	0.00556	0.00780	0.00725	0.01113
24	0.01013	0.00683	0.00791	0.00791	0.00802	0.00693	0.00461	0.01034	0.01024	0.01375	0.02171	0.04413	0.02470	0.69575	0.09361	0.00714	0.00777	0.00992	0.00419	0.00440
25	0.01343	0.00776	0.01012	0.00956	0.01166	0.00699	0.00714	0.01597	0.01787	0.15435	0.35810	0.22309	0.10573	0.01540	0.00817	0.00236	0.00400	0.01355	0.00746	0.00729
26	0.01104	0.00885	0.01334	0.08158	0.12889	0.00893	0.01127	0.01355	0.01451	0.01940	0.03160	0.39588	0.03560	0.01732	0.00859	0.00276	0.00581	0.17849	0.00567	0.00692
27	0.72759	0.01544	0.01119	0.01004	0.01429	0.08554	0.00814	0.02124	0.01265	0.02991	0.00982	0.01146	0.00770	0.00655	0.00451	0.00212	0.00610	0.00385	0.00425	0.00761
28	0.56402	0.08918	0.01498	0.01105	0.01563	0.07731	0.00920	0.10485	0.01539	0.03024	0.01069	0.01211	0.00836	0.00673	0.00483	0.00206	0.00649	0.00415	0.00446	0.00828
29	0.66161	0.07806	0.01340	0.01027	0.01466	0.08655	0.00851	0.02127	0.01285	0.02866	0.00982	0.01145	0.00782	0.00651	0.00453	0.00207	0.00628	0.00385	0.00414	0.00773
30	0.01030	0.00989	0.07850	0.00978	0.01145	0.00809	0.00778	0.01216	0.01222	0.01679	0.08615	0.04044	0.08278	0.37639	0.20135	0.00665	0.00952	0.00960	0.00448	0.00568
31	0.10028	0.24058	0.07118	0.01400	0.01987	0.02120	0.01282	0.30450	0.02252	0.10819	0.01487	0.01520	0.01097	0.00738	0.00595	0.00194	0.00737	0.00528	0.00544	0.01047
32	0.07955	0.29062	0.04773	0.01191	0.01656	0.01837	0.01065	0.08687	0.10268	0.06442	0.04344	0.08846	0.09273	0.00982	0.00619	0.00202	0.00623	0.00767	0.00517	0.00892
33	0.09465	0.09913	0.02200	0.02035	0.14874	0.18072	0.01405	0.11468	0.05630	0.02424	0.04182	0.01658	0.01274	0.00813	0.00868	0.00212	0.11580	0.00568	0.00433	0.00925
34	0.05709	0.06430	0.14025	0.01525	0.02101	0.08190	0.06961	0.04251	0.10765	0.15012	0.07980	0.02103	0.01752	0.00789	0.00662	0.00202	0.00755	0.00649	0.00537	0.09604
35	0.15315	0.13263	0.01945	0.01532	0.09096	0.04650	0.01123	0.09168	0.12367	0.05222	0.07342	0.01918	0.01645	0.00761	0.00596	0.00190	0.00640	0.00587	0.00511	0.12127

[dist]
# distance from previous block
# <min> <max>
1	5

[block]
# block no. 10 follows, 30 sequences, length 26
# corresponding to MSA columns:
# 329-354
name=unknown_K
#
# <colnr> <probs for GDERKNQSTAVLIFYWHMCP>
#	G	D	E	R	K	N	Q	S	T	A	V	L	I	F	Y	W	H	M	C	P
0	0.07805	0.01436	0.01683	0.01340	0.01830	0.01461	0.03969	0.18467	0.16205	0.15784	0.06235	0.02367	0.04912	0.00869	0.00673	0.00204	0.00611	0.00709	0.00656	0.12784
1	0.06863	0.04042	0.12371	0.02193	0.21349	0.05235	0.01532	0.05176	0.10542	0.05271	0.08024	0.06292	0.01894	0.00854	0.00676	0.00210	0.00724	0.00724	0.00487	0.05542
2	0.02120	0.10931	0.03592	0.01339	0.01853	0.04913	0.01127	0.19632	0.09786	0.13764	0.01860	0.04412	0.01446	0.01035	0.04436	0.00236	0.00741	0.00630	0.00579	0.15568
3	0.01668	0.01643	0.02938	0.12138	0.53377	0.01661	0.12026	0.02114	0.01575	0.02216	0.01319	0.01766	0.01078	0.00626	0.00711	0.00214	0.00893	0.00652	0.00342	0.01043
4	0.01609	0.01245	0.01467	0.01066	0.01671	0.00968	0.00855	0.01976	0.03959	0.08556	0.01434	0.01572	0.01136	0.00564	0.00540	0.00118	0.00525	0.00453	0.00465	0.69820
5	0.01212	0.00606	0.00909	0.00909	0.00909	0.00606	0.00606	0.00909	0.00909	0.01212	0.01212	0.02121	0.01212	0.02424	0.02727	0.79697	0.00606	0.00606	0.00303	0.00303
6	0.01387	0.01251	0.02049	0.03001	0.43967	0.01235	0.01563	0.01688	0.01491	0.02087	0.02294	0.30115	0.02465	0.01228	0.00768	0.00237	0.00665	0.01149	0.00463	0.00897
7	0.01099	0.00990	0.05174	0.05273	0.01372	0.00960	0.00878	0.01258	0.01211	0.01652	0.04838	0.10899	0.05557	0.36059	0.05601	0.00500	0.09493	0.06157	0.00453	0.00575
