[name]
unknown

[dist]
# distance from previous block
# <min> <max>
0	14

[block]
# block no. 0 follows, 27 sequences, length 16
# corresponding to MSA columns:
# 48-63
name=unknown_A
#
# <colnr> <probs for GDERKNQSTAVLIFYWHMCP>
#	G	D	E	R	K	N	Q	S	T	A	V	L	I	F	Y	W	H	M	C	P
0	0.01338	0.01121	0.01369	0.01605	0.06885	0.06223	0.01243	0.01662	0.01736	0.02188	0.03840	0.07215	0.09548	0.01829	0.00962	0.00313	0.00721	0.48835	0.00636	0.00731
1	0.01534	0.02383	0.27539	0.08887	0.15963	0.01632	0.14842	0.02143	0.01562	0.02233	0.01478	0.01950	0.01168	0.01437	0.11616	0.00385	0.01214	0.00683	0.00351	0.01002
2	0.01034	0.00722	0.00930	0.00967	0.01057	0.00727	0.00671	0.01212	0.01412	0.01972	0.13490	0.23132	0.06242	0.20450	0.17388	0.00585	0.00833	0.01333	0.05241	0.00600
3	0.00960	0.00716	0.00903	0.00960	0.01080	0.00684	0.00678	0.01145	0.01518	0.02014	0.14049	0.31395	0.18936	0.08991	0.12004	0.00455	0.00673	0.01578	0.00642	0.00618
4	0.01592	0.01232	0.01371	0.01213	0.01538	0.01292	0.00941	0.17750	0.15217	0.03128	0.21705	0.11270	0.15885	0.01414	0.00827	0.00245	0.00524	0.01199	0.00750	0.00907
5	0.58159	0.01613	0.01404	0.01178	0.01674	0.01841	0.00971	0.19957	0.01876	0.03701	0.01240	0.01364	0.00930	0.00745	0.00537	0.00228	0.00641	0.00475	0.00537	0.00930
6	0.19430	0.53568	0.03159	0.01230	0.01823	0.02612	0.01174	0.06102	0.01573	0.02280	0.01078	0.01230	0.00938	0.00663	0.00489	0.00179	0.00746	0.00414	0.00375	0.00938
7	0.02048	0.09310	0.04468	0.02230	0.15273	0.16742	0.03958	0.10911	0.06039	0.02469	0.01993	0.02194	0.07225	0.00916	0.00890	0.00224	0.08576	0.00693	0.02856	0.00986
8	0.01610	0.01286	0.01364	0.01219	0.01529	0.01398	0.00912	0.11763	0.29320	0.02711	0.03559	0.03995	0.15320	0.18940	0.01515	0.00361	0.00611	0.01016	0.00666	0.00903
9	0.79154	0.01436	0.01091	0.00976	0.01436	0.01665	0.00804	0.02182	0.01263	0.03331	0.01034	0.01206	0.00804	0.00689	0.00459	0.00230	0.00574	0.00402	0.00459	0.00804
10	0.01134	0.00877	0.01061	0.01150	0.01285	0.00906	0.00808	0.01744	0.17642	0.02190	0.03831	0.56196	0.04265	0.02004	0.00901	0.00289	0.00469	0.01800	0.00705	0.00742
11	0.01009	0.00708	0.00824	0.00869	0.01023	0.00645	0.00624	0.01237	0.01660	0.02292	0.17483	0.27658	0.24273	0.01777	0.00837	0.00250	0.00384	0.01547	0.14256	0.00645
12	0.01837	0.01764	0.03013	0.04557	0.69279	0.01764	0.02278	0.02278	0.01690	0.02425	0.01396	0.01837	0.01176	0.00661	0.00735	0.00220	0.00882	0.00661	0.00367	0.01176
13	0.01456	0.02683	0.39069	0.01731	0.02423	0.06207	0.01938	0.03955	0.01628	0.02289	0.07839	0.06758	0.01940	0.01847	0.14525	0.00424	0.01169	0.00768	0.00418	0.00933
14	0.01007	0.00744	0.00974	0.00971	0.01125	0.00710	0.00719	0.01288	0.01796	0.02486	0.40392	0.17201	0.12712	0.02326	0.11730	0.00396	0.00621	0.01417	0.00716	0.00669
15	0.01911	0.04923	0.15145	0.02303	0.12851	0.06056	0.11822	0.17437	0.02079	0.02772	0.02069	0.02375	0.07254	0.03773	0.03698	0.00285	0.00983	0.00756	0.00480	0.01030

[dist]
# distance from previous block
# <min> <max>
2	12

[block]
# block no. 1 follows, 27 sequences, length 9
# corresponding to MSA columns:
# 76-84
name=unknown_B
#
# <colnr> <probs for GDERKNQSTAVLIFYWHMCP>
#	G	D	E	R	K	N	Q	S	T	A	V	L	I	F	Y	W	H	M	C	P
0	0.01844	0.01765	0.05409	0.29624	0.11303	0.05634	0.01763	0.14998	0.10739	0.02683	0.01792	0.05991	0.01451	0.00886	0.00749	0.00239	0.00883	0.00752	0.00494	0.01001
1	0.02098	0.01654	0.02037	0.16478	0.05777	0.01872	0.01462	0.33428	0.06531	0.03406	0.07647	0.02400	0.01843	0.05444	0.01023	0.00266	0.04226	0.00761	0.00608	0.01040
2	0.01537	0.01279	0.01346	0.10065	0.01862	0.07271	0.01002	0.11278	0.05576	0.02469	0.03317	0.18744	0.13473	0.06229	0.00978	0.00273	0.00646	0.01156	0.10711	0.00788
3	0.01529	0.10131	0.06687	0.01587	0.02057	0.01595	0.11849	0.02491	0.24449	0.02426	0.03422	0.11097	0.15163	0.01198	0.00784	0.00245	0.00696	0.01057	0.00592	0.00944
4	0.01985	0.01659	0.02035	0.21063	0.08729	0.06359	0.01538	0.25074	0.02220	0.02957	0.01650	0.02046	0.01290	0.01540	0.11537	0.00374	0.01056	0.00674	0.05231	0.00981
5	0.01396	0.01621	0.14628	0.01293	0.01709	0.01242	0.01180	0.07672	0.14778	0.02420	0.03686	0.11722	0.18543	0.13259	0.01292	0.00328	0.00660	0.01126	0.00594	0.00851
6	0.01590	0.01365	0.01938	0.01582	0.01982	0.01417	0.13762	0.11169	0.16191	0.02720	0.07258	0.03544	0.14280	0.04330	0.10075	0.00383	0.00874	0.00983	0.03644	0.00912
7	0.01877	0.02148	0.18264	0.10012	0.19928	0.01711	0.01920	0.13393	0.07078	0.05475	0.01738	0.04961	0.01383	0.00822	0.00729	0.00226	0.00858	0.00701	0.00486	0.06289
8	0.01355	0.00937	0.01308	0.06698	0.04982	0.00924	0.01006	0.01684	0.03871	0.08688	0.11665	0.28580	0.03655	0.02080	0.09130	0.00371	0.00719	0.05739	0.00636	0.05971

[dist]
# distance from previous block
# <min> <max>
5	6

[block]
# block no. 2 follows, 27 sequences, length 13
# corresponding to MSA columns:
# 91-103
name=unknown_C
#
# <colnr> <probs for GDERKNQSTAVLIFYWHMCP>
#	G	D	E	R	K	N	Q	S	T	A	V	L	I	F	Y	W	H	M	C	P
0	0.01513	0.06525	0.14998	0.19436	0.25240	0.01600	0.01968	0.01977	0.01559	0.02148	0.01818	0.14409	0.01732	0.00981	0.00752	0.00240	0.00863	0.00879	0.00402	0.00962
1	0.06333	0.01483	0.04027	0.13999	0.16282	0.03225	0.01511	0.02619	0.06747	0.22447	0.02170	0.02729	0.01704	0.06245	0.00966	0.00275	0.00780	0.04846	0.00585	0.01026
2	0.00923	0.00754	0.00815	0.00800	0.01031	0.00646	0.00600	0.01154	0.01800	0.02261	0.23683	0.06723	0.52655	0.01785	0.00877	0.00246	0.00369	0.01508	0.00723	0.00646
3	0.01859	0.01751	0.01588	0.01468	0.01820	0.13353	0.01118	0.03280	0.44369	0.02717	0.02796	0.11174	0.02344	0.01118	0.00749	0.00243	0.00680	0.00924	0.05628	0.01021
4	0.07086	0.01452	0.01645	0.01410	0.01774	0.03569	0.01132	0.16322	0.13285	0.12418	0.02117	0.02329	0.01638	0.02059	0.17830	0.00468	0.06443	0.00717	0.05316	0.00992
5	0.01468	0.00887	0.01114	0.01099	0.01353	0.00819	0.00867	0.01794	0.04671	0.14788	0.09633	0.19310	0.21613	0.01761	0.00895	0.00276	0.00511	0.15614	0.00743	0.00783
6	0.01598	0.01011	0.01126	0.01040	0.01300	0.01093	0.00807	0.06936	0.14623	0.05398	0.02435	0.02713	0.01916	0.01731	0.13095	0.00375	0.00730	0.00739	0.40487	0.00845
7	0.01449	0.00710	0.01036	0.00995	0.01062	0.00689	0.00689	0.01240	0.01171	0.07505	0.07449	0.02573	0.01846	0.02338	0.02530	0.64526	0.00617	0.00716	0.00419	0.00439
8	0.05461	0.02193	0.08101	0.06227	0.02472	0.08162	0.01508	0.39378	0.07341	0.09096	0.01806	0.01843	0.01287	0.00857	0.00723	0.00225	0.00859	0.00648	0.00650	0.01161
9	0.42755	0.01917	0.06196	0.04843	0.08059	0.07931	0.05454	0.10180	0.01709	0.03093	0.01229	0.01453	0.00944	0.00718	0.00592	0.00227	0.00795	0.00516	0.00459	0.00930
10	0.25535	0.01630	0.06667	0.06134	0.07984	0.01570	0.01280	0.10398	0.06872	0.04803	0.01682	0.06308	0.01406	0.01052	0.03767	0.00264	0.00751	0.00661	0.00513	0.10721
11	0.01570	0.06366	0.14204	0.01473	0.01944	0.01444	0.04478	0.14874	0.01854	0.02522	0.02517	0.12110	0.07890	0.07455	0.12916	0.00434	0.00980	0.00956	0.00516	0.03497
12	0.32677	0.07857	0.01722	0.01320	0.01756	0.14085	0.01058	0.16588	0.01923	0.03023	0.01466	0.05146	0.01285	0.06215	0.00829	0.00255	0.00786	0.00608	0.00508	0.00893

[dist]
# distance from previous block
# <min> <max>
1	23

[block]
# block no. 3 follows, 27 sequences, length 22
# corresponding to MSA columns:
# 127-148
name=unknown_D
#
# <colnr> <probs for GDERKNQSTAVLIFYWHMCP>
#	G	D	E	R	K	N	Q	S	T	A	V	L	I	F	Y	W	H	M	C	P
0	0.01655	0.02489	0.31362	0.01909	0.06688	0.05686	0.05428	0.04790	0.01776	0.05936	0.09752	0.07241	0.02093	0.00934	0.00737	0.00227	0.00866	0.00793	0.05183	0.04456
1	0.02236	0.23555	0.04761	0.01543	0.02063	0.14809	0.01327	0.19933	0.11273	0.02809	0.04222	0.05006	0.01621	0.00890	0.00665	0.00206	0.00848	0.00663	0.00539	0.01030
2	0.01596	0.12370	0.51537	0.02246	0.06779	0.01893	0.08875	0.02334	0.01585	0.02282	0.01315	0.01578	0.00973	0.00686	0.00695	0.00226	0.01063	0.00568	0.00323	0.01074
3	0.00976	0.00756	0.00875	0.00895	0.01082	0.00678	0.00673	0.01199	0.01713	0.02194	0.20239	0.11385	0.36509	0.08229	0.01157	0.00303	0.00443	0.09362	0.00696	0.00633
4	0.02023	0.01350	0.01515	0.01326	0.01717	0.01446	0.01022	0.03309	0.39816	0.18124	0.03230	0.03282	0.06903	0.10175	0.01140	0.00305	0.00599	0.00899	0.00750	0.01066
5	0.01093	0.00757	0.00943	0.00934	0.01117	0.00681	0.00686	0.01351	0.01850	0.05908	0.36179	0.21352	0.20871	0.01758	0.00886	0.00253	0.00389	0.01541	0.00763	0.00689
6	0.62999	0.01278	0.01027	0.00936	0.01324	0.01460	0.00753	0.02036	0.01284	0.03113	0.01245	0.01495	0.00990	0.00843	0.00634	0.05553	0.00547	0.00459	0.11268	0.00756
7	0.01290	0.01135	0.01820	0.41298	0.03506	0.01386	0.01620	0.01679	0.01415	0.01881	0.01848	0.06435	0.01705	0.02104	0.17250	0.00484	0.05133	0.06851	0.00398	0.00761
8	0.02147	0.05636	0.09415	0.12814	0.21680	0.01862	0.04450	0.17835	0.03971	0.10474	0.01675	0.01895	0.01237	0.00768	0.00729	0.00226	0.00878	0.00661	0.00517	0.01129
9	0.02312	0.23823	0.02445	0.01483	0.01961	0.23285	0.01238	0.17737	0.02176	0.02598	0.01659	0.01792	0.03731	0.00811	0.00619	0.00189	0.00897	0.00566	0.09722	0.00955
10	0.79154	0.01436	0.01091	0.00976	0.01436	0.01665	0.00804	0.02182	0.01263	0.03331	0.01034	0.01206	0.00804	0.00689	0.00459	0.00230	0.00574	0.00402	0.00459	0.00804
11	0.01555	0.01200	0.01356	0.01263	0.01542	0.01277	0.00953	0.15870	0.17923	0.02899	0.10132	0.29590	0.08201	0.01589	0.00845	0.00262	0.00539	0.01380	0.00729	0.00893
12	0.01000	0.00746	0.00930	0.00906	0.01084	0.00676	0.00671	0.01295	0.01949	0.02669	0.49799	0.12646	0.19545	0.01673	0.00883	0.00244	0.00364	0.01465	0.00778	0.00676
13	0.01587	0.03186	0.46388	0.10302	0.03104	0.10271	0.02283	0.02261	0.01661	0.02251	0.05508	0.02066	0.04316	0.00816	0.00723	0.00232	0.01039	0.00644	0.00370	0.00991
14	0.04305	0.01359	0.01577	0.01310	0.01733	0.01381	0.01043	0.22716	0.06229	0.20688	0.11331	0.11963	0.08631	0.01246	0.00791	0.00240	0.00603	0.01037	0.00780	0.01036
15	0.01028	0.00736	0.00913	0.00931	0.01008	0.00747	0.00624	0.01148	0.01266	0.01697	0.05789	0.12561	0.11210	0.36332	0.20085	0.00714	0.00952	0.01197	0.00509	0.00554
16	0.05933	0.04665	0.13153	0.05888	0.02394	0.06842	0.01532	0.15346	0.02109	0.24071	0.01862	0.01894	0.01294	0.00849	0.00822	0.00227	0.05865	0.00627	0.00608	0.04018
17	0.01154	0.00911	0.01053	0.01044	0.01227	0.00949	0.00755	0.01702	0.14994	0.02050	0.04033	0.14668	0.20240	0.16509	0.14815	0.00530	0.00802	0.01255	0.00600	0.00708
18	0.01797	0.01512	0.01615	0.01275	0.01790	0.05979	0.01002	0.15506	0.01942	0.02728	0.01731	0.09424	0.01573	0.01106	0.03555	0.03147	0.00708	0.00693	0.00521	0.42397
19	0.01942	0.03702	0.04390	0.01419	0.01813	0.09201	0.01148	0.16291	0.12894	0.06912	0.05420	0.16176	0.02430	0.01474	0.05225	0.00294	0.00788	0.00979	0.03407	0.04095
20	0.03999	0.08733	0.01722	0.01495	0.05943	0.13019	0.01120	0.01943	0.01735	0.04469	0.08749	0.11324	0.05946	0.01277	0.00767	0.00231	0.00721	0.14120	0.00555	0.12132
21	0.04205	0.07443	0.26527	0.01670	0.05197	0.05767	0.01662	0.06176	0.01801	0.02547	0.12295	0.02505	0.06146	0.00891	0.00697	0.00208	0.00804	0.00713	0.00473	0.12273

[dist]
# distance from previous block
# <min> <max>
0	40

[block]
# block no. 4 follows, 27 sequences, length 23
# corresponding to MSA columns:
# 190-212
name=unknown_E
#
# <colnr> <probs for GDERKNQSTAVLIFYWHMCP>
#	G	D	E	R	K	N	Q	S	T	A	V	L	I	F	Y	W	H	M	C	P
0	0.01404	0.01149	0.01448	0.06402	0.07547	0.00995	0.00966	0.01715	0.01555	0.02319	0.05100	0.02818	0.09390	0.06694	0.00887	0.00207	0.00572	0.00723	0.09272	0.38838
1	0.01340	0.01174	0.01433	0.10494	0.09290	0.06451	0.01119	0.05060	0.01679	0.02178	0.05631	0.35921	0.09453	0.01621	0.00841	0.00261	0.00633	0.01434	0.03227	0.00759
2	0.01461	0.01222	0.01765	0.30014	0.08305	0.01367	0.01459	0.04297	0.10395	0.04599	0.07549	0.12481	0.09699	0.01176	0.00796	0.00251	0.00721	0.01031	0.00546	0.00868
3	0.02129	0.05037	0.18563	0.01889	0.07692	0.01868	0.01676	0.26764	0.09713	0.06481	0.06531	0.02154	0.01728	0.00875	0.00726	0.00226	0.00806	0.00699	0.03311	0.01135
4	0.01048	0.00723	0.00866	0.00884	0.00921	0.00727	0.00549	0.01115	0.01194	0.01605	0.05176	0.12725	0.05522	0.51934	0.11308	0.00692	0.00812	0.01194	0.00494	0.00509
5	0.01530	0.01326	0.02135	0.12802	0.07419	0.01422	0.12466	0.05264	0.06432	0.04654	0.02513	0.22437	0.02517	0.01343	0.00989	0.00274	0.06843	0.06225	0.00541	0.00869
6	0.01210	0.00894	0.01089	0.01125	0.01282	0.00901	0.00823	0.07222	0.06946	0.02362	0.10978	0.38349	0.07334	0.07702	0.01139	0.00319	0.00517	0.08399	0.00694	0.00715
7	0.01751	0.10337	0.01790	0.01183	0.01735	0.11312	0.00959	0.02052	0.01620	0.02298	0.01408	0.01633	0.01169	0.00633	0.00554	0.00136	0.00666	0.00474	0.10808	0.47483
8	0.11327	0.02036	0.02038	0.01601	0.02162	0.07547	0.01311	0.47761	0.02986	0.11331	0.01773	0.01764	0.01249	0.00862	0.00706	0.00222	0.00811	0.00632	0.00702	0.01180
9	0.02133	0.02017	0.05989	0.12354	0.17872	0.13255	0.01662	0.07804	0.08627	0.10273	0.01705	0.01896	0.01285	0.00764	0.00707	0.00213	0.00886	0.00629	0.00503	0.09426
10	0.01306	0.00814	0.00877	0.00796	0.01062	0.00735	0.00606	0.01629	0.01630	0.02628	0.10045	0.03447	0.11377	0.01018	0.00611	0.00179	0.00385	0.00837	0.46066	0.13951
11	0.00990	0.00756	0.00907	0.00870	0.01072	0.00674	0.00652	0.01282	0.01957	0.02634	0.47220	0.06110	0.28887	0.01646	0.00876	0.00240	0.00359	0.01422	0.00772	0.00674
12	0.01569	0.01215	0.01915	0.01613	0.01857	0.01348	0.11155	0.04061	0.01454	0.09193	0.02021	0.08324	0.01891	0.10637	0.24032	0.00621	0.14910	0.00907	0.00477	0.00800
13	0.05398	0.00953	0.01041	0.01027	0.01267	0.00960	0.00764	0.01813	0.16340	0.02459	0.15704	0.20747	0.25413	0.01663	0.00843	0.00259	0.00442	0.01429	0.00713	0.00765
14	0.02096	0.01795	0.02455	0.11770	0.12318	0.02043	0.06862	0.25728	0.10196	0.03147	0.01663	0.01928	0.01277	0.00895	0.01022	0.00248	0.12230	0.00700	0.00539	0.01088
15	0.01318	0.14954	0.01630	0.01227	0.01465	0.04414	0.01022	0.01570	0.01641	0.02074	0.08451	0.23917	0.06396	0.01747	0.00866	0.00277	0.00629	0.25070	0.00612	0.00721
16	0.00927	0.00692	0.00853	0.00942	0.01053	0.00628	0.00651	0.01098	0.01576	0.02067	0.14600	0.44477	0.20662	0.04894	0.01030	0.00295	0.00417	0.01823	0.00699	0.00617
17	0.24253	0.05796	0.01859	0.01526	0.01906	0.18938	0.01224	0.07247	0.14359	0.02692	0.01485	0.01642	0.01187	0.00874	0.00894	0.00235	0.11901	0.00561	0.00489	0.00930
18	0.05880	0.09356	0.02255	0.02016	0.12921	0.06841	0.03266	0.13974	0.04330	0.02543	0.01547	0.02111	0.01365	0.09302	0.06737	0.00357	0.10891	0.00670	0.00460	0.03178
19	0.04895	0.01880	0.06503	0.03734	0.02230	0.09424	0.06689	0.02208	0.01505	0.09690	0.01446	0.04338	0.01233	0.01016	0.01415	0.00256	0.30406	0.00673	0.00434	0.10028
20	0.04492	0.04723	0.07460	0.01594	0.07645	0.01355	0.01208	0.01717	0.01339	0.06211	0.02061	0.06520	0.04084	0.18792	0.15133	0.00544	0.13042	0.00860	0.00444	0.00775
21	0.04840	0.12406	0.02034	0.01403	0.01864	0.11382	0.01156	0.14944	0.03925	0.14240	0.06671	0.02478	0.07109	0.01154	0.03730	0.00253	0.03842	0.00720	0.00603	0.05244
22	0.01692	0.05388	0.02158	0.24799	0.11179	0.11539	0.03970	0.04589	0.04167	0.02299	0.11756	0.02644	0.05675	0.00910	0.00742	0.00223	0.00858	0.00777	0.00471	0.04163

[dist]
# distance from previous block
# <min> <max>
4	47

[block]
# block no. 5 follows, 27 sequences, length 10
# corresponding to MSA columns:
# 318-327
name=unknown_F
#
# <colnr> <probs for GDERKNQSTAVLIFYWHMCP>
#	G	D	E	R	K	N	Q	S	T	A	V	L	I	F	Y	W	H	M	C	P
0	0.11386	0.02044	0.02189	0.04791	0.09226	0.15727	0.07104	0.18058	0.02149	0.07215	0.01539	0.01744	0.01169	0.00789	0.00749	0.00217	0.03668	0.00611	0.04922	0.04703
1	0.15723	0.20061	0.02277	0.03883	0.02011	0.11962	0.01220	0.19796	0.02066	0.02848	0.01516	0.06107	0.01319	0.01140	0.04832	0.00267	0.00895	0.00626	0.00497	0.00954
2	0.01834	0.02029	0.09316	0.24337	0.18807	0.10192	0.01886	0.08310	0.01815	0.02390	0.01361	0.01747	0.01064	0.00711	0.00702	0.00212	0.00944	0.00598	0.00397	0.11348
3	0.01201	0.01064	0.01794	0.01542	0.01819	0.01042	0.16045	0.01617	0.05354	0.02208	0.12572	0.26220	0.08017	0.02279	0.13192	0.00430	0.00888	0.01374	0.00587	0.00754
4	0.00942	0.00695	0.00862	0.00979	0.01074	0.00642	0.00682	0.01090	0.01470	0.01901	0.04642	0.46203	0.18557	0.09605	0.01232	0.00337	0.00471	0.07354	0.00664	0.00599
5	0.01052	0.00698	0.00846	0.00919	0.01011	0.00667	0.00633	0.01233	0.01485	0.02101	0.10618	0.32754	0.08280	0.15785	0.01412	0.00351	0.00473	0.04849	0.14228	0.00605
6	0.01870	0.01073	0.01226	0.01097	0.01410	0.01098	0.00849	0.06172	0.15933	0.15836	0.07073	0.10149	0.02571	0.01100	0.00693	0.00221	0.00488	0.00921	0.29290	0.00929
7	0.00985	0.00743	0.00911	0.00897	0.01076	0.00668	0.00662	0.01264	0.01906	0.02578	0.44129	0.14368	0.23664	0.01716	0.00885	0.00247	0.00367	0.01499	0.00766	0.00668
8	0.15410	0.11482	0.01909	0.01364	0.01828	0.09299	0.01117	0.17259	0.16389	0.03057	0.02371	0.02363	0.08351	0.00935	0.00658	0.00219	0.00714	0.00697	0.03585	0.00992
9	0.01837	0.10288	0.27481	0.05040	0.03138	0.10281	0.20678	0.04988	0.04911	0.02340	0.01425	0.01708	0.01075	0.00705	0.00732	0.00227	0.01100	0.00642	0.00379	0.01025

[dist]
# distance from previous block
# <min> <max>
0	1

[block]
# block no. 6 follows, 27 sequences, length 14
# corresponding to MSA columns:
# 329-342
name=unknown_G
#
# <colnr> <probs for GDERKNQSTAVLIFYWHMCP>
#	G	D	E	R	K	N	Q	S	T	A	V	L	I	F	Y	W	H	M	C	P
0	0.13250	0.05171	0.09683	0.05316	0.14502	0.04864	0.01542	0.18479	0.06135	0.03111	0.01617	0.01819	0.01237	0.00779	0.00657	0.00218	0.00788	0.00607	0.09183	0.01040
1	0.63621	0.01397	0.01262	0.05833	0.06042	0.01603	0.00962	0.02138	0.01326	0.03139	0.01173	0.01407	0.00917	0.00703	0.00500	0.00226	0.00605	0.00456	0.05868	0.00822
2	0.01559	0.01492	0.02216	0.02166	0.10683	0.01891	0.04669	0.01924	0.05510	0.01970	0.01389	0.02003	0.01268	0.02023	0.15806	0.00478	0.41014	0.00703	0.00375	0.00862
3	0.01520	0.00847	0.01030	0.00969	0.01217	0.00778	0.00731	0.01839	0.03863	0.15543	0.17548	0.18230	0.15726	0.01491	0.00795	0.00239	0.00432	0.01284	0.15128	0.00790
4	0.01415	0.01080	0.01190	0.01111	0.01295	0.05611	0.00856	0.05617	0.01646	0.02409	0.12142	0.03233	0.04990	0.05662	0.19599	0.00497	0.06620	0.00848	0.23451	0.00728
5	0.00980	0.00726	0.00914	0.00930	0.01082	0.00660	0.00674	0.01240	0.01840	0.02506	0.40127	0.24848	0.17120	0.01807	0.00896	0.00256	0.00377	0.01597	0.00759	0.00660
6	0.01031	0.00721	0.00896	0.00907	0.00988	0.00688	0.00602	0.01202	0.01571	0.02167	0.30094	0.19326	0.04929	0.29304	0.01998	0.00433	0.00508	0.01401	0.00651	0.00585
7	0.02090	0.30176	0.10172	0.11017	0.07295	0.23691	0.01653	0.02429	0.01709	0.01900	0.01163	0.01425	0.00973	0.00699	0.00614	0.00193	0.01028	0.00491	0.00342	0.00939
8	0.01258	0.00740	0.00995	0.01007	0.01076	0.00751	0.00696	0.01323	0.07092	0.01777	0.07003	0.15272	0.02483	0.02207	0.02062	0.46801	0.00561	0.00978	0.05419	0.00499
9	0.01927	0.25728	0.22599	0.01816	0.06787	0.08852	0.01747	0.08294	0.01784	0.02336	0.01263	0.01459	0.01012	0.00683	0.00614	0.00188	0.00912	0.00498	0.00381	0.11121
10	0.15174	0.03735	0.06346	0.02194	0.16146	0.07678	0.09869	0.02125	0.01598	0.02510	0.04707	0.05286	0.01605	0.00862	0.00787	0.00227	0.05528	0.00717	0.12001	0.00905
11	0.06705	0.11913	0.04243	0.01259	0.04626	0.03261	0.00993	0.04006	0.05776	0.07116	0.06395	0.10346	0.15049	0.01292	0.02254	0.00243	0.00609	0.00974	0.12093	0.00846
12	0.01850	0.06670	0.02018	0.01830	0.09926	0.20203	0.05333	0.05053	0.01778	0.02166	0.09496	0.02712	0.02107	0.15604	0.03097	0.00327	0.00924	0.00756	0.00463	0.07687
13	0.01915	0.09852	0.08337	0.05342	0.17935	0.06388	0.16630	0.09677	0.01858	0.03882	0.01535	0.03782	0.01264	0.01070	0.05261	0.00288	0.02825	0.00712	0.00424	0.01026

[dist]
# distance from previous block
# <min> <max>
0	1

[block]
# block no. 7 follows, 27 sequences, length 6
# corresponding to MSA columns:
# 344-349
name=unknown_H
#
# <colnr> <probs for GDERKNQSTAVLIFYWHMCP>
#	G	D	E	R	K	N	Q	S	T	A	V	L	I	F	Y	W	H	M	C	P
0	0.09519	0.07189	0.04124	0.12342	0.02254	0.05167	0.03564	0.08479	0.01777	0.02517	0.09036	0.07091	0.07800	0.01139	0.00882	0.00243	0.06961	0.04650	0.04429	0.00836
1	0.01419	0.01235	0.01811	0.01836	0.11855	0.01195	0.08236	0.05570	0.07297	0.02481	0.11007	0.15325	0.12179	0.01539	0.05014	0.00292	0.00713	0.01140	0.00586	0.09271
2	0.06082	0.01694	0.07552	0.01470	0.01861	0.10732	0.05642	0.06272	0.05449	0.02397	0.06484	0.06263	0.04473	0.02212	0.19405	0.00479	0.01120	0.00816	0.04661	0.04934
3	0.01528	0.02016	0.22646	0.04768	0.06618	0.01429	0.01612	0.10940	0.01840	0.02600	0.10218	0.10148	0.05604	0.06026	0.01065	0.00275	0.04824	0.00933	0.03998	0.00914
4	0.01721	0.05675	0.01905	0.05726	0.06968	0.01423	0.05639	0.13999	0.05380	0.06241	0.06801	0.19049	0.02660	0.08610	0.01092	0.00288	0.00696	0.01089	0.00599	0.04439
5	0.06211	0.05884	0.05271	0.04364	0.02036	0.09728	0.01249	0.13046	0.07495	0.13153	0.06537	0.10300	0.02108	0.01055	0.00799	0.00229	0.03852	0.00833	0.00615	0.05235

[dist]
# distance from previous block
# <min> <max>
6	86

[block]
# block no. 8 follows, 27 sequences, length 22
# corresponding to MSA columns:
# 447-468
name=unknown_I
#
# <colnr> <probs for GDERKNQSTAVLIFYWHMCP>
#	G	D	E	R	K	N	Q	S	T	A	V	L	I	F	Y	W	H	M	C	P
0	0.04042	0.06867	0.06642	0.01554	0.05007	0.14363	0.01242	0.07343	0.07081	0.12007	0.07768	0.08387	0.07698	0.01062	0.00728	0.00219	0.00763	0.00855	0.00595	0.05776
1	0.01965	0.06528	0.02081	0.06599	0.02245	0.14303	0.08359	0.05861	0.12842	0.07960	0.02219	0.06694	0.03733	0.01332	0.06585	0.00303	0.00940	0.00796	0.05696	0.02960
2	0.01588	0.04664	0.13220	0.04012	0.14756	0.01541	0.05134	0.02092	0.04998	0.04708	0.04052	0.07651	0.02058	0.03003	0.01062	0.00266	0.09548	0.09415	0.00476	0.05757
3	0.01699	0.03885	0.07842	0.02972	0.01871	0.07189	0.01192	0.15363	0.09074	0.02742	0.07551	0.17136	0.09951	0.01397	0.02404	0.00259	0.00718	0.01079	0.00617	0.05059
4	0.02173	0.08214	0.06525	0.01597	0.02096	0.09128	0.01363	0.26357	0.17333	0.03179	0.01935	0.02066	0.01500	0.01572	0.11244	0.00367	0.01011	0.00675	0.00592	0.01074
5	0.04223	0.01652	0.06431	0.01622	0.06416	0.01594	0.01287	0.21781	0.05686	0.05136	0.02820	0.02908	0.14439	0.01361	0.05481	0.00291	0.06629	0.00821	0.00588	0.08834
6	0.01886	0.13561	0.05114	0.01300	0.01747	0.13507	0.01089	0.10651	0.01877	0.02468	0.05998	0.02297	0.01746	0.09536	0.00995	0.00242	0.00768	0.00643	0.10301	0.14274
7	0.16197	0.01234	0.01339	0.01245	0.01465	0.05898	0.00974	0.01899	0.01439	0.09978	0.02098	0.13036	0.01998	0.01736	0.06909	0.08238	0.11523	0.04242	0.07797	0.00755
8	0.05822	0.00941	0.01035	0.00945	0.01234	0.00893	0.00728	0.06923	0.01885	0.10147	0.14378	0.09654	0.28191	0.01450	0.00779	0.00234	0.00447	0.01210	0.12325	0.00779
9	0.01078	0.00850	0.01138	0.15230	0.01866	0.00858	0.00924	0.01384	0.01738	0.02338	0.25452	0.14092	0.21977	0.01522	0.00834	0.00246	0.00496	0.01323	0.05960	0.00692
10	0.06283	0.01731	0.12198	0.01652	0.02201	0.01404	0.08631	0.05225	0.01868	0.30385	0.07045	0.07008	0.02040	0.01013	0.00923	0.00247	0.07596	0.00834	0.00658	0.01059
11	0.12885	0.01347	0.01498	0.01243	0.01672	0.01390	0.00991	0.15844	0.09632	0.20458	0.12495	0.03172	0.08032	0.04965	0.00899	0.00259	0.00599	0.00867	0.00741	0.01010
12	0.01141	0.00803	0.01094	0.01096	0.01197	0.00884	0.00793	0.01387	0.05885	0.01717	0.02198	0.09054	0.02213	0.17364	0.37312	0.12554	0.01319	0.00939	0.00446	0.00603
13	0.01570	0.12535	0.05694	0.02386	0.20424	0.05282	0.11213	0.01925	0.01657	0.02130	0.02930	0.11390	0.15576	0.01111	0.00767	0.00231	0.00800	0.01000	0.00465	0.00914
14	0.00943	0.00678	0.00920	0.01051	0.01108	0.00670	0.00720	0.01091	0.01359	0.01837	0.03600	0.56388	0.04215	0.06962	0.14193	0.00492	0.00738	0.01807	0.00621	0.00606
15	0.01978	0.01610	0.02136	0.10018	0.17882	0.01574	0.01476	0.18238	0.02076	0.05379	0.01511	0.01754	0.01172	0.00696	0.00669	0.00183	0.00745	0.00584	0.00504	0.29813
16	0.34505	0.01619	0.01509	0.05139	0.04958	0.07912	0.01077	0.13001	0.01849	0.08115	0.01548	0.01716	0.01162	0.00774	0.00584	0.00217	0.00691	0.00548	0.12155	0.00921
17	0.01738	0.01544	0.01637	0.01231	0.01848	0.05808	0.00979	0.06715	0.07255	0.02596	0.01483	0.01646	0.01199	0.00626	0.00589	0.00135	0.00624	0.00492	0.00484	0.61371
18	0.01348	0.01243	0.01130	0.01052	0.01320	0.10443	0.00796	0.06899	0.01996	0.02458	0.22444	0.08360	0.34602	0.01567	0.00840	0.00238	0.00541	0.01306	0.00686	0.00731
19	0.09600	0.09708	0.01833	0.05973	0.01946	0.05938	0.01140	0.08330	0.11499	0.12632	0.02618	0.13016	0.06708	0.01152	0.00810	0.00240	0.04384	0.00915	0.00612	0.00949
20	0.02396	0.05955	0.01759	0.01637	0.11704	0.01186	0.01120	0.02705	0.01838	0.34891	0.02540	0.07414	0.01913	0.00949	0.00689	0.00216	0.00599	0.00795	0.18645	0.01051
21	0.02592	0.01127	0.01460	0.01175	0.01617	0.01022	0.00950	0.06185	0.02106	0.44066	0.14953	0.03081	0.02770	0.01020	0.00736	0.00222	0.00547	0.00844	0.12455	0.01074

[dist]
# distance from previous block
# <min> <max>
0	1

[block]
# block no. 9 follows, 27 sequences, length 24
# corresponding to MSA columns:
# 470-493
name=unknown_J
#
# <colnr> <probs for GDERKNQSTAVLIFYWHMCP>
#	G	D	E	R	K	N	Q	S	T	A	V	L	I	F	Y	W	H	M	C	P
0	0.02095	0.01338	0.01570	0.01374	0.04552	0.01342	0.01039	0.15247	0.12294	0.15392	0.09719	0.02651	0.02261	0.00928	0.00694	0.00206	0.00576	0.00761	0.15513	0.10449
1	0.01888	0.01253	0.01525	0.01309	0.01646	0.01340	0.01043	0.12102	0.12517	0.14987	0.17156	0.03478	0.08551	0.01780	0.10156	0.00369	0.06282	0.00947	0.00711	0.00960
2	0.01899	0.01984	0.02033	0.01785	0.01949	0.19056	0.01435	0.06997	0.01568	0.02005	0.01263	0.01799	0.01151	0.01907	0.14249	0.00441	0.36628	0.00635	0.00384	0.00832
3	0.02180	0.02347	0.11898	0.01613	0.02251	0.14200	0.01439	0.22857	0.06212	0.03058	0.01538	0.01657	0.01171	0.00747	0.00668	0.00187	0.00859	0.00559	0.00526	0.24035
4	0.01169	0.00897	0.01206	0.01442	0.08769	0.00873	0.00910	0.05767	0.01666	0.02238	0.09641	0.44240	0.08971	0.05568	0.01044	0.00300	0.00518	0.03406	0.00656	0.00717
5	0.01163	0.00814	0.01004	0.01099	0.01270	0.00804	0.00877	0.01551	0.05923	0.02273	0.04150	0.21016	0.13017	0.01811	0.00881	0.00285	0.00520	0.26635	0.14217	0.00691
6	0.01794	0.01714	0.02141	0.06474	0.18179	0.06525	0.01540	0.02650	0.21398	0.02443	0.01775	0.02006	0.01428	0.00871	0.01005	0.00230	0.13313	0.00665	0.00486	0.13363
7	0.02686	0.11885	0.02342	0.01799	0.02249	0.50669	0.01410	0.14039	0.02274	0.02309	0.01245	0.01398	0.01009	0.00771	0.00659	0.00193	0.01181	0.00502	0.00438	0.00942
8	0.01571	0.01339	0.01988	0.46972	0.03899	0.01584	0.01704	0.13472	0.01836	0.02399	0.01888	0.14438	0.01725	0.01046	0.00778	0.00252	0.00861	0.00915	0.00467	0.00865
9	0.00927	0.00697	0.00829	0.00908	0.01023	0.00632	0.00620	0.01075	0.01514	0.01950	0.09464	0.38951	0.25527	0.10821	0.01264	0.00331	0.00443	0.01756	0.00669	0.00599
10	0.02552	0.01090	0.01454	0.01174	0.01606	0.00957	0.00938	0.02832	0.02038	0.47009	0.18612	0.03580	0.06080	0.05441	0.00963	0.00261	0.00559	0.00943	0.00857	0.01054
11	0.00990	0.00724	0.00810	0.00826	0.00927	0.00674	0.00534	0.01093	0.01397	0.01792	0.09065	0.13863	0.25233	0.36266	0.02270	0.00479	0.00545	0.01383	0.00584	0.00545
12	0.72768	0.01421	0.01144	0.01005	0.01474	0.01617	0.00828	0.02303	0.01336	0.08929	0.01193	0.01317	0.00891	0.00708	0.00484	0.00230	0.00579	0.00431	0.00498	0.00843
13	0.73648	0.01482	0.01173	0.01029	0.01498	0.01711	0.00848	0.06843	0.01424	0.03428	0.01088	0.01248	0.00837	0.00704	0.00480	0.00229	0.00592	0.00421	0.00480	0.00837
14	0.01398	0.01217	0.01856	0.07326	0.16812	0.01225	0.03907	0.01824	0.04330	0.02200	0.06623	0.05415	0.01989	0.02396	0.23696	0.00527	0.01137	0.00790	0.00450	0.14880
15	0.04735	0.15927	0.32029	0.05463	0.09336	0.16041	0.02064	0.02418	0.01663	0.02156	0.01236	0.01487	0.00966	0.00702	0.00653	0.00212	0.01047	0.00518	0.00340	0.01007
16	0.02304	0.02614	0.01893	0.01819	0.05995	0.42790	0.01305	0.09643	0.02167	0.02324	0.09807	0.07360	0.04819	0.01021	0.00735	0.00212	0.01030	0.00776	0.00509	0.00877
17	0.04888	0.27649	0.08227	0.01337	0.01978	0.05415	0.01251	0.06812	0.01746	0.09221	0.01424	0.01545	0.01123	0.00679	0.00572	0.00168	0.00746	0.00488	0.02453	0.22278
18	0.01573	0.01033	0.01258	0.01055	0.01467	0.00844	0.00811	0.01830	0.01679	0.14056	0.07677	0.18400	0.13796	0.01283	0.00746	0.00204	0.00496	0.01101	0.00644	0.30047
19	0.01806	0.01431	0.02304	0.03237	0.43673	0.01399	0.01707	0.02142	0.01663	0.10808	0.02271	0.11795	0.04666	0.06599	0.01004	0.00272	0.00757	0.00932	0.00499	0.01033
20	0.00990	0.00731	0.00932	0.00986	0.01129	0.00673	0.00730	0.01239	0.01764	0.02374	0.30028	0.28793	0.16069	0.01906	0.00917	0.00271	0.00418	0.08659	0.00739	0.00654
21	0.01049	0.00743	0.00890	0.00895	0.00982	0.00724	0.00601	0.01184	0.01412	0.01888	0.15766	0.07292	0.12291	0.39373	0.07231	0.00563	0.00682	0.05311	0.00569	0.00555
22	0.02071	0.61047	0.03540	0.01334	0.01951	0.07215	0.01271	0.06714	0.01686	0.01988	0.01106	0.01259	0.00982	0.00657	0.00511	0.00163	0.00818	0.00423	0.00357	0.04909
23	0.01022	0.00699	0.00883	0.00991	0.01103	0.00633	0.00684	0.01172	0.01513	0.05371	0.04735	0.56246	0.17875	0.02163	0.00923	0.00287	0.00430	0.01930	0.00701	0.00641

[dist]
# distance from previous block
# <min> <max>
0	2

[block]
# block no. 10 follows, 27 sequences, length 13
# corresponding to MSA columns:
# 496-508
name=unknown_K
#
# <colnr> <probs for GDERKNQSTAVLIFYWHMCP>
#	G	D	E	R	K	N	Q	S	T	A	V	L	I	F	Y	W	H	M	C	P
0	0.01564	0.10087	0.05002	0.01441	0.07713	0.04583	0.01028	0.03883	0.01460	0.04424	0.01837	0.02974	0.01803	0.28816	0.07870	0.00470	0.00867	0.00762	0.02892	0.10524
1	0.01703	0.01295	0.01690	0.04011	0.01890	0.01384	0.06850	0.10837	0.18558	0.06945	0.02745	0.09556	0.05511	0.10823	0.09588	0.00420	0.00846	0.00981	0.03456	0.00913
2	0.47279	0.01541	0.07982	0.01205	0.01688	0.01446	0.01105	0.02258	0.01486	0.11388	0.01847	0.02758	0.01601	0.00976	0.00626	0.00251	0.00654	0.12495	0.00545	0.00868
3	0.01776	0.01623	0.02361	0.16180	0.28395	0.04829	0.04963	0.05466	0.09602	0.04894	0.02413	0.02650	0.09816	0.00895	0.00761	0.00234	0.00831	0.00802	0.00486	0.01024
4	0.01053	0.00802	0.01039	0.01029	0.01201	0.00811	0.00774	0.01423	0.05342	0.02317	0.27262	0.12912	0.14704	0.02887	0.22410	0.00540	0.00880	0.01273	0.00649	0.00692
5	0.01027	0.00800	0.00972	0.01027	0.01188	0.00785	0.00750	0.01401	0.07906	0.02106	0.09160	0.32815	0.21843	0.02420	0.09718	0.00392	0.00630	0.03713	0.00668	0.00681
6	0.01289	0.00645	0.00967	0.00967	0.00967	0.00645	0.00645	0.00967	0.00967	0.01289	0.01289	0.02257	0.01289	0.02579	0.02901	0.78401	0.00645	0.00645	0.00322	0.00322
7	0.02018	0.01444	0.01994	0.02078	0.17167	0.01409	0.04327	0.10138	0.09093	0.14292	0.08880	0.02699	0.05389	0.00910	0.00732	0.00213	0.00668	0.00792	0.04941	0.10814
8	0.22594	0.01511	0.01623	0.01295	0.01809	0.01582	0.01064	0.22880	0.02278	0.26001	0.02033	0.01974	0.01396	0.00846	0.00650	0.00222	0.00648	0.00628	0.07874	0.01091
9	0.01985	0.01660	0.02778	0.10396	0.54869	0.01669	0.02109	0.02412	0.01726	0.10853	0.01582	0.01937	0.01242	0.00701	0.00737	0.00224	0.00860	0.00672	0.00433	0.01154
10	0.02090	0.02712	0.10374	0.01704	0.02103	0.38727	0.01431	0.02369	0.01783	0.01914	0.01625	0.05755	0.01541	0.06190	0.04822	0.00304	0.04481	0.04742	0.00414	0.04921
11	0.01176	0.00962	0.01233	0.09912	0.01759	0.00872	0.00893	0.01488	0.01738	0.02416	0.25556	0.11083	0.15552	0.01315	0.00782	0.00213	0.00495	0.01139	0.00623	0.20794
12	0.15867	0.01695	0.02488	0.06632	0.23489	0.01932	0.07919	0.08087	0.01631	0.02598	0.01263	0.01686	0.01049	0.00854	0.01139	0.00254	0.19391	0.00632	0.00406	0.00986

[dist]
# distance from previous block
# <min> <max>
0	4

[block]
# block no. 11 follows, 27 sequences, length 19
# corresponding to MSA columns:
# 513-531
name=unknown_L
#
# <colnr> <probs for GDERKNQSTAVLIFYWHMCP>
#	G	D	E	R	K	N	Q	S	T	A	V	L	I	F	Y	W	H	M	C	P
0	0.01790	0.04765	0.06566	0.01671	0.02193	0.04432	0.12514	0.07360	0.07405	0.07607	0.02159	0.15597	0.01978	0.01041	0.00794	0.00221	0.02711	0.00924	0.00545	0.17727
1	0.02194	0.01922	0.01907	0.01753	0.05921	0.11108	0.01297	0.20756	0.32241	0.03181	0.02198	0.02212	0.01674	0.01048	0.00910	0.06453	0.00773	0.00718	0.00645	0.01089
2	0.01158	0.00742	0.00957	0.01037	0.01153	0.00692	0.00736	0.01320	0.01514	0.07322	0.06774	0.42981	0.09481	0.11858	0.01317	0.00350	0.00507	0.08771	0.00680	0.00650
3	0.00904	0.00646	0.00861	0.01034	0.01077	0.00603	0.00689	0.01034	0.01421	0.01895	0.04092	0.73426	0.04910	0.02326	0.00948	0.00301	0.00431	0.02110	0.00689	0.00603
4	0.27367	0.09473	0.02394	0.02265	0.17859	0.11564	0.08742	0.02481	0.06868	0.02616	0.01346	0.01586	0.01081	0.00706	0.00626	0.00219	0.00854	0.00561	0.00426	0.00967
5	0.01131	0.00967	0.01143	0.01218	0.01297	0.04938	0.00891	0.01289	0.01461	0.01908	0.03680	0.50798	0.07640	0.02051	0.01133	0.00299	0.10143	0.06738	0.00622	0.00654
6	0.01737	0.02039	0.08145	0.31132	0.12414	0.11449	0.15029	0.02224	0.01643	0.02082	0.01328	0.01828	0.01032	0.00733	0.00828	0.00239	0.04169	0.00669	0.00350	0.00931
7	0.01691	0.01190	0.01366	0.06779	0.01739	0.01270	0.00991	0.19293	0.05753	0.03175	0.13793	0.03577	0.08000	0.01129	0.00727	0.00223	0.00560	0.04567	0.23300	0.00878
8	0.01941	0.12974	0.11773	0.01544	0.02162	0.01692	0.04938	0.06795	0.06532	0.11193	0.01712	0.04043	0.01359	0.00808	0.00792	0.00199	0.06346	0.00626	0.00505	0.22066
9	0.01287	0.00953	0.01132	0.01083	0.01289	0.00951	0.00807	0.10527	0.04818	0.02685	0.25247	0.21869	0.11964	0.07435	0.01108	0.00296	0.00495	0.04585	0.00722	0.00747
10	0.01978	0.25996	0.05249	0.01377	0.01802	0.05769	0.01212	0.04547	0.01655	0.14112	0.02050	0.14883	0.01921	0.01464	0.06413	0.00302	0.06983	0.00848	0.00519	0.00921
11	0.01029	0.00819	0.00947	0.00871	0.01135	0.00700	0.00660	0.01304	0.01855	0.02480	0.33876	0.05807	0.33993	0.01570	0.00840	0.00227	0.00384	0.01341	0.00718	0.09444
12	0.01744	0.01589	0.02186	0.17319	0.15056	0.01791	0.05085	0.03115	0.37974	0.02682	0.02277	0.02388	0.01731	0.00866	0.00755	0.00245	0.00763	0.00770	0.00573	0.01091
13	0.06209	0.01876	0.02551	0.02269	0.12393	0.01986	0.13123	0.37229	0.02645	0.03711	0.01688	0.01879	0.01253	0.00797	0.00733	0.00224	0.00855	0.00693	0.06751	0.01134
14	0.00932	0.00718	0.00858	0.00939	0.01091	0.00644	0.00684	0.01123	0.01617	0.02062	0.10994	0.34434	0.31477	0.02048	0.00919	0.00278	0.00424	0.07429	0.00700	0.00628
15	0.02370	0.12888	0.06055	0.01308	0.01808	0.06592	0.01150	0.11932	0.02071	0.23228	0.05452	0.02269	0.01772	0.00865	0.00654	0.00203	0.00689	0.00668	0.16998	0.01027
16	0.01117	0.00697	0.00856	0.00862	0.00895	0.00679	0.00537	0.01039	0.01132	0.01478	0.02709	0.06688	0.10676	0.38880	0.03025	0.26172	0.00642	0.01034	0.00447	0.00436
17	0.00932	0.00673	0.00886	0.01031	0.01103	0.00627	0.00714	0.01095	0.01508	0.02007	0.09419	0.60487	0.08510	0.02221	0.00943	0.00296	0.00437	0.05794	0.00699	0.00617
18	0.01666	0.08679	0.20502	0.01883	0.02504	0.10258	0.14062	0.04246	0.01695	0.02221	0.01925	0.17095	0.01859	0.01035	0.00755	0.00230	0.00934	0.00922	0.00440	0.07091

[dist]
# distance from previous block
# <min> <max>
0	1

[block]
# block no. 12 follows, 27 sequences, length 34
# corresponding to MSA columns:
# 533-566
name=unknown_M
#
# <colnr> <probs for GDERKNQSTAVLIFYWHMCP>
#	G	D	E	R	K	N	Q	S	T	A	V	L	I	F	Y	W	H	M	C	P
0	0.00984	0.01033	0.07768	0.01025	0.01282	0.00748	0.00864	0.01250	0.01655	0.02152	0.14371	0.26818	0.31167	0.01855	0.00887	0.00266	0.00473	0.04052	0.00670	0.00679
1	0.20322	0.18023	0.02303	0.01561	0.01910	0.20507	0.01302	0.02288	0.01505	0.02151	0.01047	0.01355	0.00925	0.00868	0.01071	0.00231	0.20918	0.00490	0.00370	0.00854
2	0.01504	0.10842	0.01878	0.01192	0.01748	0.01230	0.04307	0.01841	0.01668	0.02449	0.15882	0.02383	0.02357	0.00774	0.00627	0.00150	0.00575	0.00652	0.00502	0.47440
3	0.01876	0.23135	0.09280	0.01627	0.02103	0.19839	0.06044	0.02187	0.01687	0.01936	0.01856	0.07724	0.01847	0.05171	0.00882	0.00251	0.00952	0.10322	0.00428	0.00853
4	0.01004	0.00785	0.00918	0.00924	0.01121	0.00721	0.00688	0.01344	0.05233	0.02388	0.27750	0.17232	0.31152	0.01789	0.00888	0.00257	0.00399	0.03992	0.00737	0.00679
5	0.00931	0.00689	0.00847	0.00940	0.01039	0.00630	0.00640	0.01085	0.01522	0.01994	0.11783	0.44963	0.18918	0.08970	0.01194	0.00323	0.00438	0.01809	0.00680	0.00604
6	0.04628	0.01131	0.01414	0.01181	0.01589	0.01060	0.00938	0.08497	0.01999	0.38095	0.02879	0.14640	0.02296	0.01142	0.00731	0.00231	0.00560	0.00954	0.15003	0.01032
7	0.01757	0.00878	0.01119	0.00989	0.01268	0.00803	0.00766	0.02079	0.01949	0.21461	0.31982	0.06996	0.04268	0.01232	0.00758	0.00221	0.00431	0.01056	0.19136	0.00851
8	0.48500	0.01608	0.01495	0.01229	0.01741	0.01792	0.01014	0.21442	0.02014	0.10816	0.01457	0.01517	0.01050	0.00773	0.00574	0.00228	0.00652	0.00517	0.00592	0.00989
9	0.01846	0.01595	0.01679	0.01511	0.01930	0.01846	0.01175	0.03945	0.67938	0.03105	0.03022	0.02770	0.02266	0.01007	0.00755	0.00252	0.00588	0.00839	0.00755	0.01175
10	0.17322	0.01406	0.01721	0.04772	0.07740	0.01496	0.01211	0.15392	0.01964	0.20104	0.01920	0.02119	0.01428	0.01842	0.15852	0.00436	0.00989	0.00663	0.00607	0.01017
11	0.01883	0.33952	0.02951	0.08785	0.14507	0.09544	0.01507	0.02314	0.06334	0.01988	0.01377	0.01686	0.01182	0.01184	0.07639	0.00292	0.00991	0.00551	0.00374	0.00958
12	0.37009	0.01676	0.01829	0.01483	0.01933	0.01929	0.05088	0.20728	0.01952	0.06510	0.01355	0.01546	0.01029	0.00849	0.00887	0.00244	0.11888	0.00562	0.00536	0.00970
13	0.02165	0.01756	0.08708	0.02073	0.16407	0.06368	0.01438	0.10170	0.01896	0.18626	0.02011	0.02540	0.01626	0.13805	0.04380	0.00351	0.00872	0.00738	0.03059	0.01011
14	0.00977	0.00760	0.00893	0.00897	0.01101	0.00676	0.00686	0.01239	0.01835	0.02390	0.30234	0.10035	0.35712	0.01783	0.00895	0.00256	0.00400	0.07835	0.00737	0.00659
15	0.01192	0.01017	0.01592	0.33111	0.02977	0.01193	0.01380	0.01555	0.01453	0.01944	0.08220	0.07261	0.06495	0.02590	0.24176	0.00565	0.01191	0.00913	0.00442	0.00733
16	0.00972	0.00690	0.00873	0.00952	0.01023	0.00650	0.00635	0.01123	0.01505	0.02032	0.17627	0.41490	0.07665	0.17420	0.01534	0.00374	0.00473	0.01704	0.00665	0.00592
17	0.01063	0.00784	0.01136	0.01136	0.01249	0.00897	0.00857	0.01289	0.01176	0.01681	0.02041	0.03205	0.01981	0.15727	0.60981	0.01123	0.01800	0.00838	0.00405	0.00631
18	0.02179	0.61866	0.03554	0.01307	0.01933	0.02707	0.01262	0.06992	0.01712	0.08762	0.01276	0.01367	0.01063	0.00682	0.00522	0.00170	0.00779	0.00451	0.00408	0.01006
19	0.01218	0.00965	0.01183	0.01133	0.01438	0.00852	0.00888	0.01571	0.05018	0.02213	0.03530	0.24034	0.10484	0.01599	0.00829	0.00246	0.00534	0.17388	0.00616	0.24263
20	0.01677	0.01663	0.02341	0.39946	0.06906	0.07717	0.08267	0.02523	0.16784	0.02238	0.01716	0.02101	0.01301	0.00790	0.00752	0.00243	0.00949	0.00707	0.00438	0.00941
21	0.01803	0.01045	0.01133	0.01003	0.01288	0.01079	0.00780	0.16633	0.02025	0.07921	0.02479	0.09592	0.02053	0.01021	0.00629	0.00201	0.00482	0.00832	0.47147	0.00854
22	0.01752	0.02003	0.04380	0.03129	0.03880	0.01877	0.66583	0.02378	0.01752	0.02378	0.01502	0.02003	0.01126	0.00626	0.00876	0.00250	0.01252	0.00876	0.00375	0.01001
23	0.01815	0.01543	0.02222	0.43700	0.13797	0.06133	0.01857	0.06087	0.01737	0.08312	0.01542	0.01989	0.01149	0.00762	0.00727	0.00233	0.00925	0.00658	0.03873	0.00939
24	0.01699	0.14918	0.02876	0.29572	0.32586	0.01936	0.02011	0.02123	0.01579	0.02100	0.01300	0.01772	0.01064	0.00687	0.00690	0.00219	0.00907	0.00612	0.00344	0.01002
25	0.01617	0.01365	0.01581	0.01136	0.01792	0.01069	0.00912	0.05787	0.01657	0.02555	0.01347	0.01554	0.01109	0.00570	0.00561	0.00117	0.00566	0.00454	0.00458	0.73792
26	0.00997	0.00757	0.00918	0.00878	0.01076	0.00678	0.00658	0.01297	0.01974	0.02676	0.49852	0.06041	0.26229	0.01630	0.00876	0.00239	0.00358	0.01412	0.00778	0.00678
27	0.01038	0.00744	0.00979	0.01005	0.01103	0.00785	0.00715	0.01210	0.01265	0.01752	0.02970	0.14528	0.09249	0.21940	0.33052	0.00797	0.01194	0.01140	0.03937	0.00597
28	0.01693	0.10279	0.30843	0.01810	0.02522	0.08606	0.07445	0.06817	0.01884	0.02538	0.15917	0.02417	0.02292	0.00886	0.00732	0.00223	0.00921	0.00734	0.00466	0.00976
29	0.01070	0.00813	0.01125	0.01260	0.06003	0.00826	0.00832	0.01288	0.01456	0.02003	0.14339	0.17955	0.09325	0.14153	0.23475	0.00626	0.00981	0.01252	0.00559	0.00658
30	0.02099	0.18257	0.15222	0.01691	0.02265	0.24876	0.06164	0.02485	0.01767	0.04744	0.01446	0.01661	0.01143	0.00737	0.00629	0.00195	0.00991	0.00545	0.12159	0.00925
31	0.03490	0.01700	0.09933	0.01354	0.01670	0.10112	0.01197	0.01689	0.01641	0.02116	0.10869	0.04187	0.28714	0.01395	0.01155	0.00255	0.16177	0.01048	0.00532	0.00768
32	0.01842	0.00861	0.01112	0.01000	0.01238	0.00834	0.00760	0.02024	0.01529	0.20981	0.02296	0.02762	0.01820	0.06313	0.12151	0.13812	0.00755	0.00739	0.26402	0.00769
33	0.01747	0.23050	0.17318	0.02171	0.16664	0.02016	0.01732	0.02529	0.14272	0.02385	0.05452	0.02010	0.01623	0.00784	0.00659	0.00211	0.00800	0.00634	0.02890	0.01052

[dist]
# distance from previous block
# <min> <max>
6	13

[block]
