[name]
unknown

[dist]
# distance from previous block
# <min> <max>
0	346

[block]
# block no. 0 follows, 28 sequences, length 41
# corresponding to MSA columns:
# 351-391
name=unknown_A
#
# <colnr> <probs for GDERKNQSTAVLIFYWHMCP>
#	G	D	E	R	K	N	Q	S	T	A	V	L	I	F	Y	W	H	M	C	P
0	0.08653	0.08300	0.11948	0.02195	0.15176	0.14649	0.04157	0.09664	0.01863	0.02498	0.01625	0.02400	0.01434	0.00873	0.00698	0.00222	0.00915	0.09038	0.00444	0.03249
1	0.02046	0.01528	0.02127	0.20906	0.02912	0.08145	0.10867	0.02467	0.04286	0.20292	0.01894	0.02299	0.01434	0.07282	0.03171	0.00293	0.00910	0.00715	0.00524	0.05903
2	0.01438	0.01311	0.01221	0.01246	0.01411	0.13646	0.00890	0.09159	0.01751	0.02162	0.03218	0.52328	0.03687	0.01835	0.00855	0.00267	0.00627	0.01611	0.00626	0.00712
3	0.01665	0.01522	0.02541	0.21210	0.03194	0.01687	0.19233	0.13881	0.01801	0.02440	0.01537	0.02076	0.01230	0.01744	0.15637	0.00437	0.06112	0.00732	0.00423	0.00899
4	0.01867	0.01973	0.16794	0.21710	0.17808	0.01583	0.10190	0.02394	0.01660	0.14549	0.01619	0.01924	0.01165	0.00719	0.00735	0.00231	0.00937	0.00666	0.00438	0.01036
5	0.00899	0.00642	0.00859	0.01028	0.01076	0.00602	0.00698	0.01036	0.01405	0.01871	0.03999	0.70865	0.04778	0.02265	0.00931	0.00297	0.00433	0.05047	0.00675	0.00594
6	0.01641	0.01562	0.02614	0.14887	0.52977	0.01601	0.02035	0.02057	0.01623	0.02253	0.01937	0.02325	0.07760	0.00776	0.00734	0.00223	0.00832	0.00733	0.00385	0.01045
7	0.01532	0.01333	0.02063	0.28658	0.20559	0.01462	0.01675	0.08192	0.01841	0.02506	0.16620	0.02966	0.02507	0.00952	0.00768	0.00235	0.00772	0.03963	0.00495	0.00905
8	0.01110	0.00715	0.00900	0.00976	0.01115	0.00642	0.00685	0.01265	0.01520	0.08527	0.04673	0.51556	0.19507	0.02043	0.00893	0.00277	0.00428	0.01814	0.00697	0.00658
9	0.00941	0.00669	0.00891	0.01049	0.01108	0.00636	0.00737	0.01092	0.01414	0.01877	0.03872	0.59294	0.04572	0.06834	0.01116	0.00327	0.00478	0.11837	0.00659	0.00593
10	0.08812	0.02271	0.02059	0.13616	0.09789	0.29465	0.01525	0.07870	0.01813	0.02213	0.01257	0.01617	0.01035	0.01089	0.05348	0.00280	0.08101	0.00562	0.00396	0.00882
11	0.79588	0.01406	0.01068	0.00956	0.01406	0.01631	0.00787	0.02137	0.01237	0.03261	0.01012	0.01181	0.00787	0.00675	0.00450	0.00225	0.00562	0.00394	0.00450	0.00787
12	0.09288	0.01860	0.09337	0.03412	0.44958	0.01753	0.01995	0.04256	0.01586	0.02435	0.01317	0.01727	0.01099	0.00898	0.03396	0.00263	0.08375	0.00616	0.00372	0.01056
13	0.01943	0.74891	0.03809	0.01244	0.01866	0.02876	0.01244	0.02177	0.01477	0.01710	0.01011	0.01166	0.00933	0.00622	0.00466	0.00155	0.00777	0.00389	0.00311	0.00933
14	0.00894	0.00684	0.00820	0.00899	0.01032	0.00611	0.00631	0.01068	0.01571	0.02027	0.13395	0.41019	0.28693	0.02020	0.00894	0.00269	0.00392	0.01779	0.00690	0.00611
15	0.01434	0.00833	0.01101	0.00983	0.01225	0.00755	0.00755	0.01765	0.02062	0.15153	0.57451	0.04894	0.05942	0.01380	0.00834	0.00228	0.00393	0.01209	0.00818	0.00786
16	0.01943	0.74891	0.03809	0.01244	0.01866	0.02876	0.01244	0.02177	0.01477	0.01710	0.01011	0.01166	0.00933	0.00622	0.00466	0.00155	0.00777	0.00389	0.00311	0.00933
17	0.00958	0.00744	0.00892	0.00881	0.01055	0.00710	0.00650	0.01167	0.01536	0.02000	0.16683	0.05423	0.33398	0.11605	0.18518	0.00525	0.00792	0.01251	0.00599	0.00614
18	0.13737	0.01625	0.01756	0.01426	0.01937	0.01759	0.01158	0.25458	0.20449	0.19763	0.02237	0.02100	0.01573	0.00881	0.00691	0.00228	0.00661	0.00680	0.00732	0.01148
19	0.24737	0.01075	0.01347	0.10141	0.07526	0.01185	0.01033	0.01664	0.01260	0.04805	0.01566	0.08093	0.01455	0.01790	0.08102	0.21633	0.00781	0.00705	0.00421	0.00680
20	0.01263	0.00631	0.00947	0.00947	0.00947	0.00631	0.00631	0.00947	0.00947	0.01263	0.01263	0.02210	0.01263	0.02525	0.02841	0.78851	0.00631	0.00631	0.00316	0.00316
21	0.36221	0.01384	0.01424	0.01161	0.01653	0.01448	0.00955	0.11362	0.01860	0.28431	0.01883	0.01829	0.01289	0.00795	0.00595	0.00221	0.00602	0.00571	0.05310	0.01008
22	0.08805	0.15038	0.13097	0.01727	0.02048	0.02204	0.01626	0.01948	0.01256	0.01968	0.01024	0.01468	0.00930	0.01010	0.01599	0.00267	0.42242	0.00554	0.00327	0.00863
23	0.01366	0.01907	0.20598	0.25717	0.03273	0.01459	0.07461	0.02037	0.07995	0.02133	0.02038	0.16917	0.01888	0.01055	0.00771	0.00251	0.00867	0.00948	0.00436	0.00883
24	0.01016	0.00734	0.00961	0.00923	0.01083	0.00678	0.00685	0.01341	0.02000	0.02824	0.63887	0.11339	0.06682	0.01554	0.00863	0.00234	0.00350	0.01379	0.00789	0.00678
25	0.01751	0.01676	0.08477	0.05010	0.04473	0.01681	0.01403	0.21401	0.04619	0.02853	0.08007	0.11868	0.05969	0.01220	0.01114	0.00255	0.15784	0.00937	0.00566	0.00934
26	0.01997	0.16587	0.11876	0.02867	0.30597	0.01953	0.06443	0.08676	0.01816	0.08309	0.01461	0.01703	0.01138	0.00689	0.00677	0.00209	0.00872	0.00604	0.00426	0.01101
27	0.01623	0.01523	0.02569	0.22655	0.45695	0.01610	0.02071	0.02059	0.01602	0.02215	0.01587	0.02457	0.01396	0.00801	0.00749	0.00235	0.00873	0.06888	0.00380	0.01011
28	0.01032	0.00882	0.01100	0.01046	0.01218	0.00949	0.00818	0.01243	0.01467	0.01917	0.08875	0.04944	0.36762	0.02695	0.20012	0.00503	0.12154	0.01178	0.00551	0.00656
29	0.01568	0.01383	0.01808	0.01782	0.15932	0.01127	0.01147	0.01914	0.01538	0.02370	0.01308	0.01568	0.01092	0.00561	0.00576	0.00130	0.00606	0.00476	0.00416	0.62698
30	0.13116	0.13000	0.26870	0.01772	0.02498	0.06361	0.08104	0.12435	0.01823	0.02664	0.01397	0.04272	0.01120	0.00764	0.00653	0.00218	0.00920	0.00599	0.00418	0.00995
31	0.02407	0.01606	0.01810	0.01500	0.01984	0.01734	0.01220	0.27007	0.24989	0.17573	0.02570	0.02780	0.01939	0.01014	0.00756	0.00239	0.00675	0.06276	0.00762	0.01159
32	0.02090	0.01762	0.15995	0.01618	0.05418	0.01316	0.01434	0.08872	0.07650	0.24329	0.02564	0.14340	0.02160	0.01268	0.03056	0.00273	0.00752	0.03407	0.00656	0.01043
33	0.08532	0.08583	0.02006	0.13256	0.06686	0.01595	0.01267	0.11573	0.04954	0.04946	0.01443	0.01660	0.01126	0.00678	0.00610	0.00178	0.00698	0.00534	0.00472	0.29206
34	0.00980	0.00703	0.00906	0.01034	0.01117	0.00670	0.00749	0.01142	0.01431	0.01873	0.03989	0.41335	0.09904	0.13448	0.01373	0.00365	0.00522	0.17232	0.00637	0.00588
35	0.01489	0.01442	0.02033	0.01773	0.01797	0.01985	0.01465	0.01667	0.01123	0.01738	0.01136	0.01822	0.01112	0.02038	0.15056	0.00474	0.60088	0.00662	0.00331	0.00768
36	0.01131	0.00850	0.01156	0.04568	0.05119	0.00912	0.00825	0.01374	0.03659	0.01784	0.08616	0.03800	0.02591	0.33566	0.26174	0.00751	0.01110	0.00936	0.00459	0.00618
37	0.01846	0.02113	0.03379	0.02569	0.03148	0.16218	0.44108	0.02331	0.01781	0.02192	0.01738	0.02717	0.01508	0.00841	0.00837	0.00246	0.01164	0.09945	0.00412	0.00907
38	0.05974	0.01176	0.01475	0.04005	0.01724	0.01202	0.03198	0.09090	0.07407	0.04368	0.02328	0.20503	0.02297	0.04177	0.10669	0.00372	0.02909	0.01011	0.00552	0.15563
39	0.01673	0.01885	0.04090	0.02943	0.03640	0.01779	0.63051	0.02263	0.01681	0.02288	0.01501	0.02018	0.01148	0.00921	0.05363	0.00304	0.01271	0.00853	0.00369	0.00959
40	0.01981	0.11208	0.04429	0.01711	0.07702	0.19695	0.01296	0.07959	0.06359	0.02303	0.01436	0.01673	0.01187	0.01153	0.07496	0.00269	0.00975	0.00537	0.00434	0.20198

[dist]
# distance from previous block
# <min> <max>
12	47

[block]
# block no. 1 follows, 28 sequences, length 21
# corresponding to MSA columns:
# 440-460
name=unknown_B
#
# <colnr> <probs for GDERKNQSTAVLIFYWHMCP>
#	G	D	E	R	K	N	Q	S	T	A	V	L	I	F	Y	W	H	M	C	P
0	0.02248	0.19800	0.02688	0.02097	0.11095	0.33977	0.05695	0.02712	0.09186	0.02016	0.01354	0.01537	0.01116	0.00723	0.00642	0.00194	0.01040	0.00537	0.00397	0.00947
1	0.62590	0.06376	0.01444	0.01248	0.04986	0.09045	0.00954	0.02224	0.01360	0.02961	0.01042	0.01225	0.00831	0.00678	0.00486	0.00216	0.00670	0.00414	0.00428	0.00821
2	0.06338	0.01218	0.01260	0.01269	0.01398	0.10234	0.00952	0.01512	0.01491	0.02019	0.08133	0.36161	0.03471	0.01912	0.04636	0.00321	0.10848	0.05582	0.00566	0.00681
3	0.01355	0.00678	0.00678	0.00678	0.00847	0.00678	0.00508	0.01694	0.01524	0.02710	0.02371	0.02710	0.01863	0.00847	0.00508	0.00169	0.00339	0.00678	0.78489	0.00678
4	0.00895	0.00649	0.00848	0.01004	0.01067	0.00602	0.00685	0.01035	0.01424	0.01877	0.04268	0.65917	0.09966	0.02231	0.00925	0.00293	0.00428	0.04613	0.00675	0.00596
5	0.00966	0.00728	0.00906	0.00977	0.01132	0.00668	0.00742	0.01198	0.01668	0.02176	0.18758	0.26341	0.24271	0.01927	0.00908	0.00275	0.00440	0.14587	0.00700	0.00633
6	0.08294	0.05317	0.19978	0.05265	0.02478	0.18457	0.03804	0.05707	0.01784	0.09473	0.01415	0.01578	0.01053	0.00710	0.00646	0.00199	0.00942	0.00531	0.00438	0.11931
7	0.26258	0.01362	0.01491	0.01269	0.01725	0.01420	0.01060	0.14722	0.01994	0.24362	0.02273	0.03033	0.01838	0.01037	0.00696	0.00245	0.00645	0.12895	0.00685	0.00990
8	0.01099	0.00874	0.00950	0.00928	0.01164	0.00821	0.00692	0.07769	0.04332	0.02288	0.08970	0.21280	0.42589	0.01793	0.00857	0.00253	0.00430	0.01528	0.00689	0.00694
9	0.01839	0.01798	0.02560	0.09337	0.45807	0.07317	0.01936	0.02573	0.14771	0.02414	0.01653	0.01950	0.01328	0.00729	0.00719	0.00222	0.00852	0.00667	0.00432	0.01098
10	0.01197	0.00999	0.01420	0.01330	0.01407	0.01256	0.01043	0.01395	0.01139	0.01670	0.01709	0.02736	0.01677	0.12906	0.43523	0.00870	0.21909	0.00773	0.00376	0.00664
11	0.01023	0.00697	0.00833	0.00865	0.00883	0.00699	0.00523	0.01068	0.01130	0.01517	0.02591	0.17828	0.02990	0.55148	0.08599	0.00664	0.00750	0.01228	0.00481	0.00486
12	0.01049	0.00737	0.00956	0.00956	0.01012	0.00793	0.00644	0.01162	0.01105	0.01530	0.02141	0.03932	0.02284	0.44502	0.33162	0.00906	0.01244	0.00936	0.00418	0.00531
13	0.09156	0.01525	0.01502	0.01324	0.01625	0.13573	0.01026	0.06503	0.01659	0.16823	0.01893	0.02456	0.01587	0.11730	0.20001	0.00537	0.05012	0.00699	0.00527	0.00842
14	0.01440	0.01329	0.02094	0.34816	0.15957	0.01573	0.01731	0.01905	0.04954	0.02037	0.05135	0.05790	0.01651	0.03505	0.03399	0.00295	0.10357	0.00778	0.00400	0.00854
15	0.00886	0.00633	0.00843	0.01012	0.01054	0.00590	0.00675	0.01012	0.01392	0.01856	0.04006	0.73979	0.04808	0.02277	0.00928	0.00295	0.00422	0.02066	0.00675	0.00590
16	0.01331	0.00898	0.01137	0.01147	0.01381	0.00874	0.00934	0.01798	0.08382	0.08620	0.18101	0.09898	0.14630	0.01684	0.00895	0.00277	0.00526	0.26002	0.00726	0.00759
17	0.30328	0.11630	0.06038	0.01546	0.06363	0.15227	0.01238	0.06940	0.01693	0.07032	0.01260	0.01406	0.00979	0.00702	0.00566	0.00202	0.00804	0.00475	0.00450	0.05120
18	0.10092	0.09037	0.01871	0.01343	0.01842	0.05455	0.01093	0.19668	0.11401	0.06374	0.01905	0.08337	0.01604	0.00900	0.00652	0.00201	0.00674	0.00703	0.00585	0.16262
19	0.24399	0.12687	0.17513	0.01580	0.02156	0.04405	0.06771	0.02115	0.01413	0.02397	0.01237	0.04044	0.01054	0.00794	0.00813	0.00224	0.09916	0.00559	0.00379	0.05545
20	0.01955	0.04487	0.02226	0.04674	0.06615	0.13000	0.09947	0.19850	0.02078	0.02642	0.01890	0.02242	0.04961	0.01939	0.17715	0.00444	0.01200	0.00718	0.00484	0.00931

[dist]
# distance from previous block
# <min> <max>
0	88

[block]
# block no. 2 follows, 28 sequences, length 49
# corresponding to MSA columns:
# 549-583,589-598,611-614
name=unknown_C
#
# <colnr> <probs for GDERKNQSTAVLIFYWHMCP>
#	G	D	E	R	K	N	Q	S	T	A	V	L	I	F	Y	W	H	M	C	P
0	0.01454	0.04567	0.01420	0.01116	0.01515	0.04169	0.00862	0.02127	0.17504	0.02376	0.10363	0.03355	0.12238	0.08577	0.00997	0.00242	0.00561	0.00850	0.00575	0.25132
1	0.01855	0.02199	0.09590	0.02257	0.12867	0.16595	0.12684	0.04801	0.03715	0.02282	0.01686	0.04649	0.03761	0.00792	0.00754	0.00204	0.02965	0.00686	0.00420	0.15238
2	0.00999	0.00701	0.00789	0.00811	0.00860	0.00674	0.00491	0.01049	0.01208	0.01567	0.03428	0.13982	0.15056	0.52100	0.02832	0.00569	0.00608	0.01272	0.00513	0.00491
3	0.06459	0.01794	0.04289	0.16313	0.13927	0.16289	0.01472	0.04427	0.01849	0.02428	0.20557	0.02700	0.02655	0.00934	0.00729	0.00220	0.00820	0.00778	0.00497	0.00863
4	0.01217	0.00893	0.01203	0.01151	0.01303	0.01008	0.00872	0.07966	0.01376	0.01930	0.01989	0.03088	0.01908	0.17494	0.52088	0.00988	0.01606	0.00817	0.00433	0.00671
5	0.01507	0.01292	0.01507	0.01077	0.01723	0.00969	0.00861	0.01830	0.01507	0.02369	0.01292	0.01507	0.01077	0.00538	0.00538	0.00108	0.00538	0.00431	0.00431	0.78898
6	0.01480	0.01744	0.12206	0.14374	0.25097	0.01598	0.01867	0.01883	0.01479	0.02082	0.01971	0.09439	0.06366	0.01032	0.01050	0.00251	0.13929	0.00837	0.00393	0.00923
7	0.25795	0.18165	0.02346	0.02047	0.17389	0.19114	0.01370	0.02355	0.01588	0.02353	0.01120	0.01351	0.00939	0.00675	0.00566	0.00198	0.00863	0.00469	0.00380	0.00916
8	0.00899	0.00727	0.00798	0.00803	0.01012	0.00627	0.00594	0.01111	0.01717	0.02159	0.20506	0.13448	0.49441	0.01808	0.00866	0.00247	0.00368	0.01540	0.00702	0.00627
9	0.02077	0.01991	0.02782	0.03123	0.32045	0.12455	0.13647	0.05051	0.09304	0.07820	0.01659	0.01907	0.01283	0.00723	0.00738	0.00221	0.00944	0.00684	0.00462	0.01083
10	0.01145	0.00840	0.00961	0.00979	0.01066	0.00872	0.00635	0.01553	0.13395	0.01831	0.02896	0.23948	0.03178	0.40741	0.02380	0.00506	0.00601	0.01300	0.00561	0.00612
11	0.02059	0.01686	0.01785	0.01530	0.01986	0.01925	0.01211	0.20554	0.51507	0.03445	0.02640	0.02458	0.01961	0.00956	0.00736	0.00239	0.00634	0.00778	0.00736	0.01173
12	0.01924	0.51970	0.03104	0.01206	0.01830	0.02289	0.01138	0.02182	0.01524	0.06434	0.01203	0.01337	0.01026	0.00620	0.00502	0.00148	0.00708	0.00422	0.00379	0.20054
13	0.02802	0.01575	0.01858	0.01469	0.02004	0.01615	0.01210	0.29578	0.09350	0.33175	0.02470	0.02497	0.01736	0.00955	0.00744	0.00230	0.00691	0.04041	0.00801	0.01199
14	0.01943	0.74891	0.03809	0.01244	0.01866	0.02876	0.01244	0.02177	0.01477	0.01710	0.01011	0.01166	0.00933	0.00622	0.00466	0.00155	0.00777	0.00389	0.00311	0.00933
15	0.02395	0.01329	0.01540	0.01255	0.01679	0.01350	0.01008	0.25601	0.02356	0.24144	0.02467	0.09520	0.01919	0.01017	0.00697	0.00217	0.00597	0.00827	0.19041	0.01040
16	0.00942	0.00706	0.00878	0.00936	0.01077	0.00642	0.00682	0.01162	0.01677	0.02221	0.24381	0.31976	0.21753	0.01912	0.00895	0.00266	0.00402	0.06150	0.00712	0.00630
17	0.01799	0.01727	0.02950	0.04462	0.69919	0.01727	0.02231	0.02231	0.01655	0.02375	0.01367	0.01799	0.01151	0.00648	0.00720	0.00216	0.00864	0.00648	0.00360	0.01151
18	0.01026	0.00751	0.01067	0.01084	0.01182	0.00839	0.00800	0.01225	0.01171	0.01654	0.02218	0.10412	0.02270	0.17633	0.52111	0.00996	0.01567	0.00960	0.00428	0.00605
19	0.00886	0.00662	0.00824	0.00942	0.01039	0.00600	0.00646	0.01036	0.01485	0.01929	0.07761	0.54976	0.20295	0.02138	0.00908	0.00280	0.00405	0.01906	0.00680	0.00600
20	0.01211	0.00798	0.00984	0.00927	0.01161	0.00713	0.00717	0.01497	0.01904	0.09402	0.38118	0.05832	0.26209	0.01578	0.00856	0.00241	0.00403	0.05971	0.00761	0.00717
21	0.02232	0.02110	0.01735	0.01489	0.01867	0.26816	0.01157	0.20179	0.02433	0.06458	0.22687	0.02773	0.02907	0.01020	0.00742	0.00211	0.00833	0.00796	0.00631	0.00922
22	0.00886	0.00633	0.00843	0.01012	0.01054	0.00590	0.00675	0.01012	0.01392	0.01856	0.04006	0.73979	0.04808	0.02277	0.00928	0.00295	0.00422	0.02066	0.00675	0.00590
23	0.00899	0.00709	0.00812	0.00847	0.01022	0.00621	0.00612	0.01098	0.01660	0.02117	0.18420	0.25307	0.39510	0.01894	0.00878	0.00256	0.00378	0.01640	0.00699	0.00621
24	0.26803	0.01449	0.01594	0.01265	0.01796	0.01479	0.01044	0.15877	0.02086	0.36474	0.02069	0.01928	0.01373	0.00825	0.00643	0.00224	0.00637	0.00611	0.00726	0.01098
25	0.01869	0.63993	0.14055	0.01371	0.02062	0.02694	0.01465	0.02196	0.01486	0.01801	0.01056	0.01223	0.00931	0.00632	0.00501	0.00167	0.00823	0.00411	0.00310	0.00955
26	0.01017	0.00726	0.00994	0.01162	0.01262	0.00704	0.00903	0.01239	0.01521	0.02003	0.03934	0.43751	0.04521	0.02154	0.00963	0.00313	0.00536	0.30999	0.00672	0.00627
27	0.01590	0.01590	0.02226	0.01908	0.01908	0.02226	0.01590	0.01749	0.01113	0.01749	0.00954	0.01590	0.00954	0.01272	0.02385	0.00318	0.73123	0.00636	0.00318	0.00795
28	0.01680	0.05733	0.11480	0.02234	0.02781	0.01838	0.28612	0.08676	0.01674	0.02332	0.01443	0.01920	0.01169	0.01483	0.11690	0.00387	0.12818	0.00726	0.00389	0.00936
29	0.01459	0.01236	0.01453	0.01060	0.01658	0.00940	0.00844	0.01784	0.01563	0.02424	0.08211	0.01905	0.01663	0.00634	0.00571	0.00120	0.00519	0.00520	0.00468	0.70968
30	0.01146	0.00817	0.01022	0.01097	0.01207	0.00814	0.00788	0.07836	0.01590	0.02114	0.03494	0.46049	0.04023	0.12954	0.01336	0.00355	0.00541	0.11525	0.00644	0.00646
31	0.01711	0.01798	0.02226	0.21458	0.06333	0.12462	0.01713	0.01977	0.01377	0.01816	0.01094	0.01654	0.00966	0.01012	0.01584	0.00272	0.38779	0.00614	0.00330	0.00824
32	0.00984	0.00693	0.00834	0.00895	0.00966	0.00657	0.00593	0.01074	0.01335	0.01740	0.06354	0.26895	0.15093	0.29104	0.02038	0.03985	0.00539	0.05111	0.00576	0.00534
33	0.45004	0.24310	0.02034	0.01113	0.01633	0.02009	0.00985	0.05971	0.01502	0.08172	0.01200	0.01311	0.00938	0.00687	0.00493	0.00203	0.00647	0.00434	0.00458	0.00894
34	0.01367	0.03695	0.01253	0.01094	0.01260	0.01096	0.00790	0.13190	0.01582	0.02134	0.02343	0.14944	0.02483	0.30208	0.18699	0.00639	0.00973	0.01058	0.00514	0.00677
35	0.01875	0.07196	0.12812	0.07419	0.08438	0.03789	0.03276	0.07796	0.15216	0.10802	0.02569	0.05177	0.08572	0.00961	0.00727	0.00229	0.00762	0.00801	0.00561	0.01023
36	0.07206	0.15386	0.21829	0.05377	0.02469	0.01703	0.09985	0.02065	0.01459	0.05173	0.01473	0.01873	0.01191	0.01808	0.17483	0.00441	0.01184	0.00612	0.00373	0.00908
37	0.01980	0.41606	0.02851	0.01281	0.01881	0.09220	0.01154	0.05001	0.01648	0.04326	0.01194	0.01344	0.01015	0.00632	0.00526	0.00150	0.00761	0.00431	0.00388	0.22611
38	0.04573	0.27963	0.02550	0.08720	0.02237	0.27393	0.01333	0.02281	0.01639	0.01806	0.01263	0.04262	0.01149	0.01122	0.05838	0.00264	0.03859	0.00547	0.00360	0.00843
39	0.15413	0.01544	0.01486	0.01290	0.01629	0.08555	0.00994	0.22247	0.02016	0.05791	0.01947	0.09756	0.01810	0.13095	0.08905	0.00405	0.00874	0.00818	0.00563	0.00862
40	0.55088	0.01187	0.00993	0.00930	0.01289	0.01317	0.00737	0.01817	0.01369	0.02915	0.07170	0.09921	0.10830	0.01058	0.00584	0.00235	0.00506	0.00789	0.00529	0.00736
41	0.07479	0.01494	0.02288	0.26337	0.26975	0.01603	0.01799	0.06661	0.01749	0.14267	0.01603	0.01916	0.01183	0.00735	0.00705	0.00227	0.00831	0.00644	0.00472	0.01031
42	0.01948	0.21210	0.12179	0.07820	0.08461	0.15212	0.01648	0.05026	0.10209	0.02161	0.01401	0.01617	0.01132	0.00771	0.00765	0.00211	0.06303	0.00553	0.00399	0.00974
43	0.01136	0.00863	0.01110	0.06688	0.06385	0.00807	0.00848	0.01368	0.01641	0.05971	0.12261	0.16469	0.35241	0.04758	0.00964	0.00268	0.00486	0.01396	0.00641	0.00700
44	0.01684	0.01626	0.02156	0.05119	0.31985	0.08516	0.01562	0.02091	0.04106	0.02323	0.10689	0.02359	0.01986	0.04128	0.00910	0.00226	0.03870	0.00710	0.00447	0.13508
45	0.15225	0.00862	0.00935	0.00881	0.01120	0.00840	0.00673	0.01434	0.01816	0.02758	0.42735	0.05022	0.20280	0.01421	0.00784	0.00232	0.00389	0.01198	0.00708	0.00688
46	0.01789	0.24394	0.05716	0.01557	0.02062	0.01905	0.10203	0.11989	0.01853	0.04905	0.04656	0.02835	0.09451	0.01238	0.04794	0.00273	0.03948	0.05023	0.00492	0.00918
47	0.01139	0.00822	0.01158	0.01175	0.01296	0.00896	0.00904	0.01373	0.01425	0.04610	0.11102	0.23299	0.03451	0.03212	0.27625	0.00619	0.06777	0.07881	0.00563	0.00674
48	0.02008	0.01932	0.08492	0.05603	0.02176	0.07971	0.01383	0.28316	0.06277	0.03075	0.04509	0.09532	0.04744	0.03800	0.00990	0.00255	0.06520	0.00853	0.00585	0.00980

[dist]
# distance from previous block
# <min> <max>
2	20

[block]
# block no. 3 follows, 28 sequences, length 44
# corresponding to MSA columns:
# 635-678
name=unknown_D
#
# <colnr> <probs for GDERKNQSTAVLIFYWHMCP>
#	G	D	E	R	K	N	Q	S	T	A	V	L	I	F	Y	W	H	M	C	P
0	0.24170	0.01318	0.06939	0.01353	0.04701	0.01264	0.01074	0.03654	0.01429	0.04453	0.04741	0.22310	0.02373	0.01813	0.09679	0.00369	0.06056	0.01010	0.00516	0.00778
1	0.18010	0.01951	0.05309	0.02077	0.12610	0.11635	0.08719	0.07344	0.14725	0.02744	0.03723	0.01935	0.01445	0.00968	0.03539	0.00263	0.00882	0.00648	0.00494	0.00981
2	0.01805	0.04429	0.04371	0.02071	0.14011	0.08518	0.01453	0.02849	0.29385	0.02484	0.02080	0.02423	0.01705	0.00940	0.00903	0.00235	0.08921	0.04376	0.00533	0.06509
3	0.01496	0.01519	0.13135	0.14879	0.10166	0.01196	0.01492	0.01938	0.01744	0.10061	0.22953	0.03335	0.06900	0.01280	0.04520	0.00280	0.00759	0.00902	0.00561	0.00883
4	0.01668	0.11972	0.02645	0.16458	0.21409	0.01713	0.09299	0.02097	0.03838	0.05701	0.01796	0.11828	0.01648	0.00932	0.00798	0.00232	0.03749	0.00841	0.00430	0.00944
5	0.01655	0.01388	0.01607	0.01483	0.06513	0.01377	0.01070	0.09265	0.24298	0.02748	0.02586	0.09517	0.06494	0.00992	0.00699	0.00201	0.00578	0.00838	0.00601	0.26089
6	0.02205	0.01870	0.01842	0.01553	0.02013	0.08737	0.01229	0.28186	0.30876	0.03424	0.02318	0.06280	0.01827	0.00980	0.00731	0.00228	0.00725	0.00782	0.00686	0.03507
7	0.00980	0.00753	0.01128	0.01159	0.01258	0.00729	0.05548	0.01145	0.01358	0.01829	0.03423	0.54028	0.03989	0.09305	0.09309	0.00430	0.00683	0.01735	0.00597	0.00612
8	0.05984	0.01527	0.11858	0.01232	0.01542	0.06037	0.01062	0.05154	0.01419	0.05860	0.01912	0.03105	0.01847	0.30428	0.17385	0.00616	0.01068	0.00796	0.00446	0.00720
9	0.01943	0.23442	0.30918	0.01928	0.07436	0.11707	0.01929	0.05044	0.01705	0.05767	0.01302	0.01477	0.01002	0.00695	0.00628	0.00201	0.00973	0.00509	0.00370	0.01023
10	0.01016	0.00738	0.00923	0.00919	0.01017	0.00757	0.00635	0.01159	0.01265	0.01702	0.07748	0.04532	0.13837	0.33767	0.26081	0.00752	0.01045	0.01060	0.00488	0.00557
11	0.01002	0.00691	0.00871	0.00929	0.01046	0.00635	0.00668	0.01074	0.01441	0.01851	0.09102	0.24864	0.24793	0.02118	0.01366	0.19129	0.00470	0.06807	0.00597	0.00545
12	0.01665	0.13267	0.39078	0.05887	0.10561	0.01875	0.02173	0.07230	0.04426	0.02400	0.01464	0.01845	0.01150	0.00753	0.00680	0.00222	0.00946	0.02950	0.00377	0.01049
13	0.08035	0.01800	0.05550	0.07029	0.09774	0.08486	0.01426	0.18770	0.02050	0.10193	0.01921	0.04830	0.03902	0.01333	0.07248	0.00315	0.05098	0.00715	0.00539	0.00987
14	0.18747	0.13110	0.08099	0.01100	0.01531	0.01373	0.01008	0.01855	0.01600	0.07485	0.15943	0.03318	0.14625	0.01392	0.05652	0.00285	0.00668	0.00847	0.00553	0.00810
15	0.00941	0.00688	0.00888	0.00972	0.01052	0.00677	0.00668	0.01082	0.01326	0.01763	0.03750	0.39175	0.12452	0.14668	0.15863	0.00535	0.00774	0.01567	0.00578	0.00581
16	0.01209	0.00852	0.01048	0.01068	0.01292	0.00808	0.00858	0.01602	0.06403	0.06593	0.16248	0.11235	0.24078	0.01744	0.00894	0.00274	0.00495	0.21867	0.00714	0.00719
17	0.01838	0.15246	0.04389	0.08868	0.07918	0.14424	0.08419	0.02190	0.01632	0.02085	0.01236	0.01525	0.01019	0.00632	0.00618	0.00171	0.00880	0.00517	0.00372	0.26022
18	0.01683	0.01744	0.06271	0.03680	0.51072	0.01724	0.02038	0.02077	0.01566	0.02246	0.01722	0.02118	0.05923	0.00830	0.00984	0.00234	0.11957	0.00702	0.00373	0.01055
19	0.01193	0.00924	0.01169	0.01193	0.01370	0.01005	0.00919	0.01803	0.15599	0.02085	0.03129	0.15996	0.06061	0.08031	0.23829	0.00600	0.01008	0.12775	0.00579	0.00733
20	0.01222	0.00945	0.01224	0.01456	0.12595	0.00854	0.00925	0.01478	0.01720	0.06939	0.10882	0.05770	0.43498	0.01559	0.00837	0.00244	0.00488	0.05959	0.00648	0.00757
21	0.04713	0.02094	0.18912	0.06238	0.20603	0.03581	0.06820	0.02181	0.06840	0.02293	0.02237	0.02473	0.10371	0.00900	0.00861	0.00237	0.06496	0.00754	0.00419	0.00978
22	0.01523	0.07283	0.17128	0.11459	0.16320	0.01604	0.10937	0.02102	0.04134	0.02306	0.09465	0.02789	0.02037	0.00897	0.00758	0.00236	0.00877	0.06759	0.00435	0.00952
23	0.01830	0.01991	0.02089	0.20496	0.14057	0.24051	0.01624	0.02146	0.01606	0.01880	0.01346	0.01856	0.01143	0.01621	0.13740	0.00394	0.06313	0.00613	0.00357	0.00846
24	0.01569	0.02352	0.24906	0.05081	0.03139	0.01572	0.27916	0.02181	0.01597	0.02311	0.01367	0.01714	0.01033	0.00625	0.00722	0.00207	0.01002	0.00644	0.00361	0.19702
25	0.01951	0.07802	0.12566	0.01864	0.02375	0.13589	0.10291	0.14162	0.05026	0.02479	0.01483	0.01809	0.01195	0.01455	0.10715	0.00357	0.08854	0.00636	0.00436	0.00956
26	0.02043	0.01174	0.01368	0.01141	0.01429	0.01187	0.00836	0.18421	0.01910	0.19621	0.02299	0.03422	0.02076	0.37360	0.02202	0.00461	0.00707	0.00873	0.00629	0.00842
27	0.01263	0.00631	0.00947	0.00947	0.00947	0.00631	0.00631	0.00947	0.00947	0.01263	0.01263	0.02210	0.01263	0.02525	0.02841	0.78851	0.00631	0.00631	0.00316	0.00316
28	0.01045	0.00753	0.01039	0.01039	0.01124	0.00838	0.00747	0.01215	0.01130	0.01592	0.02065	0.03511	0.02102	0.29237	0.48177	0.01008	0.01519	0.00875	0.00407	0.00577
29	0.52189	0.01631	0.01465	0.01211	0.01708	0.01853	0.00999	0.25447	0.02015	0.03732	0.01274	0.01382	0.00947	0.00745	0.00549	0.00223	0.00647	0.00487	0.00549	0.00947
30	0.54903	0.01546	0.01388	0.01157	0.01648	0.01739	0.00954	0.18182	0.01835	0.08823	0.01336	0.01419	0.00976	0.00741	0.00539	0.00223	0.00625	0.00484	0.00553	0.00932
31	0.01263	0.00631	0.00947	0.00947	0.00947	0.00631	0.00631	0.00947	0.00947	0.01263	0.01263	0.02210	0.01263	0.02525	0.02841	0.78851	0.00631	0.00631	0.00316	0.00316
32	0.01808	0.01561	0.01644	0.01479	0.01890	0.01808	0.01151	0.03863	0.68606	0.03041	0.02959	0.02712	0.02219	0.00986	0.00740	0.00247	0.00575	0.00822	0.00740	0.01151
33	0.01763	0.01879	0.02201	0.01903	0.01961	0.12890	0.01562	0.01927	0.01259	0.01754	0.00980	0.01547	0.00951	0.01192	0.02119	0.00298	0.62075	0.00610	0.00327	0.00802
34	0.01000	0.00748	0.00932	0.00904	0.01093	0.00680	0.00691	0.01306	0.01937	0.02641	0.50377	0.05994	0.21157	0.01606	0.00868	0.00240	0.00373	0.06022	0.00762	0.00668
35	0.02264	0.02718	0.12410	0.01685	0.02149	0.35201	0.01443	0.11878	0.02042	0.05883	0.01699	0.08910	0.01523	0.05908	0.00908	0.00246	0.01035	0.00718	0.00477	0.00904
36	0.02155	0.01593	0.01804	0.14423	0.02444	0.06685	0.01296	0.19255	0.13463	0.14315	0.10032	0.02660	0.04718	0.00969	0.00745	0.00228	0.00731	0.00790	0.00665	0.01028
37	0.00896	0.00680	0.00825	0.00911	0.01035	0.00610	0.00637	0.01068	0.01563	0.02027	0.13517	0.43606	0.25929	0.02035	0.00897	0.00271	0.00394	0.01798	0.00691	0.00610
38	0.32197	0.01311	0.01636	0.13618	0.14694	0.01453	0.01271	0.02036	0.01400	0.07474	0.01511	0.04036	0.01281	0.05243	0.07733	0.00347	0.00830	0.00631	0.00445	0.00853
39	0.12645	0.27068	0.02318	0.06466	0.01960	0.02013	0.01149	0.15895	0.04602	0.02636	0.02059	0.10196	0.06308	0.00981	0.00630	0.00211	0.00688	0.00756	0.00505	0.00915
40	0.01718	0.01664	0.10601	0.24659	0.07839	0.01483	0.05423	0.06349	0.06200	0.09733	0.02069	0.02411	0.05788	0.04262	0.00865	0.00248	0.00831	0.00728	0.00479	0.06650
41	0.01108	0.00873	0.01195	0.01150	0.01238	0.01024	0.00865	0.01285	0.01169	0.01649	0.02286	0.03442	0.06852	0.21423	0.40027	0.00867	0.11635	0.00882	0.00413	0.00616
42	0.01855	0.24128	0.06009	0.02436	0.24792	0.02095	0.01628	0.09690	0.05306	0.02383	0.01792	0.02001	0.06131	0.00817	0.00770	0.00209	0.05869	0.00637	0.00425	0.01026
43	0.01729	0.01817	0.10305	0.05094	0.23520	0.01641	0.06488	0.09699	0.14964	0.02803	0.12205	0.02516	0.02210	0.00873	0.00753	0.00229	0.00775	0.00787	0.00536	0.01055

[dist]
# distance from previous block
# <min> <max>
0	1

[block]
# block no. 4 follows, 28 sequences, length 6
# corresponding to MSA columns:
# 681-686
name=unknown_E
#
# <colnr> <probs for GDERKNQSTAVLIFYWHMCP>
#	G	D	E	R	K	N	Q	S	T	A	V	L	I	F	Y	W	H	M	C	P
0	0.01571	0.20273	0.55162	0.01880	0.02849	0.01964	0.02351	0.02273	0.01521	0.02165	0.01236	0.01449	0.00924	0.00675	0.00639	0.00213	0.01005	0.00503	0.00308	0.01041
1	0.01367	0.01897	0.20265	0.02312	0.16552	0.01314	0.11342	0.01842	0.01604	0.02266	0.09356	0.21679	0.02682	0.01184	0.00803	0.00247	0.00797	0.01105	0.00479	0.00904
2	0.01670	0.06932	0.18878	0.01938	0.10252	0.01498	0.06183	0.04845	0.09256	0.08539	0.02613	0.11626	0.07633	0.01089	0.00759	0.00239	0.00772	0.03769	0.00530	0.00979
3	0.01163	0.00879	0.01120	0.06120	0.01511	0.00900	0.00883	0.07665	0.05032	0.02204	0.03736	0.50502	0.07893	0.01926	0.00885	0.00281	0.00516	0.05423	0.00658	0.00702
4	0.01107	0.00687	0.00830	0.00830	0.00830	0.00687	0.00487	0.01030	0.01030	0.01374	0.02040	0.04137	0.02307	0.56949	0.03491	0.19723	0.00687	0.00953	0.00410	0.00410
5	0.02426	0.02151	0.02395	0.02823	0.30265	0.19510	0.01692	0.14274	0.02138	0.12923	0.01600	0.01767	0.01210	0.00752	0.00706	0.00210	0.00929	0.00616	0.00511	0.01101

[dist]
# distance from previous block
# <min> <max>
0	2

[block]
# block no. 5 follows, 28 sequences, length 28
# corresponding to MSA columns:
# 689-716
name=unknown_F
#
# <colnr> <probs for GDERKNQSTAVLIFYWHMCP>
#	G	D	E	R	K	N	Q	S	T	A	V	L	I	F	Y	W	H	M	C	P
0	0.01724	0.02440	0.26648	0.17496	0.11283	0.06496	0.05470	0.02516	0.10626	0.05906	0.01611	0.01868	0.01191	0.00744	0.00717	0.00231	0.00959	0.00634	0.00414	0.01024
1	0.01960	0.02075	0.02272	0.14042	0.25266	0.21962	0.01713	0.06501	0.01815	0.02186	0.01693	0.05655	0.04294	0.00874	0.00804	0.00223	0.04608	0.00708	0.00411	0.00941
2	0.31261	0.01442	0.01687	0.04143	0.18705	0.01591	0.01261	0.02450	0.17446	0.02803	0.01877	0.09083	0.01632	0.00906	0.00643	0.00235	0.00639	0.00736	0.00515	0.00946
3	0.01294	0.01585	0.16074	0.01263	0.01673	0.01168	0.01203	0.05324	0.08391	0.02261	0.08487	0.04091	0.27633	0.01471	0.01130	0.09237	0.05360	0.01022	0.00549	0.00784
4	0.01878	0.35957	0.16675	0.02022	0.13157	0.08832	0.01712	0.02355	0.05135	0.02014	0.01239	0.01451	0.01035	0.00692	0.00645	0.00193	0.03168	0.00498	0.00347	0.00995
5	0.01867	0.01221	0.01284	0.01185	0.01495	0.08959	0.00950	0.02208	0.04187	0.19687	0.08839	0.04393	0.11887	0.01518	0.04549	0.00290	0.00685	0.13583	0.10368	0.00845
6	0.00983	0.00714	0.00784	0.00788	0.00879	0.00669	0.00498	0.01065	0.01316	0.01680	0.07053	0.08220	0.25389	0.44044	0.02513	0.00514	0.00565	0.01268	0.00544	0.00515
7	0.01831	0.31575	0.29328	0.01622	0.02382	0.02193	0.01795	0.12719	0.01808	0.02411	0.01403	0.05279	0.01183	0.00777	0.00620	0.00202	0.00877	0.00579	0.00396	0.01018
8	0.01328	0.12108	0.10554	0.04909	0.01938	0.01343	0.07365	0.05120	0.01768	0.02290	0.14453	0.04197	0.27339	0.01238	0.00767	0.00226	0.00647	0.01051	0.00552	0.00807
9	0.01263	0.00631	0.00947	0.00947	0.00947	0.00631	0.00631	0.00947	0.00947	0.01263	0.01263	0.02210	0.01263	0.02525	0.02841	0.78851	0.00631	0.00631	0.00316	0.00316
10	0.15049	0.01280	0.01589	0.01250	0.01787	0.01193	0.01029	0.03340	0.05306	0.56586	0.02584	0.02285	0.01663	0.00869	0.00688	0.00226	0.00608	0.00683	0.00822	0.01163
11	0.01972	0.01826	0.12023	0.05594	0.23856	0.01541	0.06036	0.04960	0.10253	0.15401	0.04404	0.05363	0.01735	0.00856	0.00744	0.00231	0.00798	0.00771	0.00545	0.01092
12	0.01580	0.03392	0.56791	0.02187	0.03181	0.01746	0.11769	0.06561	0.01683	0.02455	0.01357	0.01609	0.00967	0.00691	0.00717	0.00232	0.01078	0.00590	0.00343	0.01072
13	0.02050	0.02039	0.01702	0.01511	0.01910	0.21210	0.01168	0.11149	0.32596	0.02731	0.02902	0.02791	0.11050	0.01024	0.00731	0.00226	0.00781	0.00800	0.00627	0.01001
14	0.01749	0.01029	0.01401	0.16429	0.02102	0.01048	0.01032	0.02099	0.05127	0.20773	0.11967	0.03691	0.07993	0.18698	0.01472	0.00347	0.00654	0.00941	0.00625	0.00823
15	0.04664	0.02231	0.04548	0.06554	0.08724	0.22772	0.01477	0.16977	0.02180	0.11860	0.04975	0.01882	0.01437	0.00853	0.00811	0.00219	0.05665	0.00628	0.00536	0.01006
16	0.01089	0.09387	0.07486	0.01091	0.01345	0.00986	0.00920	0.01347	0.01560	0.02085	0.16176	0.34640	0.11813	0.01911	0.04511	0.00300	0.00579	0.01466	0.00609	0.00697
17	0.01551	0.01482	0.01316	0.01297	0.01468	0.17718	0.00960	0.05926	0.01677	0.02014	0.05091	0.23585	0.03080	0.15445	0.01439	0.00347	0.03374	0.10988	0.00553	0.00687
18	0.01542	0.01085	0.00931	0.00897	0.01106	0.09569	0.00676	0.01970	0.05937	0.02577	0.02238	0.02542	0.01769	0.01017	0.03207	0.00214	0.00535	0.00665	0.60796	0.00728
19	0.02455	0.02247	0.02093	0.01733	0.02206	0.22785	0.05599	0.23567	0.15061	0.08314	0.01869	0.01923	0.01396	0.01063	0.04138	0.00262	0.00980	0.00656	0.00597	0.01057
20	0.04335	0.05848	0.29757	0.06348	0.05434	0.05083	0.01776	0.02095	0.03978	0.05118	0.02562	0.06869	0.10735	0.01055	0.00737	0.00238	0.00837	0.05818	0.00458	0.00920
21	0.00961	0.00704	0.00852	0.00888	0.00993	0.00664	0.00605	0.01116	0.01471	0.01948	0.16258	0.24226	0.18437	0.20964	0.06247	0.00436	0.00569	0.01466	0.00619	0.00578
22	0.01161	0.06129	0.05304	0.01255	0.01501	0.01090	0.05278	0.01438	0.01310	0.01815	0.06279	0.03259	0.05705	0.14017	0.40271	0.00813	0.01410	0.00857	0.00426	0.00684
23	0.01603	0.01374	0.01747	0.06497	0.14773	0.03293	0.01243	0.09672	0.09470	0.02472	0.02281	0.12282	0.04821	0.06023	0.04605	0.00294	0.00746	0.00891	0.00522	0.15391
24	0.01773	0.11073	0.09009	0.08315	0.08498	0.16141	0.04917	0.02086	0.01535	0.01912	0.01486	0.10141	0.01429	0.01010	0.01084	0.00240	0.17363	0.00745	0.00377	0.00867
25	0.01759	0.15152	0.01964	0.05936	0.01922	0.12276	0.01097	0.10137	0.01863	0.02352	0.07623	0.11784	0.06502	0.01035	0.00678	0.00195	0.00720	0.00833	0.00509	0.15663
26	0.01464	0.12496	0.06330	0.10959	0.03914	0.08796	0.01239	0.01865	0.05848	0.01894	0.02399	0.08959	0.08695	0.06985	0.14614	0.00438	0.01016	0.00862	0.00442	0.00784
27	0.01603	0.01378	0.01814	0.05797	0.17215	0.04383	0.01322	0.11443	0.03920	0.02654	0.19927	0.06713	0.02991	0.04093	0.06529	0.00324	0.05521	0.00923	0.00561	0.00890

[dist]
# distance from previous block
# <min> <max>
3	51

[block]
# block no. 6 follows, 28 sequences, length 42
# corresponding to MSA columns:
# 768-809
name=unknown_G
#
# <colnr> <probs for GDERKNQSTAVLIFYWHMCP>
#	G	D	E	R	K	N	Q	S	T	A	V	L	I	F	Y	W	H	M	C	P
0	0.04249	0.01651	0.01999	0.01706	0.05011	0.06754	0.10059	0.18242	0.12344	0.02984	0.08952	0.03101	0.10734	0.01030	0.00760	0.00226	0.00738	0.03047	0.00609	0.05805
1	0.01848	0.06635	0.10514	0.06522	0.21704	0.16318	0.04583	0.02277	0.03690	0.02104	0.01378	0.01836	0.01174	0.05701	0.00933	0.00238	0.03276	0.00603	0.00374	0.08292
2	0.02104	0.02165	0.17497	0.03877	0.04315	0.12439	0.01533	0.06938	0.04802	0.18318	0.05245	0.11029	0.01978	0.01029	0.00796	0.00233	0.03302	0.00829	0.00575	0.00996
3	0.01155	0.00771	0.00897	0.00866	0.01049	0.00706	0.00616	0.01317	0.01524	0.07949	0.10931	0.09359	0.31389	0.20843	0.07047	0.00435	0.00600	0.01291	0.00624	0.00632
4	0.01652	0.02451	0.22242	0.05846	0.13409	0.17680	0.01747	0.02084	0.01680	0.02073	0.02514	0.08870	0.12673	0.01030	0.00738	0.00227	0.00915	0.00845	0.00426	0.00900
5	0.00940	0.00715	0.00833	0.00877	0.01022	0.00647	0.00626	0.01116	0.01564	0.02006	0.14412	0.22663	0.30887	0.12495	0.01299	0.00328	0.00447	0.05868	0.00658	0.00597
6	0.01947	0.26264	0.02534	0.01414	0.01981	0.02079	0.03679	0.13197	0.19946	0.02687	0.01728	0.01774	0.01364	0.00745	0.00611	0.00184	0.00697	0.00575	0.00520	0.16071
7	0.06121	0.11354	0.09826	0.04937	0.07102	0.01615	0.03468	0.08167	0.09240	0.05681	0.06255	0.04599	0.06160	0.01364	0.07599	0.00310	0.00841	0.00761	0.00515	0.04085
8	0.02134	0.21079	0.07017	0.05326	0.02263	0.08107	0.05335	0.06809	0.15320	0.13575	0.01948	0.04788	0.01522	0.00844	0.00669	0.00213	0.00802	0.00676	0.00544	0.01030
9	0.01325	0.00896	0.01151	0.01147	0.01296	0.00917	0.00841	0.06474	0.01649	0.08586	0.08090	0.46799	0.07736	0.01872	0.01014	0.00277	0.06903	0.01624	0.00677	0.00727
10	0.01437	0.13331	0.40998	0.01804	0.02569	0.01644	0.06442	0.02031	0.01524	0.02139	0.01861	0.13463	0.01756	0.01010	0.00726	0.00237	0.00912	0.04779	0.00393	0.00945
11	0.01317	0.04480	0.09578	0.01104	0.01357	0.01103	0.00911	0.08824	0.01463	0.01968	0.02425	0.06205	0.06743	0.40436	0.08583	0.00564	0.00841	0.00961	0.00471	0.00664
12	0.01944	0.01311	0.02020	0.13570	0.10086	0.01399	0.06268	0.02248	0.01614	0.21788	0.02436	0.05981	0.07595	0.05217	0.01201	0.00276	0.12708	0.00853	0.00551	0.00934
13	0.01068	0.07240	0.01099	0.00944	0.01052	0.00823	0.00659	0.01117	0.01304	0.01681	0.03461	0.33845	0.12717	0.14942	0.01686	0.13313	0.00531	0.01426	0.00542	0.00552
14	0.23001	0.01595	0.16876	0.01160	0.01547	0.01175	0.01090	0.01660	0.01316	0.02274	0.06432	0.09634	0.02223	0.25239	0.01651	0.00391	0.00698	0.00867	0.00459	0.00713
15	0.01546	0.08644	0.20511	0.13994	0.02852	0.08607	0.10775	0.02003	0.01522	0.01972	0.01650	0.06687	0.01510	0.09354	0.03344	0.00314	0.01009	0.02477	0.00376	0.00853
16	0.00933	0.00709	0.00865	0.00957	0.01076	0.00658	0.00667	0.01178	0.04461	0.02033	0.10939	0.48185	0.20588	0.02041	0.00896	0.00275	0.00408	0.01812	0.00689	0.00630
17	0.00942	0.00697	0.00856	0.00947	0.01057	0.00644	0.00672	0.01104	0.01489	0.01929	0.08671	0.36976	0.20699	0.11094	0.01261	0.00334	0.00467	0.08915	0.00653	0.00592
18	0.01567	0.01512	0.02632	0.40607	0.30964	0.01675	0.06530	0.02039	0.01552	0.02097	0.01334	0.01884	0.01051	0.00687	0.00733	0.00232	0.00944	0.00661	0.00341	0.00957
19	0.01615	0.01464	0.01850	0.01941	0.13338	0.07955	0.05661	0.10073	0.01765	0.02337	0.08656	0.16149	0.02611	0.13296	0.01415	0.00321	0.07165	0.01044	0.00520	0.00822
20	0.01828	0.02034	0.02811	0.26259	0.09581	0.17724	0.20042	0.02253	0.01660	0.02009	0.01287	0.01765	0.01014	0.00730	0.00859	0.00233	0.06003	0.00664	0.00350	0.00893
21	0.00860	0.00732	0.00741	0.00747	0.00985	0.00613	0.00557	0.01042	0.01646	0.01959	0.07229	0.09693	0.67015	0.01859	0.00862	0.00247	0.00370	0.01556	0.00675	0.00613
22	0.00926	0.00663	0.00879	0.00985	0.01063	0.00617	0.00678	0.01112	0.01577	0.02151	0.22256	0.54889	0.05379	0.02057	0.00908	0.00277	0.00400	0.01857	0.00710	0.00617
23	0.01055	0.00859	0.01220	0.12309	0.06813	0.00863	0.01018	0.01299	0.01527	0.01992	0.07069	0.35740	0.16429	0.01773	0.00871	0.00272	0.00547	0.07060	0.00602	0.00681
24	0.14369	0.01262	0.01597	0.01244	0.01790	0.01150	0.01027	0.03338	0.01958	0.60649	0.02598	0.02286	0.01652	0.00867	0.00690	0.00225	0.00610	0.00682	0.00834	0.01172
25	0.79588	0.01406	0.01068	0.00956	0.01406	0.01631	0.00787	0.02137	0.01237	0.03261	0.01012	0.01181	0.00787	0.00675	0.00450	0.00225	0.00562	0.00394	0.00450	0.00787
26	0.02965	0.01321	0.01697	0.01334	0.01853	0.01230	0.01087	0.14309	0.02249	0.53032	0.02776	0.08685	0.01969	0.01017	0.00748	0.00230	0.00632	0.00836	0.00850	0.01180
27	0.01373	0.01292	0.02180	0.72707	0.05006	0.01615	0.02019	0.01857	0.01453	0.01857	0.01292	0.01938	0.00969	0.00727	0.00727	0.00242	0.00969	0.00646	0.00323	0.00807
28	0.00916	0.00712	0.00834	0.00859	0.01031	0.00629	0.00623	0.01133	0.01709	0.02220	0.25038	0.23519	0.34482	0.01846	0.00876	0.00253	0.00374	0.01604	0.00712	0.00629
29	0.07727	0.01504	0.01808	0.01395	0.01956	0.01484	0.01152	0.24016	0.02459	0.45187	0.02394	0.02161	0.01557	0.00877	0.00713	0.00223	0.00673	0.00686	0.00817	0.01210
30	0.00892	0.00734	0.00763	0.00757	0.00974	0.00628	0.00554	0.01074	0.01640	0.02000	0.12527	0.06656	0.58023	0.08243	0.01111	0.00285	0.00396	0.01472	0.00666	0.00605
31	0.00993	0.00732	0.00928	0.00899	0.01069	0.00667	0.00667	0.01295	0.01943	0.02691	0.55214	0.11842	0.15147	0.01606	0.00864	0.00237	0.00353	0.01412	0.00772	0.00667
32	0.00962	0.00702	0.00918	0.01046	0.01154	0.00659	0.00777	0.01163	0.01548	0.02036	0.10114	0.44539	0.12672	0.02092	0.00931	0.00293	0.00466	0.16624	0.00685	0.00620
33	0.02715	0.03464	0.02060	0.01873	0.02247	0.71536	0.01404	0.02903	0.02060	0.01779	0.01124	0.01311	0.00936	0.00749	0.00655	0.00187	0.01311	0.00468	0.00375	0.00843
34	0.01573	0.08936	0.06467	0.01616	0.01842	0.01881	0.01409	0.08107	0.01417	0.02039	0.01345	0.01923	0.01226	0.02333	0.21833	0.00531	0.33670	0.00648	0.00377	0.00828
35	0.00862	0.00726	0.00747	0.00763	0.00989	0.00611	0.00564	0.01040	0.01631	0.01953	0.07036	0.13525	0.63306	0.01883	0.00866	0.00250	0.00373	0.01586	0.00675	0.00611
36	0.00925	0.00649	0.00832	0.00962	0.00994	0.00617	0.00621	0.01022	0.01315	0.01754	0.03614	0.58144	0.04312	0.18789	0.01562	0.00389	0.00486	0.01836	0.00621	0.00556
37	0.02288	0.01890	0.06410	0.04652	0.11419	0.01845	0.12806	0.25485	0.10415	0.12420	0.01907	0.01999	0.01370	0.00801	0.00748	0.00228	0.00851	0.00712	0.00605	0.01147
38	0.01609	0.01625	0.01779	0.01711	0.05572	0.13569	0.01275	0.01952	0.06076	0.02083	0.13249	0.09242	0.02486	0.01553	0.06339	0.00327	0.27392	0.00882	0.00480	0.00799
39	0.01466	0.01388	0.02350	0.57700	0.19280	0.01640	0.02065	0.01939	0.01498	0.01971	0.01309	0.01907	0.01009	0.00709	0.00725	0.00236	0.00946	0.00646	0.00331	0.00883
40	0.05400	0.13769	0.37256	0.02216	0.13056	0.04467	0.02127	0.09188	0.01749	0.02492	0.01297	0.01518	0.00986	0.00694	0.00653	0.00214	0.00953	0.00535	0.00369	0.01060
41	0.14296	0.01025	0.01115	0.01116	0.04918	0.01018	0.00766	0.06200	0.01600	0.08319	0.03879	0.07586	0.25379	0.18064	0.01416	0.00344	0.00559	0.01080	0.00591	0.00730

[dist]
# distance from previous block
# <min> <max>
2	6

[block]
# block no. 7 follows, 28 sequences, length 7
# corresponding to MSA columns:
# 816-822
name=unknown_H
#
# <colnr> <probs for GDERKNQSTAVLIFYWHMCP>
#	G	D	E	R	K	N	Q	S	T	A	V	L	I	F	Y	W	H	M	C	P
0	0.12959	0.09426	0.01302	0.01000	0.01211	0.03726	0.00736	0.05119	0.01429	0.02148	0.02321	0.20694	0.02498	0.22884	0.01560	0.00369	0.00612	0.01054	0.08287	0.00668
