[name]
unknown

[dist]
# distance from previous block
# <min> <max>
0	13

[block]
# block no. 0 follows, 32 sequences, length 20
# corresponding to MSA columns:
# 13-32
name=unknown_A
#
# <colnr> <probs for GDERKNQSTAVLIFYWHMCP>
#	G	D	E	R	K	N	Q	S	T	A	V	L	I	F	Y	W	H	M	C	P
0	0.01081	0.00772	0.01081	0.01236	0.01390	0.00772	0.01081	0.01390	0.01545	0.02008	0.03553	0.07569	0.03862	0.01854	0.00927	0.00309	0.00618	0.67717	0.00618	0.00618
1	0.02705	0.01632	0.01860	0.01426	0.01957	0.01713	0.01178	0.47589	0.02740	0.27222	0.01959	0.01837	0.01316	0.00814	0.00672	0.00203	0.00682	0.00628	0.00725	0.01141
2	0.01486	0.04257	0.16346	0.11204	0.08748	0.01716	0.01675	0.03732	0.01293	0.04210	0.01192	0.01701	0.01023	0.04007	0.04706	0.00299	0.30660	0.00588	0.00331	0.00828
3	0.00816	0.00590	0.00772	0.00918	0.00969	0.00546	0.00616	0.00936	0.01300	0.01719	0.03898	0.71507	0.08783	0.02076	0.00852	0.00270	0.00386	0.01876	0.00623	0.00546
4	0.00961	0.00710	0.01035	0.01035	0.01140	0.00815	0.00785	0.01170	0.01066	0.01525	0.01837	0.02856	0.01773	0.13974	0.64949	0.01025	0.01654	0.00751	0.00365	0.00575
5	0.01647	0.13342	0.19525	0.01665	0.04913	0.01791	0.01564	0.03987	0.05656	0.08603	0.03763	0.03793	0.01315	0.00902	0.01120	0.00229	0.24282	0.00609	0.00401	0.00891
6	0.14768	0.01927	0.13105	0.05300	0.04843	0.06041	0.01372	0.24078	0.06499	0.10703	0.01724	0.01774	0.03436	0.00766	0.00626	0.00207	0.00738	0.00581	0.00533	0.00981
7	0.00832	0.00651	0.00754	0.00792	0.00947	0.00573	0.00570	0.01015	0.01528	0.01959	0.18993	0.27748	0.37731	0.01758	0.00812	0.00238	0.00350	0.01528	0.00646	0.00573
8	0.19538	0.01845	0.17008	0.04220	0.10540	0.01553	0.01440	0.18436	0.01731	0.02729	0.01357	0.01701	0.01085	0.04336	0.09396	0.00328	0.00878	0.00555	0.00428	0.00898
9	0.11919	0.01742	0.02066	0.05997	0.29269	0.12506	0.01503	0.06472	0.03889	0.02291	0.01214	0.01507	0.00997	0.00682	0.00741	0.00197	0.07190	0.00528	0.00380	0.08910
10	0.01369	0.02133	0.32332	0.11383	0.16054	0.01333	0.01871	0.01903	0.01513	0.04888	0.12044	0.06646	0.01971	0.00842	0.00685	0.00215	0.00787	0.00729	0.00405	0.00899
11	0.01396	0.10813	0.01965	0.30377	0.05696	0.01486	0.01376	0.05837	0.01410	0.01908	0.01292	0.01772	0.01075	0.01482	0.14525	0.00357	0.03568	0.00560	0.00347	0.12759
12	0.01721	0.01492	0.02019	0.02208	0.21879	0.01598	0.05535	0.13434	0.28309	0.02806	0.09869	0.02362	0.02044	0.00836	0.00695	0.00213	0.00652	0.00742	0.00566	0.01017
13	0.00959	0.00719	0.01078	0.01078	0.01198	0.00839	0.00839	0.01198	0.01078	0.01558	0.01797	0.02636	0.01677	0.05032	0.73760	0.01078	0.01797	0.00719	0.00359	0.00599
14	0.01032	0.00658	0.00932	0.00932	0.00984	0.00710	0.00655	0.01039	0.00986	0.01368	0.01655	0.02829	0.01676	0.20153	0.33955	0.27777	0.01130	0.00731	0.00347	0.00452
15	0.01794	0.76823	0.03516	0.01148	0.01722	0.02655	0.01148	0.02009	0.01363	0.01579	0.00933	0.01076	0.00861	0.00574	0.00431	0.00144	0.00718	0.00359	0.00287	0.00861
16	0.01463	0.01393	0.02366	0.39625	0.38272	0.01542	0.01961	0.01886	0.01434	0.01952	0.01227	0.01725	0.00978	0.00635	0.00668	0.00212	0.00846	0.00597	0.00315	0.00903
17	0.01729	0.01371	0.02270	0.30140	0.35600	0.01458	0.01814	0.02124	0.01521	0.13307	0.01458	0.01809	0.01096	0.00662	0.00668	0.00210	0.00797	0.00610	0.00399	0.00957
18	0.01852	0.01724	0.01535	0.01381	0.01704	0.17666	0.01055	0.18468	0.21841	0.02607	0.02328	0.20496	0.02169	0.01136	0.00706	0.00220	0.00697	0.00938	0.00589	0.00887
19	0.01517	0.00744	0.00903	0.00834	0.01051	0.00741	0.00650	0.01803	0.01430	0.15532	0.02187	0.02491	0.01699	0.01746	0.16967	0.00373	0.00695	0.00656	0.47264	0.00717

[dist]
# distance from previous block
# <min> <max>
0	1

[block]
# block no. 1 follows, 32 sequences, length 91
# corresponding to MSA columns:
# 43-133
name=unknown_B
#
# <colnr> <probs for GDERKNQSTAVLIFYWHMCP>
#	G	D	E	R	K	N	Q	S	T	A	V	L	I	F	Y	W	H	M	C	P
0	0.02311	0.14812	0.02192	0.01441	0.01956	0.04279	0.01215	0.48899	0.08305	0.03529	0.01584	0.01604	0.01174	0.00770	0.00623	0.00191	0.00720	0.00570	0.02766	0.01061
1	0.01256	0.01132	0.01825	0.09573	0.20201	0.01118	0.07245	0.01569	0.01372	0.01922	0.02067	0.15638	0.05283	0.01685	0.13337	0.00357	0.00869	0.00887	0.00411	0.12254
2	0.01617	0.17488	0.49217	0.01764	0.04651	0.03786	0.02047	0.02213	0.01466	0.07991	0.01271	0.01425	0.00928	0.00642	0.00600	0.00197	0.00903	0.00486	0.00334	0.00975
3	0.01638	0.36091	0.33249	0.01541	0.02286	0.02036	0.03792	0.02193	0.04903	0.04800	0.01223	0.01366	0.00953	0.00628	0.00553	0.00183	0.00833	0.00464	0.00329	0.00940
4	0.01166	0.00583	0.00874	0.00874	0.00874	0.00583	0.00583	0.00874	0.00874	0.01166	0.01166	0.02040	0.01166	0.02331	0.02622	0.80478	0.00583	0.00583	0.00291	0.00291
5	0.01429	0.01469	0.01762	0.01874	0.14419	0.15619	0.09904	0.01669	0.01509	0.01857	0.05889	0.22619	0.07153	0.08560	0.01006	0.00264	0.00743	0.01070	0.00462	0.00724
6	0.01818	0.15140	0.33779	0.01610	0.02294	0.14149	0.01739	0.05889	0.01610	0.08734	0.01328	0.01497	0.01002	0.00953	0.05421	0.00250	0.00983	0.00500	0.00373	0.00929
7	0.01824	0.01476	0.02457	0.12112	0.53176	0.01487	0.01869	0.02206	0.01567	0.13109	0.01469	0.01773	0.01136	0.00643	0.00667	0.00203	0.00774	0.00610	0.00406	0.01037
8	0.00831	0.00676	0.00737	0.00733	0.00933	0.00581	0.00545	0.01033	0.01603	0.02014	0.21989	0.10109	0.52583	0.01645	0.00796	0.00226	0.00337	0.01396	0.00650	0.00581
9	0.02125	0.05935	0.02522	0.13278	0.05280	0.04153	0.18888	0.18855	0.01998	0.17792	0.01633	0.01792	0.01155	0.00704	0.00686	0.00208	0.00844	0.00646	0.00517	0.00988
10	0.01616	0.01682	0.01812	0.26363	0.10444	0.19488	0.01422	0.02063	0.08498	0.01799	0.01451	0.02048	0.01248	0.09942	0.04984	0.00308	0.03068	0.00623	0.00369	0.00772
11	0.02431	0.01788	0.01911	0.01485	0.01992	0.01980	0.01220	0.62543	0.06960	0.04055	0.01706	0.01710	0.01224	0.00810	0.00661	0.00200	0.00704	0.00614	0.04896	0.01109
12	0.01715	0.01384	0.01757	0.13188	0.14295	0.01541	0.01305	0.16098	0.23081	0.02768	0.01923	0.02066	0.01461	0.00777	0.00640	0.00205	0.00640	0.00653	0.13545	0.00957
13	0.01860	0.01327	0.01476	0.01293	0.01681	0.01461	0.01014	0.03330	0.52830	0.15700	0.08152	0.02660	0.02313	0.00932	0.00690	0.00223	0.00522	0.00779	0.00714	0.01043
14	0.00942	0.00686	0.00886	0.00836	0.00998	0.00630	0.00627	0.01251	0.01881	0.02647	0.68621	0.05084	0.09617	0.01388	0.00791	0.00212	0.00318	0.01224	0.00733	0.00630
15	0.00959	0.00719	0.01078	0.01078	0.01198	0.00839	0.00839	0.01198	0.01078	0.01558	0.01797	0.02636	0.01677	0.05032	0.73760	0.01078	0.01797	0.00719	0.00359	0.00599
16	0.00920	0.00685	0.00856	0.00813	0.00984	0.00621	0.00610	0.01210	0.01830	0.02527	0.59719	0.05282	0.18594	0.01433	0.00792	0.00214	0.00321	0.01251	0.00717	0.00621
17	0.81159	0.01298	0.00986	0.00882	0.01298	0.01505	0.00727	0.01972	0.01142	0.03010	0.00934	0.01090	0.00727	0.00623	0.00415	0.00208	0.00519	0.00363	0.00415	0.00727
18	0.02506	0.03198	0.01901	0.01729	0.02074	0.73725	0.01296	0.02679	0.01901	0.01642	0.01037	0.01210	0.00864	0.00691	0.00605	0.00173	0.01210	0.00432	0.00346	0.00778
19	0.00818	0.00584	0.00779	0.00934	0.00973	0.00545	0.00623	0.00934	0.01285	0.01713	0.03698	0.75981	0.04438	0.02102	0.00856	0.00273	0.00389	0.01908	0.00623	0.00545
20	0.02615	0.01996	0.01830	0.01485	0.01958	0.20499	0.01189	0.30152	0.06384	0.22368	0.01811	0.01743	0.01264	0.00789	0.00656	0.00197	0.00804	0.00587	0.00631	0.01042
21	0.00951	0.00671	0.00800	0.00802	0.00866	0.00672	0.00524	0.01038	0.01134	0.01506	0.06250	0.04547	0.12076	0.48632	0.13784	0.00625	0.00769	0.03423	0.00453	0.00477
22	0.01580	0.01163	0.01333	0.01161	0.01395	0.01295	0.00871	0.18870	0.13593	0.04674	0.02002	0.02906	0.01834	0.28265	0.11726	0.00490	0.04768	0.00780	0.00522	0.00771
23	0.01716	0.01465	0.01544	0.01375	0.01763	0.01691	0.01073	0.07096	0.67414	0.02882	0.02671	0.02456	0.02000	0.00905	0.00682	0.00226	0.00542	0.00750	0.00682	0.01066
24	0.01571	0.01353	0.01473	0.01234	0.01690	0.01395	0.00968	0.02902	0.46387	0.02587	0.02187	0.02110	0.01675	0.00764	0.00617	0.00182	0.00519	0.00631	0.00582	0.29173
25	0.01346	0.03471	0.72942	0.01912	0.02904	0.01558	0.02479	0.02125	0.01417	0.02125	0.01204	0.01417	0.00850	0.00637	0.00637	0.00212	0.00992	0.00496	0.00283	0.00992
26	0.01439	0.10875	0.50756	0.01984	0.02836	0.01719	0.13940	0.02096	0.01424	0.02050	0.01189	0.01451	0.00881	0.00640	0.00706	0.00211	0.04020	0.00536	0.00294	0.00952
27	0.01265	0.01826	0.20744	0.24683	0.03179	0.01371	0.17115	0.01770	0.01453	0.01940	0.02350	0.02627	0.15078	0.00843	0.00714	0.00222	0.00863	0.00778	0.00368	0.00810
28	0.00799	0.00655	0.00706	0.00746	0.00924	0.00561	0.00539	0.00955	0.01465	0.01787	0.05987	0.24646	0.54295	0.01805	0.00810	0.00239	0.00353	0.01545	0.00623	0.00561
29	0.03912	0.01130	0.01439	0.01327	0.01440	0.04918	0.01058	0.03800	0.01189	0.01729	0.01538	0.06010	0.01484	0.03159	0.38857	0.00685	0.24579	0.00711	0.00365	0.00670
30	0.01378	0.06344	0.66171	0.01934	0.02891	0.01611	0.06292	0.02122	0.01424	0.02104	0.01202	0.01425	0.00860	0.00631	0.00638	0.00210	0.00989	0.00507	0.00287	0.00981
31	0.00998	0.00826	0.01040	0.00996	0.01129	0.00881	0.00759	0.01263	0.03929	0.02091	0.27058	0.18631	0.21753	0.01549	0.01045	0.00242	0.13295	0.01278	0.00607	0.00631
32	0.01137	0.00705	0.00878	0.00893	0.00979	0.00683	0.00617	0.01251	0.01262	0.07423	0.07774	0.14547	0.03181	0.41693	0.02219	0.00471	0.00578	0.12639	0.00532	0.00539
33	0.04812	0.01877	0.02232	0.14149	0.02679	0.09699	0.10675	0.39602	0.02430	0.03198	0.01421	0.01607	0.01039	0.00732	0.00672	0.00206	0.00862	0.00602	0.00519	0.00989
34	0.01741	0.01420	0.02303	0.04549	0.12263	0.01543	0.15545	0.08166	0.01588	0.11741	0.01721	0.07146	0.01500	0.01076	0.03084	0.00265	0.18408	0.04594	0.00459	0.00886
35	0.02363	0.00973	0.01276	0.01030	0.01425	0.00863	0.00832	0.02642	0.01815	0.48633	0.12516	0.02720	0.02345	0.00899	0.00651	0.00198	0.00483	0.00742	0.16629	0.00966
36	0.81159	0.01298	0.00986	0.00882	0.01298	0.01505	0.00727	0.01972	0.01142	0.03010	0.00934	0.01090	0.00727	0.00623	0.00415	0.00208	0.00519	0.00363	0.00415	0.00727
37	0.01691	0.01976	0.15575	0.10446	0.02578	0.07462	0.11798	0.17318	0.01850	0.02480	0.01567	0.09446	0.01346	0.00811	0.00675	0.00202	0.00836	0.00709	0.00437	0.10797
38	0.00863	0.00682	0.00777	0.00754	0.00950	0.00596	0.00565	0.01099	0.01696	0.02208	0.36068	0.05807	0.42444	0.01552	0.00792	0.00220	0.00329	0.01325	0.00675	0.00596
39	0.01713	0.26210	0.14303	0.09903	0.19772	0.08222	0.01697	0.04806	0.01519	0.01949	0.01121	0.01399	0.00925	0.00640	0.00631	0.00187	0.03274	0.00490	0.00320	0.00920
40	0.01706	0.01625	0.04916	0.39622	0.07140	0.11367	0.04443	0.02144	0.04013	0.10175	0.01392	0.01755	0.01034	0.00721	0.00754	0.00217	0.05162	0.00592	0.00384	0.00841
41	0.00831	0.00681	0.00732	0.00719	0.00929	0.00582	0.00539	0.01036	0.01618	0.02024	0.22448	0.06110	0.56179	0.01621	0.00793	0.00223	0.00334	0.01367	0.00651	0.00582
42	0.00960	0.00733	0.00917	0.00877	0.01056	0.00712	0.00665	0.01325	0.05664	0.02338	0.43449	0.04788	0.18812	0.01993	0.12350	0.00353	0.00568	0.01151	0.00652	0.00639
43	0.01005	0.00718	0.00994	0.01149	0.01270	0.00707	0.00949	0.01259	0.01470	0.01923	0.03595	0.27323	0.04028	0.01925	0.00906	0.00298	0.00552	0.48715	0.00619	0.00597
44	0.81159	0.01298	0.00986	0.00882	0.01298	0.01505	0.00727	0.01972	0.01142	0.03010	0.00934	0.01090	0.00727	0.00623	0.00415	0.00208	0.00519	0.00363	0.00415	0.00727
45	0.00818	0.00584	0.00779	0.00934	0.00973	0.00545	0.00623	0.00934	0.01285	0.01713	0.03698	0.75981	0.04438	0.02102	0.00856	0.00273	0.00389	0.01908	0.00623	0.00545
46	0.02327	0.02899	0.01928	0.01734	0.02020	0.61329	0.01326	0.02495	0.01750	0.01637	0.01010	0.01255	0.00867	0.00775	0.00881	0.00194	0.14006	0.00459	0.00337	0.00770
47	0.01865	0.01532	0.02018	0.33408	0.03147	0.01821	0.01554	0.32252	0.02116	0.02828	0.01343	0.01671	0.01003	0.00791	0.00852	0.00222	0.09593	0.00599	0.00465	0.00921
48	0.01282	0.01247	0.01879	0.01642	0.05594	0.04072	0.19095	0.01868	0.13562	0.02122	0.07382	0.14814	0.20154	0.01207	0.00769	0.00229	0.00648	0.01119	0.00538	0.00777
49	0.01638	0.02058	0.22681	0.01779	0.05742	0.01599	0.07446	0.02931	0.37548	0.06235	0.02088	0.02072	0.01539	0.00781	0.00678	0.00221	0.00733	0.00672	0.00527	0.01032
50	0.01393	0.01269	0.02103	0.20132	0.37947	0.01336	0.01717	0.01761	0.01462	0.02002	0.01848	0.09934	0.01798	0.00962	0.00726	0.00230	0.00752	0.11363	0.00398	0.00866
51	0.02399	0.01852	0.02284	0.01821	0.04554	0.11750	0.14888	0.26775	0.04779	0.19391	0.01752	0.01786	0.01230	0.00745	0.00687	0.00205	0.00838	0.00639	0.00586	0.01038
52	0.01374	0.01170	0.01364	0.00983	0.01555	0.00884	0.00779	0.01660	0.01374	0.02150	0.01230	0.01514	0.01053	0.03600	0.00616	0.00122	0.00503	0.00421	0.00398	0.77246
53	0.01251	0.00625	0.00625	0.00625	0.00782	0.00625	0.00469	0.01563	0.01407	0.02502	0.02189	0.02502	0.01720	0.00782	0.00469	0.00156	0.00313	0.00625	0.80144	0.00625
54	0.81159	0.01298	0.00986	0.00882	0.01298	0.01505	0.00727	0.01972	0.01142	0.03010	0.00934	0.01090	0.00727	0.00623	0.00415	0.00208	0.00519	0.00363	0.00415	0.00727
55	0.00976	0.00651	0.00732	0.00732	0.00732	0.00651	0.00407	0.00976	0.00976	0.01301	0.02114	0.04391	0.02439	0.76419	0.03415	0.00651	0.00651	0.00976	0.00407	0.00407
56	0.02262	0.00922	0.01161	0.00952	0.01317	0.00833	0.00766	0.02544	0.01702	0.42832	0.02452	0.02376	0.01686	0.00810	0.00587	0.00186	0.00461	0.00654	0.34576	0.00922
57	0.00976	0.00651	0.00732	0.00732	0.00732	0.00651	0.00407	0.00976	0.00976	0.01301	0.02114	0.04391	0.02439	0.76419	0.03415	0.00651	0.00651	0.00976	0.00407	0.00407
58	0.00937	0.00685	0.00879	0.00831	0.00994	0.00628	0.00623	0.01241	0.01869	0.02618	0.66491	0.05132	0.11765	0.01399	0.00792	0.00212	0.00318	0.01230	0.00729	0.00628
59	0.01206	0.01417	0.11876	0.01569	0.04727	0.01106	0.15630	0.01743	0.07525	0.02296	0.25210	0.05465	0.12896	0.03315	0.00835	0.00232	0.00638	0.00998	0.00539	0.00777
60	0.00964	0.00699	0.00976	0.00976	0.01061	0.00783	0.00711	0.01133	0.01048	0.01482	0.01891	0.03154	0.01902	0.26090	0.53009	0.00952	0.01459	0.00795	0.00373	0.00542
61	0.01325	0.10167	0.02037	0.19408	0.19662	0.01387	0.03840	0.01620	0.01297	0.01741	0.01529	0.05224	0.01450	0.13441	0.12702	0.00414	0.00942	0.00708	0.00347	0.00758
62	0.01823	0.19149	0.02262	0.22319	0.02652	0.01961	0.01369	0.20711	0.16392	0.02594	0.01567	0.01723	0.01195	0.00735	0.00617	0.00200	0.00735	0.00577	0.00477	0.00946
63	0.01454	0.01253	0.01703	0.01721	0.13743	0.01315	0.01171	0.05583	0.01533	0.04024	0.13540	0.02412	0.06163	0.00932	0.01039	0.00201	0.19385	0.00699	0.00458	0.21672
64	0.01725	0.08555	0.17711	0.10007	0.18446	0.01521	0.05130	0.04545	0.03878	0.11816	0.01570	0.03746	0.01212	0.00705	0.00639	0.00200	0.00777	0.00610	0.03646	0.03560
65	0.15043	0.16945	0.16902	0.01404	0.01990	0.01859	0.01388	0.19203	0.01835	0.11094	0.01362	0.01451	0.01004	0.00718	0.00663	0.00199	0.05008	0.00501	0.00469	0.00963
66	0.02767	0.01092	0.01500	0.01180	0.01652	0.00969	0.00969	0.03024	0.01820	0.64247	0.02546	0.02326	0.01663	0.01330	0.09357	0.00311	0.00717	0.00680	0.00775	0.01077
67	0.01466	0.01430	0.05838	0.09208	0.26435	0.01391	0.06883	0.02094	0.13476	0.04074	0.02027	0.16645	0.01887	0.00982	0.00761	0.00227	0.02915	0.00898	0.00458	0.00906
68	0.01486	0.01227	0.02006	0.24175	0.02791	0.01311	0.14555	0.02054	0.09765	0.09810	0.12970	0.02788	0.07586	0.00904	0.00780	0.00224	0.03417	0.00822	0.00503	0.00825
69	0.02880	0.01352	0.01687	0.01293	0.01817	0.01297	0.01068	0.22238	0.02271	0.53234	0.02353	0.02093	0.01513	0.00823	0.00674	0.00206	0.00619	0.00655	0.00785	0.01142
70	0.00905	0.00684	0.00835	0.00798	0.00975	0.00614	0.00598	0.01180	0.01795	0.02442	0.53466	0.05421	0.24899	0.01464	0.00792	0.00215	0.00323	0.01271	0.00706	0.00614
71	0.13633	0.01824	0.02095	0.05797	0.09821	0.14150	0.10074	0.12104	0.09279	0.06243	0.01434	0.01626	0.01099	0.00743	0.00768	0.00213	0.07145	0.00581	0.00456	0.00915
72	0.01091	0.00739	0.00899	0.00911	0.01049	0.00711	0.00665	0.01341	0.04894	0.05931	0.13286	0.15147	0.14269	0.23021	0.01562	0.00365	0.00502	0.12431	0.00592	0.00594
73	0.00858	0.00601	0.00767	0.00883	0.00912	0.00572	0.00568	0.00945	0.01206	0.01608	0.03294	0.57692	0.03927	0.21088	0.01510	0.00369	0.00456	0.01669	0.00568	0.00510
74	0.02289	0.06321	0.02183	0.02203	0.17693	0.42941	0.01456	0.12986	0.01986	0.02164	0.01171	0.01366	0.00951	0.00682	0.00620	0.00182	0.01020	0.00492	0.00390	0.00902
75	0.47463	0.01662	0.01483	0.12859	0.02091	0.14033	0.03858	0.05676	0.01430	0.02598	0.01046	0.01279	0.00811	0.00650	0.00518	0.00205	0.00735	0.00442	0.00395	0.00768
76	0.02112	0.01289	0.01415	0.01147	0.01535	0.01362	0.00927	0.31926	0.05071	0.14198	0.02029	0.02077	0.01470	0.00805	0.00598	0.00187	0.00548	0.00629	0.29724	0.00950
77	0.01189	0.01035	0.01379	0.01182	0.01471	0.02923	0.09572	0.09455	0.01669	0.02142	0.08154	0.09812	0.31635	0.01986	0.12910	0.00366	0.00757	0.01123	0.00548	0.00692
78	0.01018	0.00637	0.00675	0.00701	0.00851	0.00594	0.00505	0.01236	0.01401	0.02086	0.03888	0.16549	0.24207	0.05317	0.00794	0.00225	0.00352	0.01113	0.37269	0.00581
79	0.01794	0.76823	0.03516	0.01148	0.01722	0.02655	0.01148	0.02009	0.01363	0.01579	0.00933	0.01076	0.00861	0.00574	0.00431	0.00144	0.00718	0.00359	0.00287	0.00861
80	0.81159	0.01298	0.00986	0.00882	0.01298	0.01505	0.00727	0.01972	0.01142	0.03010	0.00934	0.01090	0.00727	0.00623	0.00415	0.00208	0.00519	0.00363	0.00415	0.00727
81	0.01267	0.01193	0.02013	0.74806	0.04621	0.01491	0.01863	0.01714	0.01342	0.01714	0.01193	0.01789	0.00894	0.00671	0.00671	0.00224	0.00894	0.00596	0.00298	0.00745
82	0.00960	0.01100	0.11585	0.00953	0.01257	0.00751	0.00871	0.01301	0.01713	0.02335	0.41200	0.04922	0.25811	0.01363	0.00769	0.00216	0.00425	0.01169	0.00635	0.00666
83	0.00813	0.00685	0.00707	0.00713	0.00934	0.00579	0.00543	0.00994	0.01542	0.01852	0.08800	0.06465	0.66368	0.01696	0.00800	0.00230	0.00353	0.04729	0.00627	0.00571
84	0.01267	0.01193	0.02013	0.74806	0.04621	0.01491	0.01863	0.01714	0.01342	0.01714	0.01193	0.01789	0.00894	0.00671	0.00671	0.00224	0.00894	0.00596	0.00298	0.00745
85	0.00950	0.00686	0.00897	0.00844	0.01002	0.00633	0.00633	0.01266	0.01899	0.02691	0.71879	0.05012	0.06331	0.01372	0.00791	0.00211	0.00317	0.01213	0.00739	0.00633
86	0.01794	0.76823	0.03516	0.01148	0.01722	0.02655	0.01148	0.02009	0.01363	0.01579	0.00933	0.01076	0.00861	0.00574	0.00431	0.00144	0.00718	0.00359	0.00287	0.00861
87	0.01879	0.01379	0.13661	0.01191	0.01646	0.00944	0.01092	0.02087	0.01450	0.27377	0.01857	0.06166	0.01451	0.01197	0.01143	0.20464	0.00625	0.00648	0.00520	0.13222
88	0.01794	0.76823	0.03516	0.01148	0.01722	0.02655	0.01148	0.02009	0.01363	0.01579	0.00933	0.01076	0.00861	0.00574	0.00431	0.00144	0.00718	0.00359	0.00287	0.00861
89	0.02014	0.01467	0.01630	0.01322	0.01761	0.01542	0.01055	0.36992	0.10632	0.07279	0.02108	0.14590	0.01830	0.01002	0.00681	0.00203	0.00611	0.00824	0.00636	0.11820
90	0.81159	0.01298	0.00986	0.00882	0.01298	0.01505	0.00727	0.01972	0.01142	0.03010	0.00934	0.01090	0.00727	0.00623	0.00415	0.00208	0.00519	0.00363	0.00415	0.00727

[dist]
# distance from previous block
# <min> <max>
0	2

[block]
# block no. 2 follows, 32 sequences, length 19
# corresponding to MSA columns:
# 136-141,146-158
name=unknown_C
#
# <colnr> <probs for GDERKNQSTAVLIFYWHMCP>
#	G	D	E	R	K	N	Q	S	T	A	V	L	I	F	Y	W	H	M	C	P
0	0.00820	0.00659	0.00732	0.00761	0.00935	0.00571	0.00553	0.00998	0.01524	0.01909	0.14959	0.22254	0.47478	0.01747	0.00807	0.00235	0.00348	0.01502	0.00639	0.00571
1	0.01716	0.52932	0.02804	0.01128	0.01626	0.02198	0.01055	0.10972	0.01624	0.01973	0.01948	0.05226	0.10768	0.00827	0.00531	0.00168	0.00654	0.00605	0.00400	0.00844
2	0.50614	0.09445	0.09692	0.01126	0.01617	0.04996	0.01040	0.02216	0.09550	0.02673	0.01184	0.01300	0.00919	0.00657	0.00483	0.00202	0.00628	0.00428	0.00415	0.00814
3	0.01953	0.35336	0.06025	0.06593	0.06881	0.08626	0.01358	0.17349	0.05884	0.02325	0.01252	0.01396	0.01009	0.00667	0.00557	0.00177	0.00786	0.00482	0.00405	0.00940
4	0.01267	0.01193	0.02013	0.74806	0.04621	0.01491	0.01863	0.01714	0.01342	0.01714	0.01193	0.01789	0.00894	0.00671	0.00671	0.00224	0.00894	0.00596	0.00298	0.00745
5	0.01529	0.01460	0.02485	0.27830	0.49554	0.01560	0.01994	0.01944	0.01465	0.02032	0.01239	0.01704	0.01006	0.00622	0.00666	0.00207	0.00830	0.00597	0.00321	0.00956
6	0.00928	0.00684	0.00987	0.01022	0.01115	0.00760	0.00760	0.01124	0.01117	0.01574	0.02242	0.19058	0.02345	0.09469	0.52548	0.00869	0.01403	0.01001	0.00421	0.00573
7	0.53527	0.01210	0.01147	0.00973	0.01395	0.01299	0.00794	0.02289	0.01355	0.23353	0.01451	0.01496	0.01027	0.00784	0.00621	0.04922	0.00538	0.00468	0.00530	0.00823
8	0.01267	0.01193	0.02013	0.74806	0.04621	0.01491	0.01863	0.01714	0.01342	0.01714	0.01193	0.01789	0.00894	0.00671	0.00671	0.00224	0.00894	0.00596	0.00298	0.00745
9	0.66802	0.01269	0.01091	0.00940	0.01374	0.01410	0.00774	0.02211	0.01285	0.15813	0.01249	0.01309	0.00898	0.00661	0.00463	0.00208	0.00529	0.00421	0.00492	0.00803
10	0.01262	0.01131	0.01266	0.01408	0.10903	0.07002	0.00905	0.01724	0.11105	0.02160	0.17504	0.11210	0.16225	0.06331	0.00907	0.00241	0.00529	0.01042	0.02716	0.04427
11	0.01993	0.05293	0.01886	0.04936	0.02001	0.19708	0.01258	0.10825	0.23362	0.05483	0.01679	0.01777	0.01306	0.00862	0.00929	0.00218	0.14467	0.00598	0.00497	0.00921
12	0.66556	0.01324	0.01084	0.00971	0.01380	0.01535	0.00788	0.02265	0.13979	0.02973	0.01264	0.01350	0.00969	0.00676	0.00464	0.00211	0.00521	0.00436	0.00464	0.00788
13	0.01150	0.00973	0.01239	0.12855	0.01763	0.04156	0.00923	0.01405	0.01327	0.01835	0.11276	0.07051	0.02279	0.11236	0.22551	0.00503	0.00964	0.00796	0.00429	0.15291
14	0.01622	0.15590	0.03878	0.02519	0.03179	0.01873	0.57185	0.02124	0.01543	0.02044	0.01279	0.01675	0.00989	0.00567	0.00725	0.00211	0.01055	0.00712	0.00330	0.00897
15	0.01252	0.00833	0.01336	0.14899	0.11308	0.00888	0.01020	0.01190	0.01049	0.01407	0.01184	0.01942	0.01102	0.01789	0.01996	0.54771	0.00669	0.00587	0.00298	0.00480
16	0.01158	0.01045	0.01713	0.56897	0.03737	0.01261	0.01563	0.01525	0.01328	0.01714	0.01800	0.19776	0.01754	0.01018	0.00716	0.00235	0.00772	0.00914	0.00377	0.00697
17	0.01644	0.62829	0.03005	0.01072	0.01540	0.02287	0.01012	0.01819	0.01292	0.01528	0.01150	0.01685	0.01151	0.14507	0.00979	0.00237	0.00705	0.00472	0.00309	0.00778
18	0.01865	0.02453	0.38902	0.01602	0.02338	0.01454	0.01787	0.14744	0.01882	0.16752	0.08101	0.01959	0.01573	0.00775	0.00665	0.00209	0.00798	0.00618	0.00507	0.01016

[dist]
# distance from previous block
# <min> <max>
0	13

[block]
# block no. 3 follows, 32 sequences, length 18
# corresponding to MSA columns:
# 172-189
name=unknown_D
#
# <colnr> <probs for GDERKNQSTAVLIFYWHMCP>
#	G	D	E	R	K	N	Q	S	T	A	V	L	I	F	Y	W	H	M	C	P
0	0.01360	0.01009	0.01315	0.14723	0.01877	0.01110	0.00999	0.15569	0.01593	0.02121	0.02087	0.13501	0.02124	0.17202	0.07553	0.07118	0.00764	0.06829	0.00478	0.00668
1	0.01541	0.01452	0.01967	0.46580	0.09778	0.07406	0.01653	0.09651	0.04827	0.02094	0.01627	0.02012	0.05081	0.00752	0.00673	0.00215	0.00845	0.00639	0.00384	0.00826
2	0.01858	0.11149	0.08263	0.05787	0.26453	0.14627	0.01625	0.09979	0.07083	0.02255	0.01407	0.04012	0.01174	0.00716	0.00632	0.00195	0.00841	0.00587	0.00399	0.00959
3	0.01284	0.06461	0.15802	0.01632	0.02051	0.01352	0.17526	0.01655	0.01330	0.01864	0.07722	0.02557	0.01801	0.16286	0.10757	0.00416	0.07636	0.00753	0.00372	0.00742
4	0.01142	0.00981	0.07765	0.01014	0.01231	0.00804	0.00836	0.01355	0.01250	0.07920	0.02821	0.11804	0.12135	0.19897	0.25371	0.00607	0.00979	0.00988	0.00473	0.00629
5	0.01838	0.61287	0.03413	0.01395	0.01959	0.09286	0.08990	0.02089	0.01440	0.01650	0.00991	0.01173	0.00879	0.00584	0.00488	0.00156	0.00811	0.00415	0.00299	0.00858
6	0.01601	0.01633	0.14702	0.01284	0.01877	0.01167	0.03000	0.04426	0.11046	0.10381	0.05815	0.02065	0.04173	0.00724	0.00610	0.00168	0.00610	0.00599	0.00500	0.33618
7	0.25344	0.32955	0.02537	0.01324	0.01849	0.04846	0.08864	0.08717	0.01540	0.05011	0.01117	0.01267	0.00897	0.00624	0.00507	0.00181	0.00722	0.00448	0.00391	0.00861
8	0.01333	0.01322	0.02419	0.59772	0.04389	0.01534	0.16052	0.01805	0.01392	0.01805	0.01227	0.01793	0.00920	0.00649	0.00696	0.00224	0.00944	0.00637	0.00307	0.00779
9	0.47859	0.01233	0.01300	0.01071	0.01505	0.01294	0.06524	0.01806	0.01242	0.02586	0.01441	0.01661	0.05099	0.01050	0.06993	0.00268	0.00669	0.00499	0.00413	0.15486
10	0.31256	0.01089	0.01338	0.01140	0.01475	0.01115	0.09557	0.01752	0.01343	0.10324	0.02461	0.15611	0.09931	0.07754	0.00882	0.00263	0.00571	0.00906	0.00513	0.00718
11	0.01486	0.09443	0.15471	0.01598	0.02114	0.09631	0.14127	0.04427	0.01618	0.02132	0.13679	0.02405	0.05197	0.01214	0.07603	0.00279	0.00907	0.00716	0.00424	0.05530
12	0.51632	0.01348	0.07431	0.07994	0.01695	0.01331	0.00971	0.01769	0.01212	0.02569	0.01494	0.15043	0.01440	0.00902	0.00541	0.00222	0.00573	0.00683	0.00431	0.00718
13	0.08153	0.15562	0.10031	0.07728	0.10497	0.08352	0.01310	0.01907	0.05572	0.02042	0.07568	0.14711	0.02027	0.00960	0.00637	0.00206	0.00702	0.00796	0.00429	0.00810
14	0.18142	0.04703	0.10675	0.08061	0.07879	0.04777	0.01349	0.05827	0.01518	0.08971	0.01865	0.02476	0.05493	0.00908	0.00763	0.00224	0.06850	0.08227	0.00452	0.00839
15	0.01251	0.01179	0.01213	0.09639	0.01664	0.11585	0.00936	0.01634	0.07427	0.02079	0.21199	0.17375	0.11985	0.01353	0.00791	0.00229	0.02143	0.05064	0.00573	0.00680
16	0.17694	0.04739	0.08948	0.08275	0.02054	0.08654	0.01240	0.09188	0.04688	0.16503	0.03928	0.02250	0.01512	0.00839	0.00628	0.00213	0.00716	0.06513	0.00527	0.00893
17	0.15519	0.07728	0.02060	0.07943	0.14189	0.04699	0.05151	0.08848	0.03009	0.04931	0.01247	0.01491	0.00989	0.00666	0.00683	0.00189	0.05645	0.00514	0.00408	0.14091

[dist]
# distance from previous block
# <min> <max>
13	170

# created by:
# /home/berkeley/.conda/envs/busco_data_prod/bin/msa2prfl.pl pipeline/OGs_align_augustus/5794/9998.fs
