102
contig_455_polished                                            0.0000000 0.0019671 0.1313733 0.1291592 0.1249803 0.1303114 0.1302730 0.1452997 0.1372834 0.1371866 0.1594915 0.1345073 0.1381061 0.1394478 0.1360392 0.1618860 0.1243798 0.1414416 0.1432570 0.1218347 0.1315796 0.1455235 0.1367286 0.1645279 0.1541174 0.1582743 0.1260782 0.1202869 0.1564436 0.1680327 0.1678953 0.1384316 0.1791779 0.1575656 0.1615785 0.1618178 0.1705318 0.1477993 0.0647314 0.0158493 0.0145865 0.0175001 0.0129361 0.0422072 0.0933793 0.0996803 0.1072651 0.1051780 0.2485174 0.1469037 0.1441766 0.1586576 0.1558751 0.1575321 0.2479422 0.3256650 0.1605853 0.2043457 0.2071468 0.1724311 0.2320532 0.2299773 0.2249618 0.2158145 0.2413372 0.2307866 0.2354962 0.2472928 0.2647768 0.1997447 0.2655455 0.2364439 0.2383109 0.2533967 0.2682549 0.2960201 0.2945080 0.2800563 0.2945812 0.2834938 0.2825066 0.2859025 0.5026793 0.4960689 0.4400139 0.3989928 0.5339929 0.4565579 0.4561821 0.4777231 0.5149883 0.5548071 0.5678830 0.6119035 0.4841253 0.3551453 0.4548603 0.4257273 0.4257273 0.5005584 0.5129981 0.5411772 
Consensus_Lgryllorum_PCR_Sanger                                0.0019671 0.0000000 0.1333190 0.1236991 0.1194840 0.1262648 0.1262263 0.1399412 0.1315751 0.1314817 0.1510660 0.1355775 0.1341449 0.1355063 0.1322065 0.1621150 0.1163075 0.1365082 0.1381196 0.1215971 0.1250953 0.1391737 0.1396720 0.1594174 0.1506293 0.1529920 0.1220157 0.1161238 0.1527170 0.1644538 0.1581080 0.1318922 0.1727650 0.1494847 0.1559175 0.1581521 0.1687508 0.1424906 0.0640171 0.0151694 0.0147489 0.0176950 0.0151699 0.0312046 0.0920073 0.1009542 0.1113144 0.1066007 0.2515122 0.1531028 0.1468226 0.1572040 0.1558828 0.1575807 0.2420603 0.3230026 0.1558429 0.2035417 0.1984118 0.1698492 0.2236489 0.2198939 0.2165770 0.2178536 0.2340577 0.2204627 0.2272135 0.2348855 0.2482035 0.2021633 0.2635489 0.2323984 0.2272590 0.2420820 0.2572696 0.2847368 0.2790026 0.2829013 0.2837111 0.2725466 0.2715807 0.2866151 0.4975672 0.4881694 0.4342936 0.3779127 0.5460598 0.4438537 0.4434760 0.4623704 0.5022678 0.5577593 0.5705420 0.5884397 0.4836483 0.3297306 0.4505936 0.4205601 0.4205601 0.4925775 0.4985633 0.5282417 
Cryptosporidium_hominis_DQ286403.1                             0.1313733 0.1333190 0.0000000 0.0000010 0.0163547 0.0281140 0.0280927 0.0529428 0.0422422 0.0464656 0.0730151 0.0533224 0.0380417 0.0360798 0.0383836 0.0870016 0.0480015 0.0612861 0.0640629 0.0400392 0.0476720 0.0700304 0.0704216 0.1049387 0.1151941 0.0696702 0.0461836 0.0443455 0.0890200 0.0943374 0.0917842 0.0716927 0.1391665 0.0988015 0.1028777 0.0994386 0.1227797 0.0955940 0.1716191 0.1314852 0.1748760 0.1613100 0.1299958 0.1524670 0.1894291 0.1520004 0.1675980 0.1729294 0.2415367 0.2470037 0.2392043 0.2263976 0.2158628 0.2194375 0.1889182 0.2302822 0.2569664 0.3763443 0.2970665 0.2631740 0.2005344 0.1947797 0.1830019 0.1780224 0.2191845 0.2051580 0.2076540 0.2264096 0.2519186 0.3031240 0.3371011 0.1679859 0.1761100 0.1848378 0.2226674 0.2370522 0.2527697 0.2205228 0.2160904 0.2096505 0.2001366 0.2472764 0.5661209 0.5585998 0.4835464 0.3901509 0.5171292 0.4855471 0.4848135 0.5149241 0.5621790 0.7092098 0.6636386 0.6767380 0.6103944 0.4017808 0.4342137 0.3564069 0.3564069 0.5915853 0.5771165 0.6162263 
Cryptosporidium_parvum_AB089290.1                              0.1291592 0.1236991 0.0000010 0.0000000 0.0147790 0.0295457 0.0295336 0.0494690 0.0350686 0.0383809 0.0688347 0.0506624 0.0382834 0.0361314 0.0361728 0.0665283 0.0402600 0.0514373 0.0505955 0.0360854 0.0421001 0.0570832 0.0538367 0.0786617 0.0855186 0.0502612 0.0370129 0.0372189 0.0644535 0.0683486 0.0845761 0.0676742 0.0913518 0.0778406 0.0837644 0.0789055 0.0933541 0.0810939 0.1591212 0.1263060 0.1295471 0.1313044 0.1200001 0.1629023 0.1833962 0.1617391 0.1681527 0.1696020 0.3331968 0.2326018 0.2264590 0.2210962 0.2103346 0.2122401 0.1504482 0.2199832 0.2302893 0.2838428 0.2715493 0.2263146 0.1595689 0.1539461 0.1451949 0.1454231 0.1678933 0.1568577 0.1612061 0.1733613 0.1868612 0.2506679 0.3136880 0.1630181 0.1580792 0.1728616 0.1982309 0.2157060 0.2159692 0.2029382 0.2086467 0.2006365 0.1984310 0.2247902 0.4471481 0.4409575 0.3900003 0.3230711 0.5171292 0.3931400 0.3928039 0.4076654 0.4240435 0.5145417 0.5274754 0.5182386 0.4479439 0.2952129 0.3572704 0.3516231 0.3516231 0.4658623 0.4527561 0.4823144 
Cryptosporidium_muris_strain_Calf_genotype_IDVS-811_AF093496.1 0.1249803 0.1194840 0.0163547 0.0147790 0.0000000 0.0230488 0.0230392 0.0403109 0.0285162 0.0295144 0.0612175 0.0472831 0.0350743 0.0329357 0.0306965 0.0566811 0.0292409 0.0469303 0.0483327 0.0317546 0.0334039 0.0514173 0.0457610 0.0737996 0.0756179 0.0397751 0.0346086 0.0336900 0.0575747 0.0689757 0.0786589 0.0616463 0.0849918 0.0653017 0.0684968 0.0641082 0.0818156 0.0662569 0.1562668 0.1206461 0.1314517 0.1332100 0.1143393 0.1609171 0.1807441 0.1644469 0.1691773 0.1706024 0.3235833 0.2234110 0.2174546 0.2124298 0.1998809 0.2017355 0.1406388 0.2127758 0.2229827 0.2839600 0.2744896 0.2148240 0.1434798 0.1382881 0.1298583 0.1296546 0.1545402 0.1484680 0.1540810 0.1645587 0.1776117 0.2442024 0.3125794 0.1613893 0.1560968 0.1690359 0.2000091 0.2072679 0.2087037 0.1981240 0.2039004 0.1959932 0.1938273 0.2241791 0.4440343 0.4379918 0.3874639 0.3272640 0.4810405 0.3854151 0.3850834 0.3952103 0.4280116 0.5185028 0.5242384 0.5117407 0.4450739 0.2927623 0.3719504 0.3368426 0.3368426 0.4441015 0.4367928 0.4678588 
Apicomplexa_sp._WKK-2018a_isolate_TRC_MH304758.1               0.1303114 0.1262648 0.0281140 0.0295457 0.0230488 0.0000000 0.0019293 0.0304546 0.0158456 0.0148115 0.0470582 0.0416146 0.0342099 0.0342117 0.0287430 0.0678958 0.0317150 0.0506548 0.0545435 0.0419378 0.0469063 0.0551749 0.0591424 0.0832343 0.0874642 0.0490657 0.0369769 0.0306136 0.0590372 0.0691228 0.0856424 0.0743132 0.0974545 0.0694386 0.0703802 0.0684426 0.0862471 0.0703985 0.1622202 0.1258883 0.1385414 0.1403185 0.1209562 0.1677375 0.1823988 0.1703813 0.1752506 0.1733220 0.3282891 0.2295572 0.2216849 0.2294644 0.2206939 0.2226559 0.1406156 0.2315670 0.2312152 0.3020986 0.2852126 0.2201279 0.1427859 0.1405256 0.1276452 0.1288419 0.1538777 0.1431764 0.1473988 0.1591098 0.1732273 0.2569250 0.3318678 0.1693405 0.1611539 0.1711238 0.2003422 0.1926157 0.2033906 0.2026649 0.2062956 0.1983345 0.1961481 0.2225034 0.4452834 0.4391980 0.3941980 0.3232090 0.5134973 0.3954202 0.3950807 0.4150825 0.4391878 0.5176538 0.5259103 0.5278839 0.4505285 0.3073059 0.3839293 0.3539036 0.3539036 0.4476302 0.4571821 0.4691058 
Apicomplexa_sp._WKK-2018a_isolate_wkC1_MH304760.1              0.1302730 0.1262263 0.0280927 0.0295336 0.0230392 0.0019293 0.0000000 0.0304422 0.0158388 0.0148052 0.0470401 0.0415978 0.0341960 0.0341978 0.0287311 0.0678711 0.0317021 0.0506354 0.0545228 0.0419212 0.0468883 0.0539534 0.0591199 0.0832059 0.0874350 0.0490466 0.0358440 0.0295059 0.0590152 0.0690978 0.0856134 0.0742871 0.0974209 0.0694134 0.0703548 0.0657690 0.0833778 0.0703732 0.1585123 0.1258507 0.1385414 0.1403185 0.1209189 0.1676910 0.1823538 0.1703377 0.1752054 0.1732781 0.3282339 0.2295081 0.2216367 0.2294160 0.2206464 0.2226082 0.1405747 0.2339961 0.2311662 0.3020431 0.2851582 0.2200797 0.1411084 0.1388811 0.1276071 0.1288026 0.1538354 0.1415232 0.1457277 0.1573777 0.1714076 0.2588873 0.3315843 0.1675705 0.1594239 0.1693445 0.1984243 0.1907284 0.2014692 0.2006669 0.2043461 0.1964167 0.1942437 0.2204540 0.4452203 0.4391355 0.3941352 0.3232090 0.5133019 0.3953608 0.3950212 0.4150220 0.4391254 0.5175825 0.5258381 0.5278109 0.4504618 0.3102746 0.3775587 0.3512019 0.3512019 0.4528419 0.4624744 0.4745367 
Apicomplexa_sp._WKK-2018a_isolate_2_MH304759.1                 0.1452997 0.1399412 0.0529428 0.0494690 0.0403109 0.0304546 0.0304422 0.0000000 0.0347498 0.0336260 0.0732402 0.0666929 0.0581231 0.0594393 0.0507695 0.0892604 0.0504762 0.0691998 0.0709970 0.0589874 0.0627842 0.0752156 0.0739392 0.0987062 0.1082600 0.0617102 0.0574281 0.0529502 0.0702986 0.0808688 0.1012000 0.0919299 0.1076021 0.0899532 0.0883859 0.0889388 0.1078842 0.0908773 0.1834680 0.1406948 0.1536897 0.1554895 0.1343573 0.1850318 0.1953881 0.1941610 0.1981423 0.1990907 0.3460184 0.2457130 0.2392758 0.2457543 0.2437234 0.2457999 0.1624903 0.2538236 0.2445378 0.3225168 0.3034553 0.2531414 0.1591805 0.1535752 0.1439634 0.1441566 0.1682844 0.1598786 0.1642555 0.1765108 0.1870202 0.2765556 0.3447201 0.1928339 0.1841507 0.1980616 0.2325247 0.2275613 0.2307629 0.2272510 0.2320305 0.2236763 0.2213188 0.2514220 0.4717948 0.4654770 0.4228452 0.3839868 0.5000392 0.4326139 0.4322528 0.4430480 0.4626594 0.5681064 0.5716272 0.5706392 0.4816598 0.3356300 0.4111631 0.3717610 0.3717610 0.5003466 0.5007861 0.5230593 
Toxoplasma_gondii_M97703.1                                     0.1372834 0.1315751 0.0422422 0.0350686 0.0285162 0.0158456 0.0158388 0.0347498 0.0000000 0.0028903 0.0437355 0.0499397 0.0421717 0.0399714 0.0409864 0.0733424 0.0417962 0.0591669 0.0655822 0.0524898 0.0574994 0.0661414 0.0670190 0.0916713 0.0959632 0.0576333 0.0416188 0.0384337 0.0665815 0.0694302 0.0939079 0.0824615 0.1026785 0.0773630 0.0757161 0.0737735 0.0905184 0.0758163 0.1749128 0.1343326 0.1463089 0.1481105 0.1294007 0.1776766 0.1975176 0.1846684 0.1919400 0.1895396 0.3466249 0.2477217 0.2393906 0.2425251 0.2370001 0.2390496 0.1497144 0.2384118 0.2401554 0.3101134 0.2972649 0.2390976 0.1451795 0.1428808 0.1305689 0.1318564 0.1570393 0.1442460 0.1504606 0.1622765 0.1757058 0.2672340 0.3483483 0.1867282 0.1763809 0.1855555 0.2159512 0.2129031 0.2255067 0.2189436 0.2221743 0.2139399 0.2116397 0.2371464 0.4475391 0.4414347 0.3956182 0.3367625 0.4841759 0.3959381 0.3955981 0.4156210 0.4445468 0.5129498 0.5211607 0.5319273 0.4503507 0.3076700 0.4019331 0.3475323 0.3475323 0.4667453 0.4815751 0.4841222 
Besnoitia_besnoiti_AY833646.1                                  0.1371866 0.1314817 0.0464656 0.0383809 0.0295144 0.0148115 0.0148052 0.0336260 0.0028903 0.0000000 0.0425636 0.0486986 0.0409901 0.0409923 0.0398122 0.0719973 0.0384522 0.0579078 0.0619568 0.0490054 0.0540096 0.0648503 0.0656870 0.0902440 0.0945253 0.0563664 0.0415976 0.0372801 0.0652821 0.0707798 0.0900069 0.0810834 0.1011794 0.0784143 0.0743617 0.0713274 0.0879596 0.0720690 0.1730127 0.1326566 0.1442412 0.1460407 0.1277238 0.1776766 0.1954840 0.1845239 0.1899015 0.1875610 0.3436288 0.2453856 0.2371199 0.2402470 0.2347667 0.2368031 0.1450126 0.2384118 0.2344900 0.3060984 0.2933608 0.2388910 0.1434334 0.1411706 0.1289161 0.1301513 0.1552235 0.1425303 0.1487087 0.1604525 0.1737903 0.2669895 0.3479962 0.1830778 0.1775571 0.1849320 0.2120132 0.2089896 0.2215082 0.2148349 0.2181693 0.2100024 0.2077305 0.2350157 0.4489250 0.4428137 0.3974793 0.3361043 0.4803317 0.3943646 0.3940260 0.4139785 0.4427949 0.5109169 0.5191003 0.5298138 0.4524671 0.3118561 0.4052771 0.3445659 0.3445659 0.4648777 0.4796563 0.4821862 
Eimeria_tenella_AF026388.1                                     0.1594915 0.1510660 0.0730151 0.0688347 0.0612175 0.0470582 0.0470401 0.0732402 0.0437355 0.0425636 0.0000000 0.0786183 0.0720517 0.0720559 0.0681264 0.1022941 0.0711459 0.0804307 0.0862030 0.0768653 0.0793758 0.0901504 0.0969372 0.1185777 0.1272528 0.0864556 0.0748559 0.0724923 0.1014904 0.1079294 0.1211682 0.1099500 0.1125644 0.1119059 0.1049295 0.1070692 0.1254950 0.0997864 0.1935468 0.1546776 0.1723124 0.1741645 0.1483576 0.1999943 0.2192540 0.2064324 0.2109593 0.2128110 0.3568842 0.2612279 0.2561662 0.2550428 0.2593204 0.2571893 0.1823569 0.2954867 0.2584099 0.3420222 0.3172794 0.2701689 0.1829558 0.1766622 0.1657582 0.1642369 0.1951459 0.1790994 0.1872840 0.1975854 0.2061857 0.2858255 0.3718459 0.2122980 0.2081256 0.2231946 0.2512139 0.2531713 0.2517725 0.2580784 0.2594137 0.2506007 0.2480467 0.2821991 0.4872577 0.4757185 0.4299069 0.3579127 0.5090801 0.4205054 0.4201503 0.4377592 0.4742882 0.5460755 0.5549231 0.5487771 0.4862549 0.3446294 0.4262351 0.3789877 0.3789877 0.5079287 0.5090123 0.5125653 
Babesia_bigemina_JQ437264.1                                    0.1345073 0.1355775 0.0533224 0.0506624 0.0472831 0.0416146 0.0415978 0.0666929 0.0499397 0.0486986 0.0786183 0.0000000 0.0266579 0.0275920 0.0598617 0.0921052 0.0568865 0.0774888 0.0801730 0.0674149 0.0695734 0.0811853 0.0861984 0.1053346 0.1039155 0.0777507 0.0702944 0.0610807 0.0934325 0.0930949 0.1014621 0.0925894 0.1188442 0.1020655 0.1092739 0.1065414 0.1179815 0.1057712 0.1797064 0.1336379 0.1364906 0.1382662 0.1312401 0.1683932 0.1923960 0.1946973 0.1957220 0.2051636 0.3448796 0.2441446 0.2335498 0.2421970 0.2366834 0.2387620 0.1703928 0.2304208 0.2434903 0.3165109 0.3084734 0.2402050 0.1696207 0.1660978 0.1568513 0.1659827 0.1827926 0.1680631 0.1725913 0.1822160 0.1949740 0.2742272 0.3468025 0.1987954 0.1838484 0.1995484 0.2304334 0.2238034 0.2332924 0.2234765 0.2239069 0.2155170 0.2131695 0.2415274 0.4742785 0.4697188 0.4152407 0.3390717 0.5509237 0.4182652 0.4179053 0.4381334 0.4534364 0.5451165 0.5320811 0.5340365 0.4732938 0.3306511 0.3917511 0.3693297 0.3693297 0.4933551 0.4987705 0.5134051 
Theileria_parva_L02366.1                                       0.1381061 0.1341449 0.0380417 0.0382834 0.0350743 0.0342099 0.0341960 0.0581231 0.0421717 0.0409901 0.0720517 0.0266579 0.0000000 0.0048354 0.0504838 0.0876670 0.0502483 0.0688155 0.0716375 0.0525395 0.0575524 0.0724367 0.0779324 0.0973820 0.0929277 0.0676507 0.0628982 0.0526969 0.0814950 0.0913657 0.0950098 0.0846121 0.1094071 0.0946655 0.0933131 0.0907327 0.1044296 0.0929834 0.1717186 0.1306944 0.1369457 0.1387267 0.1315886 0.1808387 0.1964249 0.1772809 0.1823935 0.1805789 0.3430199 0.2324373 0.2209939 0.2405935 0.2250867 0.2270735 0.1593576 0.2339568 0.2481465 0.3073726 0.2862737 0.2369524 0.1693029 0.1665143 0.1507005 0.1595880 0.1806619 0.1725962 0.1771522 0.1899928 0.2028007 0.2576342 0.3397954 0.1746675 0.1760113 0.1864504 0.2142098 0.2139127 0.2187239 0.2084938 0.2174880 0.2093148 0.2070428 0.2306743 0.4527776 0.4466161 0.3967545 0.3368073 0.4964136 0.3944934 0.3941531 0.4161267 0.4468591 0.5317154 0.5300645 0.5262945 0.4679471 0.3226066 0.3877732 0.3656496 0.3656496 0.4809062 0.4845350 0.5038116 
Theileria_orientalis_AB520957.1                                0.1394478 0.1355063 0.0360798 0.0361314 0.0329357 0.0342117 0.0341978 0.0594393 0.0399714 0.0409923 0.0720559 0.0275920 0.0048354 0.0000000 0.0504866 0.0863982 0.0513605 0.0678422 0.0730414 0.0538289 0.0588541 0.0738384 0.0754969 0.0949018 0.0916725 0.0676547 0.0629018 0.0526998 0.0814998 0.0913712 0.0962236 0.0821975 0.1082142 0.0933701 0.0933189 0.0907383 0.1056938 0.0929890 0.1748980 0.1349100 0.1389256 0.1407083 0.1315974 0.1804977 0.1968017 0.1776103 0.1827428 0.1823573 0.3522732 0.2381472 0.2300918 0.2394897 0.2265069 0.2284988 0.1593689 0.2320813 0.2444223 0.3073989 0.2954459 0.2401507 0.1693150 0.1665260 0.1507108 0.1595995 0.1806751 0.1726085 0.1771649 0.1900067 0.2028160 0.2610045 0.3339326 0.1765533 0.1779136 0.1884106 0.2163122 0.2160320 0.2248006 0.2106429 0.2196139 0.2114039 0.2091165 0.2344967 0.4542884 0.4481043 0.3981395 0.3287632 0.5062177 0.3919555 0.3916169 0.4135119 0.4472649 0.5347235 0.5330631 0.5293014 0.4682560 0.3122545 0.3954991 0.3607198 0.3607198 0.4813397 0.4849696 0.5042593 
Chromera_velia_strain_CMS22_DQ174731.1                         0.1360392 0.1322065 0.0383836 0.0361728 0.0306965 0.0287430 0.0287311 0.0507695 0.0409864 0.0398122 0.0681264 0.0598617 0.0504838 0.0504866 0.0000000 0.0706693 0.0405174 0.0554923 0.0594887 0.0477943 0.0539318 0.0576294 0.0629553 0.0868315 0.0915113 0.0528145 0.0485485 0.0419408 0.0696546 0.0821450 0.0963820 0.0768847 0.0958199 0.0836803 0.0874708 0.0840299 0.0998446 0.0795346 0.1668771 0.1331196 0.1433105 0.1451783 0.1220720 0.1705287 0.1878193 0.1714626 0.1731942 0.1728894 0.3334634 0.2305883 0.2227797 0.2307664 0.2194140 0.2213605 0.1413857 0.2270180 0.2323610 0.2952523 0.2808786 0.2227433 0.1444536 0.1404114 0.1319191 0.1288144 0.1537363 0.1445978 0.1488266 0.1605644 0.1770146 0.2698796 0.3412465 0.1783270 0.1725796 0.1793107 0.2107229 0.2179964 0.2206988 0.2141609 0.2236087 0.2153737 0.2130697 0.2388616 0.4616275 0.4554034 0.4011185 0.3228659 0.5082542 0.3937290 0.3933910 0.4133164 0.4534858 0.5300121 0.5331911 0.5400989 0.4527692 0.3161137 0.4026087 0.3682974 0.3682974 0.4478640 0.4554581 0.4720517 
Colepismatophila_watsonae_FJ459738.1                           0.1618860 0.1621150 0.0870016 0.0665283 0.0566811 0.0678958 0.0678711 0.0892604 0.0733424 0.0719973 0.1022941 0.0921052 0.0876670 0.0863982 0.0706693 0.0000000 0.0453090 0.0632188 0.0656985 0.0675772 0.0701685 0.0794720 0.0784505 0.0909575 0.0982703 0.0821158 0.0737625 0.0728978 0.1010087 0.1095855 0.1093487 0.0822353 0.1070063 0.0969474 0.1004239 0.1002350 0.1077986 0.0858673 0.2004154 0.1592752 0.1582049 0.1620026 0.1570344 0.1906073 0.2037637 0.2086114 0.2160085 0.2115969 0.3443295 0.2406007 0.2300527 0.2668610 0.2419840 0.2440800 0.1522007 0.2443878 0.2381037 0.3221827 0.2846837 0.2341793 0.1663537 0.1645909 0.1545788 0.1583035 0.1785465 0.1630997 0.1675761 0.1783325 0.1908892 0.2670948 0.3346933 0.1884285 0.1844117 0.2048360 0.2251515 0.2308391 0.2332757 0.2207806 0.2300137 0.2215432 0.2191584 0.2447429 0.4581338 0.4493207 0.3994028 0.3242195 0.4807173 0.3855103 0.3850549 0.4026211 0.4308289 0.5063410 0.5193289 0.5141780 0.4799693 0.3179602 0.3882872 0.3549386 0.3549386 0.4793293 0.4975579 0.4917850 
Stylocephalus_giganteus_FJ459761.1                             0.1243798 0.1163075 0.0480015 0.0402600 0.0292409 0.0317150 0.0317021 0.0504762 0.0417962 0.0384522 0.0711459 0.0568865 0.0502483 0.0513605 0.0405174 0.0453090 0.0000000 0.0459441 0.0451307 0.0363501 0.0390362 0.0539757 0.0461241 0.0704106 0.0720185 0.0522098 0.0489421 0.0414029 0.0720933 0.0840066 0.0776138 0.0592747 0.0780483 0.0681157 0.0738088 0.0731802 0.0862875 0.0674640 0.1625075 0.1200686 0.1244474 0.1261854 0.1138468 0.1556045 0.1756087 0.1714713 0.1732953 0.1798895 0.3100710 0.2095481 0.2040824 0.2272530 0.2163865 0.2183132 0.1338196 0.2186297 0.2195721 0.2935339 0.2698893 0.2107999 0.1524818 0.1470648 0.1404001 0.1375560 0.1658872 0.1530114 0.1586776 0.1665954 0.1801285 0.2426820 0.3205966 0.1647365 0.1560518 0.1719178 0.1986628 0.1994707 0.2047136 0.1954233 0.1966607 0.1888679 0.1889117 0.2131500 0.4192119 0.4133795 0.3626330 0.2977471 0.4691794 0.3644657 0.3641457 0.3784077 0.4104519 0.5022192 0.5055523 0.4904232 0.4418480 0.3004447 0.3793867 0.3373229 0.3373229 0.4395634 0.4489645 0.4638146 
Ascogregarina_taiwanensis_from_Japan_DQ462454.1                0.1414416 0.1365082 0.0612861 0.0514373 0.0469303 0.0506548 0.0506354 0.0691998 0.0591669 0.0579078 0.0804307 0.0774888 0.0688155 0.0678422 0.0554923 0.0632188 0.0459441 0.0000000 0.0198924 0.0265441 0.0303384 0.0240397 0.0496548 0.0552631 0.0666912 0.0718432 0.0570396 0.0562152 0.0895098 0.0963365 0.0742925 0.0495715 0.0812373 0.0940700 0.0907975 0.0871908 0.1033065 0.0814838 0.1713540 0.1369357 0.1442090 0.1459686 0.1321053 0.1806537 0.1793424 0.1812250 0.1842926 0.1876528 0.3396853 0.2303509 0.2257645 0.2301715 0.2239000 0.2244757 0.1584822 0.2405265 0.2319169 0.2948972 0.2656768 0.2294206 0.1699103 0.1688460 0.1583860 0.1542159 0.1835362 0.1742082 0.1787229 0.1887845 0.2017710 0.2564891 0.3263401 0.1778924 0.1660980 0.1837949 0.2084081 0.2184143 0.2217642 0.2153971 0.2227097 0.2144477 0.2121385 0.2371273 0.4336624 0.4277157 0.3813829 0.3309881 0.4721948 0.3883690 0.3880341 0.4099491 0.4411196 0.5114559 0.5123448 0.5161814 0.4508430 0.2960361 0.3708731 0.3288511 0.3288511 0.4785324 0.4891221 0.4878824 
Paraschneideria_metamorphosa_FJ459755.1                        0.1432570 0.1381196 0.0640629 0.0505955 0.0483327 0.0545435 0.0545228 0.0709970 0.0655822 0.0619568 0.0862030 0.0801730 0.0716375 0.0730414 0.0594887 0.0656985 0.0451307 0.0198924 0.0000000 0.0341779 0.0336950 0.0295345 0.0532895 0.0639218 0.0695969 0.0711234 0.0610172 0.0601987 0.0893103 0.0959850 0.0807654 0.0556082 0.0761541 0.0943629 0.0938882 0.0866347 0.1044600 0.0845650 0.1786967 0.1387205 0.1359823 0.1377315 0.1318149 0.1732004 0.1769878 0.1830770 0.1829237 0.1862636 0.3500808 0.2363687 0.2334397 0.2372338 0.2322379 0.2328389 0.1536836 0.2404470 0.2341928 0.2888896 0.2644102 0.2322998 0.1736066 0.1703209 0.1628839 0.1586951 0.1885180 0.1745134 0.1805091 0.1906322 0.2039248 0.2542222 0.3294400 0.1764311 0.1670479 0.1881494 0.2115854 0.2254191 0.2205699 0.2121471 0.2214088 0.2131500 0.2108450 0.2402389 0.4399589 0.4338027 0.3746173 0.3337758 0.4608414 0.3862298 0.3857810 0.4005232 0.4272977 0.5002920 0.5197820 0.5124158 0.4419390 0.2969282 0.3665886 0.3416598 0.3416598 0.4845411 0.5002161 0.5074531 
Apicystis_bombi_FN546182.1                                     0.1218347 0.1215971 0.0400392 0.0360854 0.0317546 0.0419378 0.0419212 0.0589874 0.0524898 0.0490054 0.0768653 0.0674149 0.0525395 0.0538289 0.0477943 0.0675772 0.0363501 0.0265441 0.0341779 0.0000000 0.0059084 0.0297692 0.0470978 0.0578296 0.0648665 0.0638036 0.0542802 0.0511259 0.0728801 0.0871147 0.0650776 0.0488161 0.0810309 0.0883291 0.0918297 0.0868024 0.1001835 0.0837999 0.1555444 0.1222053 0.1265056 0.1282478 0.1170305 0.1514767 0.1706979 0.1560373 0.1634553 0.1667492 0.3283152 0.2241311 0.2186488 0.2132011 0.1993801 0.2012644 0.1435345 0.2357204 0.2234866 0.2830577 0.2681514 0.2097038 0.1680427 0.1637221 0.1531473 0.1507594 0.1782406 0.1714552 0.1759857 0.1869165 0.1985637 0.2546061 0.3129708 0.1706372 0.1600658 0.1747885 0.1936445 0.2130118 0.2114001 0.2119042 0.2123064 0.2040879 0.2018167 0.2289705 0.4499041 0.4412508 0.3900434 0.3320749 0.4779054 0.3933588 0.3930160 0.4106639 0.4444527 0.5150052 0.5147210 0.5215597 0.4618369 0.2904325 0.3568480 0.3304020 0.3304020 0.4443564 0.4446858 0.4610827 
Mattesia_geminata_AY334568.1                                   0.1315796 0.1250953 0.0476720 0.0421001 0.0334039 0.0469063 0.0468883 0.0627842 0.0574994 0.0540096 0.0793758 0.0695734 0.0575524 0.0588541 0.0539318 0.0701685 0.0390362 0.0303384 0.0336950 0.0059084 0.0000000 0.0335802 0.0466409 0.0642253 0.0614524 0.0627746 0.0592477 0.0561171 0.0767476 0.0937568 0.0653579 0.0514855 0.0791871 0.0895533 0.0890137 0.0879879 0.1056548 0.0849281 0.1658007 0.1271837 0.1331560 0.1349137 0.1209002 0.1623544 0.1761362 0.1651450 0.1676426 0.1759644 0.3303619 0.2227301 0.2200092 0.2141724 0.2005550 0.2024162 0.1509032 0.2354084 0.2271240 0.2885466 0.2638655 0.2123373 0.1762772 0.1702367 0.1629099 0.1558385 0.1881550 0.1773180 0.1832530 0.1932944 0.2039138 0.2574686 0.3215846 0.1705644 0.1584440 0.1776516 0.1967548 0.2178774 0.2121083 0.2083395 0.2095790 0.2015319 0.1993140 0.2277069 0.4545954 0.4484534 0.3951849 0.3406005 0.4787317 0.3994352 0.3990942 0.4140072 0.4478239 0.5253677 0.5250672 0.5267513 0.4593952 0.2948210 0.3650516 0.3308249 0.3308249 0.4502688 0.4478280 0.4693708 
Ophryocystis_elektroscirrha_AF129883.1                         0.1455235 0.1391737 0.0700304 0.0570832 0.0514173 0.0551749 0.0539534 0.0752156 0.0661414 0.0648503 0.0901504 0.0811853 0.0724367 0.0738384 0.0576294 0.0794720 0.0539757 0.0240397 0.0295345 0.0297692 0.0335802 0.0000000 0.0577957 0.0692315 0.0763972 0.0731828 0.0559236 0.0573492 0.0868688 0.0975674 0.0829628 0.0599348 0.0885642 0.0949610 0.0949885 0.0883555 0.1030756 0.0891848 0.1769636 0.1409777 0.1471638 0.1489362 0.1347267 0.1803968 0.1821790 0.1765061 0.1778454 0.1858544 0.3425616 0.2358369 0.2329221 0.2323754 0.2240269 0.2246031 0.1591873 0.2518593 0.2409125 0.3065331 0.2799497 0.2308046 0.1672647 0.1658263 0.1593920 0.1539519 0.1845517 0.1654389 0.1729956 0.1795670 0.1960211 0.2694466 0.3361635 0.1871532 0.1678957 0.1856861 0.2077983 0.2265697 0.2243534 0.2164248 0.2296154 0.2212573 0.2189046 0.2403571 0.4460731 0.4400160 0.3910497 0.3417614 0.4755038 0.3989963 0.3986556 0.4186946 0.4503688 0.5291650 0.5288640 0.5236951 0.4680286 0.3242147 0.3766195 0.3440378 0.3440378 0.4763516 0.4818854 0.4911038 
Geneiorhynchus_manifestus_FJ459739.1                           0.1367286 0.1396720 0.0704216 0.0538367 0.0457610 0.0591424 0.0591199 0.0739392 0.0670190 0.0656870 0.0969372 0.0861984 0.0779324 0.0754969 0.0629553 0.0784505 0.0461241 0.0496548 0.0532895 0.0470978 0.0466409 0.0577957 0.0000000 0.0699907 0.0731283 0.0750398 0.0723025 0.0715022 0.0921132 0.1044879 0.0914689 0.0665720 0.1003464 0.0939632 0.1031903 0.1011278 0.1142195 0.0896737 0.1879671 0.1401216 0.1313522 0.1331093 0.1344652 0.1669374 0.1984238 0.1953653 0.1995469 0.2001914 0.3410771 0.2420359 0.2329279 0.2509644 0.2370391 0.2391165 0.1682273 0.2491282 0.2493828 0.3204103 0.2989004 0.2366931 0.1868194 0.1820073 0.1727033 0.1720016 0.1968720 0.1931496 0.1962803 0.2005625 0.2109776 0.2770067 0.3399612 0.1829027 0.1794068 0.1966360 0.2184260 0.2343610 0.2339911 0.2295006 0.2326199 0.2240495 0.2216304 0.2467226 0.5047620 0.4953023 0.4282021 0.3344755 0.6075098 0.4326263 0.4322565 0.4457188 0.4692169 0.5640143 0.5726965 0.5535703 0.4959709 0.3178860 0.4014122 0.3792236 0.3792236 0.4671831 0.4692009 0.4972966 
Syncystis_mirabilis_DQ176427.1                                 0.1645279 0.1594174 0.1049387 0.0786617 0.0737996 0.0832343 0.0832059 0.0987062 0.0916713 0.0902440 0.1185777 0.1053346 0.0973820 0.0949018 0.0868315 0.0909575 0.0704106 0.0552631 0.0639218 0.0578296 0.0642253 0.0692315 0.0699907 0.0000000 0.0420792 0.1001901 0.0875435 0.0842981 0.1078638 0.1250265 0.1046497 0.0647396 0.0940243 0.1258605 0.1251802 0.1213252 0.1356876 0.1174443 0.1814857 0.1597450 0.1465002 0.1482640 0.1476382 0.2028447 0.2132839 0.2047324 0.2124997 0.2143964 0.3592040 0.2471656 0.2440833 0.2609632 0.2441714 0.2462261 0.1732286 0.2646342 0.2459369 0.3211201 0.3003013 0.2395864 0.1886660 0.1825647 0.1732624 0.1693039 0.2012230 0.1975851 0.2057069 0.2128739 0.2265614 0.2798163 0.3516627 0.1900632 0.1962988 0.2129246 0.2356373 0.2458533 0.2416252 0.2295226 0.2476834 0.2391267 0.2391851 0.2610962 0.5031959 0.4965522 0.4347093 0.3581693 0.5523536 0.4367375 0.4363723 0.4524942 0.4643273 0.5332200 0.5581108 0.5568596 0.4897728 0.3009030 0.4014344 0.3640987 0.3640987 0.4992661 0.5050842 0.5120504 
Prismatospora_evansi_FJ459756.1                                0.1541174 0.1506293 0.1151941 0.0855186 0.0756179 0.0874642 0.0874350 0.1082600 0.0959632 0.0945253 0.1272528 0.1039155 0.0929277 0.0916725 0.0915113 0.0982703 0.0720185 0.0666912 0.0695969 0.0648665 0.0614524 0.0763972 0.0731283 0.0420792 0.0000000 0.1018683 0.0984921 0.0901250 0.1122855 0.1311790 0.1037297 0.0689266 0.0929717 0.1262835 0.1287896 0.1249741 0.1385526 0.1163399 0.1855137 0.1494828 0.1398223 0.1415732 0.1419399 0.1972014 0.2106518 0.1983336 0.2004354 0.2055701 0.3611184 0.2500420 0.2451339 0.2495637 0.2342122 0.2362065 0.1858521 0.2545363 0.2564437 0.3211500 0.2946695 0.2295372 0.2054321 0.2019550 0.1948983 0.1843410 0.2204956 0.2092966 0.2124636 0.2250038 0.2393860 0.2796563 0.3487652 0.1838845 0.1837745 0.1996011 0.2108372 0.2340890 0.2269516 0.2137383 0.2266199 0.2183929 0.2184454 0.2399036 0.4949509 0.4883902 0.4305389 0.3603579 0.5383086 0.4284976 0.4281380 0.4442551 0.4659762 0.5388145 0.5660279 0.5396441 0.4806404 0.2928747 0.3763053 0.3531509 0.3531509 0.4827445 0.4910620 0.5063134 
Alveolata_sp._CCMP3155_HM245049.1                              0.1582743 0.1529920 0.0696702 0.0502612 0.0397751 0.0490657 0.0490466 0.0617102 0.0576333 0.0563664 0.0864556 0.0777507 0.0676507 0.0676547 0.0528145 0.0821158 0.0522098 0.0718432 0.0711234 0.0638036 0.0627746 0.0731828 0.0750398 0.1001901 0.1018683 0.0000000 0.0561022 0.0562653 0.0892322 0.0963969 0.1177159 0.0895109 0.1048323 0.0927629 0.0936372 0.0929666 0.1031080 0.0938259 0.1971164 0.1536542 0.1654083 0.1672483 0.1501662 0.1985083 0.2118988 0.2024152 0.2085692 0.2073814 0.3665869 0.2566180 0.2498873 0.2409993 0.2382179 0.2402838 0.1675911 0.2455149 0.2490182 0.3456366 0.2972797 0.2408727 0.1701695 0.1642077 0.1535096 0.1582111 0.1828789 0.1678792 0.1738204 0.1850750 0.1809834 0.2876427 0.3678732 0.1740465 0.1634231 0.1798750 0.2072585 0.2189997 0.2200840 0.2048171 0.2142861 0.2061846 0.2039402 0.2315505 0.4979166 0.4913064 0.4363908 0.3634497 0.5599902 0.4319130 0.4315494 0.4425415 0.4766754 0.5582562 0.5603585 0.5784762 0.4797331 0.3106080 0.4151700 0.3668050 0.3668050 0.5045084 0.5089711 0.5318295 
Selenidium_terebellae_AY196709.1                               0.1260782 0.1220157 0.0461836 0.0370129 0.0346086 0.0369769 0.0358440 0.0574281 0.0416188 0.0415976 0.0748559 0.0702944 0.0628982 0.0629018 0.0485485 0.0737625 0.0489421 0.0570396 0.0610172 0.0542802 0.0592477 0.0559236 0.0723025 0.0875435 0.0984921 0.0561022 0.0000000 0.0187977 0.0742734 0.0749077 0.1073169 0.0852496 0.1028981 0.0800962 0.0759147 0.0740436 0.0865442 0.0773376 0.1562208 0.1245354 0.1378191 0.1395881 0.1196405 0.1656722 0.1782711 0.1674074 0.1786847 0.1780648 0.3303117 0.2301234 0.2222640 0.2274791 0.2183360 0.2202837 0.1611284 0.2441765 0.2302814 0.2911023 0.2764693 0.2260632 0.1485262 0.1461781 0.1383630 0.1413864 0.1623378 0.1466355 0.1496122 0.1584631 0.1689823 0.2489711 0.3178262 0.1761119 0.1659768 0.1824896 0.2045754 0.2135286 0.2168474 0.2102922 0.2158642 0.2077842 0.2055419 0.2244014 0.4593506 0.4531442 0.4076084 0.3424704 0.5045196 0.4063014 0.4059558 0.4263423 0.4561545 0.5127195 0.5207619 0.5439582 0.4448804 0.3221741 0.3682087 0.3540884 0.3540884 0.4777308 0.4855338 0.5020754 
Selenidium_melongena_1_KC890799.1                              0.1202869 0.1161238 0.0443455 0.0372189 0.0336900 0.0306136 0.0295059 0.0529502 0.0384337 0.0372801 0.0724923 0.0610807 0.0526969 0.0526998 0.0419408 0.0728978 0.0414029 0.0562152 0.0601987 0.0511259 0.0561171 0.0573492 0.0715022 0.0842981 0.0901250 0.0562653 0.0187977 0.0000000 0.0686388 0.0716664 0.0989178 0.0795103 0.0975211 0.0736799 0.0736048 0.0688403 0.0825701 0.0708686 0.1512536 0.1159810 0.1280652 0.1298264 0.1110116 0.1575290 0.1731687 0.1664333 0.1744459 0.1739299 0.3188612 0.2168420 0.2093009 0.2220335 0.2116487 0.2135677 0.1497619 0.2375129 0.2195452 0.2810913 0.2700307 0.2272091 0.1425271 0.1402731 0.1336592 0.1351239 0.1553973 0.1431702 0.1473937 0.1591083 0.1651956 0.2416754 0.3131197 0.1670376 0.1608901 0.1708442 0.1955699 0.2010893 0.2087374 0.2010434 0.2023182 0.1944683 0.1923218 0.2182270 0.4452630 0.4391846 0.3911252 0.3360457 0.4607588 0.3882619 0.3879270 0.4078360 0.4386883 0.5069007 0.5150308 0.5347501 0.4395588 0.2950505 0.3682179 0.3424580 0.3424580 0.4591978 0.4666714 0.4716046 
Selenidium_pisinnus_FJ832162.1                                 0.1564436 0.1527170 0.0890200 0.0644535 0.0575747 0.0590372 0.0590152 0.0702986 0.0665815 0.0652821 0.1014904 0.0934325 0.0814950 0.0814998 0.0696546 0.1010087 0.0720933 0.0895098 0.0893103 0.0728801 0.0767476 0.0868688 0.0921132 0.1078638 0.1122855 0.0892322 0.0742734 0.0686388 0.0000000 0.0413663 0.1169316 0.1004175 0.1225791 0.1081264 0.1002392 0.1028211 0.1089959 0.1034821 0.1928190 0.1546707 0.1540055 0.1558095 0.1481322 0.1889943 0.2001010 0.1941716 0.2000636 0.2002327 0.3471025 0.2457942 0.2428195 0.2678820 0.2312757 0.2332775 0.1697297 0.2586437 0.2631183 0.3380827 0.3053225 0.2476885 0.1690583 0.1659616 0.1586943 0.1591849 0.1808429 0.1686122 0.1793106 0.1873178 0.1990104 0.2904984 0.3440291 0.1859641 0.1822503 0.1897542 0.2106315 0.2299960 0.2372892 0.2192575 0.2363249 0.2278661 0.2268916 0.2481631 0.4893213 0.4828467 0.4414477 0.3466657 0.5720406 0.4322080 0.4318487 0.4458253 0.4650948 0.5506817 0.5697355 0.5546257 0.4981412 0.3322614 0.4020275 0.3856136 0.3856136 0.4993954 0.5107979 0.5203307 
Selenidium_orientale_FJ832161.1                                0.1680327 0.1644538 0.0943374 0.0683486 0.0689757 0.0691228 0.0690978 0.0808688 0.0694302 0.0707798 0.1079294 0.0930949 0.0913657 0.0913712 0.0821450 0.1095855 0.0840066 0.0963365 0.0959850 0.0871147 0.0937568 0.0975674 0.1044879 0.1250265 0.1311790 0.0963969 0.0749077 0.0716664 0.0413663 0.0000000 0.1293508 0.1170420 0.1287409 0.1156742 0.1105949 0.1089430 0.1152560 0.1107759 0.2041960 0.1649862 0.1691276 0.1709699 0.1613672 0.1997703 0.2071126 0.1977400 0.2042569 0.2057525 0.3726059 0.2627858 0.2540652 0.2628505 0.2344358 0.2364716 0.1786797 0.2333281 0.2447967 0.3150395 0.2981122 0.2449568 0.1797468 0.1772148 0.1705489 0.1729372 0.1936978 0.1742136 0.1818161 0.1947968 0.2054828 0.2967540 0.3520809 0.2008537 0.2015214 0.2113792 0.2346415 0.2584863 0.2638244 0.2405774 0.2531160 0.2443639 0.2418427 0.2656445 0.5061081 0.4994499 0.4452694 0.3537167 0.5961761 0.4468534 0.4464840 0.4559115 0.4768970 0.5472485 0.5652958 0.5694351 0.4928454 0.3270410 0.3811086 0.3922962 0.3922962 0.5064118 0.5126075 0.5303738 
Psychodiella_chagasi_FJ865354.1                                0.1678953 0.1581080 0.0917842 0.0845761 0.0786589 0.0856424 0.0856134 0.1012000 0.0939079 0.0900069 0.1211682 0.1014621 0.0950098 0.0962236 0.0963820 0.1093487 0.0776138 0.0742925 0.0807654 0.0650776 0.0653579 0.0829628 0.0914689 0.1046497 0.1037297 0.1177159 0.1073169 0.0989178 0.1169316 0.1293508 0.0000000 0.0776593 0.1058232 0.1206055 0.1177390 0.1163029 0.1383395 0.1073933 0.1998924 0.1617285 0.1692762 0.1710852 0.1534439 0.2016439 0.2321931 0.2041589 0.2066355 0.2099311 0.3515180 0.2551434 0.2503524 0.2588218 0.2380709 0.2401035 0.1819220 0.2731819 0.2643785 0.3259946 0.3004547 0.2544421 0.1982615 0.1934510 0.1849985 0.1762219 0.2135877 0.2004733 0.2021113 0.2153402 0.2272967 0.2733615 0.3292941 0.2032714 0.2017265 0.2143162 0.2322906 0.2504387 0.2535451 0.2357113 0.2412255 0.2327329 0.2343660 0.2472162 0.4856131 0.4791691 0.4359734 0.3604026 0.5651255 0.4445265 0.4441593 0.4480154 0.4614345 0.5539213 0.5648881 0.5038651 0.4765313 0.3085594 0.3744246 0.3810520 0.3810520 0.4745309 0.4900486 0.5013633 
Hoplorhynchus_acanthatholius_FJ459750.1                        0.1384316 0.1318922 0.0716927 0.0676742 0.0616463 0.0743132 0.0742871 0.0919299 0.0824615 0.0810834 0.1099500 0.0925894 0.0846121 0.0821975 0.0768847 0.0822353 0.0592747 0.0495715 0.0556082 0.0488161 0.0514855 0.0599348 0.0665720 0.0647396 0.0689266 0.0895109 0.0852496 0.0795103 0.1004175 0.1170420 0.0776593 0.0000000 0.0817863 0.1105094 0.1124502 0.1112588 0.1213517 0.0961664 0.1749220 0.1368456 0.1434459 0.1451968 0.1306386 0.1755594 0.1881413 0.1817431 0.1886192 0.1849946 0.3252288 0.2171901 0.2145644 0.2211511 0.2173542 0.2192809 0.1516494 0.2158313 0.2321057 0.2795081 0.2578561 0.2094673 0.1759384 0.1716114 0.1659112 0.1605800 0.1971372 0.1803450 0.1797983 0.1963511 0.2066271 0.2679565 0.3258963 0.1536117 0.1680179 0.1804950 0.1967388 0.2102830 0.2111477 0.1948284 0.2084069 0.2004061 0.2004535 0.2228228 0.4505437 0.4444440 0.3881334 0.3105515 0.5272970 0.3881562 0.3878222 0.3980004 0.4335131 0.5062451 0.5163035 0.4971913 0.4486460 0.2702085 0.3818338 0.3281120 0.3281120 0.4620359 0.4614774 0.4760674 
Nematopsis_temporariae_isolate_Rd_E8_24L4_KT717659.1           0.1791779 0.1727650 0.1391665 0.0913518 0.0849918 0.0974545 0.0974209 0.1076021 0.1026785 0.1011794 0.1125644 0.1188442 0.1094071 0.1082142 0.0958199 0.1070063 0.0780483 0.0812373 0.0761541 0.0810309 0.0791871 0.0885642 0.1003464 0.0940243 0.0929717 0.1048323 0.1028981 0.0975211 0.1225791 0.1287409 0.1058232 0.0817863 0.0000000 0.1256711 0.1278896 0.1285511 0.1344913 0.1216857 0.2098615 0.1789157 0.1871487 0.1890270 0.1699342 0.2088443 0.2295009 0.2168103 0.2257576 0.2223375 0.4039846 0.2635339 0.2602651 0.2779204 0.2638017 0.2660860 0.1778381 0.2806602 0.2522038 0.3457811 0.3059108 0.2562302 0.1998306 0.1922838 0.1846560 0.1826555 0.2114795 0.2047129 0.2103870 0.2140974 0.2273828 0.2964257 0.3817004 0.1963625 0.1955041 0.2115672 0.2187638 0.2521019 0.2529216 0.2278502 0.2405113 0.2315191 0.2315791 0.2502615 0.4566966 0.4497379 0.4189660 0.3493507 0.4723681 0.4001653 0.4001653 0.4087372 0.4331027 0.5169949 0.5252921 0.4994335 0.4562721 0.3256183 0.4027562 0.3908755 0.3908755 0.4907805 0.5040844 0.5024499 
Polyplicarum_citrusae_JX535336.1                               0.1575656 0.1494847 0.0988015 0.0778406 0.0653017 0.0694386 0.0694134 0.0899532 0.0773630 0.0784143 0.1119059 0.1020655 0.0946655 0.0933701 0.0836803 0.0969474 0.0681157 0.0940700 0.0943629 0.0883291 0.0895533 0.0949610 0.0939632 0.1258605 0.1262835 0.0927629 0.0800962 0.0736799 0.1081264 0.1156742 0.1206055 0.1105094 0.1256711 0.0000000 0.0418329 0.0418182 0.0558014 0.0522511 0.1986049 0.1514456 0.1574753 0.1592958 0.1467248 0.1909948 0.2053550 0.2124507 0.2133184 0.2142691 0.3299773 0.2317828 0.2254695 0.2533993 0.2450361 0.2471265 0.1510609 0.2620300 0.2549217 0.3310763 0.2936813 0.2340923 0.1889217 0.1822997 0.1768925 0.1699718 0.2046193 0.1926787 0.1960650 0.1997557 0.2197318 0.2831831 0.3485289 0.1950294 0.1887805 0.2046050 0.2294255 0.2444647 0.2354393 0.2294411 0.2298643 0.2272181 0.2262409 0.2471896 0.4840272 0.4775349 0.4224374 0.3729207 0.5195723 0.4288137 0.4284517 0.4287219 0.4589456 0.5648903 0.5683700 0.5635295 0.4985377 0.3349064 0.4033168 0.3741875 0.3741875 0.4796307 0.4747623 0.4936229 
Polyplicarum_curvarae_JX535340.1                               0.1615785 0.1559175 0.1028777 0.0837644 0.0684968 0.0703802 0.0703548 0.0883859 0.0757161 0.0743617 0.1049295 0.1092739 0.0933131 0.0933189 0.0874708 0.1004239 0.0738088 0.0907975 0.0938882 0.0918297 0.0890137 0.0949885 0.1031903 0.1251802 0.1287896 0.0936372 0.0759147 0.0736048 0.1002392 0.1105949 0.1177390 0.1124502 0.1278896 0.0418329 0.0000000 0.0274849 0.0448031 0.0439864 0.1950979 0.1536538 0.1629495 0.1647846 0.1518941 0.1956186 0.2124100 0.2136177 0.2204046 0.2122258 0.3504741 0.2498911 0.2415511 0.2534727 0.2492051 0.2513161 0.1520722 0.2722887 0.2553895 0.3225855 0.2947832 0.2555856 0.1804917 0.1742426 0.1619908 0.1606977 0.1880363 0.1800523 0.1827909 0.1891260 0.1974598 0.2747126 0.3501295 0.1951902 0.1953692 0.2110979 0.2445650 0.2478621 0.2498249 0.2379479 0.2463721 0.2437092 0.2426609 0.2643830 0.5020781 0.4954334 0.4501254 0.3893803 0.5237347 0.4437704 0.4434009 0.4512957 0.4886831 0.5779866 0.5830042 0.5765303 0.5137273 0.3515001 0.4094671 0.3679882 0.3679882 0.4593621 0.4613363 0.4713102 
Polyplicarum_translucidae_JX535348.1                           0.1618178 0.1581521 0.0994386 0.0789055 0.0641082 0.0684426 0.0657690 0.0889388 0.0737735 0.0713274 0.1070692 0.1065414 0.0907327 0.0907383 0.0840299 0.1002350 0.0731802 0.0871908 0.0866347 0.0868024 0.0879879 0.0883555 0.1011278 0.1213252 0.1249741 0.0929666 0.0740436 0.0688403 0.1028211 0.1089430 0.1163029 0.1112588 0.1285511 0.0418182 0.0274849 0.0000000 0.0309305 0.0375769 0.1950423 0.1539336 0.1628007 0.1646345 0.1507834 0.1998445 0.2127043 0.2024035 0.2120181 0.2084001 0.3508756 0.2455152 0.2386457 0.2526340 0.2425110 0.2445936 0.1476685 0.2635516 0.2456148 0.3144636 0.2953074 0.2527337 0.1789663 0.1727157 0.1659150 0.1686858 0.1893302 0.1780626 0.1777591 0.1807308 0.1960256 0.2898121 0.3513810 0.1947574 0.1859285 0.1994761 0.2352275 0.2407194 0.2411539 0.2369826 0.2407565 0.2380934 0.2356185 0.2635017 0.5040305 0.4973678 0.4459630 0.3825813 0.5292986 0.4375112 0.4371452 0.4471101 0.4810371 0.5681457 0.5733335 0.5804192 0.5117513 0.3450562 0.3935468 0.3687595 0.3687595 0.4640590 0.4660348 0.4682988 
